4245 1766 1045 2759 315 2547 4214 1041 6264 1072 714 3683 6670 4698 4744 3964 2050 4563 2313 2639 1464 1649 5945
4969 7269 4138 1128 684 363 942 5522 65 6671 5500 6890 1219 3461 7042 5606 7156 6425 4640 906 2242 1626
1853 968 6476 4232 253 3795 4564 517 1438 6221 7104 2389 5838 1218 5743 2792 1403 1907 130 117 2907 4606 1889 905 5761 6391 2190
2956 1768 5794 922 6275 919 6343 921 5171 920 2044 6231 918 152 5219 2001 85 3962
6051 4407 6302 819 5574 5591 3558 249 4267 4268 4269 2436 1102 3737 7121 7120 2025 7345 1848
2588 2695 6284 4554 6518 6199 4544 5976 1301 3299 44 3168 5548 559 4927 267 2110 4913 2853 2427 2707 1397 2418
3708 6703 699 6295 6163 2246 1682 3306 4193 2539 6065 4585 1877 6559
4348 414 4871 230 6499 1775 1530 873 1561 2166 3191 1225 4309 2426 2124 2644 5398 613 7000 6389 5830 2438 6600 2286 3101
7351 7280 916 917 2260 2593 7319 7325 2654 2655 7352 2823 2125 7335 1718 7340 7336
6373 1513 5780 3422 837 4313 5736 213 856 2794 6398 5879 4342 6255 507 5689 6072
2390 975 182 7085 4695 3450 6312 4635 1116 2999 659 6009 4510 1857 871 3943 4244 5526 598 4879
4969 7269 4138 694 1128 684 363 942 5522 65 6671 5500 6890 1219 3461 7042 5606 7156 6425 4640 906 2242 1626
6788 6640 3394 6904 3287 7028 7012 2006 3230 4356 1031 7144 709 2270 7230 6668 4889 2946 4575 6930 6747 5775 2056
1983 3727 6204 7174 7077 1117 5894 4404 4939 2248 3427 233 3674 1284 5947 108
4874 6490 3485 4505 972 6847 6455 5848 3628 467 5189 790 5521
4874 6490 4505 972 6847 6455 5848 3628 467 5189 790 5521
325 649 2798 3325 2358 4712 4994 1792 5404 7103 1325 1123 6806 3408 2415
441 358 5542 3867 7136 4895 3818 5540 6587 4426 5541 1375 442 6251 6918 6180 4953 4799
64 933 7097 1617 3003 3245 5252 5068 7183 23 2082 3120 4750 534 2200 1261 2084 4619 24 115
4166 1521 7224 5456 4055 6035 4555 1588 2207 3434 7124 4380 3501 1453 6614 6615 1118 3982 2596 399 1519 1520
7274 5005 1131 5010 2211 1129 5006 1130 5007 2210 5008 1590 2212 5009 1883 6952 1884
3624 3871 2679 3276 4064 3430 1406 6663 3771 4865 3678 3745 48 6602 4498 6779 6413 3569
7380 7381 7361 7393 7406 7407 7408 7403 783 1363 7391 7372 3226 7401 864 7366 816 7373
4001 7270 3627 1075 1512 2017 6606 5130 3668 5240 6110 2627 4790 5180 4043 6286 6300 7037 2120 2693 3686 2901 6171
4128 5048 3008 2669 2219 6537 2220 5898 356 2392 5365 4099 1591 3389 3310 7262 3984 3000 6224 1152 2517 69 5377 5453
6373 1513 5780 3422 837 4313 5736 213 856 2794 6398 5879 4342 6255 5689 6072
3317 5449 3983 5038 5753 5374 5593 487 2729 5244 1096 3961 4946 6385 5127 4039 3954 1271 5267 3227
4966 4967 4968 6898 4849 2828 2813 2727 4942 6699 2783 732 6817 6818 1272 5092 6895 6896 6897 5869 1307
1298 2234 3076 3793 1675 2451 1960 3051 11 4260 3753 5288 2297 957 7237 3645 2290 5330 6823 4662 2738
2606 2447 2969 7201 2808 1149 6304 2078 5630 3828 1653 3455 6291 7297 2018 4880 2016 100 3285 3431 5695 3741 1176
2201 4061 4062 243 725 3613 3618 110 6673 4897 6672 4127 2716 4148 6362 6730 2617 7063
1878 6347 7368 19 2948 3009 1411 3519 7400 7226 2581 6805 1283 715 21 1251 3373 7409
6462 2765 1639 5329 7073 475 3757 5495 5802 7001 992 6475 6127 3528 3164 7320 6922 7138 4844 796 7093
2963 5300 3517 5302 5201 1844 5633 5998 1674 5692 5603 2424 2961 5962 2962 6271
2104 6057 3530 331 2423 1787 5004 1227 2718 4286 2914 3448 4271 5487 1467 1143 2604 2459 7123 2197 3239 6882
3177 2254 2598 1663 6069 202 1506 6192 1341 5340 2987 5873 5117 6581 451 1830 6511 980 4370
2390 975 182 7085 4695 3450 6312 5526 1116 2999 6009 4510 1857 871 3943 4244 659 598 4879
2300 5294 5296 5295 2080 7410 4301 6450 6037 4814 6396 3701 1078 5297 2299
5388 2079 5387 4106 757 4401 897 3902 5629 6209 6892 2039 624 3587 4105
3466 7075 1589 59 5359 3486 22 499 2842 4971 675 2167 2098 4145 2083 673 5178
6883 3368 2127 3585 3489 3187 6465 327 4382 6094 2585 1941 3526 943 29 4558 2677 568 2916 3725 1012 3410 6147 1667 5401
2606 2447 2969 7201 2808 1176 6304 2078 3828 1653 3455 6291 7297 2018 4880 2016 100 3285 3431 5695 3741 1149
3663 2346 604 4958 5586 6698 4729 5935 165 633
3657 5187 3381 6797 1 4495 580 6395 1043 5973 5099 6858 3382 1876 6756 3346 3622 4864 5518
1001 3762 3642 7259 4372 1428 3723 3474 936 6617 2822 3065 7158 2204 3160 3457 1315 2968 1564 553 7102
3189 6187 3233 2909 3309 107 6745 1943 4468 195 6160 226 6166 5430 1636 250 870 802 5755 2385 549
218 377 3279 4642 3752 3512 6548 6563 7369 5881 73 4725 4077 4931 446 4869 4483 3998 827 4167 2645
984 597 7145 477 1981 1113 4311 1140 2836 1418 2862 746 6001 3499 797 6848 5253 7363 1062 6860
716 658 6388 2875 5143 786 1313 7243 380 4344 2178 575 5344 3108 762 761
4930 981 3844 7181 4291 5828 1401 6250 4618 6694 5213 522 663
2441 6399 1579 3812 3114 6194 2363 4747 4357 2977 3141 102 5634
580 5187 3381 6797 1 1876 6395 1043 5973 5099 6858 3382 4495 6756 3346 3622 4864 5518
5974 3604 5154 3660 4216 3358 4235 885 33 4218 1125 4601 1057 2704 6018 1528 1679
2672 6186 263 6496 2504 3326 3012 5948 2229 3207 990 5531 3091 3629 2649 5145 4707 7233 5058 805 1887
5052 2696 3869 4792 390 5970 5264 5142 6765 4296 5265 5266 1555 6577
6353 5186 5205 5196 5197 5039 5198 4319 5199 4422 5372 5373 4100 3046 4320 5185 7172 4321 4322 1049
4764 4765 6613 6007 4763 4285 4626 731 2971 6991 1789 3399 1790 6612 3924 3097 4762 3098 4625 2330
2368 6174 2315 1811 4723 6107 767 4480 492 5919 1229 6610 5823 3401 3826 6828 6919 3696 6270 4543 1852 4376 7360
5749 5113 4632 5303 4633 5304 5636 5305 5306 6787 5601
1074 6486 1163 2291 7220 6487 6078 2343 2344 2345 4423 4502
4045 1534 7009 4989 5957 578 3817 3342 6723 2353 6471
1213 5705 515 3946 4512 5355 1134 2088 5584 5260 2295 6327 4076 1910 186 5191 5892
3740 3105 2484 3367 2580 5360 4531 4851 5251 3038 6720 3039 3333 2019 3040 5391 2465
3906 1758 3868 505 2449 4111 2217 6016 189 6340 7199 7303 7248 5569 4870 561 4453
4128 5365 4099 5048 3984 3008 2669 2219 6537 1152 7262 5898 2392 3389 3310 69 6224 5377 2517 356
7188 7020 7143 5270 3885 2023 7371 3890 1694 773 6995 4025 1027 3611 1348 4547 6449 7203 2975 6531
582 7209 5661 2172 2952 638 3402 2974 4234 666 6269 4715 2337 4779 2051 5677 902 2675 5864
535 7038 5527 1782 2193 5924 2402 5206 1885 6791 1613 3080 1995 3125 1120 971 5061 4896 2024
5871 2804 3853 5746 531 5653 5965 1755 2439 5855 5747 84 5694 6996
4741 4542 3423 1059 1448 1260 3092 2045 5559 3687 6167 6763 4255 301 889 6493
3315 5106 2412 2067 2910 676 710 128 2281 6252 3634 2333 5328 3150 2767 6124 5471 3234 5821 2514
5921 6451 6911 6907 214 2076 5562 893 3966 1899 4932 1709 3165 2228 4876 4748 4560 2250
2475 3842 6008 2176 590 2761 1459 1867 5440 541 4567 1935 5937 2532 872 4049 2712 2432 1245 6473 3436 2843 2893
1542 3633 1231 3980 1273 5169 1879 1024 6901 2131 2685 5514 5589 5479 1541 4821 1025 926 93
4132 3865 330 5222 2091 1609 5870 3769 711 6060 4088 4603 608 6183 4253 2959 190 1809 180 4136 4900
4132 3865 330 5222 1161 1609 5870 3769 711 6060 4088 4603 608 6183 4253 2091 190 1809 180 4136 4900
2956 1768 5794 922 6275 919 6343 921 5171 920 2044 6231 2856 152 2001 85 918
6912 4288 6713 2778 665 4842 3307 1746 3557 983 5160 6637 3651 7025 157 3112
4868 6870 5030 2223 5182 3677 5239 4955 3025 1572 151 589 1849 3700 7052 2238 2531 6866 3616 1254
3851 3229 4452 4121 2160 6322 6415 5829 6181 5248 4691 2550 5977 4954 2587 3437 6938 1268
3337 7078 1743 6355 5595 3675 2633 6684 634 3155 2126 6705 5231 4140 6344 1710 5788 5727
2605 3042 3328 7024 1016 2153 3754 1603 6575 2915 6346 3188 3845 1875 5655 4293 264 6248
6411 7068 4466 5397 3518 2488 7070 2302 278 1834 4053 3383 1638 5502 2406 994 1841 1529 4212 3824 813
5718 2719 2820 669 280 2159 5979 1781 1770 6153 2867 1299 2469 5560 3951 4188 1888 6282 3957 1874 4887
218 377 3279 4642 3752 3512 6548 6563 5881 73 4725 4077 4931 446 4869 4483 3998 827 7369 2645
7074 5588 1327 3163 6794 2834 3028 5352 4656 7140 4503 5276 592 2568 4710 6838 4154
2407 1637 266 6717 6332 4697 2241 4242 1932 3138 4700 1029 4648 3321 3258
6260 2311 1594 3905 3416 4182 3529 4677 1586 2214 5941 5585 4974 4571 2692 2515
4786 1707 1173 3213 2545 4197 3214 4355 1837 3215 4198 1104 197 1632 1633 5686
331 2104 6882 3448 2718 7123 3530 6057 5487 2423 4286 2604 1467 1787 5004 1143 1227 3239 4271 2459
1783 4315 5544 1194 5952 569 5512 1423 4982 1936 2570 5437 3802 7253 3995 1321 3665 5462 3018 2557
3652 5224 2170 4624 4537 5872 4905 6971 6650 6514 3341 3054 2105 5488
2116 3843 829 2491 1596 1577 2829 3581 1048 3300 1543 5523 6048 4848 2615 3729 219
2582 4612 60 1545 7127 422 2861 551 4454 5673 4112 543 7030 4265 1921 6437 6731
2599 2656 2657 2535 6690 5298 1735 5914 2600 5493 2781 2493 1903 3655 3903 5505 7242
2601 2529 7197 844 1934 4270 4749 3386 2194 6770 343 7053 6648 4153 2356 5312 3800
7038 5527 1782 2193 5924 2402 5206 1885 6791 1613 3080 1995 3125 1120 971 5061 4896 2024
1230 3601 431 1178 5021 6965 1430 6015 913 2081 5620 1172 924 5262 1923
7351 7280 916 917 7335 2593 7319 7325 2654 2655 7352 2823 2125 7340 7336
4288 6713 2778 665 4842 3307 1746 3557 983 5160 6637 3651 7025 157 3112
7284 5452 6070 5110 4289 1958 1169 2737 6333 3559 2807 5896 4414 2199 1551 1611
1074 6486 1163 2291 6487 6078 2343 2344 2345 7220 4502
4115 668 6652 7291 51 6326 4441 1756 2930 4674 6915
1295 469 884 6547 1862 888 7294 6959 5368 3347 5696 472 4081 4525 3790 1634
6630 4532 3440 460 6800 5665 5763 5662 6627 6628 6629 116 5663 5762 5664 3281 755 5119 6162
3388 4481 1894 4951 464 6341 6226 4841 726 171 6667 5704 4702 4224 3204 939 6390 1017 5375
3787 1628 3212 7343 4997 2107 2066 861 3832 1763 2405 4875 2087 4326 6470 2404 5457
4213 3643 3056 4934 6599 5081 2074 3131 511 3351 853 3981 1211 721 5317 1108 1687 2753
64 933 7097 1617 3003 3245 5252 5068 7183 23 2082 3120 115 534 2200 2084 4619 24
5149 3608 2383 373 1170 1882 92 6512 76 2059 3129 6677 1379 1926
3221 973 388 2307 6205 321 5841 5435 2421 3484 3049 4377 3837 6916
3740 3105 3367 2580 5360 4531 4851 5251 3038 6720 3039 3333 2019 3040 5391 2465
3357 1212 2267 1097 5826 3058 1673 3672 2527 2310 6947 2906 4672 6844 3551 4142
3014 3314 4290 3313 2002 2673 4186 6348 5850 3192 3316 403
6999 6665 3016 3738 6324 2636 1642 6593 5756 63 5969 3006 4204 5984 6674
150 5228 6632 4637 91 6289 6323 7225 2725 6633 1019 6290 1056
6840 3418 1136 2630 2224 1576 3252 7251 2275 7252 4507 7222 2276
192 1954 1955 1105 4867 5967 695 6661 7184 5991 4866 6320 6830
6451 6911 6907 214 2076 5562 893 5921 1899 4932 1709 3165 2228 4876 4748 4560 2250
401 6448 402 3277 5600 5411 5234 7322 4035 4898 4899 4031 4032 5223 4033 400 6865
541 5440 2475 4049 2712 590 3842 1935 4567 6008 5937 2432 2761 6473 2532 3436 1459 2893 1245 2176 1867
1847 169 6813 7167 6525 3004 6012 5524 887
898 3626 6789 1290 3849 1533 2849 7292 4629 577 5337 6680 2625 6184
2249 7229 4071 3779 6089 3462 1076 5144 6786 4010 4827 6726 6852 6774 1336 4727 5472 5354
3620 7082 6624 5779 4030 5320 4705 5972 1916 3815 4358 5561 5184 1253 5378
541 5440 2475 4049 2712 590 3842 1935 1245 4567 6008 5937 2432 2761 6473 2532 3436 1459 2893 2843 1867
3357 1212 2267 1097 5826 3058 670 1673 3672 2527 2310 6947 2906 4672 6844 3551 4142
5064 4820 1238 7079 2932 5666 2043 4664 4665 4666 1235 5019 4668 1236 4819 6259 2771
4868 6870 5030 2223 5182 3677 5239 4955 3025 1572 151 1849 3700 7052 2238 2531 6866 3616 1254
5718 2719 2820 669 2159 5979 1781 1770 6153 2867 1299 2469 5560 3951 4188 1888 6282 3957 1874 4887
3709 4060 95 1022 4336 2049 7305 1071 3543 4812 7096 4044 3900
5362 509 216 15 3425 6367 3538 2338 3637 1769 3242 4501 2409
288 2169 4961 7370 6874 1937 7357 3987 3459 5909 6159 1715 2413 4686 512 5478 3476 6105 6121 262 6539
3444 1343 2416 5100 6987 713 2239 5853 5793 3033 448 6749
5278 6994 1380 7035 3217 341 2858 89 5798 4484 6165 3446
3388 4481 1894 4951 464 6341 6226 4841 726 6667 5704 4702 4224 3204 939 6390 1017 5375
4057 2680 6636 3553 6474 2203 7245 6002 6634 595 3855 3691 1615 4021 5739 5995
4206 6683 7221 1388 625 3378 16 3417 1364 1365 1861 1366 1578 826 4579 745 626 7064 4327 6405
6590 2192 4284 6253 3743 2997 2364 1647 1456 1831 4097 6591 7023 2540 6688 432 139
3153 674 3359 6112 4863 2456 3841 6780 5658 2478 147 1711 956 1765 4859 6836 5801 2401 1288
3780 2122 6740 1843 5115 3301 750 6741 2826 6736 5913 6737 6738 3505
3572 404 7036 1207 2991 6090 7059 3644 4308 3041 3710 3043 5436 183 3788
4424 4809 5874 4421 5934 7223 3714 1069 4090 2174 1873 1601 7159 6854 3834
203 809 5706 2164 3209 4002 1386
1886 3650 2408 4144 4894 3253 2461 4999 2926 6430 4476 4442 4718 5649 1911 4173 5883 3621 1133 5806
1980 5639 6931 3647 4988 5623 3172 5308 5943 3426 109 5093 7146 2895 2161 6595 4987 5904 5347 3789
1635 3075 4079 6276 2682 4639 4850 4432 4078 1185 4413 6589 437 5215 1323 5954
5078 1450 3509 1451 1979 2610 4734 5077 5074 4735 5075 1452 5079 406 4736 5076 771
5844 6418 2128 4074 2648 4733 2609 882 4945 5897 3398 6400 1953 6337 3829 3365 640
3652 5224 4624 4537 5872 4905 6971 6650 6514 3341 3054 2105 5488
4760 1651 6384 6751 2699 6423 1905 6478 4713 4390 6393 4337 5905
5875 4333 1692 5858 2454 993 4185 3896 1460 4888 52
2911 2319 3955 3562 247 6370 2320 6706 1744 5489 2637
1186 4419 1706 2796 7263 6555 6093 1392 4996 3882 1908 6283 2595 3193 7182 3898 6946 3463
6630 4532 3440 460 6800 5665 5763 5662 6627 6628 6629 116 5663 5762 5664 3281 5119 6162
847 6263 2941 2136 607 1800 1088 7106 7185 2918 3257 3477 4490 6267 4980
6968 6943 500 5553 1745 7311 3548 1280 4681 1659 2928 5280 3443 4536
2407 1637 266 6717 6332 4697 2241 4242 1932 3138 1029 4700 3321 3258
4462 4449 3602 6225 299 5069 3099 5510 3918 81 222 6556 1436 2929 2431 7006 1217
2903 3778 3857 6215 1439 6017 4655 1990 2306 2686 5933 5852 5042 4178 4538 599
4220 2592 7277 4381 7116 1539 3323 4986 1165 3078 914 2777 6972 862 3393 3521
1095 647 6894 518 2966 5543 3963 839 4818 2400 4602 3794 6753 1914 6444 1982
3891 5978 6744 3605 1584 2780 1918 3478 5193
5103 593 799 2274 5643 1426 1357 6023 2285 4249
2916 943 6883 1012 29 6465 3368 2127 3585 6147 3489 6094 2585 4558 1941 3187 4382 568 5401
609 789 1523 3034 2857 6522 3887 6603 2688 5155 1369 1964 1100 629 941 279 2336 1686
6682 4346 6092 2565 2902 4965 3480 7083 6206 1654
2768 4335 5232 863 3247 4811 1714 6582 1038 1469
103 6588 3361 5162 5417 4843 7402 5908 1326 5738 1593 4168 3680 2640 4831
1295 469 884 6547 1862 888 7294 6959 5368 5696 472 4081 4525 3790 1634
4737 3880 4050 3971 4051 4944 3972 4577 6402 4940 4046 1400 4047 4048
5599 3592 1856 1767 2742 4901 4584 6491 2523 3959 4586 4587 1263 2626
7173 236 5032 860 2848 794 5230 4549 3510 2689 3400 6724 3228 6502 1382 1479 5732 2536
1957 1827 1828 1507 4015 2683 2096 3015 5551 3685 2724 1187
2257 3354 1764 6056 313 5576 3958 2933 6891 5860 639
1195 289 275 5000 5757 1257 3202 5847 1347 6655 1840
4830 2714 2736 3583 3175 5545 1897 4239 188 3117 6436
2021 146 6801 2296 5650 3447 3761 1079 5614 2844 7306 5426 1700 5322 6095 4617 1387 4349
177 5015 615 2305 1216 3225 3249 2089 4688 4689 4690 5203 3542
6102 277 4846 1549 2115 4847 6773 5859 6357 1376 4402 6154 1850
2963 5300 3517 5302 5962 1844 5633 1674 5603 5201 2961 2962 6271
919 1768 5794 922 6275 6343 921 5171 920 6231 152 2001 85 918
6777 5604 2355 2130 5681 6776 6775 2325
1233 681 5776 1546 322 1864 6350 3999
7168 424 730 685 2528 1752 2308 3419
525 7338 2912 3547 3690 1181 2888 7204 1338 7367 7318 7355 4415 821 6 7353
97 3077 4730 2367 2357 1491 5129 848 3082 5207 6653 5333 481 4561 3109 496
4787 416 744 2146 1303 2878 645 5566 4970 3001 4443 838 4371 6662 1813
909 2317 367 6827 372 348 7058 4780 5277 4229 6849 2411 770 4171 3370
4684 912 6527 5063 6583 3143
6028 1599 4169 4473 1984 1372 6211 6080 3148 5371 2705 5051 124 6957 1139 6920
3454 5657 3405 6568 4616 5583
5928 2521 1952 1124 6757 5482
2776 3184 4680 6281 2471 4165 2690 4861 4860 2235
4492 2751 255 3531 39 6464 4535 104 1602 7076 4881 6419
6889 4228 3772 6923 529 2182 498 1668 7239 7314 1445 4283
240 2752 241 5679 178 332 2746 6313 2335 2516 5473 4720
6510 4731 2740 4098 4022 6950 4042 6440 5729
5088 4766 5803 1971 4314 2500 6495 5697 3596
3874 6004 4408 3203 6485 2574 3992 1819 4104
5082 3472 3473 4386 5916 4582 4685 5035 5036 5889 6719 6244 3671 4936
2249 7229 3779 6089 3462 1076 6786 4010 6726 6852 6774 1336 4727 5354
3670 2821 4696 3791 6193 7266 1355 950 7267 6945 1920
2293 1003 2063 5570 2064 1073 3195 3493 3196 3197 5702 1468 678
2886 1320 6479 567 682 6985 1672 1568 5293 1614 6824 6152 620 4207 2564 6656
172 3591 5811 1409 3288 3289 5812 1101 5807 5808 6429 5809 5810 2073 468
4906 2986 3421 205 31 459 3293 290 7165 5886 2466 5338 7215 1585 4059
6197 6410 1405 928 7157 3872 2318
4338 4394 3775 3777 1892 3366 719
1780 5336 452 246 94 5210 6176 1736 2668 3711 482 2092 6175 1501 7112
2687 3336 6645 3137 1145 6143 2896 2227 5734 6306 2526 3126 5084 967 7039
3291 1228 4003 5321 3919 3858 6654 2543 2701 2921 5341 6328 4474 1808 5988 2850 3736
5718 2820 669 2159 5979 1781 1770 1299 2469 5560 3951 6153 1888 6282 3957 1874 4887
1890 4 3676 5986 1223 121 6535 5383 4418 1987 5642 374 1524 6480 686 2942 6177
5844 6418 3829 4074 2648 4733 2609 882 4945 5897 6400 1953 6337 2128 3365 640
4462 6556 3602 6225 299 5069 3099 5510 3918 81 222 4449 2929 2431 7006 1217
7149 1111 4149 3471 1332 2186 2487 2189 2187 5285 4605 5612 440 1444
6314 3340 7261 6190 2034 5610 570 3379 7285 5611 1480 2040
258 3470 5349 4203 462 6315 4350 3338 4513 548 6969 2316
6439 5624 5782 5135 5455 3573 3278 6963 6113 5507 7027 4919 3881 2397 5840
6902 6416 2060 5027 204 3500 7196 379 2255 3319 851 4828 2982
3884 494 3123 600 3967 506 4017 5602 2101 351 7279 4150 1751
4709 6981 3146 6638 428 429 4627 5301 5369 2646 4784 6144 4993
865 2711 1484 5152 6944 1351 1855 6435 3803 5226 696 5481 1482
4155 6374 706 705 4825 120 2790 5311 5717 6625
369 6096 1359 3409 2795 3897 307 1127 37 5454
105 3704 3020 5845 6605 6732 6586 5233 1277 5291 6505
2371 6371 3330 5654 6578 6168 4928 869 6881 4745 2070
2887 5400 5410 6534 2068 5090 2530 2972 6019 272 3062 61 5688 6000 2339 3599 7192
5402 7235 7178 2046 3064 1796 1498 3866 4521 1726 1693 2244 3185 1665 4405 1866 3990
420 6330 2292 87 273 875 3732 485 1854 4833 6126 2939 5546 4959
847 6263 2941 2136 607 1800 1088 7106 7185 2918 3257 3477 6267 4980
2434 6989 3661 4233 6210 2618 2619 5083 2117 5895 2288 846 1446 1064
288 2169 4961 6874 1937 7357 3987 3459 5909 6159 512 4686 3476 6105
4486 849 2027 1316 2028 2722 4917 6964 3086 4716 3730 1622 5713 5385
5555 1559 4756 5367 4699 3798 5693 1243 3481 5596 2162 4312 4299 6937 479
2366 4403 6914 30 3712 5124 3713 8 6905 6906 2035 5552 1595 7 2365
4874 6490 4505 6847 5848 3628 5189 5521
3731 6108 4508 6523 2375 3684 2793 835 3937 621 4215 4328 2015 7249 1367 1344
1357 593 799 2274 5643 1426 6023 2285 4249
5190 4026 434 5789 7002 3506 3507 1311 5816 817 3294 4226
46 4984 1294 5138 4611 1013 4983 1956
1065 2394 1567 743 138 5261 3524 4609
1295 884 6547 1862 888 6959 5368 3347 5696 472 7294 4525 3790 1634
6710 5646 3140 4506 5045 305 1996 5971 1011 5900 3852 5660 5420 1759
3591 5811 1409 3288 3289 5812 1101 5807 5808 6429 5809 5810 2073 468
6135 7018 454 3122 5447 4037 265 3717 637 7194 7310 1037 141 6822 6758 1259
4492 255 3531 39 6464 4535 104 1602 7076 4881 6419
4657 4287 2372 5016 1747 4772 779 3944 3063 1089 3735
4445 6354 6948 3623 1976 6325 164 907 2496 6647 4163
6214 7066 2802 4739 6735 547 6375 6182 701 3814
4581 6445 1368 5863 868 3594 3250 2075 1791 683
4158 1660 6071 6365 7300 2403 7089 3031 318 5951
1275 4489 729 1489 6191 5247 2440 2420 4943 2726
3466 7075 5359 59 22 499 4971 675 2167 4145 2083 673 5178
6169 4650 5217 1399 3546 2624 3128 4979 3353 7213 2931 1258 5363 2185
2004 4067 3603 1054 2331 396 5384 4400 1209 1680 1362 3921 6998 733
335 6675 1153 7014 4793 4794 4795 4796 4797 2650 6676 6872 6873 1518 6859 6871
1949 1948 1947 2284 1950 3116 3238
4764 4765 6007 4285 4626 731 6991 1789 3399 1790 6612 3924 3097 4762 4763 2330
6177 4 3676 5986 1223 121 6535 5383 4418 1987 5642 374 1524 6480 686 2942
3453 5174 3298 3973 2811 2020 878 4273 129 3267 6268
2594 1999 4011 4012 2477 1939 2876 2495 6966 3403 3095
3235 4623 5091 4998 7216 6254 6216 3773 2442 1189 2179
1900 5529 1778 4883 2350 4310 5856 0 2638 6978 2090 3157 5202 7088
6963 5624 5782 5135 5455 3573 3278 6113 5507 7027 4919 3881 2397 5840
1750 3821 5790 2891 5791 5792 3682 820 3625
3560 7049 6230 4565 934 2215 1458 5125 5656
2776 3184 4680 2471 4165 2690 4861 4860 2235
3030 4806 843 4303 7170 4678 2216 6173 2360 2361 4679 392
4583 3578 6068 3576 3886 4094 999 3280 5225 3579 2314 4643
662 2559 2071 791 3830 2560 6769 3013 7241 4345 4651 2378
5582 1697 2551 26 688 4728 3823 2444 6145 2094
895 5592 1912 3726 1801 894
5631 2681 5221 7302 7301 723 5632 1004 3053 3965
2425 2938 413 2036 1881 1772
4263 4813 77 1704 1331 3831 4075 1901 814 3269
3384 344 345 2247 4363 3375
7118 5269 2702 2703 3070 3939 2734 5057
5028 2009 3876 6029 6704 2109 2328 2251
4972 7135 3597 1909 7309 671 6098 5434
4399 650 328 3716 1550 6574 112 6360 6467 6893 672 3119 1058
387 2093 2467 3917 2905 7312 702 5001 1793 6386 4056 4447 3916 2662
6585 3755 3199 5608 3439 27 6345 7101 3387 7057 1516 1845 938 4238
6710 260 5646 3140 4506 5045 305 1996 5971 1011 5900 5959 3852 5660 5420 1759
3554 1265 3260 5698 2852 2960 435 2845 1393 276 7278 1814 294 7098 703
335 6675 1153 7014 4793 4794 4795 4796 4797 2650 6676 6872 6873 1518 6871
3813 4435 6117 4458 311 602 6138 4116 4852 1499 7017 5163
5578 4950 370 5062 5250 1148 689 6536 7293 3429 7055
4164 2030 3910 2641 6639 4529 890 5648 3343 2706 735
6331 3210 5281 7044 5279 1215 2967 6261 57 524 1214 1427
5767 5768 357 763 2970 5765 6067 6695 6697 5766 6572
4788 5131 1728 2486 2340 3785 3142 4257 5483 490 4247
1822 6188 1723 3068 3988 1650 6513 5511 5839 1505 2140
6782 708 6504 6309 2047 4446 7323 3465 5054 6111 6196
3103 7256 6857 6050 274 514 1373 555 1497 1174 326
6028 1599 4169 4473 1984 1372 6211 3148 2705 5051 124 6957 1139 6920
2171 7108 2923 2143 3536 1871 4065 211 1196 1197 4089 5851 6383
4652 2840 438 6626 2566 5011 3144 4444 5652 7115 144 769 3870 6339 2213
7347 618 1306 5887 3911 3083 995 1304 4130 1312
6077 2567 3061 5742 3796 3797 5787 7272 7019
2769 6245 2481 904 4769 583 1773 5764 5024 2085
5609 4804 4805 948 3636 5283 1470 4962 5946 5380
1612 2053 2054 2377 6074 6622 7276 1734 6305 6855
679 6819 4129 2954 2994 302 7080 6809 4653
4117 6128 3666 4893 6576 6526 7048 611 5158 1640 6273 974 1292 50
2601 2529 7197 1934 4270 4749 2194 6770 343 7053 4153 2356 5312 3800
2026 5274 86 1774 3894 6027 4824 5672 4902 4187 651 1629
7365 7385 2010 7405 7376 3130 2964 1302 1247 3566 7377
2864 1466 2865 3224 929 49 375 774 2652 6833 1465
4760 6393 6751 2699 6423 1905 6478 4713 4390 4337 5905
4964 4499 5724 1695 5536 5708 1006 2287 6406 2612 5257
747 174 5626 3156 1574 6417 4595 4910 3268 6219 5667
2772 2252 2773 2774 2925 1082 6956 5740 2667 6543 4721
1068 3158 3159 521 72 1730 1281 6642 1731 1732 1733
258 3470 5349 462 6315 4350 3338 4513 548 6969 2316
6990 5741 6900 7189 456 7202 6055 3582
2483 5530 336 1842 891 1703 2154 2463 1083 1592 4340 3216 6903 1488
7187 123 777 1619 6363 3527 1487 5071 4040 6394 958 421 2259 3707
1398 4832 925 4133 7047 2522 4093 3024 1970 2988 2678 6685 630 841
3106 5390 231 1206 1538 2490 291
3334 7056 7257 2723 346 4162 4540
5565 6664 560 4873 4189 4190 4923 4231
260 5646 3140 5045 305 1996 5971 1011 5900 5959 3852 5660 5420 1759
3708 2246 3306 699 2539 4963 6559
7045 4464 2584 6542 760 1742 3094
2505 664 310 1784 4325 657 4352 2277 2278 4279 4280 4281
5055 6256 5939 1250 5867 4886 2882 1449 4161 3275 2351 3498 4610
4117 6128 3666 4893 6576 6526 7286 611 5158 1640 6273 1292 50
2029 5911 6369 7289 6422 3133 4524 66 5751 5151
5857 5721 111 5364 565 6020 5044 1807 6172 830
2289 5594 5815 3960 1548 391 3950 4223 6488 1352
4520 6958 4159 295 2525 4914 4915 300 4916 2859
1028 5458 2359 7175 2196 101 1502 3318 6829 2513
6799 3270 5950 148 5837 2208 2209 6401 1226 4775 4776
3170 4259 1157 1156 3586 1020 4746 3171 3169 1159 1158
4061 4127 4062 243 110 4897 2716 725 6362 6730 2617
566 1171 7151 5817 1974 6201 5161 3920 4170
261 1699 5725 4124 2538 2810 1407 2809 6039
5647 935 3968 5949 1688 6863 3768 4324 7205
4455 5486 5627 417 4397 6366 6839 3619 6562
1414 1571 6707 6532 6458 3822 7003 3508 2837
145 4534 1757 2608 5029 2900 1390 5126 3948
5424 2870 6038 4837 6557 193 7169 6507 5938 610 314 7043 1424
335 6675 1153 7014 4795 4796 4797 2650 6676 6872 6873 1518 6871
5402 7178 2046 1796 7235 3866 4521 1693 2244 3185 1665 1866 4405
6999 3016 3738 2636 1642 6593 5756 63 3006 4204 5984 6674
1371 3810 5358 5835 759 2457 881 3715 3564 3811 1063 1510
4845 877 5153 3541 2258 4693 632 2549 6042 3149 2443
4300 643 6045 6329 2801 7091 635 911 4952 1537 3873
4146 795 653 4409 1832 1188
4018 1623 1267 1624 1625 1839 6992 2561 2562 2563 1266
4194 516 6549 5350 6551 6552 5351 6553 4456 6550 2180
480 3801 2866 2410 6909 3895 474 3893 5975 3482 5876
3930 239 1033 4038 4620 28 4580 876 4726 644
7365 7385 2010 7405 7376 3130 2964 1302 3566 7377
788 5645 6750 1177 1314 3264 1021 946 4550 2268
7099 4872 4992 2943 1066 5255 2817 7011 7268 5353
6792 2508 3007 2479 6983 5326 62 6529 5580 5003
616 7193 1496 1676 1677 7374 7375 7394 7395 7396
6279 7050 4101 4519 5236 5885 6601 845 1798 3746
7187 123 777 1619 958 3527 6363 5071 4040 6394 421 2259 3707
3554 1265 3260 5698 2960 435 2845 1393 276 7278 1814 7098 703
3770 5431 5641 6218 874 3649 1077 4282 3372 329 2099 6506 6003 7129
292 836 1080 6759 965 5133 2913 2429 4566 3504 2998 1525
3598 2621 6443 2622 6997 2623 2815 6802 2123 2839 3297 591
1517 2414 1144 2391 617 1454 834 6754 1509 4522 4918 220
7187 123 777 1619 3527 6363 5071 4040 6394 421 2259 3707
5055 6256 5939 1250 5867 4886 2882 1449 4161 5405 3498 4610
6869 1122 6708 3332 1708 964 550 1098 397 4137 4491 7271
4272 3879 6700 5105 6689 2399 7288 2144
3639 2007 173 3640 1580 361 1582 1490
1698 2897 3356 4497 181 6024 6988 6979
927 1232 495 707 5597 6228 6560 4557
1032 1337 880 6364 2749 3468 2607 6538
7290 3218 2534 4752 4753 3050 2533 4755
7155 5964 1190 1179 1191 6492 340 6977
5980 2957 6875 690 1378 4853 5923 606 1776
782 4082 6771 4439 5778 212 457 2145 5263
6084 833 6086 5049 3593 3152 3514 6420 6082
6099 6100 5146 2945 6101 3290 1360 3889 4036
1009 6760 6533 6921 6718 3186 1010 6025 7207
4856 4857 4858 6298 3783 7321 4854 4855 5448
504 828 1417 6885 2445 1383 3433 4114 959
433 3073 257 2760 6043 7179 2382 4956 1570
996 1945 6696 41 4200 4091 3540 4592 1946
4573 4622 4621 6876 4890 3764 966 2947 932
4016 6022 758 4073 4052 5714 3391 4717 4339 1443 5386
5509 4298 155 4123 2730 5701 5072 6831 5568 4108 2141
6203 4884 3304 1702 2031 3385 6036 840 5299 6913 3699
4515 3758 3759 5258 5259 5432 1222 5433 2824 4514 3697
3901 6013 5059 2552 4072 1202 3363 4174 304 229 3182
2651 6317 5324 3825 4305 5323 3827 7281 5325 7210 2979
1404 5825 4933 3969 6790 1067 7283 3648 4591 4347 5342
6114 1753 1922 342 5494 977 4385
5053 3251 931 7072 1646 4181 1055
5444 5722 2452 4384 2739 4396 6619 1508 2671 6032 7067 3348
754 3362 5525 198 5906 5327 2949 3991 7054 5770 6993 1895
2601 2529 7197 1934 4270 4749 7053 3800 4153 2356 5312 343
5867 6256 5939 1250 4886 2882 1449 4161 3275 2351 3498 4610
1317 5820 3534 4801 6457 7232 6066 6910 5181 3305 6846 5177
2872 7095 2873 7341 5915 2181 2874 5256 800 4008 1318 2871
2324 1721 5516 5183 4774 6073 4392 415 4070 2111 1437 5846
2576 5549 2168 7051 4488 1052 2151 12 3183 350
4546 5246 1485 3005 4607 7130 4107 1166 1167 6942
4991 4292 1522 2422 1985 5901 1291 5902 5903 5990
4658 1803 3311 2048 3011 1402 749 1093 5393 2951
7122 5682 5616 7315 6351 6376 2062 4219 5037 5996
4164 2030 3910 2641 6639 890 5648 3343 2706 735
1656 1741 1658 1514 1515 3219 7388 1740 7379 7387 1442 3516 7378 1655
4375 526 642 6123 1621 7150 1035 2032 6530 3059 293 4545 6808
3452 5537 6432 3854 6841 4714 140 4463 1310 3502 6447 2934 4836
2887 2068 5090 2972 6019 272 3062 61 5688 6000 2339 3599 7192
6541 4250 7231 2791 75 4329 4949 4398 655 4568 6515 2512
585 1240 1421 5539 6649 4957 513 2376 4479 1992 3173
530 4141 1563 6702 4109 6908 2419 4588 6243 2502 1824
1005 4785 1242 6767 4266 4417 5128 1385 944 6816 2095
5730 7154 3248 648 614 3996 2653 803 7218 3617 1026
285 5683 320 3036 6483 386 2770 1241 728
1727 154 443 3283 772 6297 7246 1070 444
3110 3111 5290 5289 4704 5023 3420 254 5292
7152 5195 831 5170 915 3947 5194 4596 5480
4520 6958 4159 295 2525 4914 4915 4916 2859
3134 955 807 5470 3877 3135 1719 892 6424
6710 260 3140 4506 5045 305 1996 5971 5959 3852 5660 5420 1759
4383 4572 963 3718 56 5637 2832 2754
7004 5237 347 978 2100 4448 4461 6011
752 6820 3179 4122 1151 4593 1262 4469
4663 4667 998 5040 5356 4294 3656 4669
1583 3162 5865 722 6352 5866 6434 2800
3733 5784 2797 3763 627 806 969 6294
6026 455 5167 4211 1419 2342 5498 1725
2936 2937 244 4391 245 5209 5208 382
1039 1716 7062 3060 4433 6463 1180 2643 5982 6131
6456 6247 394 1046 3458 5176 1422 4351 5675 4006
7128 2113 1535 5703 4978 3974 2272 552 4069 6878
2041 5956 2042 4086 3863 1917 1846 2334 5382 6678
3312 866 3561 6161 6397 3256 5819 910 4631 2393 6118 5284
1295 6547 1862 888 6959 5368 5696 472 7294 4525 3790 1634
5466 430 4457 5467 5140 1526 3614 6845 5726 6509 538
3607 6580 6608 2474 6939 70 5318 4770 4771 149 6887
6821 6472 3549 6229 3424 1244 2976 6864 3118 2847 1560
4598 7026 2332 3926 5813 523 2993 7131 491 3032 3246
17 5625 6540 5041 4261 6986 5513 4084 4808
2665 776 4661 6006 5017 5926 6623 1880 3722
4134 7214 5229 6310 1329 6596 5676 2294 2984 2428
5607 2786 3371 2898 6524 2458 5313 667 510
4758 271 6442 242 3052 199 564 879 2851 989
6611 1463 200 1891 6342 2072 4973 3705 3331
1408 3751 3438 6427 6951 2812 466 1154 1701
4761 4742 3449 6635 439 10 5419
6497 4589 3147 4465 4683 6358 5759 4225 3986 5087
7347 1312 1306 5887 3911 3083 995 1304 4130
1462 5315 1333 79 6494 1441 5314
2300 5294 5297 5295 5296 7410 6037 1078 2299
6452 2387 6453 3483 5942 1168 4221 2135 3302
7358 7359 3180 317 3181 7399 1724 316 7386
7161 6564 4644 4184 4574 4210 7148 6461 3724 3087
6814 2448 6783 6784 1851 5716 6501
7208 6139 6140 2766 4034 6141 5517 1431 3820 6142
1068 3158 3159 521 72 1730 1281 1731 1732 1733
3244 4201 6834 4202 6484 7307 6299 3121 7087 1928 1929 2904
6321 5423 6379 7141 3595 5309 780 6285 1919 6014
3456 359 4369 1162 6954 237 858 859 7133
4323 6962 2894 6075 3055 4976 4262 1972 4921 581
2021 146 6801 3447 5650 2296 3761 5614 5426 2844 5322 4349
5691 6005 5579 5254 5644 6408 7219
1975 6185 5777 6441 6722 1199 3022
4599 6460 324 2569 6811 2309 5022
6796 3231 4258 4638 3136 7142 6810
1094 2556 2642 4307 6200 7287 6061 6516 40
784 4027 4892 6387 1598 354 2676 1618 3888
1748 1661 1319 3441 6975 6666
7258 656 1627 2132 3345 3927
5497 5822 6046 6884 4548 1777
1924 1927 7326 7327 7354 7339
7134 3776 5332 3240 6716 4118
1544 3985 5615 4912 4436 2983
1374 6742 6158 371 6336 508
1340 3088 5033 3205 1896 3923
6217 3945 1511 5097 5168 2573
5733 4240 2520 6382 3237 1536
2651 6317 5324 3825 4305 5323 3827 7281 5325 7210 4058
4743 1930 2379 1931 3261 2922 1472 1473 1607 1608 1825
122 1657 2548 7317 7333 2833 2805 7324
1648 2816 6195 3262 628 7147 4722 1944
184 185 698 5188 43 756 6927 4393
6452 2387 6453 3483 5942 4221 2135 3302
6703 6295 1682 4193 6163 6065 4585 1877
6122 2825 2697 3254 3550 4467 899 7021 3303 3002 579 1413
385 6960 4092 3932 248 5139 2237 1989 7090 7171
1722 7008 7015 2980 1220 3151 3066 6130 6468 2748
4598 7026 2332 3926 5813 523 2993 7131 491 3246
217 6862 4496 2205 7033 854 1141 2507 3692 6368
3170 1157 1156 3586 1020 4746 3171 3169 1159 1158
4125 2628 2554 47 4412 7296 411 6781 1869 1761
1198 2156 937 3067 5218 2721 2889 4482 5086
122 1657 228 2548 7317 7333 2833 2805 7324
6843 4659 1135 7308 3537 4694 1872 5422 3243
6155 2119 3860 2715 5445 5769 5920 6233 1805
1126 201 2264 3993 3816 5707 6687 804 940 4007 1237 7234
1005 4785 1242 6767 4266 4417 5128 1385 944 4083 6816 2095
163 986 5827 3495 2352
4701 4317 3392 1289 6213
3522 3220 4487 3021 2890
954 5640 5587 5310 4995
142 6973 5774 1224 5760
4087 4196 4180 5849 1829
1493 5204 1492 4530 3074
3096 6569 4205 2775 3166
126 5804 6832 4276 3568
6319 2634 4556 5451 5997
2603 740 4389 3296 2884 4570 7316 6886 3102 1270 465
2453 787 5680 7092 6949 6316 4274 5273 5406 6561 1898
35 2280 2464 4068 2762 4922 3376 5985 5111 3085 2755
3452 6432 3854 6841 4714 140 4463 1310 6447 2934 4836
4598 7026 2332 5813 523 2993 7131 491 3032 3246
6631 2558 2173 586 720 1860 6106 2838 5282 4608
1786 748 4911 4909 7117 3445 5912 1486 4410 6739
480 3801 2866 2410 6909 3895 474 3893 5975 5876
6503 13 6926 562 7109 3638 1051 1361 5175 6925
5955 6842 1193 5485 5567 4641 5238 309 6803 3520
1099 7200 1500 4277 286 4878 4147 2927 5080 903
5439 6137 6303 3792 395 612 2455
736 1203 3145 654 5109 1804 6935 5108
1699 5725 4124 2538 2810 1407 2809 6039
792 4237 1103 1440 4981 1205 1410 5159
2831 1285 1286 223 3630 224 1287 3487
4657 4287 2372 5016 4772 3944 3063 3735
5638 2245 3494 4318 6837 3265 1610
2303 4176 4023 4024 4493 3010 6249
6084 6086 5049 3593 3152 3514 6420 6082
2165 119 408 409 410 118 6933 501
4778 3693 5121 5122 5123 5120 5245 4777
5345 6421 1429 908 3167 4460 3556 4807
4817 3840 2537 6976 4387 5772 4334
2398 587 2869 4143 5836 2542 378 323
6151 132 427 7139 6558 4222 5275 3132
996 1945 6696 41 4200 4091 3540 1946
3377 5891 6728 1902 6729 5685 855
4573 4622 4621 4890 3764 966 2947 932
2741 4365 7356 2450 3525 3590 7013 6240 3079
4760 6751 2699 6423 1905 4713 4390 4337 6393
4758 271 6442 242 3052 564 879 2851 989
4323 6962 2894 6075 3055 4976 4262 1972 4921
6321 6379 7141 3595 5309 2758 6285 6014 1919
3320 5429 3949 1007 4594 2885 5503 3615 1771
5407 7110 3742 4634 5728 6041 2981 5307 5214
616 1496 1676 1677 7374 7375 7394 7395 7396
5814 1015 5066 6793 1821 3908 691 5395 179 7247 2118
6409 778 161 6592 4475 6641 6961 4903 6768 3835 6934
5842 4251 6063 594 6528 6618
4552 6338 6149 3019 6059 2341
7153 3899 1575 99 405 2137
1142 3664 3327 3139 3497 6861
4924 3360 5577 6616 3953 4553
3271 2446 945 5089 3492 6651
5463 5464 2108 6120 7081 6132
7295 1047 2663 1132 1581 2950
6412 4160 2265 458 1044 6743
2384 4472 4724 1309 2664 3284
1192 1604 3236 3662 601 5484
445 2661 6798 7029 5899 2575
5070 1478 7328 1475 162 1395
5415 5164 502 6097 473 6566
1978 2908 2014 3975 6691 1433 4248 497 5394 808 1630
3652 2170 4624 6650 6971 3341 3054 2105
2037 1969 1085 636 573 5172 4102 1246
2953 5331 2349 3273 5396 818 3915 6466
137 131 133 134 1553 810 135 136 7195
18 20 7383 7384 7389 7364 7390 3390
1146 376 741 2710 166 4576 6867 4647 5056
1474 5910 563 4941 3127 2863 6076 1183
3274 4751 4938 4826 5534 5533 176 3997
6321 6379 7141 3595 5309 780 6285 6014 1919
480 3801 2866 2410 6909 3895 3893 5975 5876
1806 3720 1182 5496 5107 742 4604 1483
3355 4256 5227 584 6433 1670 4636 5476
4014 536 1729 697 6459 3339 3208 5635
4364 5156 3190 2803 3760 7236 1210 3222
2273 2271 353 1476 2700 9 7211 7212
5922 7255 5613 3428 4343 6714 7094 1547
677 4066 7362 1532 576 3609 3047 6546 896
6085 2717 4103 5166 6785 7084 3667 1090 2121 1175
7348 7349 3344 3232 7329 7330 7331 7332 2480 7350
2741 4365 7356 2450 3525 3590 7013 3069 3079 6240
7401 7393 7406 7407 7403 7361 3226 864 816 7373
455 5167 4211 1419 2342 5498 1725
5999 2158 3654 1820 7069 5651 3766
3639 173 3640 1580 361 1582 1490
423 3089 1256 1938 25 4330 1061
1252 6762 596 5460 5148 1008 5147
2747 6198 2989 3698 1685 2266 4254
4297 1868 2191 2102 3090 4227 3938
6481 2233 4113 4139 7238 2709 4862
7228 4353 4649 1557 4516 3875 4000
2398 587 2869 4143 5836 2542 378
3641 6081 5917 1631 4885 6850 5796
3694 4920 3081 2322 985 1566 1296
364 6212 6088 4438 5443 6755 3369
5428 3804 191 5700 5050 5098 215 1754 5173
7186 2282 5712 5389 1036 1384 5421 1799 418 3970
6669 1447 3174 6812 7346 6686 3292 1705 751 312
234 2417 1394 6091 6053 1616 1269 5752 6054
1155 4773 6482 1086 3397 5118 5339 1147 2492 1826
5065 3765 2846 1986 7040 4195 5795 4179 168
3103 6857 274 514 1373 555 1497 1174 326
2879 2591 7007 2468 5047 7034 1812 2437
7100 527 2013 519 232 6693 2106 812
2077 6438 3023 2744 2745 1865 3479 4840
1691 4430 4095 4431 4427 3610 4428 4429
4192 5619 5438 5491 4838 461 3922 252
7152 5195 831 5170 915 3947 5194 4596
3317 5449 5244 1096 3961 5127 5593 5267
6456 6247 1046 3458 5176 1422 4351 4006
765 4526 4191 6223 766 1425 2435 6222
349 1107 2065 3084 3632
3709 1022 4336 2049 7096 3543
3113 6265 476 6179 1239
4119 3048 2553 4810 4485 3364
1689 5102 2202 5002 1925 1494
2038 7162 2757 6721 1666
558 5235 5854 2814 6597 2503
3669 6928 3490 3263 6795
5474 5475 14 5893 2602
4406 398 2155 6454 2061 259
4990 6034 1684 436 1683 1503
1965 2756 1963 2256 1966 1967
2301 5425 2279 6778 3575
4800 6148 6477 1641 2917
6709 557 2720 5499 2097 2222
2147 5799 5800 3719 449 503
1797 2965 5492 5993 2919
5833 5834 4477 2304 4478 352
6598 6804 2347 4630 235 2782
5628 6277 3702 5958 3940
2958 1208 2708 1915 38
6234 6235 6236 6237 6238 6239 3513 2312 6232 3511
2080 4301 4814 6396 3701 6450
3211 208 6570 2240 6917
2589 98 1906 2978 4440
2713 6752 2546 5477 6157
2510 5575 7166 308 2635 1942 5506 1023 3695
1110 6932 96 3744 4977 2955 5981 5929 5465
6134 5884 2298 1106 1962 5824 842 2750 1112
5832 6888 4156 68 5520 5165 6469 1749 5831
5955 6842 1193 5485 4641 5238 309 6803 3520
5556 700 5557 619 5558 3941 6308 483 6307
4085 4904 6727 631 2460 680 4706 2920 3904
1471 2940 5880 7125 4275 3435 5018 3767 4654
3892 2860 3848 4757 256 6274 5101 6851 4823
1330 1817 6392 419 4937 5674 1377
1739 5670 5671 1779 6280 4789 6853
2323 4362 2614 5403 1121 6010 4816
4014 536 1729 697 3339 3208 5635
7250 5992 1300 2369 5684 167 4935
5961 3805 3563 3806 3807 3808 785
4637 91 6289 6323 2725 6633 1056
4388 6129 3335 3679 6040 5335 5605
2733 7111 368 2133 1818 2590 2230
4411 556 4523 5043 4539 5370 6083
6899 951 3850 1527 962 4157 3989
2818 1412 4177 533 5157 7265 6119
6208 34 2263 1002 6604 1977 3532
4703 2138 4252 1164 2129 997 5216
798 6936 6856 542 488 489 4504
1109 5026 4676 5343 1690 1558 3161
5114 6049 1597 2177 781 5737 7180 3072
6246 4907 4708 1204 1662 412 2012 4541
687 4306 3241 1988 4687 3496 2579 3201
2616 5012 2236 1278 1279 3878 6734 3688
961 5441 6500 1973 4183 3571 3545 1264
2225 949 5745 5678 5709 3856 2854 6380
2524 5096 1893 5890 4829 2283 4802 2226 2058
976 4528 6257 6980 1671 3994 381 3544 3706
1978 2908 2014 6691 1433 497 5394 808 4248
7186 2282 5712 5389 1036 1384 5421 418 3970
5015 2305 1216 3225 3249 2089 5203 3542
1720 7160 5 4151 4533 1737 1738 2629
5556 700 5557 5558 3941 6308 483 6307
991 6498 622 4029 5598 2571 5786 1968
1554 6404 1092 6361 3786 1091 2472 2473
3892 2860 3848 4757 256 6274 6851 5101
528 1959 2572 4041 3838 5550 6241 7005
825 2674 6877 4236 1339 6356 823 824
1785 2883 2269 5136 4416 3259 2003
2388 4839 2373 2799 3836 886 4120
3037 6150 355 3747 4470 5316 2321
3035 3819 7304 3515 287 2632 3728
1600 6725 6772 3839 306 221 901
850 4004 6359 3681 4331 6953 6301
4518 4359 4360 6924 1084 106 5699
3774 953 5735 5179 5877 5878 470
5052 2696 6765 5264 5265 5266 1555
4597 2142 6748 156 4671 7313 5528
2184 3206 3396 2519 1389 6403 6955
7282 2995 2996 7032 5376 4080 1040
6378 5134 4754 5963 6288 3588 540
4960 4719 1760 3282 362 852 1160
4096 2103 6970 1788 3749 3750 7114
2033 3931 3673 3115 2069 3451 605
3 5936 7105 4569 4947 5843 365 6156 7119
1370 3533 6377 6825 5744 6446 4241 5025 6807
1099 1500 4277 286 4878 4147 2927 5080 903
5224 4537 5872 4905 6514 5488
6115 6318 2008 7164 900 554
2441 4747 3114 4357 5634 3141
3104 6116 2327 6643 5805 3942
2776 4680 2471 4165 4861 2235
2261 2262 78 1434 1435 2694
6414 6064 5731 3577 426 5508
1833 5519 4673 7273 6835 2134
4660 5220 2114 1991 4367 4500
2899 5427 478 1324 5754 6815
5060 3523 5888 360 3781 574
1060 2175 7392 7397 7398 7382
1823 2735 6030 6170 1504 2139
768 1308 660 6519 4891 1184
4302 2011 90 4835 1913 7126
194 6520 5690 661 5989 5346
5366 6178 5094 5046 2188 6047
6692 114 930 2055 2433 5085
4929 5563 5241 4368 5925 2924
4803 3017 3653 739 646 1297
1717 1255 4131 5940 2544 717
4614 269 1276 2253 4578 6258
5249 7031 5554 3935 2830 4815
7217 5116 2150 1234 2763 4975 4527 5590
4295 5073 4217 4646 7086 3756 1200 3407
603 2586 1713 2555 5416 4628 4926 5418
5515 6644 1342 5617 238 5112 3584 3107
1335 4437 3488 3589 5930 32 5931 5932
961 5441 4590 6500 1973 4183 3545 1264
1496 1676 1677 7374 7375 7394 7395 7396
1201 67 1030 6712 3570
3286 544 3266 5501 5771
3567 5013 832 6426 393
2835 3475 366 2880 1053
4711 4005 2881 4332 2597
4600 6681 5927 3721 1961
3565 4230 1346 5348 2476
1050 4395 6349 1354 1997
45 2666 4645 1391 1664
339 7404 1993 4341 338
6567 5413 539 6733 6052
1552 4172 453 5442 4834 2243 1870
5618 333 7198 113 1000 738 5953
3652 4624 6650 6971 3341 3054 2105
4430 4095 4431 4427 3610 4428 4429
4304 6984 2855 3907 7163 5960 3784
1114 3861 1115 2511 6292 6293 3864
4948 74 822 7206 2728 6679 7264
825 2674 6877 1339 6356 823 824
1249 952 319 1416 1248 1565 6125
7227 867 5286 1014 6087 1838 546
3883 5818 1081 7190 7191 5748 5750
2022 2430 3574 1477 5547 537 7010 857
5132 2698 2057 4152 1018 3606
7176 159 158 5944 5987 1933
4703 2138 4252 2129 997 5216
718 4675 5242 4451 6868 4471
225 6220 2659 2052 6967 2647
2380 2381 5408 4208 5409 4209
4732 4459 3329 6104 5399 588
5862 4354 5212 4278 5538 982
3377 5891 6728 1902 6729 855
3978 3979 5014 125 3976 3977
1396 3646 923 2577 2578 5200
692 270 6164 2497 3952 6517
5687 3322 3027 3929 5361 3612
1322 7016 6545 3799 7107 3535
6764 6407 1863 2485 2779 2183
6278 6266 2470 5781 6584 4759
5966 2660 988 987 1138 4562
7046 425 3600 6372 7254 1606
5715 2370 2221 1293 3404 5392
2670 3933 2743 1562 4925 4019
5450 7041 3460 384 4420 5994
206 2086 2935 6058 4692 383
2620 572 6287 3469 571 5379
5446 5622 160 1282 623 5621
3464 2218 83 5150 6311 2992
4783 4985 1859 4246 6428 3734
2501 3044 6202 407 6335 3124
6109 2827 3093 1221 5334 4511
364 6212 4438 5443 6755 3369
1540 3912 6508 4020 6044 2841
6431 4740 979 6103 6701 6189
532 960 4361 3200 88 3833
4760 6751 6423 6393 4713 4390 4337
4908 71 1455 1457 5723 2506 1461
3406 1573 36 281 282 283 284
3503 5773 545 2152 883 2462 4494
4060 95 7305 1071 4812 4044 3900
6620 5719 2541 4009 7065 4682 5031
7060 7061 3411 3412 3413 3414 3415
6941 187 6262 4028 815 5381 6658
297 298 3194 3909 1620 3859 296
5659 764 1587 3071 5211 2232 1034
2201 6672 3618 6673 3613 4148 7063
1676 1677 7374 7375 7394 7395 7396
2386 6133 6554 3913 80 1334 1481
5968 2206 5564 5861 3748
5272 5918 6227 6982 2583
7137 2691 5357 303 7275
6021 1569 2731 2494 6381
1696 4434 5469 5141 54 1381
3223 3914 6579 7177 4613
3255 2784 2785 2787 2788 2789
2868 5882 6609 4378 4379 3057
4822 4110 3925 3178 4126 2
4517 6646 463 170 7260
6079 2231 3689 4509 1940 2877
522 5213 3844 4930 4291
3641 6081 5917 1631 4885 5796
5271 55 3847 2396 3380 2732
3631 2973 4791 471 1356
6621 42 6940 7298 1087
1835 1836 6607 3739 2149
1503 1684 436 4990 1683
4013 3100 7342 7132 4767 1904
5647 935 3968 1688 3768 7205
6481 4113 4139 7238 2709 4862
3774 953 5735 5877 5878 470
4798 2684 5034 2631 2764 1556
5797 4450 1810 1495 3324
6296 1415 2112 704 2195
251 727 5104 1353 3862 5137 1669
3782 1150 6880 6879 268 6489
1358 2326 2985 1328 2000
4984 1013 4983 4611 46
4374 2489 6031 4373 4063
3349 2362 3350 5571 5572 5573
3308 3442 5414 1951 793
486 3928 724 1762 1815 1816
2348 3272 2005 693 334 6826
6334 4782 6715 3374 4781
3352 2163 1119 3198 3846 5535
6573 4882 3635 6571 2806 5669
484 737 3491 5868 1531
753 7244 1137 2329 5720
58 337 5581 6207 447
4559 3956 4366 3555 1858
7380 7366 7391 7381 7408
5268 3154 5758 3176 1998
7334 7240 7337 1643 1644 1645
2148 2613 5907 1994 5319 227
389 4670 1712 6657 6659 6660
4830 188 3583 5545 1897 6436
1345 1349 1350 1274 5468
207 3045 6272 4615 4243
5464 6120 7081 6132 5463
6440 6510 4022 5729 4098
6136 6521 3659 4768 3539 3029
6146 5287 3026 2611 2499
5490 6746 811 53 127
1605 175 3936 4135 3934
734 82 5710 5711 1681
1042 3658 2944 5532 2498
1678 1794 3467 1795 7344
3662 1192 1604 601 5484
5461 2518 5243 5459 1652 210
5668 5983 2509 450 7299 5020
7071 2157 2482 2892 196 4175
6242 970 712 6711 6565 1305
6209 757 4401 2079 624
2374 3295 5504 2658 2990
5783 5785 6761 6974 6766
493 4425 209 4551 5192
3580 2819 2395 4264 1432
801 4199 7113 3809 520
153 7022 652 3703 6062
5067 6929 143 947 3395
5412 3432 4738 4316 1420 4054
2198 6594 3552 775 641 6033
4877 2354 1802 6544 5095
