1653 1080 1081 1082 1083 330 331 1650 1651 1652
2536 1995 2462 3968 2778 2595 1343 3785 3917 1990
3650 1111 3964 3371 3445 3446 4608 4660 2479 4247
3424 327 1640 1641 4021 4022 5911 5910 1707 1314
6027 3350 1868 4521 1566 4523 3918 1992 4522 1377
6079 7213 6125 6126 5280 5281 4500 7174 7175 6078
4924 4925 4926 4927 951 2420 2421 5231 3278 950
7105 7106 5902 6930 6798 7195 7196 7188 5734 1375
852 429 1195 1196 466 853 854 839 840 824
7220 4942 4943 4944 7223 2146 320 4248 7201 2763
1972 487 1881 1882 477 19 1860 1861 1184 1693
3358 7222 3074 6875 177 6893 7173 4552 7221 5184
972 3503 3504 6096 4047 2468 2469 2568 2495 3902
6923 6778 3453 698 6885 6886 1508 4820 1170 6925
2966 2503 2775 2409 2852 2091 2863 2864 2865 2866
3542 4014 5977 3775 4026 4027 3541 3774 3994 3776
21 350 709 292 6557 6558 1248 2969 5939 790
1928 6792 3069 6790 6791 6069 6070 5668 5669 5670
127 507 336 118 349 524 525 526 122 149
1153 6080 6081 6082 6083 4518 6094 6478 6479 4283 5593 5594 5847 5848 5645 5921 5922 5849 119 470 6700 6848 527 6142 6143
1063 585 642 2142 2143 2144 39 95 1442 2073 2074
1175 6574 6575 2408 6334 6335 6336 6337 3603 1741 6739
3376 3377 3378 6770 3340 7177 3373 6771 6270 6271 6272
3959 4971 97 6401 6402 6403 3059 3060 6740 6741 3073
875 1399 967 1311 6717 2381 2382 2383 2384 2385 2913
3061 1814 1926 2335 1807 4102 1474 2261 1605 1606 5730
5806 5348 4522 2089 5663 1992 5339 5340 5341 1074 1304
5647 27 76 117 4265 4266 2699 4274 5881 5882 5646
36 37 2705 2392 3053 2706 4447 3056 3057 4609 4648
3963 6087 723 6155 2698 6157 6158 6773 3127 3128 5046 5047 4048 6774 6156 4080 2672
5618 5616 3197 5617 4253 5503 2058 4254 4255 4250 4251 4252 4256 3126
2276 2950 4951 4952 4069 4796 4538 4795 4031 4466 4557 4794 3771 61
7117 479 3965 5845 6858 5738 5476 3997 6503 1085 6577 6830 4558 1798
6947 5189 3306 6894 7011 7209 5960 2562 6895 3562 4801 4662 1668 4661 1669
6358 2417 2418 6095 4223 5706 4939 6141 6140 6139 3639 3640 3898 1563 5163 4188 5061 1114 1930
6994 6366 6364 2606 2607 2608 2609 2610 2611 2612 197 6367 6995 3045 3042 6993 2724 2725 6365
3455 4318 554 5037 3763 3434 3380 3928 3265 3966 452 3454
674 3977 897 898 1715 1716 900 992 995 1323 918 2687 763 899 2289 3556 3119
6756 5171 5172 5173 5253 6757 1587 1588 1589 1590 1591 1592 1593 1594 5972 4548 3792
5135 5136 5137 5138 312 3004 6734 3038 167 93 235 5973 1871
5225 5952 3673 7074 7075 5951 6469 5765 7020 6456 6496 6457
6864 7107 4915 6620 4967 4968 4969 4970 6621 7043 7044 661 6831
5049 592 3641 3642 3461 5256 6356 6357 944 3714 4285 943
6595 6596 6862 3551 3552 1029 6592 3798 3799 5417 1340 6591 1338 6593 6594 5774
2275 299 2034 7140 4320 7078 7079 4243 7076 2445 4244 1058 1187 4100 2388 7035 2155 6537 7141
3194 5757 4179 4389 4387 4388 234 4390 5705 4392 2449 5957 5704 4310 4311
2213 2214 2215 2941 2942 1420 4547 3894 3003 2211 2212
4878 3605 5031 5799 5901 2559 4236 1415 3075 3978 3625
965 611 2976 1799 1800 1631 656 963 2795 2796 2153
843 1277 5974 5975 5976 6186 6187 5979 6362 6363 1201
351 3284 3537 111 102 4723 4724 46 1405 1394 1
2251 5194 2257 5074 5195 4025 5249 5250 5132 5133 5134
2477 5895 472 3002 6749 6750 6751 6752 6753 6754 6755
5162 5272 5271 5054 5055 5056 5057 5058 5155 5160 5161
6884 2378 5546 5950 5275 6820 6794 6837 6838 6684 5831
6851 6852 6227 6902 6903 6904 1646 2280 1970 3431 1897
1208 1183 1240 1241 1242 1243 1244 1245 1246 1384 1385
1359 1360 1361 1402 1627 1625 1626 1649 45 1975 1945
3110 3111 2138 3457 5480 5569 5570 5571 5478 5479 1493
6675 6997 6998 1166 6376 6377 6378 1107 3200 6674
5899 860 6597 6090 6091 6092 6093 657 4099 6097
132 825 851 977 978 4992 4993 6776 6777 864
652 1341 5991 395 2444 4340 768 11 1771 1772
1522 4524 2158 5830 5829 3332 3049 4166 4435 1521
3359 1238 5407 5408 434 1648 3887 3540 3889 3888
892 2375 2483 645 2223 2500 1234 644 4117 4118
305 870 1190 1191 1192 1193 1194 832 473 876
3404 3531 3532 2664 2665 2506 2507 6246 83 4011
3811 3812 17 3818 3819 3820 309 1001 287 286
4714 1209 4754 4752 4753 3783 4755 4637 3218 4438
954 955 956 780 781 866 849 736 737 827
6023 4806 5501 5502 4474 685 5871 4400 1225 5870 80 3622 4817
2958 2959 2953 2961 2964 2962 2955 2956 2957 2623 2624 2625 2626
776 62 1211 484 3159 3160 3161 3162 3279 3280 4722 3305 1993
7086 5807 5808 5809 5853 5487 5488 4122 2290 5391 2291 6037 5278 3283 5279
4844 6855 5542 6888 6283 6284 6936 1109 6772 7143 7144 7145
1892 228 1567 1890 722 131 303 227 1889 1812 1813 256
3934 2003 2004 2005 2006 2007 2242 3084 2027 2048 2049 4085
1454 7228 7229 5726 5727 5728 5729 2299 2480 5224 6049 6053
5692 5305 5306 6635 6636 5718 2454 6718 5739 3597 5343 5342
6729 2502 6730 7155 4449 5530 6468 5873 6467 6466 6497 5872
5997 6064 5766 6127 6128 6129 5030 5531 1916 2729 2467 223 6379 5996
1006 2292 2293 2294 2295 1876 1553 2230 1893 2982 482 28 2514 1065
5373 5262 2380 6941 2098 1137 3974 5196 455 5259 1470 3862 4711 1012 3438
1348 254 310 1529 1879 1880 1735 2030 2031 2032 270 1423 1424
261 51 246 407 1000 32 626 142 570 420 999
56 799 7214 1068 2870 5820 5821 7171 3036 357 2237
1257 6025 5945 837 5854 5011 3154 3155 5751 5752 5753
6319 4772 6321 6393 6394 6395 6396 1282 3814 5685 6320
596 597 598 599 695 619 601 602 603 614 696
3389 4101 3595 836 7183 1215 3594 2346 1709 2311 2670
1621 1686 1687 1688 1689 1690 1635 2011 1235 1236 1237
4595 586 587 3929 347 348 7178 7179 5064 6489 4940
6544 3027 6546 5863 1680 6048 6545 1644 5274 2862 2587 2762 1982 2240
867 3737 3336 3683 3684 3685 5540 5541 2455 2406 3063 68
1622 7077 7110 7111 7112 7113 7114 7115 7103 7208 6999 7215
5956 4573 4574 3468 5940 355 5840 4341 3314 2432 6975 5841
6810 6811 6812 6813 3145 6522 2216 6932 2474 6868 2228 1942
1358 6073 6074 6075 110 1485 1486 1487 1488 1489 1597 1599
3423 5209 5202 2774 5167 2766 2767 2768 2769 2770 2771 2772 2773 2079 2080 2081 2082 2083 2084 617
4354 4355 4356 3829 3830 3831 3832 3833 3834 3835 3836 3837 3838 2931 4124 4455 4125 4126 4467 4468 4469 3872
6647 1150 6616 6834 5769 2840 5770 6646 5550 2811 6780 2841 5033 4947 4851
5735 5092 720 6218 5101 4569 5193 5102 5100 3449 3450 5192 2343 3360 1061 218
5985 5919 5707 5632 2842 6026 3372 5625 5958 4018
4960 3476 4511 4839 1317 3217 4649 2967 2968 2828
7203 4445 2453 858 7204 1158 7153 5052 2554 1539
559 2219 2189 1831 1832 1833 1834 2220 2538 1909
850 686 1349 3970 3971 1309 658 3935 749 750
6245 6722 6370 6371 1269 3122 1851 1852 5048 421
3408 3409 3191 3192 3193 3910 3439 3440 3912 6649
2119 2120 1794 1795 1796 1797 2963 2879 513 1856
4652 7231 7230 4603 4604 7118 4137 2635 556 2254
313 4646 1476 6006 3943 3958 1094 6005 100 3451
3071 1157 5828 6736 1862 3868 3869 3007 838 2930
3938 3939 3957 3495 3496 4029 2515 4002 3936 3937
1863 4675 4777 4778 4779 4780 4781 5086 1702 4670 4671 4672 4673 4674 10 4676 4776
376 377 378 379 410 182 183 184 185 411 199 412 371 372 373 374 375
1391 1894 3432 91 5966 3893 7197 7198 7199 7200 3962 7192 2937
7108 2985 6583 6584 6585 6586 2848 6470 6471 5425 1044 6244 2368 5045
1495 1496 1497 1498 1499 2095 2109 2110 2111 2112 2113 2114 2253 86
2033 5346 5347 3102 4708 4709 2313 632 3437 688 5862 1685 633 2268
6162 6163 6164 6165 6159 6160 6161 6763 4999 4138 6732 6733 4501
1374 7129 7128 1491 1116 6939 2752 2753 2754 2755 2756 2757 2758 2759 7127 6431 2980 6940
1502 337 1523 2504 1836 1503 338 60 1870 1231 1163 3904 1555 1556 615
4643 4644 3458 4023 257 3948 4561 3487 2597 2998 4562 4553 4639 4640 2599
414 415 416 417 418 2529 2530 2531 2532 463 464 1076 2277 2278 993
2974 4312 4693 2663 6768 4446 3806 1308 2975 5486 4983
1564 353 2995 1632 1633 2116 2117 6559 1638 1639 1176
1069 1461 865 6564 4885 4886 191 361 2464 128 2869 1965
831 4010 761 4575 4576 1164 3886 2850 3479 5415 1903 3258
4591 5858 3321 2802 5084 5085 195 5859 1084 3337 5860
368 1558 1559 1560 1561 1562 711 1545 1546 2136 2137 1484
4955 4958 4171 4172 4173 4174 4175 4176 4177 5238 5237 4957
6519 5936 5937 5938 3236 2798 6789 3905 1169 3854 3967 6518
6013 5493 5494 5495 1335 1336 1337 5934 1369 1370 6059 1404
1292 1249 1250 1251 901 902 903 904 905 907 1293
1054 1051 2175 2176 2177 2178 1053 314 2217 1052 315
390 439 430 431 438 393 394 425 426 427 428
3131 4140 4141 3156 3430 3132 3133 2712 4145 4139 4636 3606
2603 1422 2710 2711 760 236 2016 41 2641 1744 2846 3048 2124 2642 2643 2644 2645 2245
2370 2735 2736 2737 2738 2979 1044 2970 2971 2908 2973 2496 2497 2972 2368 2369
5586 4422 5587 5962 5861 5072 2404 5963 2139 6046 6047 5800 5585
1866 2208 2182 1818 1819 1820 1821 1822 1823 2207 725 822 1778
6825 3421 6807 6808 6809 4554 6821 6408 6409 6410 481 5894 6921
1027 1028 738 739 740 741 742 743 744 631 880 881 882
4128 4082 1099 6098 6099 5359 584 155 1443 5360 5361 2478 3533 5948 6735 4549 4154
4394 4395 4396 4397 4398 4583 4584 4408 3610 1991 3611 4189 4190 4191 4393
5070 4692 5804 5805 5147 5326 5327 5265 5266 6644 5325 6398 6399 6400 5827
6100 6101 6102 6103 6104 6105 6106 4472 4473 3226 3225 2470 3354 6480 946 2373 6670 6738 6130 6131 1024 423
4375 4376 4377 2301 277 333 105 3488 4127 4374
4110 6235 1720 3596 3339 3243 6247 3827 562 5930
446 6799 6540 6541 6542 6465 6899 6900 6765 6766
2815 1874 3600 7100 6979 5222 7126 7206 7207 6295
4073 4044 2907 4070 4071 4072 206 4074 582 564
6007 5596 5597 208 207 5401 5402 2490 258 2546
7217 4956 1614 5114 6759 6760 6761 7017 7018 7019
1352 202 565 458 847 214 1355 1356 1357 247
2556 2592 6822 4596 4597 4598 4599 5964 6866 4456
883 884 885 613 1009 1010 1025 328 329 200
5713 777 1448 5490 4083 1513 4980 4981 6863 5712
4520 6775 6009 3810 1811 2366 4986 6681 7182 2193
4852 5226 3879 3880 3881 3882 3883 5179 5180 5181
3925 3926 3927 6240 6241 6242 1817 6550 6786 3697
3999 1997 694 5865 3259 3990 6719 475 53 2734
3240 3656 3657 3658 3659 3660 3661 3662 3923 3924
1160 1161 1227 1197 1113 803 804 805 806 1198
1725 571 4232 4233 4790 1147 3142 3821 3822 4144
1186 1102 545 548 1101 503 700 1103 81 59
6712 6460 2899 3005 6231 6461 6462 6463 6555 6910
2371 3976 5724 2090 5723 2147 5246 4760 4526 2118
5218 1554 4961 5239 5240 5241 5157 5069 3874 6711
4220 4221 4222 1535 1536 1537 1538 1656 1657 1551
702 703 704 728 489 488 366 490 365 367
465 1015 1016 1017 1018 1019 1020 2209 2210 491
4344 5527 5526 4345 4346 5529 5528 4403 958 6230
1694 3103 3104 1737 3096 2266 3143 2948 209 3471
4277 4278 4279 4280 3419 4282 5864 7176 4281 4249
3299 3300 3114 2451 3116 3117 3118 3296 3298 2148 3295 2255 3115 3093 3094 3095 3294 316 3293 1433 3292
2925 2926 2927 2928 1941 1737 2121 3864 1917 2948 1980 4440 3473 1738 209 2924
4158 3212 6343 6344 4853 766 5264 1869 2399 4907 4908 4157
3383 3273 3274 3275 821 3384 3385 3386 176 1077 3344 6889
6784 2843 6783 6897 6898 6781 6782 6510 6511 6512 6687 6688
4306 3206 4799 4307 4800 3809 3701 3204 3205 3213 3214 2377 3472 1342 3490
1864 5694 5695 3338 5834 5833 4308 4309 1809 971 2423
6351 6352 3201 6190 6191 6192 6193 6194 4655 225 6913
1382 3998 4688 4689 2150 4417 4418 1855 5071 1473 1933
1810 3342 5149 2188 3397 2861 3346 1066 1177 5148 4470
3395 3396 3390 3391 3392 3347 3393 3090 3091 3092 3180
1602 2008 1542 1543 1544 1603 2045 2010 2046 2186 2009
1586 558 1957 1958 1959 1960 1961 2588 2943 2564 2565
4479 4480 2227 4482 4585 4642 4641 4481 486 3008 4478
6031 5592 5606 6032 5591 4946 5607 5608 5788 5789 5787
5115 4514 3407 4879 3242 5067 1180 4905 1179 2059 3356 3357 5068
5797 5844 5714 5715 5716 5717 5900 5875 6072 5796 5995 5609 5610 5611 5756 4348 5842 5843
2285 2286 2287 2288 3554 1915 2426 2427 2428 4533 3112 3113 2978 3462
1528 1898 1900 1899 2533 1948 1646 1647 2586 2889 3363 1976 2520 2475 2476 1896 1897
2326 5050 5235 2166 4985 4824 4825 4826 4827 4828 4984 4904
3009 2730 4035 3164 4906 2700 2701 2702 2703 6800 3165 6008
1616 1617 1618 1931 2933 2152 1620 2471 98 1773 1408 620
6458 6459 7024 4362 7181 1828 1829 1830 1981 5203 5204 1684
6938 7216 2056 5213 5214 4846 4663 5093 4847 6084 921 1152
4807 3900 4180 4181 4182 4183 4184 4185 4186 4187 3930 3931 5234
3681 4005 5040 5010 5042 5043 5044 5041 4502 3800 3801 4004 3101
6720 6721 2431 569 1791 392 3807 3808 6599 6600 6601 6602 4075
1517 2044 2157 1557 1435 1436 1437 1438 1439 1440 1441 2163 2164
6254 4034 3247 2549 6588 1205 797 6253 5452 6255 3313 6728 1526
523 2179 1280 3062 706 2890 909 3064 2731 2322
6948 2920 7010 7156 7172 7225 7232 5878 6960 7003
2589 5758 4615 1999 2000 2297 2298 1740 3125 3124
6668 2407 3815 4352 2232 3816 1932 1492 4415 4527
2386 592 3642 341 2093 943 944 4285 4286 2218
6430 6022 4363 1754 894 4629 4630 714 2050 555
1373 5063 1386 2977 3198 4900 4901 4902 6464 6507
7152 7130 7131 2401 7211 186 7081 7082 7132 7080
1257 4020 3682 3616 3725 3152 3153 3154 3155 837
6857 2683 2684 2582 1974 1984 1883 2834 3065 6927
5247 302 5191 4457 2337 4627 5268 4712 5874 4453
3078 5880 5168 5169 5525 6043 3420 5206 5207 2168
5968 5969 5970 5971 5786 844 5980 3355 5981 229
2797 2987 1296 1432 680 346 3766 4015 2172 2362
2747 2748 2749 4892 1886 1887 1888 5116 2934 5216
3404 2122 6856 2505 2506 2507 4568 6942 83 84
2690 2691 2692 2693 2694 2695 2696 2697 3577 3767 3768 1350 3770 3010 3011 3609 3608 3769 2688 2689
3370 508 2419 2265 6422 5691 6388 6389 6390 6391 6392
55 4475 2450 2473 5883 2805 6016 2512 164 2885 4476
6243 3843 3844 2391 2572 716 2350 2349 2613 6517 4757
796 2149 681 4416 5142 1533 1601 2140 1339 4529 3417
1808 3150 6648 4159 4160 4161 4162 4163 4164 3333 1643
4349 2566 2567 4350 4436 4287 2439 2440 2575 2576 4555
1986 5682 1987 1416 1363 1364 1365 1366 1988 829 5887
957 693 1791 1792 1793 677 678 679 1504 1598 1233
1167 5079 1011 4632 4316 3413 5251 1645 1642 2229 625 4143 5073 1490
2131 2132 2133 2134 2906 3058 1875 2187 2126 2127 2128 2804 2129 2130
4057 856 4631 6089 6622 6623 6624 4821 4052 4053 4054 4055 4056
5877 1978 480 1188 4887 4888 1189 3224 136 4414 5832 1629 5612
743 1425 1426 1427 1637 5258 2019 2020 2021 2022 2023 2024 2025 2026 3480
2070 2071 2072 42 294 2052 2053 2054 2055 511 1835 1494 1845 1846 1430 1431 643 5884 5885 1318 3195 1319 2250 1527
3789 1378 3067 3412 506 2579 3382 3788 1383 3277 2646 3787
6937 2630 2627 2628 2629 1630 2631 2632 2633 2634 1112 6153 6154 4275 2685 2686
6587 1532 5375 5376 6455 3794 6228 4399 6236 2409 2448 6423 6454 3269 6453
835 1007 1619 616 1008 712 1371 2433 2434 3890 3891
3604 471 4862 300 101 6063 5130 1708 5418 4510 2047
2270 2271 6835 536 2272 2273 2274 622 2498 2499 2544
3510 1079 3509 2662 3511 3512 2681 2682 3513 2605 3514
1806 5913 6887 6714 6598 2836 6532 6533 6534 6535 6536
3679 3677 3678 2755 2756 3680 3723 1679 782 3498
3415 3416 2248 3550 3911 3485 6058 5377 1604 2508
352 3129 3239 2151 3859 2996 2231 3318 3319 3320
5547 5548 2516 4870 4871 4872 4873 4874 829 1289
5398 5399 5400 5755 3690 3851 2573 2574 4509 3717
5534 5535 6650 6651 6652 6615 4559 4647 4563 4626
440 441 442 443 432 433 325 435 436 437
5615 2513 2704 3351 3089 3190 5935 1202 5613 5614
6879 5801 5818 5926 5927 5803 6785 5817 5802 5819
3456 1827 1168 1996 5745 5601 5746 3863 5088 721 1428 1429 5744
3282 1217 1950 1315 2837 2838 6523 6524 1825 1826 6525 6833
1045 495 5145 5146 4840 5267 255 871 6372 6373 6374 6375
4028 3414 673 6795 5855 7104 4619 5760 5761 5856 5857 2233
4953 4954 389 767 3460 413 3922 6514 6515 5672 5673 3710
3575 3576 4012 2202 3571 3848 3849 3850 5521 1802 1803 3790 2160 3572 3573 3574
3752 4860 4651 4861 5514 4617 5024 5025 5026 5027 5028 3772 3773 4855 354 4856 4857 4858 4995 4859 3751
4602 1064 14 3207 3208 3209 3210 7226 457 2550 2551 2552 7187 4945
2204 3982 3946 6827 3981 6221 6222 6223 6224 3539 6219 6220 6859
6086 1155 6804 6419 2780 6417 6418 3394 6420 2446 6085
4818 1254 5567 5954 3286 5263 5051 4405 2764 2086 1922
1154 1256 1768 7194 6867 7218 7186 7012 7013 7014 7219
4505 4506 2482 1223 4337 4335 4336 3402 3403 4339 4338
1924 1925 2043 2252 1804 2877 1907 2669 5536 5537 4423
2880 2860 2881 801 758 759 745 746 747 748 800
4342 3875 3876 3877 3878 707 424 3986 4551 3895 4343
5886 2537 5393 2707 5090 710 3991 1396 3374 5091 3013 4605
3039 2935 5893 5983 2429 2430 5888 5889 5890 1947 5982 2363
1142 2829 2830 2831 2509 2324 2325 1105 1595 2190 4811 4812
138 139 172 125 174 175 124 251 250 173 249 267
5794 6427 6428 6429 6347 6348 6549 4965 1268 2226
4317 4458 4459 3241 1969 4633 4366 1224 1516 6556
1067 6035 3979 5538 5539 3980 6030 1801 2816 6036
1229 344 2198 3066 2222 802 2125 1387 2169 2170
4789 6014 6015 2604 5543 5544 5545 2799 6057 6038
7148 6257 4361 6044 5453 6976 6977 6256 6554 574
2878 2452 4382 1977 78 2379 793 794 5762 823
3361 3362 4212 4210 4211 1761 4845 2732 2733 3623
769 770 6380 6381 2340 2039 2040 2041 2042 6382
5923 5924 5925 5907 5908 5763 5764 5631 5767 5768 1174 5626 5627 4257 5629 5630 5628
5898 6226 3364 6225 15 6956 6957 6958 6959 6850 7224 7212 6905
4610 3396 3803 3804 3390 4006 3392 3901 3805 4407 3736 4007 2269
3870 3871 7193 7160 7161 7162 7163 7164 7165 7166 4550 7158 7159
1779 553 2897 2891 2892 1849 2894 2895 2896 2893 1918 1682 23 74 2639 2640
4380 4381 1380 5793 5992 5965 6042 651 6065 593 5419 4756
4896 4897 4898 3672 2563 2570 2571 2540 2547 4894 4404 4895
2410 2411 2412 2413 6590 1607 3916 4364 263 6826 6060
4719 715 6981 6299 6300 6301 6302 6303 6304 6984 6982 6983
496 4419 1344 4531 4532 4357 4358 4359 4614 4413 4420 4421
3252 6276 6277 1816 5460 6280 6281 6278 6279 6229 3486 6531 6530
2925 2926 2927 2928 1941 1737 209 6318 3143 2948 3601 4440 1397
4725 4726 4727 4728 4729 4730 4731 4732 6931 6871 6872 6873 6874 5128 5129 6513 5260 920 5276
5904 3493 5903 5620 5621 5622 5623 5624 5687 1519
3146 3753 3919 3920 3147 364 499 2447 500 2577
2988 422 5949 4996 6045 6569 5959 1905 1600 3602
6881 6368 4645 4536 1683 4192 6369 2336 2238 298
4485 4495 4657 4462 2944 2945 2946 2947 4483 4484
2165 271 272 273 274 2183 2184 2185 322 323
3148 3149 3907 3267 3268 3908 3231 3227 3228 3229 3230 1963 3534 3535 3842 459 3841 3764
1007 1008 1619 712 1371 1372 2433 2434 44 3436 835 3406 5220 2458
88 690 1775 1398 1839 1840 1841 1842 1218 1983 791 359 216
6011 1447 502 3281 5432 5431 5434 3052 5219 607 1663 474 5433
6693 4577 4578 4579 4580 4581 4448 3852 3853 6691 6692 3032 4582
2901 2902 179 1873 3839 1510 2205 3840 3051 1181 1182 2981 2900
4016 3707 4410 3941 4024 2241 2135 2776 6926 4033 6383 2791 552
3470 1636 3017 2916 2917 2918 2919 2914 2915 3080 2519
3791 6572 5928 6273 6274 6275 6573 6803 6643 5736 5912
795 796 2149 681 1534 3762 1339 5197 4529 4353 3417
6896 4966 4720 3262 3263 4721 1524 3232 3233 3234 3235
1464 1465 1466 1467 577 332 121 1095 130 192
5993 1755 5397 6010 6189 6909 6188 4982 3933 3304
6169 6170 5351 5352 873 6847 6671 6672 6673 6061
1953 1790 1952 1815 1674 1675 1676 1677 1678 1906
181 6748 3993 6742 6743 6745 3070 6747 3034 6876 6746 3055
1139 1173 2380 1136 454 1134 1135 16 1137 1138
516 1613 1614 189 774 461 193 775 450 451
699 0 2414 1665 948 1748 1749 1750 1751 1752
927 928 929 973 984 901 906 974 975 976
289 3137 2389 147 2853 5655 5656 5657 5658 5659 5660 5661 5662 3202 514
153 154 6034 146 141 169 170 143 144 145 3422 152 150 151 1789
318 3612 5457 5221 3969 5458 5459 79 6024 3613 3614 3615 5420 5421 4178 2244 5456
7147 4365 402 4916 4917 4918 4919 4920 4921 4922 4923 4434 5245 7146
6626 1540 1541 4863 1046 4565 1059 3555 3077 2984 6625
4530 5422 1734 6472 5423 1717 6924 5166 4537 5953 2145
4587 1416 6828 6829 4570 4571 6823 6824 4600 4601 1364
6815 4491 4492 4493 4494 1580 6814 1417 6816 6817 6818
5232 3315 6483 6686 6481 5784 5785 2868 219 6669 6482
4313 4314 4296 4169 4170 4297 1310 1497 4293 2095 4295 4294 1351 595 551 4315
137 116 1376 1329 896 478 114 106 1313 859 35 133 178 1072
3712 3713 2940 4544 4545 3477 3001 3366 3367 3368 3369 895
6552 4276 6551 6447 6448 6449 6450 6451 6452 6553 3624 621
1824 855 1843 4402 5254 1200 2510 5798 5183 3899 3285 6539 1718 4650 5759 4121 1332
198 5896 5588 5589 6990 5590 1400 1401 2557 6991 1021 1367 6992 7167 5897
2036 509 510 529 530 531 532 533 534 2221
123 3276 4372 4373 4213 4214 4215 4216 4217 3515
73 3289 3290 5454 945 520 4224 2246 3536 5489
3033 682 4218 2405 2441 5227 1290 5078 4588 4589
1877 4525 2338 2339 5089 1756 1757 1758 1759 1760
6861 1628 4496 6860 5175 5126 6917 4572 6906 6907
6 279 280 281 282 283 284 285 77 404
3427 3428 3429 3433 1902 1575 2534 2535 2528 3426
6836 6705 4123 6707 6716 2334 6715 5549 6706 6920
3465 3105 3106 3107 3108 3109 3466 579 1219 1703
3648 1954 4797 4798 266 3072 3960 1268 4883 4884 5261
968 969 4519 1129 960 961 962 963 964 965 966
3651 3652 3653 3654 3655 4471 3267 4009 3646 3647 3535
2258 2585 3086 3087 3088 3253 3254 3255 3256 3257 2827
5909 5491 5492 6880 140 5131 6168 717 6166 5087 6167 6033 2344
5721 2461 5720 2342 4431 4432 2801 5747 5748 5719 4321 3765 5722
6890 6068 6520 6521 453 5810 5811 5812 5813 5814 5815 5816 5248
6056 5378 5379 5380 5381 5382 5383 1660 5791 1665 3323 3405 699 5667 1446 994
2751 1259 788 2527 2807 2481 1927 2777 1971 2360 2792 2247 2443 2806 252 2750
4094 4095 4096 4097 4098 4634 1951 829 5182 4586 1901 5255 4477
1150 5550 6618 5769 6617 2840 5036 5032 2811 2841 4848 4849 4850 4851 5034 5035 4947 4433 5033
4332 4322 4323 4324 4325 4326 4327 2677 4329 4330 4331 4263 4264 4334 4333 4328
3352 3353 6560 5217 6610 6611 6801 6713 2472 6609 862
3558 3559 3560 3561 3643 3578 3579 3580 3828 293 3557
6819 2812 6477 6473 6474 6475 6476 5943 4710 580 3538
233 3708 3709 3873 444 4156 1844 3341 3721 3784 1548
4111 4112 4113 4114 4115 2239 5869 6050 5600 397 5868
5303 5304 1865 4793 5850 2300 5062 2195 764 3134 3135
4437 6020 5920 5455 4504 7180 7189 485 5946 1178
71 2180 5270 1056 358 4814 6762 1151 6708 3452
5403 5404 2986 5666 5906 6802 5664 5665 2667 5905
4535 3015 4616 4119 4120 3975 2224 4624 3940 857
5139 4733 4734 4735 4736 772 89 1316 4959 5186 5187 1093
6040 6041 7001 6944 6683 6943 6645 6945 6946 7205 7002 7000 6682 2029
2999 4515 2713 2714 2715 2716 2938 2939 5119 5120 5121 1022 1023
6988 6989 1307 2234 1322 7109 3157 6345 6346 1222 1471 7093 7092 3266 7094 6985 6986 6987
2526 2590 3375 2517 2518 1946 308 2903 2904 2905 3484
6797 2779 2094 7031 7032 7033 7034 5633 2591 660 3711
1014 6694 6695 6696 1346 6697 2154 1159 4877 5846
3754 3755 3756 3757 5790 5932 5933 1520 3691 3692
6000 6071 5598 4235 310 4234 4442 4443 4444 5599
2437 2438 2569 1742 1743 1232 2602 2387 2553 2436
7058 6508 5671 7059 6509 7061 3216 400 7060 2794
3270 7168 7169 7170 4347 2327 3779 3780 3271 3272
4219 4612 4050 4051 546 4064 4384 4385 4386 4611
6446 5065 6442 6443 7015 7016 4430 4237 4238 4239 4240 4241 6444
3896 5099 1199 2578 5866 5867 2994 3411 6516 5984 6725 6726 7157
5156 5059 5060 6667 5151 5152 5153 5154 4909 4910 6543
6249 6250 2460 6251 6252 1252 64 5243 2581 535 1060 671 4032 572 369 996 6055 2728 4008 726 6727
3857 3676 3199 3858 254 2361 3724 1735 270 2923
1691 1692 2296 2793 517 2636 2637 2638 1700 1701
3972 20 3068 3444 3855 3950 2459 3949 3856 3951
7091 1320 7090 4584 2709 7087 4978 4979 2809 7088 6854 6547 3019
2501 321 4205 4206 4207 4208 2235 7184 7185 1615 1100 5164 3621 3932 3663 3664 3797 3666 3215 1985 7025 7026 3593 3796 3665
3527 3528 3529 3530 3727 3728 3729 1518 3897 1920 3793
2781 2621 2085 2236 2615 2616 2617 2618 2619 2620 2614 2622 2782 2075 2076 2077 2078
3778 4429 2874 2875 845 3618 2932 3619 2341 4411 3553 3334 3335 2583
3497 6206 1706 5023 4737 4738 4739 4740 4741 6207 6208 6209 6210 6211 6212 6213 6214 6215 6216 6217 6107 6108 6109 6110 6111 6112 6113 6114 6115 6116 6117 6118 6119 6120 6121 6122 6123 6124
3551 3552 1029 5771 3798 3799 4401 5416 5754 5795 5417 3649 1340 1338 5772 5773 5774
568 1312 340 1328 941 7101 7102 2555 82 1062 3211 1967 317 3489 3777 226
3693 3694 6701 6702 723 6853 2376 2416 6565 6566 6567 1509
3170 3171 3172 1934 3174 3175 3176 1207 2088 4019 3173 1664
1002 646 3418 647 409 998 5822 5823 5824 5825 5826 4152 3012
4602 5474 5475 14 3207 3208 5159 1333 1334 1294 4791 457 2551 2552 4945 5947 4899
2099 2100 2101 2102 2103 2104 2105 2106 2107 2108 2096 2097 201 3238 3237 2243
4129 4130 4131 4132 4133 4134 2037 4136 4168 3782 4378 874 4209 1214 4135 2123 2708 38 4167 792
1206 3027 908 6832 3028 6076 6077 1805 649 1673
1388 1389 1283 1284 1285 1286 505 1288 1287 245
886 4876 4077 4078 4079 4080 1612 4508 1654 4507
3499 3500 3501 3502 3913 2561 3914 3035 3607 2594
7095 7096 7097 7098 7099 5374 5244 1921 2463 6248
2955 5140 2962 3401 2961 2956 2957 2958 3674 3675
335 237 238 239 240 241 242 243 244 253
30 31 25 52 24 34 26 48 49 50
5740 5097 5098 4864 4865 4866 4867 4868 4869 970 5223 5852 5014 5015 5683 5684
222 4914 4822 4823 5002 4911 4912 4913 1759 4592 3469
2087 5568 5914 5296 5334 5335 5336 5337 5338 1172 3196
719 1354 1291 6605 6606 6607 6608 391 1326 3441
1038 6723 6724 6494 6495 3695 6232 6233 6234 2200
1185 594 1362 311 2173 1110 166 830 1477 1210 705 1891 1418
4690 4691 826 406 301 846 2921 1515 2092 1973 5424
5634 5635 5636 5637 5638 5639 5640 5641 5642 5643 5644 2332 6504 6505 6506 2333 3163 2548 5688 5689 5690 3781 4623
1030 1031 1032 947 1034 1004 1005 1035 980 981 982 983 1033
1769 1770 3182 3183 3184 3185 3186 3187 2760 3181 1298 2167
5020 4267 1895 959 5174 4539 3973 3921 3802 5021 5022 1514
6653 6744 4658 5122 5123 5124 5125 6698 6699 5117
3024 3025 3026 724 2909 2910 2911 3018 3022 3023
5106 5107 5108 4556 5110 5111 5109 2174 3478 2544
2884 2545 2491 3388 3307 3308 3309 3310 3311 3312 455 3387 2425 798 3029
6579 6580 6581 6582 6805 5392 6779 6806 334 6338 6339 6340 92 4713 3136 6787
1658 3467 5916 5917 5918 5141 5484 6003 4635 4013 6067 5481 5482 5483 3599 697 6012 2488 6268 6269
1867 4058 4059 4060 4061 4062 4063 5309 5310 1681 5308 4653
6842 6843 6844 6845 6846 676 6384 6385 6386 6387 4903
3151 6171 6172 6173 672 5686 2403 6912 4893 6538
5228 1230 6869 6870 689 3350 3992 7007 7008 7009 3861 6424 6425 6426 5158 942 6793 6973 6974 3947 1212 7062 7063 7064 7065 7066
5065 6442 6443 4430 4238 4239 4240 4241 6444 6445
2960 2882 2883 2851 2492 2493 2494 2374 2871 2872 2873
6996 6915 6916 7134 6731 6690 6404 6405 6406 6407
1837 1838 264 213 1710 1711 1712 1713 2017 1037 220 103 109 1073 1721 1722 1723
4606 4607 3996 4367 4368 4369 4370 4371 4503 2835 2181
6180 6181 6182 6183 6184 6185 1255 6486 6484 6485 3617 6487 6488
1270 1271 1272 1273 319 1274 1275 1276 588 291 773 1302 1303
3081 5443 5444 5445 5446 5447 5448 5449 5450 5451 5674 563 2457
1353 1776 1777 550 1305 215 997 8 608 1666
4147 4593 4045 4046 1968 4146 4142 4450 4451 4452
3302 1736 3246 3085 1908 2365 3303 3244 3219 3220 3221 3222 3223 3245 3301
1695 1623 1624 1462 1696 1697 1698 1699 1444 1445 1258
1727 1728 1729 1730 1731 1732 1412 1919 1994 1463 718
275 6527 3188 6039 6528 3316 3317 6529 6237 6238 6239 3817 1104 231 6908 6526
1704 6882 6883 6631 6632 6633 6634 6132 6133 6767
7021 7022 7023 4962 7089 7125 2314 3915 6980 7124
1171 401 1260 1261 1265 1262 1263 1264 493 1266 1331 1321 108
771 504 566 1505 1506 1507 1609 1610 1611 624
1478 1479 1480 1481 1482 1483 1501 1324 1434 1340 96 1500 456
5497 5498 5499 6341 5851 5595 6342 1325 476 5007 4383 6331 6332 3989 5496
1299 4564 979 7073 3410 6421 5619 1003 4813 4246 7027
708 343 1089 1086 196 113 1088 497 498 1091 1090 265 600 1087 1226 1092
58 212 120 54 203 204 205 115 47 230
363 6929 75 6411 6412 6413 6414 6415 6416 841 1220
72 5053 4829 4830 4831 4832 4833 4834 4835 33 3760
5016 919 6310 6311 6312 6313 6314 1854 6316 6317 6315
5505 1347 5507 5508 5509 5510 5506 5201 5999 5998 2195 5504
6054 4003 1149 5835 5583 5584 5836 5837 5838 5839
5994 6970 6961 6962 6963 6964 5252 6966 6967 6968 6969 6965 6971 6972 6088 4379
7154 5331 7149 7150 7151 6933 6934 6935 7116 5307 5344 5345
1162 7137 2849 2813 2814 6703 7135 7136 3031 7138 7139 7133
448 3047 2983 2854 2855 2856 2857 2858 2859 3014
1670 1705 1929 1753 1847 1848 1955 1667 1668 1669
789 4193 2331 6659 6660 6661 6662 6663 6664 6665 6666 6901 6658 6498 6499 6500 6501 6502
445 4695 3758 5004 5005 5006 3260 5003 4512 4513 3759 3261
370 515 4201 4200 1411 4202 4203 4204 90 1279
4464 4465 3365 4546 2944 2945 2947 4460 4461 4462 4463
1189 765 4888 4887 4808 4809 4810 4889 136 4414 4890 1188 1629 4891 5269
5105 467 3860 4017 605 5029 3903 408 5103 5104
9 1097 4155 1714 4225 4226 4227 4228 4229 4230 4231 2839 3726 2922 1156 1253
2800 606 4290 4289 3715 4291 623 848 4498 4499 1762
492 1055 1850 5236 462 3638 5931 6349 6350 5500
4351 3021 342 85 5462 5463 5464 1381 268 1724 259 5465 5461
917 1525 4948 4949 4819 360 339 4950 4628 1409 2949 1115 4360 3942
560 2028 6769 1596 5198 7227 5208 7030 4613 7028 7029 6978
2203 6654 5210 1403 5001 6655 6656 1204 6258 6259 6570 6571
6028 6029 3020 3459 5775 5776 5777 5778 5779 5780
1242 3866 3867 3944 3945 3987 3988 1239 3884 3885
687 949 5277 1039 5524 362 5522 5523 5362 5363 5364 5365 5366 4412 5367 5368 5369 4030 5371 5372 5370
2201 1475 4416 2912 2141 1794 1796 5792 6492 6493 3795 2435
3400 210 3330 3324 3325 3326 3097 3098 3099 3100 3327 3328 3329 2256 3331 3398 3399
6578 6788 6589 6914 2196 5693 2345 5879 1057 5929 1912 5696 1923
5118 304 4742 2558 3892 4745 1579 5170 4743 4744
2225 4049 4761 4758 4759 4764 4765 4766 4763 4391 3448 5229 468 762 3447 2765 4762
669 129 664 670 665 879 18 627 628 666 667 668
6001 3054 4284 5561 5562 5978 5648 5649 5650 4566 1662
4994 1267 4664 4665 4666 4667 1471 4751 4815 4816
575 2817 2818 2819 2820 2821 2822 2823 2824 2825 1549 1550 2826 1407 87
7004 5066 4242 3761 2442 7005 7006 3995 7045 3046
914 248 494 913 648 915 916 910 911 912
4454 5013 4288 1511 5113 3813 5012 1413 5112 5008 5009
6305 6306 6307 6308 3348 6309 2315 6689 6839 6840 6612 6613 6614 6841 2876
2328 2282 2283 2284 609 2367 1744 2523 2524 2525
834 861 751 752 753 754 755 756 877 817 818 819 820 729 833
2886 2887 1117 573 2888 1671 1672 2844 2845 3082
197 2739 2740 2741 2742 2743 2744 2745 2746 3043 3044 2951
2501 1985 4206 4207 1615 3932 5150 3664 3665 3593 3796 5165 5164 5000
1143 1144 1145 1146 5 1130 1121 653 1132 1131 22 1122 1140
2262 2263 735 2264 2580 2422 2260 2394 2395 2312 2396 2397 2398 469 2393 2541 2542 2543
2316 2317 2318 2319 2320 2321 1739 67 112 460 40 134 2018 2051
1148 1634 1530 306 561 1453 269 296 1452 1395 1531 29
3823 3824 3825 3702 1203 3698 3699 3700 3703 3704 3705 3706 3826 3491
419 5955 6709 6359 6360 6361 6710 4594 6892 3481
567 6296 6297 4319 3379 6298 3158 6292 6293 6294
1608 6568 2115 6333 2035 3435 5143 135 2206 6764
3291 3138 3139 3140 3141 3169 3167 1979 3482 3483 3168 1278 3463 1765 3464
650 4841 4842 4843 3178 604 591 3177 2323 1281
5602 5603 5604 5605 1392 2364 2598 5749 5750 2249 5405 5406
6576 3021 342 85 5462 5463 1381 268 1724 259 6796
4854 6134 6135 6136 6137 6138 1306 3079 6849 878 221
1368 165 1581 1568 1569 1570 1571 1572 1573 1574 1575 1576 1577 1582 1583 1584 1585 1345 1050
1213 1747 4716 4837 5188 4838 4715 4836 4717 4718
795 4516 4273 4517 681 4625 796 2140 4654 4270
69 3719 3720 3716 3718 2511 4000 4001 3598 3599
618 3909 405 1379 1746 6021 5944 1655 919 1854 6066
1450 1393 842 1659 4746 4747 4748 4749 4750 868
1767 6490 6491 1123 6432 6433 6434 6435 1295 659
6630 6637 6638 6563 6640 6641 6642 6561 6628 6639 6627 6562 6629
1153 4694 1763 1764 4684 4685 4686 1547 527 1661 4687
2601 1884 1885 3983 3984 3985 2936 3543 3544 3545 3546 3547 3548 3549
35 896 168 1376 1329 1078 288 188 1247 396 148 232 133
3474 4269 4406 4261 4262 447 1904 2002 4560 4497 2161 4268
1133 1552 5515 5516 5517 5518 5519 5520 2954 6002 5190 187
3585 3586 3587 3588 1962 3590 3591 3592 3584 3620 2162 3589 104 1766 3581 3582 3583 3264
1745 5512 5513 1726 5990 1512 3722 4875 5511 5477 4792 1297 4567
345 537 538 522 540 541 542 543 2 544 539 512 557
985 1155 2596 5242 2668 4880 4881 4882 5127 1878
1858 1859 1780 1781 1782 1783 1784 1785 1786 1787 1788 675 662 655 663 783 1857
2847 324 2522 713 2989 2990 2991 2992 2993 1989 1861
4305 4304 2997 4298 4299 4300 4301 4302 4303 3037
1670 2372 2584 2259 2402 1705 1753 1848 2560 2486 1667 1668 1669
3952 3953 3954 3955 3956 3505 3506 3507 3508 70 3738 3739 3730 3731 3732 3733 3734 3735
2717 2718 2719 2720 2721 2487 2723 3040 2810 2722
3865 2465 2466 276 2347 2348 691 2194 2929 3696 787
3250 3443 3123 3287 3288 1719 3494 3442 3248 3249
2191 6354 6355 610 6685 3121 549 547 482 6676 6677 6678 6679 6680 5199 94 3906 1065
2302 2303 2304 2305 2306 2307 2308 2309 2310 483
6604 3612 5457 5458 79 6353 4178 2244 6548 6603
5384 5385 5386 5387 5388 5389 4804 4805 5390 2666 4076 3847
4802 4803 5485 5427 5428 5429 5430 4773 4774 4775
3009 2730 3164 3144 2700 2701 2702 2703 3166 3165
4271 4272 1390 1472 3686 3687 211 4165 3688 3689 1098
3520 3521 3522 3523 3524 3525 3526 3516 3517 3518 3519
576 5205 4590 1075 5358 3297 1216 4084 5354 5355 5356 5357 5353 5282 5283 5233 3961 518 5284
1410 890 4081 612 1578 2521 1414 307 5961 1861 5349 5350 6004
6619 4963 4964 6285 1406 6287 6288 6289 4441 6291 6290 6286 1330 6865 3050 1872
2674 2675 2676 1468 2281 1106 1469 2680 2678 2679 2726 2727 1451 2671 2672 2673
403 449 7 399 190 43 380 381 382 383 384 385 386 387 388 398
4941 5211 4245 4972 4973 4974 4975 4976 4977 2199 5212 5017 5018 5019 5083
2159 2898 1300 1301 3667 3668 3669 3670 3671 3845 3846
6266 2192 6260 6261 6262 6263 6264 6265 5144 6267
2279 6195 6196 6197 6198 6199 6200 6201 6202 6203 6204 6205 6918 6919
922 923 924 925 926 1040 1041 1042 1043 1071 1070
5075 5076 5077 5675 5676 5677 5678 5679 5680 5681
7068 7069 7070 7071 6928 3006 6657 6737 7072 7190 7191 7067
6630 7210 7083 7084 7085 7046 7047 7048 7049 7050
1670 2372 2402 1705 1753 1848 2560 2486 1667 1668 1669
2833 4036 1910 2415 1911 2484 2808 2832 2952 3381
1036 7119 7056 7057 4439 5876 3345 3203 4116 7142 5426
5697 5698 5435 5436 5701 5702 5703 5700 3492 5699 5532 5533
2060 2061 2062 2063 2064 2065 2066 2067 2068 2069
5395 5396 126 1449 3030 63 2489 326 3189 5394
5105 467 3860 4017 605 5029 3903 408 6397 5103 5104
528 345 522 540 541 542 629 654 557 512 630
13 734 783 784 785 786 757 730 731 732 733
889 890 891 1013 1026 692 1049 701 727 887 888
2783 2784 2785 2786 2787 2788 2789 2790 295 297 3016 278 2647 2648 2649 2650 2651 2652 2653 2654 2655 2656 2657 2658 2659 2660 2661
3565 3566 3567 3568 3569 3570 1096 1327 3563 3564
638 639 640 641 684 683 57 356 634 635 636 637
4292 2329 2330 4424 4425 4426 4427 4428 4534 4618
1944 2593 3475 1565 869 651 1943 2600 2485 2156 3322
1141 3786 2038 3120 1047 5038 5039 4258 2171 4259 4260 4767 4768 4769 4770 4771
6650 99 5731 7036 7037 7038 7039 7040 7041 7042 3251
1457 1458 1459 1460 519 12 260 107 1455 1456
4199 3170 3174 578 3176 4195 2088 4194 1664 4196 4197 4198
521 872 66 779 778 828 807 808 809 810 811 812 813 814 815 816
1118 1119 1120 1125 1126 1127 1128 262 4 1108 1124
940 930 931 932 933 934 935 936 937 938 939
2761 1733 5200 4987 4988 4989 4990 4991 2424 1774
5082 5080 4782 4783 4784 4785 4786 4787 4788 5081
2867 5065 2803 4430 1228 4237 4238 4239 4240 4241
5709 5941 5942 5273 5572 5573 5574 5575 5576 5577 5578 5579 5580 5581 5582 583 893 5710 5711 5708
2456 6152 6144 6145 6146 6147 6148 6149 6150 6151 2267 3130
4042 4043 4065 4066 4067 4068 1956 4037 4038 4039 4040 4041
4489 4490 5967 5891 5892 4656 6018 6017 4486 4487 4488
4090 4091 4092 4093 1419 4638 4086 4087 4088 4089
7053 3349 5094 3083 7122 7123 7054 194 2965 3343 7121 7051 7052 4928 4929 7055 6758 7120
4997 4998 1221 4668 4669 65 5096 5095 4677 4678 4679 4680 4681 4682 4683 4696 4697 4698 4699 4700 4701 4702 4703 4704 4705 4706 4707
3830 3832 3833 3834 3836 3837 3838 5733 5725 5292 5293 5294 5295 5732 5565 5564 5330 5563 5328 5329 3829
3626 3627 3628 3629 3041 3631 3632 3633 3634 3635 3636 3637 3630
2351 2352 2353 2354 2355 2356 2357 2358 2359 863
6446 2867 5065 6442 6443 4430 4238 4239 4240 4241 6444
5178 4540 4541 4542 4543 3425 3000 3076 5176 5177
6955 7202 1949 6949 6950 6951 6952 6953 6954 5215
5566 6052 3179 3 5297 5298 5299 5300 5301 5302
1670 1966 1964 1705 1929 1753 1848 1667 1668 1669
2057 4528 4659 4148 4149 4150 4151 4621 4622 4620 4153
6062 5409 5410 5411 5412 5413 5414 5230 217 6019
5651 5652 5653 5654 5986 5987 5988 5989 5185 5332 5333 5285 5311 5312 5313 5314 5315 5316 5317 5318 5319 5320 5321 5322 5323 5324 5286 5287 5288 5289 5290 5291 2197
2539 3644 3645 3746 3740 3741 3742 3743 3744 3745 2400 3747 2390 3749 3750 3748
5553 5554 290 5556 5557 5558 5559 5560 5915 5555 5781 5782 5783 5551 5552
5473 6051 501 5737 5466 5467 5468 5469 5470 5471 5472
162 163 171 158 159 160 157 156 161 180
6891 6878 6911 6322 6323 6324 6325 6326 6327 6328 6329 6330 1853
4103 4104 4105 4106 4107 2012 2013 2014 2015 4108 4109
6704 6922 6174 6175 6176 6177 6178 6179 2001 6877 1914
4936 4937 4938 5257 4930 4931 4932 4933 4934 4935
5437 5438 5439 5440 5441 5442 5741 5742 5743 1165
1913 1421 1935 1936 1937 1938 1939 1940 1998 590
589 581 6282 4409 6436 6437 6438 6439 6440 6441
1048 224 952 953 987 988 989 990 991 986
