4354 954 235 5263 2531 5946 5947 5948
584 2054 4014 3521 5157 542 87 2056
3131 5647 551 1660 1142 3225 1747 1050
4964 3393 2157 4556 6262 5217 5737
707 4860 1951 3060 125 2104 2460 2116
2484 2485 2486 2266 2481 131 2482 2483
5374 5032 4218 6144 2528 1459 1827
138 1626 4256 5297 2506 2362 4897 906
5462 5463 5464 5465 2713 141 1358
5696 2971 1300 3300 5697 5698 5695
5442 3731 2751 5489 5495 3253 2755 4868
850 5909 3681 5798 5799 5800 4174
1531 1532 490 328 166 4201 866 3279
174 5230 933 6179 6180 6181 6182 2233
4331 4332 844 211 2061 940 3799
909 5319 5320 1782 408 222 2416 1301
539 237 2170 699 1233 3243 5209 5210
692 2441 3061 3107 4046 1525 4602 3727
5099 2985 273 5653 6211 3155 3156 3157
5407 274 829 3443 367 4143 4144 5902
3213 3214 3215 3216 291 3210 3211 3212
5618 1838 4457 1780 4348 4349 1129 5959
5513 962 5701 5702 5703 317 3324
1397 5007 4457 1780 3730 1129 5959
6285 1440 3938 4395 4842 3939 5852
5811 5408 3781 4671 2588 2776 3716
4693 840 4416 1369 2845 6042 1623
3403 2630 3404 1554 2622 355 3405 1788
1586 2031 1580 518 2119 1809 3459 3896 727 4875 4048 2109 719 390
3205 395 3423 1555 2544 5671 659 5744
4368 3897 2721 595 1148 976 4089 903
3561 3562 3563 3564 406 3565 4919
3600 3601 3602 3603 1619 413 3599
1149 2734 2877 6405 5487 5490 459 3688
463 5727 5500 5501 2753 2756 2757
3947 3948 678 2082 644 2311 480 3949
3758 3161 3752 3020 2164 2159 5620 2251 510 5184 2643 3757 728 3875
2886 1500 3802 546 3803 2595 2927 4751 1416 4323 3805 3806 2262 3033 529 2044 3787 5219 1201 3788 3789
5166 5167 2066 3962 581 4971 3748 5165
4939 3439 4460 3438 4951 961 1955 3399
3780 763 3691 4085 4086 3912 4084
4270 4271 4272 4273 4274 910 957
956 2096 3440 4352 2717 5944 5945
2095 5768 3541 2692 5276 4426 1086
5022 1864 6150 5045 5046 5047 5048
4591 4592 1378 1291 1831 4705 6000
5098 4905 4924 3615 1923 5096 5097
5029 4816 1822 1823 1830 1820 1826 1842
4753 4747 2468 1818 3645 1414 5338 1817
1673 3305 2888 3353 2126 1466 4779 5200
2844 5236 5237 5238 1357 5235 2242 1484
2448 2097 5191 2107 4552 1804 1805 5021
6130 1734 4994 4995 5004 4996 4236 6129
2283 3944 5856 2285 4446 1621 1803 3240
4957 1684 3185 3187 6124 5664 2422 5665
4257 6325 5024 4447 1691 4965 6126
1950 6127 5113 4755 6166 4168 6326
4094 5876 5877 5878 5879 5880 2010
2769 4703 5505 5506 5507 5508 4192
5499 6223 4624 6224 6225 6209 6226
4715 6367 6368 6369 6370 6049 6316
331 466 41 9 281 1728 1191 68 134 78 1157 11 378 290 44 1242 214
1816 1844 2409 1825 5311 1819 4937 5312 1815 5038 5030 4346
486 2742 172 805 463 1944 1840 3718 369 2735 5522 2815
1917 2642 3956 5435 2981 2150 3772 5304 5305 2382 2093 3409
1056 75 28 1926 2187 1887 300 721 768 1039
5011 5775 6134 6135 6136 6137 6138 6139 6140 6141
1540 262 3075 4836 4837 4838 4839 1996 1726 964
272 822 3318 4276 914 4277 4278 4279 1244 1792
2562 2058 328 3425 4145 4802 1711 1710 824 5365
507 3612 703 2593 3609 5212 1578 1272 1510 417
3771 2131 1976 2634 3160 523 5128 3475 4074 3981
1167 743 4524 2951 4633 4471 903 1577 634 1384
3758 1601 4068 3752 3020 4005 2159 5620 5821 728
1384 743 1270 3120 5872 1387 4061 4062 1575 4060
2533 954 3260 3703 3207 1091 4428 1409 929 2645
5622 5107 4182 5268 5269 5158 2305 2300 5273 2307
1137 1565 361 3114 2492 4979 2986 4978 3257 3448 1713
1592 404 3991 5861 4864 2543 4865 1555 1380 62 1595
4713 2393 1845 350 1772 4185 5041 2129 3387 5203 3386
4852 5265 5352 1554 3304 4344 3437 3011 2303 946 4869
1234 700 1535 3139 2970 604 568 1744 619 3696 2105
1214 3796 4365 4801 4599 984 1638 5699 5013 2661 1787 4382 1718
6233 6234 6235 6236 6237 6238 5550 5551 5552 5553 5937 4324 5733
4049 4330 4311 2265 2659 5137 2673 1989 2660 2047 1707 2004 2530 1544 1552
3028 2889 230 3031 714 3023 3024 1640 3025 2014 1542 3026 3027 3029
1320 4204 810 2324 1146 867 2915 3633 1172 1131 3073 433 2065 3632
3217 4560 2139 2144 2098 2108 2213 2146 2437 4936 667 1222 2073 2112 4543 2079 1366 2067 4064 2132
5176 2156 2130 2080 1839 2101 3487 5035 5206 5036 2803 3889 2081 1880 3670 5037 2449
1403 3118 615 1596 4738 3937 763 4739 4740 199 2591 983
1435 4638 472 1424 1143 1810 5809 1811 4639 3702 1359 948
4793 4268 5924 3016 2616 3671 1476 4789 4790 912 4791 4267
649 14 684 1583 27 1077 736 3768 1068 2219 3232 722 657 766 176 653 1051 938 517
1012 1015 25 2011 1003 1004 1005 1006 1007 1008 1009 1010 1011 747 1013 1014 717 646 1574 81 582
1106 4206 4430 4392 3174 1159 4391 34 1100 1024 1089 1026 1088 31 1027
3280 1033 5956 4401 4398 1095 31 4397 1000
455 294 46 3220 380 3221 318 289 53
1421 179 215 63 1289 336 2608 3362 3363
2452 5088 5023 6118 6142 3589 4940 1794 2357
2463 2456 2459 1735 2127 125 1603 2460 1268
2479 1371 4341 2480 227 491 3738 1530 129
4109 801 2806 1750 504 5520 1332 1985 4421
1781 292 1646 4923 2778 2770 2801 2497 1175
269 2835 226 5539 5573 2892 556 1802 938
4220 486 3715 3717 2736 878 4219 3714 2737
602 3905 809 3450 3051 509 1605 1052 1994
614 3979 673 2579 770 1250 686 672 2123
654 4131 808 6402 4124 3508 1453 4129 3605
4326 3144 939 4327 4328 1851 1408 1260 4325
4403 1042 718 1054 5864 2167 188 1995 5155 1498 3873 4013 4091 3231 2279 2212 2277 2366 3418 2078 4880 2873
2950 762 4078 1167 2949 2133 3844 4087 5207 1577 2363 2952 2051
4647 4648 4649 4359 4650 4651 2691 4653 927 4317 4652 1329 6024 3427
2938 205 1434 206 209 207 2910 204 2727 2725 2
370 3823 928 3045 340 3043 3044 1309 243 1622 4611
841 3347 3494 2861 2161 3974 537 3721 5182 1969 2042
1108 1033 1034 1106 1107 1037 35 439 3771 1093 1097 1100 26 1089 23 1022 1101 1027 1002 31 523 376 1113 1090 1115
2841 4976 165 5014 5542 6227 2784 2785 2786 5515
4617 3192 3193 1876 5067 1091 4428 4616 3197 287
655 4205 1798 2920 1617 2555 299 3238 3983 449
3314 3315 3316 3317 330 3309 3310 3311 3312 3313
5586 5587 2926 4916 493 5813 5126 3736 5584 5585
735 539 2118 1730 1080 566 2541 3408 578 3087
649 758 585 889 603 849 677 570 571 2020
1121 3903 3719 3434 3573 1555 596 1431 3901 1765
6089 4853 4854 6090 4855 1551 6085 6086 6087 6088
2669 1979 1980 4393 5130 2253 1015 4394 3226 2050
5971 5231 1461 5301 4946 3354 3723 4778 4503 1679
2884 1948 2885 6 2895 192 77 134 197 185 2697 186 966 2878 195 1947 377
3271 3922 1614 2578 366 618 670 3837 3918 4033 1990 3921 3631 3162 2525 3920
994 1160 996 997 1163 3500 83 999 259 2261 764 22 534 3531 1971 176 2826 4386 1898 1536 1618 589 683 611 3900 992
3034 4011 3581 617 2043 3973 248 1271 3510 3693 1120 2045
338 3332 5468 3333 3334 3335 3336 3339 5704 3337 3338 2802
3331 382 2975 3454 1771 3464 3456 3455 1659 2392 458 4954
2886 2887 546 3803 2595 3804 3805 3033 2044 1201 3788 3789
4642 2499 5360 5978 5358 3640 3426 1327 4518 1206 2644 4519
2628 4214 1455 2548 1649 1351 2621 3433 1632 5899 4907 2750 4314
1422 60 4865 1555 1 62 3434 0
3329 807 334 4120 1499 1377 55 3330
3410 2114 5147 2017 4152 2028 88 2184
2224 2177 96 113 676 5226 2825 2223
2899 1553 383 1716 731 4981 4982 111
1991 3385 1393 689 4001 1862 3105 4479
5323 2993 1879 2351 2424 119 5309 2398
2147 1489 263 558 125 2460 3842 3841
1870 4142 3622 5787 3657 1671 5786 825
1144 5494 5962 4716 4474 1687 2295 2745
2715 178 5540 5471 5472 797 1891 2836
5333 4311 2659 2454 4841 1552 2438 2573
1274 5637 5638 1040 2518 266 577 3087
1454 268 3159 4186 2636 2625 4744 3248
3277 5686 3278 322 5666 3199 3820 5651
5039 5980 2306 5050 5223 5274 5275 4117
560 2256 1722 3550 2688 3101 401 4983
2947 3583 3624 648 428 3625 3626 2128
2425 5133 2465 5090 448 5324 4101 3672
5394 5395 5396 5397 5398 2577 1365 501
5285 5824 993 2337 3774 5284 5183 5424
539 624 755 3856 3095 3067 1192 3875
5614 561 3004 1047 5610 4700 3006 2197
1274 2016 599 2222 2041 682 2664 577
5334 5335 675 2432 3893 2464 3977 2744
4012 5985 2942 1222 2437 3123 1664 4544
1972 1973 4561 3940 5129 2091 5140 2738
4461 4462 4463 4464 4465 1140 1119 2989 1873 3036 5624 2232 5961 4435 1877
5076 5714 1896 5712 1854 3355 326 3356 3357 3358 5713
2466 2322 1958 3850 4006 1975 2956 3756 1956 2643 2164
464 5745 1967 2008 479 2037 94 86 1968 924 1813 97 2068 3435 1286 397 1965 483 2002
4928 5716 3595 3367 4339 5715 5115 4929 4930 4931 4784 5717 4302 1654
3022 4243 3021 1910 2626 242 1937
4436 1591 5617 1118 3014 2527 2804
4478 4695 4696 4501 5964 1368 4694
495 820 1987 3732 3733 3734 925
2575 4303 907 4261 2810 5521 1310
5455 5453 184 5456 4363 2690 1835
1203 1246 4146 1514 3416 1237 1784
51 1884 3166 5017 5018 5019 1797
2435 2096 59 1597 731 383 744 1230 90 4882 520 2922
826 4111 1472 5890 897 4141 2855 1460 800
5409 2611 5310 2409 2614 2754 2589
1816 2409 5311 4937 5312 1844 1815
1481 1479 4795 77 4798 1411 1480
559 3549 3853 2274 79 616 586 680 2134 1974 2171 3109 3522
757 1976 85 100 1992 741 676 2182 2179
92 641 4015 2057 2181 3086 528
881 1778 609 2142 4226 5009 5006
2113 1249 95 2201 5145 659 2012
2670 3992 2190 3400 1612 5302 3762 2060 5077 681 2379 2174 108
1754 296 4783 550 116 1018 1473
2413 124 120 2433 2361 2386 5328
1932 5122 5615 3835 1960 4563 4337
1631 3349 2505 1903 2797 3352 2796 2006 171
4685 6310 6311 6312 6039 1799 1353
4737 190 702 2346 1274 682 3110
3446 1393 3385 2961 1704 1862 200 2520 4003 686 672 828 4004
382 3462 3463 3455 208 4902 5750
473 593 4745 4746 1410 1653 533
5635 3030 230 2888 3025 1466 5621
1204 1853 1581 5825 2640 1588 1463
240 3069 3070 3071 3072 1437 476
3228 662 751 3637 253 1615 3978 5078 734 1900
4660 4661 1333 4659 3218 293 4658
276 2633 5886 5887 5888 1869 4107
3194 3188 3189 3190 3191 3184 287
832 5111 5389 4005 2551 4151 833
383 3509 325 2442 574 2060 2900
3662 3664 3776 527 3667 1017 5262 444 1443
4209 4211 875 354 1339 4212 3402 3167 4210
383 2060 563 2115 574 3742 5196
742 2440 4059 3274 2916 3559 1642 403 4058
2189 3606 2158 804 2030 693 5148 598 416
5648 3646 525 3650 440 1786 3558
3661 3664 3665 3666 3668 444 1443
1442 4230 4231 4232 4234 475 886
3740 2521 487 5127 1311 1962 4861
5469 2718 5470 553 874 5467 5468
2083 2870 1132 2871 3057 4405 1042 718 567 729
4440 4441 4442 4443 1127 2765 598
4921 1892 3503 1644 995 3910 3911 996 612
4076 2898 2299 752 1702 3950 646 1574 1662 5857
3062 739 4072 1273 1340 1071 765 1894 2022
3234 3519 1343 1522 1068 5675 766
4724 944 2160 1474 2013 862 1814
1546 1489 3557 4845 4846 4847 2629
5788 928 3628 1390 3629 4986 1282
3260 954 3703 3207 1091 5679 929 1425 2645
2681 5208 5211 2124 1958 2164 5123 2162 2163 3414 4941 3415
2447 2064 1170 2431 2350 3892 5330
6330 3493 3047 1801 1579 1171 4486
3047 2539 1171 4486 3790 1255 1720
4452 1215 2172 3177 4525 4526 4527
1415 5139 5000 2000 2191 2192 2001 2194 2193
2805 6125 4962 4113 4114 1832 4604
5759 4977 2721 3682 4089 3489 2234
6057 6058 6059 5087 4725 5242 6056
6094 6095 6096 6097 6098 6099 6100 6101 6102 4887
1246 1237 1235 1302 4146 1784
2273 2774 785 3209 5672 2271
4095 4096 5299 5875 5874 6268
5293 3767 3764 3765 2338 5177
5293 3767 3765 2338 3958 3764
2035 5149 3935 2180 5150 3840
6183 1362 4688 5241 2246 2248
884 4227 1855 71 960 4362
236 1954 5400 5117 3378 2583
5692 5693 5694 3301 6260 6261
3607 2500 5282 5279 2327 2859
153 2415 2687 902 415 1402
4646 6020 6021 6022 6023 4333
3424 2505 1119 132 5362 2504
1356 158 2730 4566 5485 5486
173 959 4318 4355 4356 4357
4709 4710 4711 4712 3929 1376
6282 6121 6122 5900 4950 5901
2678 3726 1848 2960 2783 218
4517 1198 5976 5977 5858 1293
453 2281 5423 3690 888 967
3815 5834 3829 4915 5832 4777
2380 5823 285 4039 3183 3761
6240 6241 4655 5554 2851 6239
1335 1290 4662 4663 4590 1624
2869 3673 4347 5085 425 2917
1487 1404 3124 4735 1485 1400
2816 4512 4334 5938 5939 5940
4980 4221 4849 3579 1829 5812
3346 5708 5709 5710 5711 333
4103 3652 6425 5094 5095 1922
5728 3294 5687 5688 3295 5689
895 4246 4247 4248 4249 2709
1116 4090 5844 1600 4437 5873
398 5092 5093 1920 5529 2823
4814 6067 6068 4748 6069 6070
2396 3585 3586 3587 411 3588
1292 2833 5534 5535 5536 5537
3237 3654 3647 3655 1367 440
692 3847 1746 449 2237 4998
5769 5770 5771 3547 5772 2676
5393 555 3838 5842 5843 3839
813 4133 4134 4135 1837 968
887 4150 3722 961 4237 4238
5885 2641 3550 4106 892 1721
3888 4217 1946 2951 892 1721
1874 904 4265 2257 4007 4264
919 5741 4296 5928 5929 5930
4685 6311 6039 4637 1353 1328
4375 5952 3391 982 4376 3530
4490 4491 4492 4493 4494 1174
2729 5477 5478 5479 5480 5481
4766 5933 4313 5934 5935 5134
5884 4100 4623 3560 5882 5883
3241 5174 4697 5049 6044 1364
3351 3146 1547 1689 5599 1452
3461 2491 5748 2867 1775 5749
2875 5568 5569 5570 5571 5572
4102 2974 5401 3598 5012 2582
5527 3468 5528 4304 5931 2822
4329 6019 5052 4640 5581 5658
3206 4953 4704 4952 6123 3154
5719 5720 5726 3374 3372 3373
3749 5641 3906 3942 5854 5855
6347 6390 6266 6391 6392 6378
5965 4481 5662 5966 5967 5968
6300 6301 5972 6360 5973 4510
6347 6389 6390 6391 6392 6378
4391 4430 4392 3174 1034 1022 34 1106 5660 1024 1089 1026 1088 31 1027 23
4594 6001 6305 6002 6003 6004 5841 6006 6007 6008 5116 6010 6307 6009 6306 6005
1543 2573 2265 506 1707 147 2666 2673 930 2646 2267 4844 2674 1399 5255 2263 2663 1534 1552 2438 2071
3266 2689 337 319 2714 3077 4925 1648 320 3258 302 314 3259 5452 1207 203 351 2259 2613 311 2907 306 3244 3245 3246
276 502 3469 4138 1869 5056 3700 1905 2828 4107 1893
2679 5443 5444 6213 5445 5446 4294 5447 5448 1888 3365
2886 1500 2225 546 3803 2595 2927 1904 3805 3804 3033 3785 2044 2227 1201 3788 3789
540 1203 52 515 1610 275 2255 1318 3794 1196 423 908 3793
505 651 3592 774 1063 633 1068 1076 753 766 3590 628 1153
951 787 18 788 789 790 952 792 12 157 17 989 786 793 942 794 310 499
782 2507 310 105 2599 11 3268 3269 357 309 146 363
3398 2421 2420 1667 2354 1668 5321 2853 2397 3341 119 3340
1274 3161 5080 5081 305 2159 1906 1669 3255 577 3757 728
2854 2919 1607 1717 1344 4088 4885 759 4673 1346 4674 4675 4884 1800 3908
1934 5399 4351 1627 4803 4804 4805 2580 5943 4197
4551 1565 361 1228 1330 1245 414 2662 1243 1354
1234 530 3137 635 1266 772 3954 3930 626 2461
1176 181 5218 7 2186 1646 1793 168
787 18 3578 12 365 5777 3432 4104
4677 3319 4678 4679 4570 1347 1261 432
1284 854 133 1285 873 922 865 39
1342 45 4672 1541 3959 1693 1264 3458
4873 1587 4162 1682 4450 670 1990 1134
2147 3684 5783 125 3614 2460 1044 3651
1941 1861 3729 2764 2526 160 3728 328
1347 955 819 184 958 2881 191 817
2570 5663 3186 750 3886 588 771 3584
1895 3694 2274 595 1706 4543 3445 1609
5327 5325 5326 5192 6193 2429 2427 2450
5432 784 2667 3933 863 3090 6093 634
3120 1387 2824 2951 4198 4717 2394 4579
1131 3261 867 4419 5851 4203 940 4449
4883 969 3639 4922 5670 4781 4956 1841
4883 969 3639 4922 5670 1927 4781 4956
1979 1980 5130 2653 5131 1015 3226 2050
1613 1210 4528 2978 2388 3040 3798 3707
5415 5416 3797 3525 2344 1666 4412 2600
5636 4037 4026 2087 4670 2921 3580 4289
6232 4641 5523 5524 5525 6341 2817 6018
3359 4568 5795 5434 3298 4775 5691 4567
880 212 221 40 42 358 229 1258 280 2323 1395 288 777
1529 949 56 1527 1517 59 1519 1516 1162 110 1523 1520 175 1525 58 1526 2896
4992 1731 4698 4431 364 373 1456 2787 4991
118 2405 1833 2145 2122 2407 2072 1240 5120
2385 122 2395 2354 5296 1584 2967 5295 5307
4800 1482 4487 4010 1641 263 3079 2590 3419
3449 4332 1068 753 2457 766 3907 371 1125
2165 2220 623 631 2925 2932 2195 2206 775
2886 2216 2284 2225 3782 2595 2927 4323 3783 3033 3785 2227 1201 3788 3789
5862 5863 3467 6272 4942 2977 4988 5104 6286 4894 5605
1939 1709 3687 3348 2059 714 1465 2798 3686 2831 454
3058 2534 1904 3133 4044 3033 963 4358 1201 2227 3788
564 650 3591 1076 1565 361 774 1063 3116 593 460 399 61 3037 738 14 3590 645 410 628
5002 5001 114 374 4335 3627 1762 1763 3915 64 3914 1764 1766 1767
3392 1478 3617 3618 3620 424 4654 3619 4796 5784
4799 643 2935 2934 2936 638 2592 3308 1908 1557
4545 4546 3593 652 3275 4625 3708 1220 4949 2094
2211 2239 1911 2070 4948 2593 1988 4028 4258 2065
1970 1084 3180 624 4422 920 4423 3076 4424 4425 1074 420
4077 3345 3542 3201 3706 5766 5767
1807 1808 223 307 76 72 5
3457 4438 4439 1952 2771 1123 2469
9 1776 145 2617 70 286 282
484 2876 1193 776 37 13 183
4034 740 697 3498 391 3483 3499
1824 2317 4312 2148 2169 4000 926
5652 971 125 3614 2460 1044 3651
5216 2185 2023 137 2345 5215 5146
1943 486 488 1944 3713 3718 2735
1914 5436 2864 197 2863 187 2523
3924 609 3918 618 670 2525 3923
274 3152 3148 3149 3150 3151 3147
1296 3263 3264 1918 324 1508 312
464 3208 479 3697 412 2038 2313
2230 1053 5794 446 2316 2254 3669
3094 995 565 1163 2215 5633 3083
2319 3870 575 985 830 3115 2781
4018 1169 4055 1641 1428 1733 4763
6308 6382 6383 6384 6385 6365 6366
2658 2670 1698 2671 1518 5077 2379
5753 5754 5755 6269 6267 3470 1550
4665 5576 5577 6032 6033 5574 4944
6112 5746 4917 4918 5613 4562 6111
4391 5954 4392 1159 34 1106 1024 1025 1026 1089 1027
3485 3564 3486 384 3566 2596 1015 1983 5758 582 4389
4130 6400 808 6401 6402 4124 4125 4126 3265 4128 4129
559 3852 3853 2274 79 616 2198 396 586 680 1974 3522 726
2567 2893 1755 1949 2703 1756 2733 2790 2704 498 2705 1806 353 2706 2707 1953 154 2779 1882 1769 170 2708 167 2747 2700 2701 164 182 2702
2958 2322 2964 2972 5314 1348 2453 2414 2371 2968 1349 2355 219 2965 231 2402 2419 2353 2411 690 2349 2385 2966 2356 2368 2354 2369 1582 2957 2403 2377
92 2053 986 1168 3556 4500 620 91 528
2947 3038 123 2992 3890 3081 1643 2445 5016
2924 2931 1316 2933 494 210 766 261 2930
5853 5776 5254 3931 4385 4384 2638 987 5172
3080 3299 4508 1190 4507 4509 535 1194 3019
4207 1801 4051 3999 871 3995 3479 1072 1073
1921 5645 1916 1919 1910 4613 1912 1303 4612
1056 2216 3872 4108 5079 2260 3804 2595 963 1904 3904 3785 2227 1201 2225 2722 630
232 492 443 54 1751 838 1752 1477
103 2304 1942 4245 2302 2308 1959 5797
5846 1674 1221 2040 224 4537 4538 3917
5614 561 3004 237 2983 4700 3006 3042
2507 4515 2542 1204 2183 3364 341 392
394 514 2601 636 1606 1178 4881 748
3551 2912 400 723 597 3894 695 3895
422 3779 872 580 3878 2358 1251 533
559 1117 3945 3946 586 680 639 3089
584 4175 4176 1639 852 835 4157 1391
1972 613 999 4390 2444 1536 2261 3019
2807 3604 1058 715 754 4433 1312 705
1231 4330 4311 2047 1989 5868 4841 1544
3376 3379 5721 5722 5723 5724 5725 3380
3993 2212 5155 2870 4403 2366 4038 4013 1042 5298 2277 2873
5288 2430 5289 2341 5290 5031 4851 5287 5291 1897 2428 5292
1022 31 376 1032 1112 1035 1036 1037 1109 1104 30 1038 1114
1695 539 3868 5212 3529 2070 2593 1988 905 4028 247 1911 2069
5690 372 3296 4876 5132
6278 1372 4216 4699 5915
1558 4350 5889 1337 5831
3396 5259 4822 2272 368
1313 4620 6081 162 6319
4840 4935 4035 1521 1663
5951 2404 2376 474 2426 4366
4191 3674 3675 447 857 465
6302 6303 5993 4958 2994
3596 5229 6109 5227 2235
6075 6076 4771 4002 6077
3325 3326 1283 3327 3328 13 5072 5141 332 2007
5511 2768 5300 5509 5510
1758 1757 66 1759 1760
194 189 196 193 2556 198
5623 2451 4765 5332 5331
5700 4667 3322 3321 4681
1863 1298 4601 2789 4600
2338 5293 3764 3765 3767
6128 70 1777 4988 5008
921 80 746 2049 4866 4063
92 383 2205 986 1168 3556 4500 2053 91 528
6214 2685 5451 3204 6215
557 3843 740 249 115 1046
6169 5159 2125 2852 2074
5224 3618 2218 4654 3619
3800 1152 4281 119 2400 5829
2434 2417 2352 2375 5318 121
5073 4259 3488 5923 3460
5558 4215 6110 4322 4906
600 2147 2046 3778 4565 5154
4016 1075 2953 1269 3616 4032
4874 4614 5564 4050 2865
5802 5803 4116 4251 3692 5789
2540 2372 1999 2535 139 2348
3649 1188 3648 143 440 3653
1388 4719 1789 4720 4721 4137
5114 6168 5068 6167 5565
1678 6255 2944 5597 5598
2568 2571 2569 2566 2565
4729 4843 5484 6220 4730
3018 5261 5619 2276 1406
5373 2997 2996 2531 235 5372
5657 3165 5654 5655 5656
4774 4772 4773 1457 4184
1287 4589 4343 2478 2788
6284 4997 6283 4756 5847
4147 4148 4149 827 4146
1420 937 1847 4320 4321 3098
3002 1295 228 6247 5612
381 1783 552 3053 244 1147
795 5496 5497 5105 5498 2752
4222 1135 4466 4467 4161
3169 5778 278 3594 5659
3241 4697 6315 6043 6044
3198 3196 3195 3189 3191 287
3282 316 3284 3285 3287
4535 4645 1469 3017 1217 4534
3273 301 344 3272 5454
5582 2919 2501 2374 5303 5016
5526 1940 5488 5106 2819
5403 2585 3401 3344 5402
4549 5988 5989 5990 5991 3009
5410 3813 5425 2619 4900
6345 6187 1628 6259 6346
5086 3484 4967 4968 384 1700
4229 4163 885 3548 3990 4228
1563 3122 4485 4870 2462 3490
2495 3545 418 3546 393 627
6163 5112 6165 6164 3253
1620 5316 5317 5315 2412
3568 3569 3571 405 3570
2945 5917 5918 3919 4240
421 1396 1351 2627 5429 5430
3001 2883 4069 4082 5306 1725
429 853 821 3634 3635 3636
1154 5413 2596 434 717 582
3753 3754 3755 436 513
5792 437 3828 5793 3642
3403 451 2630 3683 469 2637
452 2052 3779 580 3879 2168
4504 4505 2563 1206 462 3692
3709 6313 6041 477 3710 6314
3758 1601 3752 3020 2159 1906 3255 4067 510 3757 728
512 2712 1828 1866 2879
607 4025 1263 4404 4038 2494 1042 718 567 729
4947 3676 1680 3643 536
5051 5827 3791 541 5828
3825 2987 5835 5837 5838 3824
619 745 3242 671 5676 2105
3476 5757 4081 6270 6271 625
4984 4985 720 2683 1722 1279
4848 2092 3270 1545 769
779 6287 6288 4098 4099 5881
1262 4597 4598 1297 2860
806 4768 4769 1450 3792
5819 5820 5817 3746 5818
2743 1016 5233 2241 2777
4387 1022 988 4388 3371
5970 6189 5313 839 6299
3961 3885 5859 5860 2763 4550
933 1326 860 4634 4260
1336 2517 864 2575 4202
899 1426 2401 2976 869 1294
877 4444 4223 4899 5916
5466 6199 6333 6217 6198
4233 4230 4235 886 2837
898 1495 3538 5026 1812 4255
4253 5922 900 4250 4252
5460 2488 1676 2711 5461
2282 6159 6160 5089 6158
1924 5100 5101 2550 941 6161
5963 5439 2647 4627 4475
5544 5546 5547 2848 5545
1066 2292 2293 5264 2513 4432
5642 3114 1330 4075 3967 1665
5277 5028 2310 3770 2716
2586 5406 2584 5405 5404
1275 5756 4581 3472 3775
4636 5239 5240 2245 4208
6083 6084 6082 1503 4826 4827
1748 4999 1307 6131 2291 6132
4596 4901 4451 1315 3276
4934 4459 1656 4932 4933
5175 6173 6304 6174 5998
1352 2759 2760 2761 5503
6040 4686 4687 5661 1355
5417 5418 2603 5369 1392 2602
3256 2782 4817 5514 4770 1488
4806 5941 2827 1490 1878
4829 1507 4828 2843 5543
5270 5271 2301 5272 5483
4972 4973 4974 1697 4975
5667 5668 3202 1795 1697
5025 1931 5103 5898 1812 6143
2315 6256 5616 5953 5278
4990 1852 5121 5220 3164
1865 3361 5256 6185 2269
2731 5084 1909 4927 1913 5083
5556 5557 6242 5815 2856
2872 1993 2519 5567 4643
4643 1993 5567 2872 4723 2199
3582 5193 5194 5195 2110 3471
2476 5969 5796 5345 3422
5294 2343 6157 6188 3898
2384 4850 6011 6010 4594
5322 6192 6191 2423 6190
5388 5387 5385 2545 5386
2557 3444 5600 6207 6208 5391
4666 5419 5420 2610 2609 2612
2632 2939 5431 2943 5428
2720 2897 5474 3536 3537
2723 6398 6218 6219 5475 5476
5517 5518 5519 6228 2800
3142 4938 6116 6117 5649
3235 5221 6177 4019 3934
5707 4557 3342 5705 5706
3476 3544 3496 4071 5281 3955
5674 5759 4619 4977 4266 3489
4167 5816 5904 5905 5906 3741
6375 6340 6376 4287 6374
6204 6205 5392 6108 6206
5999 5053 6329 6151 6152
5339 6331 6332 6194 6373
5459 6273 5805 5806 5807 5808
6327 6149 6328 6372 5810
6392 6389 6347 6378 6390
3816 548 3817 3818 2809 3819 1688 3821 3822
1652 5955 6294 6295 6296 6297 6298 6358 6359
3965 1510 2208 995 2390 2624 1163 2238 2455
3074 1161 868 812 2294 252 2654 250 2657 438 4132
5378 5379 5380 5381 5382 6201 6202 6203 2537 5376 5377
1028 1002 1022 31 1098 1099 1100 1023 1024 34 1089 23 1115 26 1090
696 730 2090 3496 503 3960 4022 4023 3239 3481
1683 1616 1082 3099 3515 3100 3491 1042 756 2929
1590 783 360 108 1528 913 3511 1712 781 802 3408 1083 4269
259 446 27 387 1064 1057 14 4415
1685 780 4092 4093 15 461 65 778
674 3984 3987 3988 3989 1213 823 38
237 84 4879 450 400 2332 1599 371
2247 2336 115 943 2333 4183 2334 2335
2729 954 150 2647 2648 151 5440 136
2699 156 2048 4286 1334 2564 2561 2698
1256 4560 3997 226 635 2510 5363 2990
346 3388 301 2330 5457 344 3389 2690
2389 3108 608 2086 2153 524 3899 2982
4285 2623 595 3682 1148 1458 976 4367
1997 2390 3531 3092 1719 3554 612 2264
5611 1278 2207 712 3539 1598 1073 1319
1166 2090 4413 2536 5384 1637 4559 4373
2296 1982 2297 2298 5266 5267 1515 1768
4200 5738 5739 5740 2033 3397 2065 2063
4156 1412 1661 837 4153 4154 4155
1094 1110 1033 1708 1096 4398 31
1740 1737 3689 69 1125 394 749
1202 1195 1382 798 1197 1199 1200
226 1834 460 1145 1405 478 4741
6037 4682 6038 2838 4690 1576 5541
1683 4021 3515 3100 485 3491 2929
696 1234 3960 629 3641 3481 2256
654 3913 4969 3975 3233 1238 2229
2155 701 995 1279 970 4886 1608
1633 1155 811 2515 1471 4420 4908
3644 5942 6290 6293 6289 5791 6292
2064 2962 1170 2431 2214 2075 5173
4187 4188 4189 4190 4583 4584 1281
3265 1350 6399 4683 2721 2507 4127
4665 2682 1573 5576 5574 5575 4944
4445 2741 3969 2436 3320 2418 3968
2284 2225 2927 3782 3872 3804 2262 3033 2227 1552 1201 2228 2216
93 1966 2037 2005 3523 86 3297 1070 2002 1286 397 934 1968 482
5589 3859 3860 3861 3863 3864 3113 576 2332 3867 5644 2928 5590 3866 3865 5591
3485 2898 995 752 543 3950 646 1702 582
2083 5907 4025 1041 3873 2078 2167 567 3874
3882 3138 664 3883 2021 2656 3880 3881 583
2886 2225 2728 963 2044 2227 1201 3788 3789
5043 5995 5996 5994 4585 2995 3000 5371 4780
3951 3860 3862 3863 3864 3113 576 5591 5644 2928 3866 5643
4912 4309 4913 4914 3436 1670 5932 4378 4379 1636 4381 974
4615 3704 4112 5257 4282 4115 916 5258 2270 4830 3158
5601 5602 4656 6025 6026 6027 6028 6029 6030 6031 4657
2410 4909 2794 4910 4911 356 2373 1634
1227 360 1229 2813 2830 5531 4963 4896
1980 1984 384 5130 2653 2253 1015 2050
2547 4536 1141 5422 4468 4469 4470 4315
1981 1003 2297 1006 3725 5156 582 1768
2699 4903 1630 4904 1573 5364 900 2509
1670 2799 3436 4379 4244 6397 974 4380
1384 4856 3120 2941 1387 1549 1270 2948
787 789 791 792 12 847 17 786 155 8
5908 5473 2719 5538 5181 4169
2946 148 27 1439 4427 1086
1102 1033 4136 1092 815 31
3033 3032 2558 3786 3705 4664
45 1701 1699 1703 1692 606
2290 444 3667 1017 104 4396
4319 1942 4181 5936 5108 3010
898 856 5025 5026 1931 1812
297 4066 2365 1556 3222 3223
5678 3250 3251 4714 304 5677
1467 1709 3348 1548 714 3685 2798 2831 454 3350
4835 3810 1537 1753 1505 538
2918 1045 2891 586 3936 632 708 3117 2210 1694
3492 1749 637 3970 2604 5760
3003 656 4743 870 6066 3966
1430 4057 742 1427 4764 2217
1686 4959 3505 760 4960 4961
4083 1184 2908 2909 4170 2105
1325 4555 5958 1288 4453 4454
4340 4701 1933 4342 5027 1629
4280 1833 5033 5992 4582 5020
5062 1871 5058 5059 5060 5061
5201 2141 4040 5202 2347 2581
3102 3050 3428 5628 3104 3049 5629 5370 2143 5630
2732 2490 2740 3712 4288 5350
6257 5836 5837 5838 6280 6281
1543 2573 2265 506 2666 2047 2267 4844 1707 4310 4644 3096
650 1076 1724 3116 593 251 738 3590 410
4926 3963 766 5801 658 5118 3679 3964 4732
2225 3782 2595 2927 3134 2262 3033 2227 2228
3516 129 2477 1389 5763 2979 1391
2489 1635 2560 2559 5390 135 4588
2665 883 252 3054 2654 3055 250
3315 3317 330 3310 3311 3312 3313
383 1265 5180 3506 1220 2089 2094
1972 1973 4561 613 2444 2091 769
1343 5822 3501 2890 4409 394 3760
1895 2274 1902 2275 535 5260 3097
1122 562 2285 771 3480 1621 769
978 3048 4070 716 2364 1497 2325
2686 2616 1650 4794 1476 912 4792
2406 5005 2117 6172 2072 2111 5171
6418 6419 6420 6421 6422 6423 6424
6414 6415 6416 6417 6411 6412 6413
951 787 991 789 790 952 792 12 17 786 793 794 990 18
1486 621 3227 663 704 1647 657 709 767 725 691 2140 761
3638 3743 3744 3745 497 5064 5065 5066 1872 5063
4548 2575 5987 5986 1232
5751 3465 3466 1370 379
5891 5626 5361 4434 5957
687 679 1645 698 733 701 14 694
3854 2399 125 1774 1773 1796 14 572
1901 4110 2312 16 799
4178 851 19 940 4177
329 1441 5512 2772 3998
1033 24 4410 1031 1029
1843 1398 4586 4734 4733
1002 4391 4392 1022 34 1111 1100 1024 1026 1089 1107 31
43 1651 217 456 2955
1555 4863 1422 62 404
2243 77 2240 1770 2241
2009 2015 2021 86 5143
5845 4036 2025 89 2024
924 397 5234 93 2244
3849 2331 2345 2185 665 2880 3976 101
5785 4239 1253 3621 1020
2287 2288 107 2289 2286
2060 383 642 3507 3941
2467 127 4831 5337 5336
2470 2471 1509 2472 128
1635 2559 5390 4588 135
5411 2594 144 5412 5034
5438 2647 935 1483 151
4593 5504 163 2766 2767
5548 2791 4707 2850 5015
201 2904 2905 470 846
4511 3698 3420 5804 3524
214 945 896 1239 2969
2998 1512 235 2748 2999 2847 2780 3826 1470
241 2839 5549 4530 1385
2137 246 3032 245 1506
1081 3153 2894 882 255
3307 4872 2036 4871 6092
3143 5650 1539 745 265
467 1375 270 1677 3658
1939 4658 321 549 1333
3381 3375 3370 3377 345
352 1317 4622 2677 4621
5450 3402 3384 354 5729
2675 2749 1241 5091 1915
6178 3801 5228 3957 5850
4242 4225 4514 2309 5974
1138 1153 1722 430 3176
3701 3656 441 4484 4483
3663 3667 3390 444 3662
3927 3111 2840 1252 1561 1185 610 3928 460
3224 3197 3192 3193 5673
3721 3724 537 3720 489
493 3735 1875 2866 521
1889 1890 5074 531 6156
4482 5830 3811 547 3812
3877 3779 2168 3876 580
2593 2173 3473 592 5212
1555 596 5082 1907 3434
4856 3120 2941 1387 1549
1702 858 1895 2274 4193
3219 2695 5437 2651 4943
2226 1672 3932 1128 4097 1990 2196 2443 773
4241 5921 891 5919 5920
4123 4120 4122 807 4121
4607 1305 4606 1304 816
2517 2507 2721 4089 903
5532 5533 4502 2832 1945
3302 3909 3555 5774 1164
950 4759 4760 4761 4762 6074 4345 1429
4429 1383 1067 3611 3610
5357 2280 5414 2842 2984
5596 4254 6254 6253 5595
5560 6115 2862 6246 5752
4841 1989 4311 4955 5868
5593 1323 2937 3306 4630
4718 5631 3613 3068 1387
3971 2633 4107 5433 3809
6145 6146 6147 6148 5042
4812 4813 1491 4807 4808 4809 4810 4811
3234 3182 3750 4832 1522
1559 1736 1743 1738 3943
2511 2516 1593 4878 4877
4889 4890 4891 3103 4892 1625 5640 4888
2095 3766 2370 5189 5188
2099 5329 1821 2157 2446
3482 4409 1849 3996 3760
1899 1883 5069 5070 5071
4338 5082 1907 4862 3434
5153 2039 5152 5151 4966
5161 5162 5164 5163 2062
2514 4411 2077 3153 2808
2230 3526 5119 3669 2316
5252 3323 2258 5250 5251
5280 4577 2615 4782 2321
5492 2746 2391 5493 4945
2928 5591 3863 3864 3867
5606 5607 2980 5608 5609
5839 4722 3831 6050 6051
4626 6155 4054 6154 5057
4283 5926 5927 4284 5925
5984 5983 5981 5982 4547
6222 5892 6221 5491 6048
6357 6275 5826 6277 6276
6377 6386 6387 6388 6344
6395 6396 6393 6380 6394
6406 6407 6408 6409 6410
4402 607 1263 4025 4403 4404 2078 1042 718 567 729
3247 343 1675 442 3368 2775 471 3369 1211 1212
1122 431 3630 1705 1706 3063 3236 2328 5283 938
4402 744 1263 3871 3057 2494 2078 1042 718 567 4407 729
140 36 2576 10 500 3678 1205
468 385 594 848 3699 1594 339
1564 2502 2503 260 3039 2639 3126
2572 3125 3127 3128 260 3129 3130
3382 3474 2018 2668 2178 566 2541
2149 4180 3916 855 644 1419 1407
875 1150 1156 4472 4473 2250 1139
5040 2693 4059 5458 3015 4017 901
1670 4377 4309 5351 5003 4378 974
1166 3395 4413 2536 5384 1048 4559
3366 3367 5715 4931 5717 5718 4302
1433 1565 361 812 587 2814 2655 931 2381 360 1761
1790 1791 1857 1858 315 1859 1860 74 224 213 130 1856
3808 1158 435 4 544 3807
1496 47 1655 1492 1493 1494
4776 1464 49 50 918 4295
1360 295 1727 347 67 1729
1930 1583 2034 2029 719 99
117 2359 126 2360 120 1585
511 1049 335 225 508 180
3078 3267 4749 5632 798 1199
601 1082 3303 664 2135 1165
3056 890 699 871 1073 605
782 5685 2507 2408 1321 3265
1741 1742 1723 1745 3060 4987
1980 5130 4736 1401 1456 2656
4531 4532 4533 1216 2868 4513
2084 1254 3659 3478 1712 2458
1935 4691 1306 6371 4605 5109
4821 1986 1501 3252 2635 5136
2439 1657 2200 3229 3085 3063
1868 2748 6153 5054 5055 2959
5731 5421 5732 3383 6212 5730
4742 5743 6063 6064 6065 5742
6352 6353 6354 6355 6356 6274
33 1183 1177 1184 1186 1179 1180 749
3228 3093 3637 2152 3978 5078 3994 1900
2887 2216 1904 2595 3804 4820 3134 5225 3033 3785 2228
3136 688 2811 3145 2176 711 1087 2812 386 3135 1601 3869 724 3091 577 1696 1062 661 2231
1001 1002 4391 31 1105 1106 1022 34 1100 1107 1109 1089 1093 1027 23
3136 688 1601 3145 2176 711 1087 3135 2231 724 3091 3086 1696 577 661
2524 4993 1462 1732 4540 2606 2605 1226 1225 4989 2522 4542 2607 4541
1444 1445 1446 1447 1448 48 362
4199 56 1527 1517 1524 861 3543
641 2278 4009 2055 701 4008 660
2489 1635 2559 5390 135 1189 4588
5762 516 3552 298 400 597 876
2221 3497 4668 4669 388 2387 1341
545 3680 1276 1277 1611 4580 419
1785 1780 819 2236 4684 4140 3413 1208
4030 4031 4029 3065 2973 685 5869 3281
5893 5894 5895 5896 5897 842 4118
3529 2070 2032 5138 1988 905 1911
4418 4043 1054 2378 1267 4406 3982
6381 6012 6361 6362 6363 6364 6309
1914 4383 5436 5561 5562 5563 2863
2874 2279 254 2166 4416 2597 2598 2340 1079 1059 2209 1065 188
1076 426 706 993 262 202 532 394 267 3502
3136 711 1274 3145 2176 1087 2811 1601 3869 577 1696 1062 661 2231
4024 6175 6176 5198 5199 2834 2795 5516 2136
3 102 41 2252 936
3249 303 11 327 348
981 21 57 427 980
32 1021 1126 29 1019 1124
276 1905 502 5056 1869
5383 520 3836 2538 3119
2546 142 2549 2329 2554
2553 211 2552 142 2940
169 894 1141 313 2684 6403
3008 5170 234 1502 3851
4165 4166 328 2026 831 4164
1373 238 1386 2846 3012 3013
1554 4608 4609 4610 3406 1308
5625 3045 3044 3046 243
3168 3200 277 349 3007
1322 2739 4628 3417 4629
1504 4823 4824 4825 1938
3918 2508 618 670 3837 3922
3515 3100 485 3491 4021
3737 496 947 2849 4336
2268 3360 519 2820 526 3528
1889 1890 5074 531 5075
651 622 713 1739 710 1436
3476 4081 635 3496 626 3955
1278 2207 712 4056 1449 3539
2083 718 4041 1247 1042
732 2882 3857 803 1589
5555 6183 5241 5669 3203
3084 2672 2314 845 5634
954 1418 2726 5482 1432 4353
4692 2693 4059 5458 3015 4017
5427 2620 4595 5426 2618
4448 4374 1363 1130 3858
4680 3855 3112 1181 1345
2088 1961 4173 4564 1257
1223 1224 1225 2522 4539
1248 3411 4553 4554 3412
1690 1324 4631 4632 4587 5997
1413 6034 6035 6036 4676
4757 4758 1423 6072 6073
4785 4786 4787 4788 1475
5144 1511 6186 1998 2829
5373 5232 4834 2531 1533 5372
2991 3066 1886 1885 3534
5081 1906 3751 5080 3255
4569 5910 4179 2019 5110
5765 5286 4213 3520 2138 2339
5253 5222 6184 5814 5375
2499 3640 5790 5360 5359
2512 5366 5367 5368 6200
2821 5530 6230 6231 6229
6103 6104 4898 5102 6162
2928 3113 5591 3865 3867
3553 4171 3052 5773 5627
6343 5594 3421 6251 6252
5782 5779 5781 5780 3597
5865 5866 5867 5160 4027
5911 5912 5913 5914 4196 4506
6071 4516 5975 4499 4754
6317 4731 6318 6060 6061 6062
5348 5347 6196 6197 4859
1105 3769 522 1022 1103 1089 31 23
1451 3574 409 3575 3576 184 3577
1438 818 396 3532 2911 3533 257
643 638 1733 1764 2914 1936 640
4300 4301 6404 917 4297 4298 4299
3136 688 2176 1087 661 3091 577 1062 3869 2231
4815 2037 2003 4172 1977 82 1964 1963 2202
4348 1785 955 1780 819 3730 4349 4140 3413
2120 2121 5185 2100 4578 5190 5186 5187 2154
149 150 1779 2696 2649 151 152 1850
2902 1468 2903 1259 4727 4575 4576 1394
3512 5243 5244 5245 5246 5247 5248 5249
810 867 21 1172 3073 814 4119
4371 4369 4372 972 979 977 98 4370 973
3993 2083 2078 3830 1042 668 718
3136 688 1601 3145 711 3135 724 3091 1696 661
2225 4108 3033 963 2227 1201 3788
5960 6324 6291 6119 6120 6322 6323
1410 2529 2027 2106 136 2532
2279 2340 1059 2694 1065 188
965 1078 3447 389 3064 893
2216 3033 3175 3784 529 3786
579 5848 5849 3925 5588 2923
569 1599 2457 2103 1055 2342
4194 4195 3814 3328 859 4752
1166 2536 4065 3926 1637 4488
4558 5124 5125 3088 1236 1957
1587 3397 4200 5740 1715 2326
3292 3293 323 5566 5441 3289 3290 3291
1468 4573 4726 4574 2901 1394 4571 4572
2680 5346 5347 5348 5349 6091 2487 5449 4859
4139 5603 3230 1218 3181
73 407 1928 1925 1929
481 92 3677 1069 3711
4224 106 1681 879 2473
2149 855 4044 3725 3916
159 2792 3132 2793 2724
402 2383 2858 177 2857
944 4310 2013 2188 2160
1577 216 2954 1384 1167
308 233 2963 1314 220
3953 5135 1978 2710 3535
4160 5903 4158 836 4159
3283 316 3286 3287 3288
3540 2913 1312 342 4618
3452 3451 3453 1361 375
4414 2818 3623 3035 2773
590 3887 737 457 1187
3254 1173 3759 3082 514
554 3832 3763 3833 3834
6402 808 4124 4129 3605
4364 1707 3639 1338 969
5142 1209 1030 4400 4399
3504 5761 4052 4053 1043
3520 5765 3695 4213 2138
1417 1379 4708 1374 4702
4689 5204 4080 5205 2151
2474 4970 4020 5341 5340
5356 4262 2498 4263 2724
6248 2906 5579 5578 5580
6249 6250 5583 6342 2922
4489 6258 6216 3121 5646
5604 3827 4857 6279 5833
3989 3984 3985 3986 3988
4728 6053 6055 6054 6052
5010 4819 6080 6320 6133
4895 6105 6107 6106 5044
5308 4920 6113 6114 6321
1381 3884 975 2988 3980 2332 3777
2318 2320 112 387 1538 3739
150 2650 151 152 2652 1850
150 2249 2649 151 152 1850
3171 279 3172 1836 4603 3170
557 1995 1714 1054 1604 718
4025 3873 2078 2167 567 3874
3845 2176 3846 724 577 661
3747 1061 1060 669 4079 761
5353 3441 2493 3442 1318 3608
5168 5169 6170 4073 6171 5502
5747 5840 6263 6264 6265 6078
1562 2076 1566 1567 3343 1569 1571 1572 394
6045 6046 6047 6243 6244 6245 4706 5559
557 3059 4042 2083 3830 1042 718
4893 4797 5734 5735 5736 6079 3394
688 2176 2812 2811 2231 724 3091 577 1062 661
239 2574 2762 161 2758
3952 109 2367 647 1219
226 2510 3848 5363 2990
3099 3100 2929 256 5592
911 834 932 4275 271
3179 283 284 1513 3178
1331 953 1133 445 3660 1881
2216 3495 2595 1904 529 1201
540 1610 1203 1318 3795 908
4818 1187 3572 737 590 1280
649 1647 3891 666 691 591
618 670 3837 3922 3918
1867 1846 3567 796 4105
1602 2204 998 2203 893
1150 1156 4472 4473 3477 1139
4316 1415 2194 2193 2192
4495 4496 4497 4498 3902 1182
2475 5342 5343 5344 6195
5355 5354 2631 3773 2496
4476 4477 3517 3518 4408
4635 6013 6014 6015 6016 6017
3163 573 115 1568 1560 264 628
1755 2790 2707 2703 2700 2701 2779
6334 6335 6336 6337 6338 6339 6210
3136 711 1601 3145 2811 2231 577 1696 1062 661
5680 5681 5682 3262 5684 5683 4047
4371 972 979 20 977 973
1566 4867 1570 1571 1165 1572
20 4371 979 972 977
3106 5639 3005 258 392
3846 577 3845 724 661
1085 3140 3141 1299 843
4293 4290 4291 4292 915
4371 979 972 977 973
1054 4406 4043 4417 3982
4480 4455 4456 1151 1136
3513 4750 3514 4767 5764
4742 5871 5870 4045 5742
359 3407 3429 3430 3431 3041 4529
3171 279 1836 3172 3173 3170
3513 4750 4458 5764 3514 4767
923 4305 4306 1658 4307 4308
2085 2102 5178 5179 5197
2120 2121 5185 2100 4578 5186 5187
3972 5213 5214 4833 2587 3527 2175
4360 5949 4361 5950 4858
5979 4520 4521 4522 4523
6349 6379 6350 6348 6351
