1073 1351 1402 1656 1862 219 2342 2352 3530 357 3594 3686 3693 4489 4994 603 658 779 891 935 
1095 1172 1364 1365 1413 1637 164 1807 1858 2022 2111 2114 2149 2537 2798 2898 3016 3062 329 3343 3405 3437 3506 3716 3752 3753 3819 3879 3911 3943 4093 4169 4580 4709 48 4812 4887 4940 4968 587 670 757 842 865 964
1035 1046 1630 1961 2109 2214 2232 2251 2266 253 3023 3046 3823 4679 659 662 748 767 963
1213 1287 1340 1485 1772 1951 2572 261 2651 2671 3018 3030 3107 3189 3409 3485 3549 3587 3737 3789 3935 3981 4004 4236 4365 4428 4482 54 784 896
1273 1374 1713 192 2371 2554 2601 2618 3025 3461 3472 3576 3896 3958 4043 4232 427 4337 4453 563 639 717 756 818 823 969
117 1436 1535 1964 3007 3111 3129 3173 3453 3507 359 3825 4749 4999
1003 1169 1206 1538 1551 1613 1644 2014 204 2097 2126 2156 2284 2425 2478 2482 2519 27 279 2893 3020 3049 3058 3118 3160 3182 324 3279 3332 3414 3469 366 3715 3859 394 4024 4146 4165 436 4435 4618 4749 480 486 4896 4974 572 670
165 1651 1676 1807 2067 2963 3241 3350 3712 4406 4871 738
1038 1076 1536 1915 2017 2188 2595 2909 3138 3178 3263 3674 3937 4066 4111 4811 578 652 662 709 768 893 946
1086 1260 127 1369 1448 1503 1620 1704 1728 1740 186 2015 2051 2149 2179 2291 2390 2465 2497 2532 2548 2699 3222 3234 3293 3309 3835 3867 3888 3892 3902 3983 4030 4031 4199 4406 4459 4485 4547 4614 4773 4786 4854 4964 514 627 65 732 774 975
1198 1221 1307 139 1500 1513 1522 1600 1609 1664 1720 1972 2690 2954 3278 3304 3521 3829 3911 3933 3988 4093 4235 4311 4313 4389 4446 4655 4675 4700 4726 4800 4974
1012 1132 1202 1300 1406 1421 1678 215 2199 2334 2767 3156 324 3292 3371 3714 3789 441 4424 4448 4809 4948 522 877
1093 1166 125 1690 1767 2162 2276 2328 2896 2990 3146 3310 3358 3388 3535 3799 3839 4064 4130 4410 4530 4882 4937 989
1013 1220 1494 158 171 1856 2049 2128 2331 2492 2765 3598 3827 3957 4263 4457 4538 4658 4681 4722 4821 4983
1121 1153 1359 1567 2157 2277 2408 2468 2491 2541 2588 2625 2814 3296 3456 368 4128 44 4832 4877 902 994
1130 1611 1682 1683 181 1877 198 217 28 2827 2844 2923 2928 3123 3167 3722 4150 4183 443 4442 4537 4577 4677 4863 4908 4922 701 794 824
1033 1184 1273 1546 1669 1819 1932 237 2586 2802 284 4041 4132 4594 80
117 1378 1415 1455 2326 2589 2720 2801 3168 3588 3751 3919 4288 4409 457 4763 4848 4868 4916 543 96
1278 1311 1624 1779 2016 2604 2620 3127 3152 387 3946 4012 4133 509 83 948
1017 1070 137 1591 1935 2104 217 23 2403 2581 2977 3066 3426 3590 3610 3638 3819 391 4244 4299 4357 4425 4539 4635 466
1077 1114 1123 1255 1735 2093 2109 2357 2445 2526 2617 2791 288 2882 2924 2963 3075 3137 3252 366 3817 3838 3957 4259 4317 4444 4511 4536 4648 4753 4772 4977 634 68 772 799 845 853
1262 1274 1280 1321 1493 1497 1558 1804 1832 1846 1971 2007 2010 2323 2394 2776 2894 2919 2953 3348 3512 3676 3796 3885 4069 4182 4204 4243 4250 4342 4488 4565 4768 4882 538 629 755 863 986
1820 2161 2656 3201 3272 3359 3521 4083 4304 4646
1745 1828 1977 2514 263 3013 3130 3811 402 4721 4778 4927 732
1570 183 2119 2363 3289 3387 3395 3596 3896 4106 442 4810 815
1270 1843 2198 3829 4680 4844 4976 772 777 865
1755 1939 1990 265 2728 2787 2955 349 3571 3684 3690 3710 3992 728 77 786
1061 1562 1663 2278 2703 2864 2901 3908 4061 4199 4401 4554 940 996
1042 1122 1141 1171 1288 1483 1692 1898 1997 2101 2162 2268 2323 2324 2452 2464 2736 2833 2993 305 3158 317 3183 3230 3265 3386 3619 3738 3742 3860 3980 4221 423 4351 4455 4873 530 561 7 760 861 879 99
1219 1269 1347 1442 1925 1939 2177 2681 4829 4850 666 814
1111 1150 1337 1543 1717 2013 2286 2841 3498 3668 3996 4173 4207 4268 4675 4876 764 873
1010 104 1445 1510 1625 1634 1936 2790 855 905
1338 1816 2080 2081 2129 2531 322 3361 3456 3570 360 3625 3782 3905 4064 4103 4540 4837 4862 529
1338 1598 1676 1705 1829 1889 2040 2132 2304 2481 2612 2756 311 3130 3177 3193 3206 3334 3427 3436 3780 3870 3877 424 4279 4283 4468 4627 4699 4802 4807 4819 4872 4947 4978 964
1048 1051 1151 1245 1281 1336 1459 1668 181 1852 2118 2219 2292 2439 251 2648 2888 2900 3135 315 3190 3191 3248 3350 3408 3734 376 401 4087 4103 4324 4393 4523 4656 4806 4836 4841 4883 4894 4918 531 685 928
1088 128 3032 3063 3571 3650 3682 3726 4343 810 895
1028 1178 152 2092 2281 2298 2648 2700 3052 3079 419 4208 4400 4516 495 592 849 914 974
1396 1720 1805 1830 1865 260 2698 3364 3554 3944 3953 4247 547 57 780 932 953
1082 1127 1592 2042 2449 2565 2572 2645 2662 2664 2738 2774 2837 3012 3039 3061 3091 3205 3210 3219 3511 3548 3610 3713 3720 3898 3972 4065 4177 4386 4471 4479 4487 454 4645 497 519 707 741 860 886 971
1188 1499 1758 2079 2213 2717 2775 2843 3975 4117 4148 914
1041 1291 1295 1300 1416 151 156 1619 1624 1725 1792 1893 1904 1919 2117 2120 2534 2630 2889 3209 3407 3599 3767 3778 3791 3795 4040 4118 4222 4387 4567 4568 4593 4606 4735 4795 4811 4980 4985 518 649 712 737 812 966 97
1006 119 1201 1736 1931 2132 2321 3197 3531 3625 3826 3922 4329 4360 4467 4915 686 918 938 969 998
1156 1159 121 1482 1647 1712 1885 1896 202 2140 2206 2383 2477 2941 302 3068 3083 3094 3164 3188 3219 3250 3396 3526 3624 364 3893 4039 4156 4350 4464 4594 4613 4617 4686 4720 4732 4744 4805 4820 4828 4873 490 4926 4963 5000 577 752 762
1033 1035 1083 1193 1524 1768 1960 2102 2294 294 356 3654 3805 4005 4101 4196 4203 4238 4275 4380 4385 4503 4666 4669 4708 4810 4818 4920 4998 530 797
1027 1047 1390 1638 1933 2075 2329 2380 2810 2937 3103 3145 3154 3281 3305 3633 3803 3968 3994 3996 4267 4374 4600 4727
1019 1034 1145 1198 1305 1351 140 1435 1469 1575 1902 200 2000 2168 2239 2241 2263 2270 2480 2713 2780 2857 2859 3093 3356 3373 3415 3420 3535 38 390 3986 4057 409 4203 4546 4774 4906 4934 4987 4995 585 593 621 640 750 979
1197 1350 1381 1400 1486 1709 2271 2600 2636 2726 2781 2823 2973 303 346 3750 4161 4532 493
1032 1147 1190 2073 2299 2642 2667 2729 2916 3630 3648 3661 3815 3915 3939 3989 4184 4261 4579 4649 4807 4850 600 781 824 858
1077 1183 1200 1342 1588 1949 2089 2317 2543 2847 3520 3677 3774 3851 397 4077 421 4322 4416 4431 4463 4567 4667 4941 591 821
1 1050 1115 1168 1231 1412 1427 1528 1573 1632 1908 2056 2142 2209 2226 2317 2349 2474 2479 2484 2530 2565 277 2969 308 3095 3114 3277 370 3878 4010 4170 4208 4550 4631 4731 4814 4865 4905 4917 505 745 778 904
1025 142 1555 1900 205 2670 3168 3473 3798 4015 4062 457 4654 4729 484
1608 2577 2740 2809 3221 425 4325 4642 829 909
1165 1568 1698 1775 1797 1998 2137 2139 243 2467 2574 2611 2804 2876 2978 3088 3294 3304 3438 3448 3524 3733 3947 4008 4346 4556 4601 4869 529 873 876 882
1018 1721 1898 1985 1995 223 2274 2325 2379 2447 2463 2582 2932 2951 3035 3047 3316 3433 3451 3458 3477 3522 3547 3740 3877 3951 4048 4087 4201 4220 4225 4266 4328 4362 4428 4514 4755 4843 4921 4950 4971 582 637 77 78
1010 1136 1142 2772 2830 3050 3404 3500 360 364 3970 4084 4098 4403 4433 46 474
1081 1135 1170 1284 1385 1525 1879 1926 1992 2056 2164 2220 2340 2394 2497 2544 2716 3045 3132 3159 3358 3436 3631 3790 3887 3964 4088 4354 4497 4685 471 4788 4798 4848 4879 623 89
1279 1308 1323 1355 1749 1760 1968 2025 2078 2205 2272 2475 2483 2494 2524 2568 2573 2591 2592 2762 287 2944 2983 313 3685 3691 3793 4303 4591 4759 4833 489 951
1023 1366 1503 1521 1588 1699 1742 177 1932 2060 2185 2216 2227 2454 2578 2735 2848 2936 3121 3509 3553 3608 3613 3635 377 3865 4005 402 405 4152 4209 4397 4534 4602 4632 4898 4942 4948 595 62 671 681 782 880 991
1129 115 1411 1783 1831 2145 2180 2715 3285 3643 3867 3998 3999 4022 4055 4368 79
1368 1420 1467 1717 1760 1820 1863 2088 2099 2279 2295 2412 2434 2440 2511 2538 2556 2697 2785 2960 3026 3202 3308 3337 3341 3393 3443 3494 3787 3886 4181 4245 4604 4657 4793 4881 4888 4937 4944 504 525 560 6 632 848 947 992 997
1078 1437 1805 2141 2293 2823 2980 3090 3276 35 3822 4540 683
1499 1552 2042 2530 289 2921 304 3093 3831 3910 4104 4201 4277 555 753 944 978
1099 1343 1756 1809 182 1893 1929 2638 2707 2989 3322 3410 3756 3772 4127 4528 4562 4608 479 4877 658 907
1089 1259 2176 2860 328 3459 3504 406 464 496
1031 1087 1431 1559 1633 1680 1785 1901 1934 1994 2021 22 2275 228 2301 27 2896 3080 3083 3271 3379 3985 4223 4358 4559 4911 4955 625 802
1032 1104 1187 1308 1803 2044 2359 2707 2734 2742 3084 3138 3206 3261 3423 3490 3534 3600 3797 4114 4336 4891 503 65
1048 1116 1194 1271 131 1534 1616 2218 2499 2601 2621 3116 3362 4318 4412 4460 4713 669 723
1043 1057 1238 1549 1762 1953 2260 2545 2703 2837 288 2917 3720 4145 4158 4215 4646 4720 4837 497 552
1023 1239 1787 2228 2813 2856 299 3031 3463 3836 39 4686 4795 929 957
1571 1615 2058 2072 2147 2547 2751 2863 2877 3086 323 3240 3398 3485 3827 4050 42 4317 4343 4520 4533 4733 4856 4946 4987 504 564 584 830
1751 235 2529 3051 3374 3569 399 4498 4919 4965
1810 1855 1892 2183 2650 3249 3437 3439 3580 3666 3725 3812 4272 4296 4582 4654 4818 4954 976 992
1013 1094 124 135 136 1395 1442 16 1606 1628 1842 1948 1965 2074 2194 2343 2469 2472 2518 2608 2752 2831 2846 2958 3088 3124 3127 3141 3180 3730 385 3856 390 4147 4339 4431 4480 462 4666 47 4849 4921 4973 590 593 598
1098 1106 1176 1240 1298 1520 1824 1916 2038 212 2192 2291 2355 2382 2455 2689 2744 2754 2771 3000 3021 3066 3148 3186 3262 38 3995 4079 4118 4179 4282 4315 4626 4782 4814 4830 567 616 649 767 876
1015 1097 1162 1211 1371 1425 1506 1711 173 1741 1766 1875 1930 2174 2259 2676 282 3035 3063 3064 3199 3207 3670 4168 420 4200 4205 4394 4436 4665 4678 4692 4903 552 671 674 761 928
1276 1354 1383 1526 1673 2444 2488 271 2857 2883 2886 2905 3340 3628 3690 3834 388 3960 4213 4413 4684 4815 500 609 825
1113 1174 1214 1981 199 2397 2946 3091 3213 3338 3950 4042 4474 4942 623 760
1472 1854 2009 2231 2505 2634 2733 2897 3942 568 606 754 850
1667 1975 212 2301 2422 2637 2807 2968 3210 336 3527 3732 4078 4116 426 4373 4457 4482 4513 4690 4719 513 566
1265 1643 1788 1834 1866 205 2209 2381 3461 3971 4710 825 917
1458 1934 1987 2433 246 2626 276 2800 2887 319 3390 3592 3814 4659 715 809
1101 1428 2852 2998 314 3222 3245 461 4929 4986 520 699 869 89
1199 1294 1370 1439 1763 2876 3979 4386 4740 4866 542 679
1424 2068 2440 2546 3314 4261 4381 587 660 937
1024 1523 1664 2375 2476 2753 2911 2979 3137 3425 348 3605 4063 4246 4391 4696 4870 4900 556 697 763
1149 133 1403 1586 1652 1786 183 1917 2023 2368 2469 2696 3056 3567 3770 3967 4371 4429 4502 4564 4592 463 4689 4737 4975 622 743 793 890
1040 1080 1171 1258 1305 1464 1650 167 1870 1976 2063 2308 2375 2751 2910 315 3343 3543 3800 3962 4139 4362 437 4545 4851 4897 515 897 990
1020 1191 1229 1324 14 1527 1545 1554 218 2203 232 2404 2509 2560 2566 2584 264 2655 2912 3419 3455 3468 3510 3665 3754 4012 4444 4505 466 4734 4746 4762 4815 4857 4913 550 644 710 721 779 907 910
1446 1723 1867 2046 2246 2338 2644 2649 33 3474 3504 3684 4236 4284 449 588 773
1216 1343 1564 1592 1882 2178 2187 2338 2502 2507 2613 2766 3318 3614 3862 3925 4069 4108 4125 4148 4242 4251 4291 4375 4408 4421 4570 4620 465 4714 4718 4840 4864 4878 53 534 554 839 883
1037 1058 1160 1179 1418 1487 1609 1716 1977 2 2271 2316 2380 2432 2449 2600 264 2891 3142 3157 3286 3295 3417 3532 3678 373 3765 3804 383 3855 3951 4332 434 4391 4532 4585 4672 4743 4752 4954 524 573 673 87 942
1822 2398 2460 2489 2495 2990 3479 3783 399 4630
1137 1655 2028 2131 2229 2547 2737 2942 3623 363 3643 3980 418 4335 4566 469 4909 4957 651 655 970
1158 1686 2790 3126 3360 3568 3773 3983 4197 4742 499 680 73
1000 1027 115 1409 1449 1581 2350 2361 242 2992 3175 3311 352 3875 3876 3928 415 417 4194 4732 4777 4801 4809 4994 539 641 702 721 727
1224 1233 1319 1715 189 2691 2784 3011 329 3394 3489 3754 4119 527 576 620 781
1019 1309 1554 162 175 1816 1946 1966 208 2095 2228 2672 3312 4175 4217 4245 4271 955
116 1391 1440 2195 2586 2604 311 3473 3599 365 3851 403 4695 55
1399 1641 1698 185 194 2033 2509 2662 2819 2930 3355 384 4029 458 4707 4769 4861 659 749 794 808 932
1185 1205 141 1498 1536 158 2312 2423 3170 3188 3406 3518 3764 4110 4632 4967 549 675 913
1359 1543 1638 2300 2468 2525 3372 407 4259 4535 4645 4911 604
1000 102 1135 142 1474 1920 1967 3384 355 3617 3662 3820 3832 4024 4253 453 716
1073 1247 1411 1640 1762 1980 2190 2985 3264 4074 4485 4638 638 768
1118 114 1683 1685 1822 1929 2076 2345 2625 2679 3053 31 3636 4014 4405 4672 4993 506 572 580 607
1261 1312 1450 1677 1874 1937 2409 3149 3547 3557 3767 4256 4337 4535 4769 585 611 79
1658 1670 1757 2358 2708 3056 3109 4437 596 866
1049 1254 1471 1803 1859 2108 2155 2368 2959 3025 3026 320 3538 3715 3760 3921 4083 4089 4370 4804 4851 4890 681 796
1063 2486 2587 2626 2702 3633 3637 4001 4007 4126 4302 4899 828 859
1001 1264 1389 1680 1897 2052 2267 2307 2474 2481 2513 2557 2677 2722 2748 2795 2840 3027 305 3097 3307 3311 3320 3335 3416 3701 3759 3949 3992 4037 4159 4292 438 4516 4738 4758 4903 4924 4991 61 753 755 962
1176 1187 1350 1377 1433 1561 17 1895 2097 2316 236 2533 2602 2672 2803 2851 2915 2943 312 3122 3425 3480 3671 3857 4094 4122 4167 4293 4306 4543 4961 516 542 564 571 652
1316 1502 179 2254 2341 2450 254 2835 2869 2979 3136 3171 3315 3367 3416 3444 3604 3731 3791 4212 4371 4417 4624 4701 548 63 64 920
1096 1132 1220 124 1298 147 1995 218 220 2590 2818 2826 2842 2875 3223 3352 3519 3943 3990 4147 4207 4420 4433 4478 4611 4707 4782 4796 4797 4808 4862 4951 738 791 809
1597 184 2233 2641 3555 3575 3788 4441 456 545 549
102 1061 1105 1408 1727 1930 21 2207 249 2540 2788 2889 2971 3030 3536 3619 3641 3837 4228 4276 4309 4852 769
170 1723 173 2267 2486 2627 3117 3231 3694 4855 771
1410 1438 1490 1524 2008 2134 2374 2427 2506 2646 2828 309 3241 3747 4032 4409 971
1091 1360 2674 30 32 3411 4264 4512 502 973
1123 1248 1628 1642 1645 1661 1739 1826 1849 1852 1911 2047 2321 2612 2619 2666 3033 3109 3238 3501 3954 4019 4047 4058 4079 428 4319 439 4469 4605 4622 4773 4775 4894 903 921
1544 1708 1823 2027 2071 2568 2628 3528 3585 3733 3763 3895 4060 4252 4268 4333 450 4566 4789 775
1022 1662 1825 1869 2221 2741 2769 29 3260 3466 3847 4144 42 4438 4943
1223 1268 1272 2370 2410 2457 2805 3042 3085 3101 3332 3418 3927 3959 4186 4963 752 924
1173 1314 1875 2064 2177 2560 2653 3447 4344 611
1029 1672 2003 2240 2762 2782 2945 3282 3441 4263 58 637 733
1353 1551 2190 2318 2613 3126 3354 3430 3572 3775 4723 551
1193 1480 2167 2372 2516 26 2951 3185 323 3640 3840 3979 4138 442 4588 4925 67 967
1164 1241 1246 1379 1476 1641 1678 1689 1788 1966 2048 2099 215 2319 2416 2459 2599 2652 2686 2792 2935 3125 3172 3246 3247 3377 3533 3566 3615 376 3965 4090 4227 4287 4957 511 826 982 990
1204 1240 1288 1426 1447 1576 197 2034 2211 2384 3147 3274 3283 3333 3908 3984 4198 4534 4726 4865 816
1 1055 1110 1283 13 1334 1470 171 1750 1797 1815 1941 1943 1979 2029 2126 2288 2401 2523 2785 299 3011 3076 3119 3165 3214 3290 3469 3784 3818 3897 4198 4206 4365 461 4627 463 4670 4727 4781 4940 528 972 991
101 1112 129 1430 1474 1710 1713 1740 1868 1921 1923 1946 2002 2006 231 2512 2521 278 281 2845 2970 3217 3260 3300 3305 3364 3458 3555 3657 3774 3816 392 4003 4370 4447 4452 4470 448 4956 56 567 673 710 84
1200 1380 1784 1945 2023 2036 2107 2253 2273 2405 244 2473 2624 2722 2797 2808 304 3044 3131 3230 325 3647 4357 4451 4475 4481 4562 4564 4711 4729 4779 4793 4822 4876 4890 4965 4988 546 605 70 835 95 954 980
1353 1373 1455 146 1831 1983 2305 2870 3017 3421 378 430
1018 1039 1058 1259 1306 1462 1476 1579 1753 1876 1989 2054 2328 2511 2515 2553 2786 2822 2848 2871 3082 3742 3946 4155 58 645 669 713 950
1011 1478 1512 1943 2047 2105 2330 24 2466 2647 2711 3147 3150 3463 3663 3890 438 4399 4517 4643 816 847
1005 1256 1472 1622 1657 1732 1837 1891 208 229 256 268 2754 2872 2994 3323 3381 3541 358 3668 3839 385 3850 386 4086 4211 43 4304 4489 449 455 4560 465 4650 4747 4766 4817 4827 4875 4945 4959 4996 535 60 633 729 75 923 995
1295 1538 1580 1789 1919 1958 2244 234 2347 2520 2701 293 3113 3518 3752 3757 3831 3885 4206 4334 4401 4790 4855 4859 4908 4912 4996 532 556 615 846 906 999
1591 1773 1913 2225 2282 2913 3312 3352 3370 3707 3844 4574 580 870
1368 1722 1897 2188 2377 2428 255 2583 2609 269 2832 2861 2895 2918 3015 3319 344 3716 3907 4135 4151 4196 4295 4619 4745 4853 4858 4885 50 52 604 608 7 722 955
1075 1562 1572 1813 195 20 2059 2078 2191 2206 2473 2871 2964 2966 3082 3204 3216 3650 3779 4104 4134 4142 4169 4501 4590 4711 4756 758 802
1851 2212 2570 2731 281 2881 2885 3298 3351 4021 416
1074 1603 2361 2532 2538 2912 3136 371 4105 4121 4176 4319 4655 469 475 478 4931 618 879
1039 1375 1423 2242 2443 2479 2969 3546 3634 3761 447 4472 4734 543
2196 2995 2997 3132 3190 3244 3325 3588 3763 3808 4376 792 834
1134 1157 1218 1322 1339 1665 2017 2065 2201 2283 2503 2584 263 2661 2695 3353 3417 3428 353 3675 3691 3894 3964 4239 4254 4260 4288 436 4443 4465 4490 4581 4739 4776
1026 1108 1126 1342 1460 1507 1545 1687 1733 1782 18 188 1942 1989 2165 2269 2437 2471 2490 2498 2570 2669 2709 2727 2806 2898 3151 3153 3355 3394 3497 3622 3939 3991 4036 4448 4660 4781 4817 491 4916 4990 526 553 707 770 795
1014 1114 1154 1280 1837 2082 2243 2295 2552 2631 269 273 2816 3028 3176 3572 4022 4496 801
1138 1241 1737 1888 193 2133 2327 2535 3110 3758 4671
1438 1548 1873 2462 3040 3065 3070 3591 3593 3689 3813 3853 4297 4784 515
1527 1642 1660 2213 2356 2576 3424 3444 3471 3682 4098 4141 4243 425 4384 445 4557 4653 4744 4765 4900 494 591 695 892
1059 1131 123 1387 1419 151 1605 163 1993 201 2163 2296 2443 2985 2992 3090 3262 3276 340 3414 3589 3712 4454 4674 4688 4705 4844 4870 503 602 636 656 693 851 945
1083 1109 1136 1236 1712 1922 1954 2090 2272 2315 2322 2343 2388 2405 2451 2463 2615 2687 2874 2914 3027 3043 3225 3380 3552 3940 3960 3966 3993 4390 4396 4432 4558 4576 4595 4603 4614 4636 4740 4754 4854 4889 4958 4966 628 630 754 800 889
1067 1214 1278 1447 1612 1729 1981 2159 2302 2575 2606 283 3012 3055 326 3743 3833 3921 4137 4300 4404 4412 4495 4512 4522 4704 4713 472 4722 4861 4982 735 803 871
1252 1286 1290 148 1488 1697 3015 3589 4736 705
1026 1053 110 1250 1801 1887 2086 2302 2407 2559 2579 2645 2903 2927 3120 3344 4326 433 4449 4470 4719 4892 959
1517 1827 1924 1947 2077 2150 2241 2244 2542 2563 258 298 3102 3192 3528 4219 4414 4658 4897 691
1070 1090 1453 1708 1802 1883 2252 2435 2458 2527 2629 2810 3078 3099 3396 3859 4563 4676 4978 555 688
1202 161 1899 238 2558 3119 3467 3725 3747 4447 4699 98
1144 1205 135 1516 1559 1758 2260 2311 2337 2413 2712 317 3365 3651 4392 4440 4823 4853 599 740 878 938
1853 2197 2367 2795 2815 2987 3442 3527 3775 3866 4620 4652 502 586 731 747
1467 1627 1910 1940 2135 2459 3366 3424 3612 3613 3649 3994 4494 4565 653
1101 1186 1196 1370 1378 1415 1433 1497 1594 1791 1985 2 2103 2345 2354 2523 2906 3068 327 3428 3574 3608 3666 3858 3884 4055 4068 4214 4383 4500 4578 4589 4748 575 628 664 690 968
1064 1071 1102 1208 1393 1416 1613 1813 1944 2122 2160 2264 2470 2633 2808 3243 350 3699 3705 4081 4096 4436 4462 448 4493 4576 4684 783
1177 1501 1841 210 214 2332 2908 2917 3089 3104 3198 3246 3287 345 3453 3627 3906 3969 4085 4097 4387 4524 4561 4676 4813 493 4962 4990 696 698 735 739 867 883
1210 1230 1570 1599 1694 1849 1992 207 2269 2303 2659 2768 2820 2822 2972 3403 3634 411 412 4234 4327 4630 4662 4664 472 4770 4997 57 682 83 887 888
1748 2475 3073 334 4176 4302 4623 4652 857 987
1811 2135 2771 2949 2975 3098 3328 3334 3376 420 4514 570
108 1357 1706 1818 2265 2360 2500 3140 3243 3385 3520 3702 3749 3920 4044 432 4330 4432 4825 4998 50 597 903
1134 1163 1179 1703 1749 1756 1795 1817 1920 1969 1998 200 2053 2219 2268 2340 2355 2480 2597 2631 266 2666 2796 2866 2956 3024 3285 3369 3482 3565 3624 3938 3965 4049 4331 4344 4422 4507 4551 4657 4682 477 4787 4792 4938 728 843 850
1434 1484 154 1600 1741 1753 1832 1941 2052 2054 2273 2364 2471 2499 2593 3031 3092 3175 3289 3408 3502 3925 4298 459 4694 4789 672
1007 1277 1833 2011 2436 2441 2622 2680 3064 3071 3277 3515 3593 3828 4070 4209 894
1030 1148 1212 1232 1317 191 2005 2278 2677 2750 2948 3345 3457 3460 367 3917 4044 41 4829 4831 4842 4881 4956 4960 4982
1020 1192 1530 2127 2536 2799 3269 332 3550 3683 413 414 4554 4603 852 978
1224 1405 145 1491 1924 227 2476 2585 2739 2772 2828 3487 4819 4849 817
140 1617 1780 1850 1947 2018 2245 2257 2887 3226 3341 3446 4595
1050 1635 1987 2210 2348 2385 3845 4426 4572 4702 801
1225 1496 1719 2005 3235 3255 3363 3611 403 4157 4197 4233 4248 4513 4578
1345 1804 2432 2632 2691 2836 2902 3232 3766 3875 4017 4045 4170 4226 4529 4537 4591 468 4913 4973 4988 51
1327 1451 1597 1732 1821 1864 2024 2031 209 2173 2279 2501 259 2779 2783 2818 2879 2952 3242 3448 3559 3629 3659 3760 3872 3883 4023 4037 4164 4320 4478 4521 4856 4884 4907 4930 4939 600 639 837
1054 129 1506 1702 1759 1821 2306 2692 2704 2723 3609 3828 4082 4275
1666 2114 2288 2544 2873 298 316 3411 3556 4230 4653
1325 1357 1623 1688 2011 2019 2036 2393 2961 321 3272 3303 4030 4102 4160 4312 4461 4673 540 565 785
111 1251 1448 2022 203 2092 3392 3480 3481 3583 480 4831 851
103 1363 2392 2421 2689 2824 2879 3654 4106 4123 424 4281 4366 446 4639 4641 4751 4762 4828 863 906
1002 1041 1192 1394 1644 2154 2171 2582 2850 3102 3344 4053 620 740 9
1180 1706 2012 2962 3081 3330 3413 3799 49 5
1285 1413 1481 1646 169 1959 2045 2057 220 2261 2458 2496 2539 272 3270 3389 3503 3612 3713 3948 4286 4359 4389 4434 4561 4750 4801 4838 588 624 811
134 1564 1643 1656 1686 1910 239 2505 3181 3351 3562 3573 4338 4458 4664 4813
1067 131 1424 1430 1481 1514 1541 1576 1595 1601 2243 2348 2855 2892 3010 3227 3331 3688 372 4067 4084 4127 421 665
1206 1215 1388 1431 1479 1500 1584 1672 1769 2043 2595 2607 2805 2812 2950 3004 3153 3163 3207 3429 3618 3849 4033 4056 4180 4223 4398 4609 4615 470 4746 4823 4857 696 877
1477 153 1540 1560 1606 164 1661 1968 2156 2391 3023 339 3401 3632 375 4258 4424 4723 4778 481 4833 4846 679 99
1052 113 1617 1702 1718 1784 1959 2067 2166 2210 2658 2726 2956 3055 3333 3558 3688 3704 3843 3987 4279 4450 4474 4531 4651 598 661 904
1012 1106 1356 1681 2347 2914 2980 2981 3216 3514 3539 3564 3884 3901 3990 4504 4619 4783 4804 654 949 999
1008 1299 1473 148 1769 2239 2435 244 2728 2770 326 3488 3556 3728 3756 4234 4395 4527 4641 474 4772 780 813 854 898
1266 1376 143 1468 1603 1839 187 1872 2055 2391 2540 2927 2948 3020 3172 3802 4254 4307 4584 4585 4660 4662 4735 482 4906 4929 4992 4993 750 759 829 925 984
1529 1914 2203 2429 2534 3664 3758 4035 4042 431 4510 4922 720 839
1403 1715 1928 2024 2216 2941 300 3143 3162 3526 3737 3785 4274 4668 4992 838 988
1084 1516 1550 2704 2793 2934 3014 3516 3759 3900 3974 3984 423 428 791
109 1167 1203 1905 1909 1952 2387 2865 2904 3 3595 3679 3810 3889 4384 4757 916
1056 1422 1441 1590 1814 1918 2445 2529 2781 2817 3145 3209 3413 3489 3707 3718 400 4181 4229 4318 4367 4572 4710 609 949
2296 2493 2606 2925 369 3697 3772 3787 381 3812 3904 4018 4140 4307 523
1016 1217 1358 1443 2027 2682 2713 294 3053 3073 3155 3434 3491 3706 3871 3972 4002 4016 4112 4143 4191 4269 4361 4421 4467 4491 4496 4544 4597 4702 4886 4899 4915 4976 616 66
1810 2037 2957 3134 3268 3336 3513 3665 370 4418 535
1060 1347 150 1529 1781 1879 2093 2252 2761 3240 3505 3545 3904 405 4356 4363 4690 505 688 919 936
1152 1157 1470 1517 1542 157 1700 1907 1926 1957 1975 2249 241 2847 3409 3582 3735 3843 4 4051 4073 4291 4310 4385 4422 4548 929
1175 1566 1662 1673 197 2013 2066 2133 2344 2362 2424 2551 2744 2760 2778 3010 3029 3155 3256 3265 3581 3675 3724 3762 4023 4867 626 692 881
1666 2124 2226 2839 3366 3501 3545 3586 3644 4872 4962 739 798 837
1392 1534 1653 1782 1857 1973 2035 2060 2148 2152 2217 2247 2603 2811 2819 2970 3490 3578 36 3935 4092 4143 443 4454 4490 4638 4681 4703 4923 8 830 864 952
1195 1410 2297 2337 2616 2732 2782 290 2998 3128 3196 3266 3481 3601 3729 4054 4107 4188 4617 4696 594 700 704 734 899 923 933 985
132 1333 1425 15 196 2034 2121 2170 2300 2377 2414 2562 2757 2817 2907 3106 379 4075 4195 4255 4262 4477 4629 4730 4821 4869 527
1189 155 1602 1847 2085 2318 2366 2395 3180 3309 3708 4163 4202 4220 4309 4504 4935 64 677
123 1230 1508 1518 1771 203 2309 2673 2880 3134 3349 3383 3809 4225 507
103 1100 1110 1297 1302 1313 1525 2119 2145 2277 2386 2417 2454 272 2787 2855 3380 3402 341 3484 3548 3739 3755 3761 3781 386 3869 3886 3891 39 4146 4162 4364 4380 4427 4486 4498 4506 4518 4717 510 554 568 601 619 678 684 778 884
113 1144 1348 1489 1589 1612 1881 1938 1963 224 2755 29 2903 3431 3936 3988 4517 4598 4628 4647 4693 4944 643 648 66 693 775 835
1253 1532 2310 2899 2968 3357 3450 4452 4858 676 736 861
1009 1037 1075 1125 1326 1460 1552 247 2508 2623 2657 2820 3422 3432 3449 3482 3678 3753 3956 4038 4075 4407 4416 4426 444 445 45 4799 4805 71
1047 1183 1255 132 1320 1328 1407 1479 1519 1632 1796 1894 1927 1988 2137 257 3067 3108 3115 3454 37 3899 4006 4174 4274 4346 4402 4598 4633 4637 4639 4643 4683 4717 4725 4760 4880 4928 633 706 953 976
1091 1111 1145 1574 1626 2125 2197 222 252 2669 2920 3294 3434 358 379 3913 4025 409 4783 485 4970 512 63 684 793 897 934
1495 1850 1903 1986 2557 2633 2740 3103 4418 4494 660
1036 1539 1716 2191 2376 3194 3738 3912 4046 4195 4306 456 4966 981
1194 1281 1334 1429 1443 149 1639 1842 1950 2498 2500 2764 2926 2976 3036 307 3182 3228 3310 3487 3702 4231 4248 4472 4997 574 61 927 946 993
1103 1389 2259 2411 2522 3156 3160 4311 4682 766
122 1382 144 1909 1911 2416 2448 2738 2746 3072 3336 3345 3406 3560 3692 3854 3973 3975 4113 4120 4439 4443 4479 470 4860 4866 4867 4923 4931 4947 874 913
1311 1329 1344 1565 1794 1836 2200 2455 2561 2797 2835 296 3043 3616 3782 4000 4218 4355 4455 4553 663 812
1366 1388 1398 1578 2061 2084 2204 2510 2935 343 3648 3667 3788 429 4372 44 4628 668 756 820 900
1393 1449 1492 172 1747 188 2224 232 2389 2706 2811 2972 3224 3378 3537 362 374 3841 4033 4080 435 4353 4751 4752 537 622 731 967
1120 1398 2461 296 3110 3139 3173 3184 3308 384 3981 4868 789 856
1122 1180 1236 1264 127 1293 19 193 2274 230 2365 2402 2759 3165 3291 3653 3663 3852 394 397 4 415 4670 4826 488 4905 4920 630 632 699 941 996
1155 1496 2193 250 2502 270 280 3426 3585 3873 3891 3916 4112 4393 4568 4581 4634 4946
1291 1637 1770 1948 2113 259 2598 3525 4067 4367 479 4874 885 893 908 924
201 2098 255 2687 3198 3239 407 4842 714 810
1191 1265 1306 1312 1993 2028 2248 2735 2952 3499 3893 4011 4134 4153 4257 4283 4515 4838 4839 86
1016 1062 1237 1354 138 1390 1441 1654 1940 1956 1973 1994 2069 2072 2094 2667 274 2747 3114 3212 3313 3391 3502 3626 3653 3748 3873 392 3934 395 4011 4156 4316 4348 4382 4596 4919 4932 533 982
1161 1163 1444 1493 1542 1598 2026 2223 2694 2705 2709 2794 308 3800 3978 4364 483 4846
1105 1277 1301 1328 2487 2758 3324 3672 4113 4265 496 827
1175 1227 1458 1704 1798 252 2773 2862 3736 3932 4013 4465 4878 730 796
1397 1726 1838 1886 2193 2196 2215 2548 2681 2964 3041 32 351 3793 3863 3931 3997 4590 4824 4912 4981 885 912
1036 1880 2549 2688 2875 349 3576 3824 4045 418 4543 59
112 12 120 1226 1303 1374 1537 17 1738 2123 2143 2265 235 2453 2573 2745 2821 293 3060 3220 3254 3257 3273 3275 3302 3371 3564 3597 3711 3723 3730 3741 3852 3861 3955 4059 4140 4177 4215 4379 4405 4458 4499 4551 4679 477 788 831
1296 1417 1533 1586 222 2339 2426 2496 2752 2778 2816 2939 3050 3096 3113 320 344 3465 3475 3540 3542 3584 3622 3777 3786 3804 3842 3863 3903 410 4129 4237 4419 447 4571 4631 4803 4864 4871 4936 4960 4967 4979 4984 615 667 795 843 868 97
1079 23 2660 2737 2929 332 3445 3491 3866 3927 4048 4229 872
1081 1228 1649 1653 1795 2030 2050 2053 209 2418 2472 2635 2803 2852 3074 3321 341 3846 3907 3926 4158 4398 4549 4558 4634 4741 4767 4874 517 541 773 832 84 994
1602 1695 1710 1957 2002 2057 2218 2335 2676 2802 3006 3776 4345 4766 4968 51 862 977
1052 1139 1199 1869 2112 2406 2569 2619 3399 3639 4330 4879 524 724
1065 118 1257 1583 1696 1776 1902 198 2045 2571 2599 3854 3945 412 4430 46 617 930 945 963
2515 267 3301 338 3660 396 408 422 4313 4374
1310 1585 185 2230 2396 2720 2814 2974 3014 4764
1510 155 1806 1894 2399 2436 2938 3009 3148 3898 3914 4020 4491 4775 4832 521 562 726 790
11 1108 1195 1294 1331 1514 1796 2640 2831 2860 2868 2934 3452 3606 3769 3909 4435
1074 1315 1412 2070 2179 2214 2264 2441 2838 291 2989 2996 3460 3514 3540 3808 4361 4382 4531 4891 957
130 166 1765 1774 2276 2553 2596 2718 2739 3048 3077 3420 3603 361
1242 1372 216 2211 2236 2270 2314 2315 2344 2567 2610 2668 2984 301 3077 3162 3316 3427 3462 3721 374 3961 4009 4190 4216 4253 4423 4633 4642 4845 491 78
1030 1161 1246 1477 1563 2075 2554 2594 306 4006 4280 453 4697 805 92
1386 1855 2048 2172 2507 2749 3267 3493 3815 4615 4887 657 958
1341 1890 2202 221 2284 2955 3211 3719 3874 3923 4031 4217 4226 4486 4582 4583 4618 742 916
1700 2006 2065 2237 2512 2513 260 3143 3257 3331 3492 3915 4168 4556 4852 785
1707 1978 2224 2400 2420 2594 2724 2756 3233 3454 3523 393 492
1386 2378 2580 3065 3081 3646 4016 4054 422 4265 581
1085 1235 1483 160 1746 2878 2991 3231 3838 4108 4192 4505 53 857 911
1327 1463 1465 162 1621 1754 2000 2438 2634 2824 2922 2939 335 3680 3792 3858 4363 4378 4721 487 4970 60 642 787
1263 1346 1452 1731 2129 2905 2909 314 3144 3660 441 650 72
1082 1092 1186 1540 1547 1693 1915 2020 206 2105 2333 2487 2539 2614 2658 268 2721 2829 2830 2976 3157 3236 3255 3348 3717 373 3963 4100 4323 4375 4515 4706 4764 4986 4989 746 960
1045 1461 1629 2004 213 2627 2933 3124 3360 3620 382 3841 4009 4018 4157 4694 4824 508 875
1228 1724 1734 2003 2238 2467 2525 4267 4429 4910 82
1217 1219 1251 1289 1339 174 1884 2094 2100 2161 2253 2588 2714 2885 3221 3385 3693 4154 4347 4359 4438 4445 4541 4698 4841 691 806 912 944
1375 1631 1764 2096 2108 2748 3327 3495 3542 3700 3771 3845 3864 3868 3941 40 4057 4316 4329 4577 4621 4687 4847 4933 771 931
1196 1379 1509 2160 2322 2453 2492 2555 3338 3806 4121 4439 4761 950
1099 1127 1282 1325 1400 1405 1577 1770 1944 2181 2222 2292 230 2310 2519 2533 2843 2849 2872 2999 3085 3391 3631 4013 413 416 4162 4246 4379 4437 4599 4665 4785 4797 4798 4835 4925 4953 69 708 90 948
1283 1326 136 1417 150 1860 1883 1912 1942 2183 2256 25 2527 2719 2854 3140 3284 3375 3496 3669 3696 3989 41 4210 4278 4336 4368 4466 4659 4952 536 697 784 972 989
1237 1362 1367 1504 1631 1752 1871 1982 2138 2182 2256 2381 2464 2706 2731 2890 2938 3100 3205 3306 3478 3607 3642 368 3727 389 3901 3928 444 4460 4636 4668 4680 4902 4918 4943 4952 4999 866 943
1177 1568 1607 1731 1764 1827 2412 2693 2783 2809 309 3258 3496 3652 3783 3985 4487 5 559 859 918
1243 1401 1719 1730 2085 2258 2280 2287 2346 2386 2609 2675 2710 2834 2965 312 3215 3412 3419 3687 3770 3882 4233 4289 4297 450 4644 4910 581 603 759 91 935
1002 1143 1361 1863 2106 2858 286 2999 3021 331 3724 3809 3822 4091 4115 4160 4314 4466 4484 4623 4961 698
1004 1209 1243 1548 1601 1671 1696 1783 1851 1970 2049 2087 2178 2245 2289 2352 2358 2602 282 2840 3078 3208 3266 3369 3462 3558 3645 365 3755 3768 3794 3855 3889 3969 4078 4264 4321 4610 4671 4706 4715 4936 4955 583 76 786 819 94
1004 1282 1436 1553 1610 1908 1997 225 2692 2895 295 3105 3117 3133 3261 3379 3614 3899 4099 4124 4542 4549 4625 4951 4959 4977 820
1159 178 196 2408 2528 2571 2636 3047 430 647 748
1777 2030 2452 247 2986 2987 3339 3397 347 357 3602 3637 4172 4270 4609 4975 498 694
1182 1292 1363 1475 1549 1566 2373 2392 2424 2456 2723 2730 2804 3005 3096 3537 3887 3952 401 4178 4303 4308 4663 4703 4935 501 532 557 558 631
1042 105 1212 1365 1434 1828 2061 2187 240 2444 2725 2940 3045 3498 3647 3914 4076 4132 4153 4353 4586 562 689
1112 1128 1429 1652 1711 1812 1847 1935 1999 2019 2040 2639 2747 2930 2944 3018 3264 333 3470 3486 3595 3656 3856 3977 4096 4126 4298 4341 4352 4396 4508 4724 4834 4885 4901 4914 4949 961
1038 1178 1459 1983 2169 2431 248 2665 3906 4293 4366 579
1160 1323 190 1925 1970 2110 2517 2711 322 3259 3561 389 3902 4325 4538 4928
108 1150 1275 1371 1636 1799 1808 1886 2134 2136 274 2953 3072 3200 3457 3476 3517 3557 356 3627 3692 3717 3811 3860 3861 3881 3952 4142 4249 4411 4501 4519 4574 4763 4794 486 4909 4941 509 569 635 804 822 922 926
1062 1266 1781 1878 19 2001 2684 2931 3003 3069 3435 3657 3694 4301 4473 4650 4893 546 559 6
1466 1582 1626 2041 2768 2777 2988 4008 440 4477 4774 745
11 1627 1759 2766 2926 2977 3002 3346 4185 4189 437 4559 473 4748 678
1064 1124 1452 1546 1579 1674 176 1845 2151 2333 2789 2829 2932 3169 3202 3432 3567 3621 377 3872 4109 4278 4792 487 4893 774 93
1229 1674 1793 1826 2427 2656 330 3499 573 703
1140 1222 159 1999 2433 3218 3844 4423 460 498
1348 1356 210 2175 2185 2566 2826 2982 3001 302 3563 3658 4290 4476 4563 4839 940
1049 106 1119 1450 1486 1614 1730 1750 1766 1880 1951 2103 2116 2409 2415 2559 2577 2767 2867 321 3229 3237 3484 3673 3938 4026 4097 4187 4445 4528 4555 4575 4728 4738 4745 4830 4847 69 807 956
1044 1279 1381 1485 1505 1743 1790 180 1844 1954 1962 2001 2331 256 2651 2851 3002 3038 3057 3280 3317 3582 3676 3871 4028 4085 4193 4205 4241 4295 4378 4417 4579 4640 468 4691 4697 473 4822 4991 541 852
1395 1484 1669 2012 2430 3037 4109 4141 4187 610
1414 168 1727 1761 1767 1790 1800 1824 2118 2266 2329 2693 3087 3656 4224 452 4587 4765 4958 4972 624 776
146 1885 2153 2234 2280 2558 2649 3464 3918 4117 476 612
1335 1491 2390 2485 2699 2924 3529 3579 3728 3821 440 4607
100 107 1181 1249 143 1671 1806 2262 228 2516 2680 2761 2983 3059 3307 338 3465 3483 3672 3814 3830 3963 4034 4072 4082 4136 4305 4324 4492 4546 4573 4656 4712 4716 4816 4825 4895 4927 514 558 711 81 88 886
1094 1121 1142 1262 1318 153 1729 2058 2083 2146 2421 2685 3253 3279 3342 3403 361 3708 3842 4040 4159 4166 4757 614 803
1507 1561 2184 2446 2623 3382 3423 3440 3801 4230 4730 725
1154 1170 1286 1444 1456 1526 177 2117 2275 2581 266 3203 3252 354 3662 4095 410
1068 1069 1080 1260 1349 1901 2032 2074 2158 2285 2564 2663 2708 2792 2954 3057 3058 307 3876 3930 404 4171 4294 4338 4510 4569 4612 4616 4771 687 841
101 109 1117 1453 1620 3195 3746 426 4476 4522 4884
1116 1164 1996 2354 2396 2884 342 4321 4677 845 910
1234 14 1593 1639 1659 2550 2643 3054 34 3950 4340 4499 475
1131 1146 1239 1267 1287 1684 2493 2673 4136 4608 4802 833
1304 152 2059 2369 2389 2428 2921 3034 4036 4241 464 840
1066 111 1596 2113 2174 2192 2220 233 2906 3762 3813 4340 45
1432 1478 1744 1906 2314 3006 3062 3067 3071 3100 3301 3652 3681 3745 3919 3959 3973 3976 4211 4239 434 4399 4584 4761 4892 4983 636 646 717 751
1021 1072 1168 128 1394 1511 1725 1835 1845 1860 1871 1878 1991 2035 2186 2202 2332 2336 2351 2589 2712 2763 2821 2825 3368 3435 355 3651 3698 3794 3931 3945 3987 4280 4299 4332 4376 4400 4649 4715 4790 4863 4969 695 744
1691 2066 2947 3184 3508 414 4213 836 847 901
1005 137 1457 2020 2759 3818 3848 3900 3929 4583 4989 613 844 94
1009 1133 1320 1352 149 1531 1761 1839 1861 2144 2249 2250 2418 245 2635 2657 2729 2849 3179 3269 3292 3445 3500 3609 3655 3703 3740 4192 4381 4548 4597 4784 4785 4791 492 4933 74 888 937 983
156 1778 1974 2150 2208 2262 3288 337 3538 4571 4803 965
1203 1344 1515 1675 1737 1836 2760 297 375 3857 3880 4154 4163 4273 4771 985
1504 1630 1779 2062 2070 2073 2235 2255 2353 2374 2504 2605 276 2833 3036 310 3196 3361 3400 3438 3455 352 3649 3734 398 4107 4251 4607 467 4673 4860 719 769 966
1107 1129 1296 1330 1437 1705 1793 2101 226 2442 283 2978 2986 3022 318 3470 3471 3544 3667 3669 4071 4285 4349 4388 4403 4456 446 451 4520 4780 666 880
10 1244 1404 1454 15 1714 2115 2313 2743 2863 3008 3022 3282 3299 3587 3850 4593 4691 4859 85
122 1557 1648 1896 2189 2419 2450 2654 2853 3019 3059 3187 3291 3719 3779 4260 4404 4483 4525 4736 4930 915 939
1103 1146 1618 1840 2125 2290 2661 3166 3447 3551 4281 621
1271 1569 1587 1745 204 211 2913 292 3251 3326 3329 3709 3807 4119 4122 4131 4286 4377 4415 4446 4450 4661 4799 4949 4972 590 672 974
1984 2470 3375 3553 3601 3721 380 383 4073 4441 490 864
1249 1511 1530 1557 2320 2494 2518 2929 3112 353 3577 4588 4791 664 765
1182 1384 1399 1556 1582 2102 285 3174 3297 3347 3574 3744 3796 3868 3944 4021 411 4290 4526 462 4741 476 4981 565 853
1207 1247 126 1275 1332 139 1522 1679 1701 1960 2130 2232 2617 262 2678 2683 275 2878 3001 3151 3450 3646 3687 3695 380 3853 4052 4149 4240 4272 4509 4606 4683 4695 4904 4953 521 531 589 644 718
1589 1604 1848 1982 1988 2091 2967 3161 372 3773 3924 3982 4010 4027 4150 4165 432 4369 4552 4742 544 947
1856 1955 2039 2090 2750 381 3892 4550 4754 4758 831
