1296 1420 1428 1679 1815 1905 1985 2355 2560 3321 3482 3500 3590 3722 390 3919 3966 3968 4066 4232 4290 4484 589 74 754 908 
1086 1146 1200 1301 1340 1373 1933 2080 209 2133 2202 228 2285 2305 2671 2787 2961 2996 3020 3034 3167 3212 3333 3364 3430 375 3758 3862 3897 4430 452 4551 4592 4680 4862 4908 527 61 687 748 831 929 982
1346 1527 1675 1741 184 213 2387 248 2495 2509 2754 2836 2842 3108 3209 3245 328 3427 3501 3588 4107 4202 4257 4267 4308 4469 4526 4605 4668 4737 4803 492 4965 721
108 1398 1512 1959 1994 204 2567 2646 2948 3043 309 3145 3471 3756 3764 3800 3957 4075 4094 4223 4232 44 4448 4456 4549 4626 4694 504 725 844 988
1038 1134 1354 1571 1641 1705 2093 2338 258 2588 2613 2662 2735 2828 3194 3611 3711 4182 4309 4328 4418 4439 4446 512 536 538 634 91
1044 1076 1403 1415 1472 1748 2180 2198 2391 2410 2523 2562 2677 2688 27 2785 2939 2946 2958 3136 3175 321 3480 3571 3634 3706 3724 4005 4057 421 4258 4268 4363 4374 4406 4501 4612 4755 4766 4841 4931 793
1178 1221 1238 1251 1378 1484 1485 1487 1541 1657 2030 2064 2102 2140 2211 2313 2324 2348 255 2590 2672 2920 2932 3201 3231 3442 3659 3666 3857 407 4249 4265 4389 4576 4828 4829 4837 489 495 497 580 755 776 886
1079 1112 1189 1199 12 1297 1326 178 1799 1838 2227 2464 2482 2594 2649 2819 2840 2890 3180 3263 3290 3565 3705 3736 3843 3894 3932 4245 4483 4598 4642 4896 811 909 911 997
1124 1126 1279 1342 1405 1572 2166 2224 2237 2448 2512 2664 2698 3099 3163 319 3410 3560 3563 3568 3714 3719 3758 3830 3854 4170 4227 4590 4809 585 616 654 859 900
1171 1617 1663 1736 177 1919 1921 2227 2266 2378 2419 2565 2603 2685 3095 3735 387 4085 4208 437 4383 4469 4512 769 920 97 983
1077 1337 1435 1462 1599 1639 1742 1752 1959 1989 2040 2148 2247 2407 2723 2937 2979 3011 307 3165 3171 3204 3266 3302 3310 3456 354 3579 3694 3697 3729 3784 3842 4079 4132 4264 4303 4330 471 4738 4822 4845 4944 665 682 689 803 870 896
11 1257 1271 1785 1900 2277 2414 2548 2554 2763 3010 3127 3170 3261 345 3670 4053 4172 4200 4239 502 514 636 807
119 1220 1232 1283 1389 1390 1408 1554 1624 1648 1677 1753 1811 1842 1858 1944 1948 1986 208 2096 216 229 2365 2367 239 2421 2436 249 251 2640 2663 2922 2936 303 3048 3084 3091 3162 3347 3519 3631 3655 368 3686 376 3797 3810 3825 399 4008 4028 4302 4343 4454 4489 4518 4574 4580 4639 4679 4685 480 481 4813 4857 4870 4932 4963 4990 546 695 735 785 869 948 949
1072 1080 1188 1190 1385 1439 1470 1495 1566 1635 1716 1804 1868 1969 2006 2010 2017 2032 2047 2077 2184 2275 2370 2458 2486 253 2545 2570 2580 2712 282 2902 3070 3205 322 3293 3296 3352 3499 3545 356 3709 3818 3827 3940 4250 4313 4385 4431 4465 461 4672 4693 4771 4807 496 4972 503 560 627 673 700 864 942 946 95
1007 1008 1056 1097 1138 132 1467 1627 1632 1646 1733 1735 1766 1869 1946 2029 2057 2070 2137 2185 2353 2384 2420 2435 2536 2634 2658 277 2818 282 2820 2989 3063 3084 3220 3346 35 3524 3615 3623 3628 365 3740 3751 3826 3837 39 3942 3952 4 4023 4025 4065 4148 4168 4187 4246 4247 4261 4279 4285 4376 4380 4396 4444 4541 4571 4572 4581 4603 4657 4700 4702 4790 4798 4812 4814 4954 4978 4986 4996 558 561 564 601 626 762 798 845 87 876 953 958 960 963 98
1260 1284 1476 1503 1573 1692 1722 1723 1767 1768 1807 2014 2187 2215 2259 227 2320 2331 2409 2422 2456 2466 2524 264 2827 2966 2978 3030 3045 3301 3318 3494 3542 355 3689 3761 3773 383 395 3955 4093 4174 4179 4266 4382 4425 4466 4573 4646 4687 47 477 4922 640 761 788 8 85 959
1053 1068 1121 1136 1147 1157 1294 1304 1307 1375 1384 1404 1449 1724 1729 2107 2114 2130 2186 2389 2395 2463 2476 2538 2566 2627 2727 2883 2931 2981 2996 3015 3055 3078 3152 3236 3291 348 349 3621 3684 3715 3874 3913 3955 3970 4 4026 4088 4126 4149 4184 4360 440 444 4498 4544 4684 4721 4754 4846 488 4935 4955 651 796 943
1014 1027 1036 1235 1317 1659 1671 1767 1829 212 2229 235 2431 2704 2777 2849 3041 3100 3151 3253 3511 3580 3899 398 4014 4092 4184 4298 4318 4364 4464 4514 4720 4810 4821 4825 4918 4939 4941 540 550 774 89
1017 1031 107 1196 122 1356 1463 1496 155 1625 1737 1839 1907 1961 1982 1999 2012 2038 2113 2203 2222 2230 2235 2265 2289 241 2418 2504 2537 2586 2598 2711 275 2800 2933 2963 2977 2986 3009 3014 306 3134 3287 329 3294 3305 3336 3366 3405 3434 3624 3633 3872 3945 4099 4112 4150 4199 4317 4476 4541 4636 4649 4650 4689 478 4843 490 4975 4993 59 675 814 846 87 937 966 980 985
1032 1331 1350 1633 2008 2018 2129 2163 2197 2342 2971 3077 3143 34 3466 3650 3863 3924 4120 43 4311 4479
101 104 1127 1133 1163 1208 1236 1315 1361 1401 1482 1508 1510 1520 1536 1563 1645 180 1818 1836 1926 1928 2063 2073 2115 2116 2205 2313 2317 2361 2390 25 2552 2555 2599 2700 2710 2748 2749 2756 2762 28 2809 2859 2950 3006 3096 3190 3200 3210 333 3397 3570 3588 3718 3753 3757 3785 3806 3828 3878 3889 3926 4036 4101 4128 4143 4151 4255 4263 4264 4314 443 4520 4540 4599 4627 4655 4770 4787 4843 4888 4891 4943 4982 4999 50 500 528 53 559 668 759 829 901 905 913 919
1269 1362 1515 162 1687 1851 2111 2181 2474 253 2705 2987 3122 3446 3572 3630 3796 4044 4423 4432 4459 643 683 850
1024 1049 116 1381 200 2244 2282 2434 2747 2823 2876 2951 3026 3031 3176 3443 3469 3517 3574 3725 3923 441 542 789 813 897 949 951
1256 1303 1329 1525 1830 2743 30 3000 3161 4042 4045 4415 4416 4427 4534 4783 4875 4903 732 954
1475 1588 1623 1953 2158 2301 252 2533 2603 2670 3038 3046 3292 3526 4059 4300 450 453 4678 584
1028 1203 1292 1529 1590 1606 1649 171 1916 2220 2309 2388 3148 3207 3298 3341 3544 3662 3814 417 466 479 584 792 795
1042 1814 2002 2019 2080 2234 2288 24 2519 2583 2943 3675 3695 3860 3934 4600 498 542 854 93 999
1022 120 1371 1426 1483 1586 1608 1696 1922 2123 2149 2278 2511 2524 2529 2575 2628 2691 2732 2761 287 2907 2970 3150 3249 3319 3465 3753 377 3949 4134 4234 4609 4699 482 4856 4863 4883 4903 661 69 719 775 779 907
1466 161 1707 1843 1845 1908 1979 2248 2771 2974 3402 3777 3907 3913 4007 4053 4338 4759 599 631 925
1025 1040 1110 1164 1166 1231 124 1266 1368 1456 1644 1660 1699 1710 1904 1912 1981 201 2011 2051 2055 2058 2117 2169 2179 2255 2383 2425 2461 2593 2635 2684 2736 2767 2796 2812 2921 2952 3012 3019 3105 3146 3164 3191 3255 3358 3387 3426 3493 3535 3628 3640 3685 369 3801 3873 3964 3994 404 4043 4054 418 4226 4237 4256 4486 4494 4519 4578 4610 4637 4661 4665 4705 4759 4799 4949 4982 4997 513 565 596 609 863 887 890 910 952 998
1052 1063 1116 1206 1234 1249 126 1278 141 1578 158 1706 1711 1734 1744 1764 1771 1825 1827 1863 2354 2393 240 2429 2433 2446 2472 2488 2493 2514 2520 2552 2559 2582 2637 2836 2846 2971 2994 3128 3240 3314 3342 3355 3393 3417 3458 3692 3822 391 3998 4064 4067 4387 4589 4595 4632 4763 4855 4867 4869 4929 4945 4952 4953 4962 64 663 741 756 772 84 862 885 950
1041 1071 1130 1223 1247 1308 1537 1583 1600 1694 1718 1930 2007 2039 210 2194 2557 2619 2650 2661 2708 2797 2829 3040 3076 3195 325 3460 3484 3743 3995 4129 4278 4349 4391 4827 4852 663 77 815 822 878
1016 1078 1184 1213 1414 1553 1597 1640 1758 1774 1953 2000 2036 2151 2243 2359 2465 2490 2500 2639 2778 3064 3076 31 3106 3193 3222 3259 3516 4434 4505 4511 4559 4568 469 4717 4733 4848 4851 4940 519 670 921 987
1015 103 1069 1088 1186 1222 1406 1412 142 1421 163 1658 1672 1691 17 1719 1821 185 1962 2025 2085 214 2160 2233 2299 2306 2314 2380 2442 2505 2576 2781 2791 283 2834 2879 3087 3088 3133 3239 3255 3271 3320 3327 3344 3361 3463 3464 3468 3538 3540 3649 3723 3850 3871 4060 4101 4116 4157 4171 4283 4594 4616 4725 4760 4785 4801 4808 4858 4917 494 4977 526 625 646 686 76 796 891 918
1148 1215 1229 128 1324 1393 1562 1596 1604 1720 1742 1875 1887 2214 233 2543 2716 290 2919 318 3278 3561 3625 38 4122 4169 4206 4213 4426 4496 4538 4584 4653 4742 4791 4836 4873 4923 553 773 805 869
1205 167 1976 2208 2250 2341 2839 3013 3097 3243 3840 3931 40 4201 4207 4231 4472 4661 4954 516 67 750 835
1145 1158 1168 1359 140 1528 1789 1813 1817 2003 2135 2225 2311 2591 3123 3223 3429 3518 3741 3811 4523 4588 4619 4647 4731 597 607 797 872
1029 1065 1135 1217 125 1263 1330 1339 1344 1424 1443 1450 1454 1461 1493 1559 1598 1644 1654 1759 176 1808 1867 189 2119 2121 2136 2195 2322 2375 2379 2412 2432 2457 2530 2585 2632 2682 2722 273 2831 2867 2912 311 3126 3142 3184 3232 3262 3300 332 3566 3575 358 3710 3713 373 380 3844 3869 3891 3950 4028 4051 4052 4137 4204 4296 4332 4339 4490 4582 4613 4629 4641 4702 4706 4722 4831 485 4887 4892 4989 4992 568 617 648 677 703 713 780 840 843 858 912
1334 1354 1594 1913 1993 1997 2004 2213 2272 2321 2934 3023 3075 3196 3257 3409 3491 3538 3787 3884 4164 4251 4320 4358 4577 4803 4875 75 766 799 880
1473 156 1846 2081 2280 272 3138 3307 3637 3734 3859 389 3982 4123 4219 4275 4390 4876 581 856
1048 1093 1474 1895 198 2191 224 2240 2241 2261 2268 2293 2325 2400 2413 2443 2502 2546 2584 2713 2801 2857 2882 2896 2974 3024 3047 3080 3115 330 3313 3343 3368 353 3552 358 3583 3654 3759 3786 3793 3853 3864 3930 3963 3974 4031 4072 412 4125 424 4294 4301 4397 4497 4525 4596 4602 4621 4624 4664 4709 4900 4910 4938 4966 4994 618 696 738 784 818 894 991
1012 1026 1062 1087 1248 1311 1500 1662 2385 2389 2656 2895 3005 3130 3182 3419 3461 3946 4209 4480 4766 777
1006 1029 1037 1040 1107 1245 1289 1291 1357 1386 1540 1542 1642 1652 1941 1951 1970 2168 2190 2222 2373 2633 2673 2766 2824 2852 2872 3032 3037 3098 3178 3365 3476 351 3567 366 3661 3702 3904 3933 4011 4115 4274 4288 4508 4552 4574 459 4617 4651 4961 520 544 569 573 652 671 693 729 965
1194 1197 1240 14 1429 144 1499 153 1544 1726 1727 1852 1880 1892 2087 2095 2103 219 2200 2327 2331 2343 2491 2687 2873 2988 3109 3211 3215 3289 334 3425 3553 374 3875 3951 3954 3965 3972 4220 458 4775 4916 5000 510 622 707 794 82 830 893
105 1084 1123 114 1175 1210 127 137 1459 1521 1532 1561 1567 1655 1689 182 1828 1833 2013 2031 2084 2165 2252 2328 2337 2344 2469 2499 2507 2610 270 2774 281 2835 2893 2979 3003 3154 3166 3218 3367 3384 3547 357 3636 3651 3657 3769 3831 3851 3857 3880 3888 3938 3977 4047 4070 4135 4146 4147 4233 4297 434 4357 4371 4402 4407 4461 4547 4597 460 4695 4701 4793 4819 4826 4835 4854 4868 4884 4912 4976 541 592 608 720 723 730 787 810 825 828 841 878 888 892 970
1046 106 1141 1182 1243 1345 1363 1407 1458 1471 1478 151 159 1661 1664 1811 1824 194 1945 1971 1987 2025 2043 2110 2190 2245 2308 231 2398 2438 2479 2601 2654 2790 2901 2956 3103 313 3167 317 3199 3206 3216 3237 3406 3439 3600 3673 3707 3712 3980 4001 402 4071 4141 4154 4260 4287 4417 4460 4636 4676 4789 4904 4924 4933 4942 519 522 562 595 60 637 650 651 681 945 984
1001 1122 1137 1152 1194 1526 1650 191 2294 2554 2568 2616 2675 2911 3 3117 3219 3282 3330 3473 3551 3629 3643 379 4190 4200 4291 4391 4447 4449 4562 4696 4772 70
1028 1125 1321 1486 1576 1732 1914 2020 2089 2176 2593 2596 2719 2721 2807 3114 3120 3392 3448 3467 3826 4010 408 4104 4502 4553 4572 4650 4658 4713 615
1003 1004 1077 113 1192 1242 1365 1603 1668 1697 1725 2005 2109 2319 2467 2494 2540 260 2614 269 2702 2718 2780 2850 304 3071 3133 3213 3224 3234 3260 3328 3382 3418 3479 3506 3573 3639 3732 3898 3905 3941 4090 4235 4280 4374 4398 4403 4575 4694 4727 4736 4740 4769 4773 4901 523 630 682 718 820 932 996
1102 111 1253 1254 1295 131 1374 1409 1418 1698 1802 1837 1925 1938 1947 1963 1991 2153 220 222 223 2329 2334 2416 246 2734 2753 2898 29 2916 299 302 3052 3053 3280 3337 3340 3388 342 3552 3610 3679 3698 3770 3804 385 3861 3901 3915 4004 4055 4131 417 4335 4384 4414 447 4488 4564 4577 4585 4635 4638 4663 4716 4744 4958 566 851 995
1267 1298 1314 1343 1366 139 1401 1826 1853 1877 1906 1970 2052 2074 217 2345 2483 2689 279 2897 2953 3073 3074 3432 3446 3593 3656 37 3746 4163 4548 4704 4718 4897 595 698 877 889
1176 1426 1538 1601 1638 1709 1743 1798 1860 1902 1954 2019 2102 2420 247 2686 3055 3097 3179 3188 3455 3508 3558 3690 3866 3892 3936 3995 4359 4373 4378 4462 4677 642 737 782 790 849
1095 1276 1282 1302 1332 134 1400 1446 1516 1568 172 174 1754 1755 1779 1855 1856 1886 1899 1903 2036 2145 2196 2276 2318 234 2447 2450 2487 254 2553 2564 2631 266 2666 2695 2714 2728 2759 2765 2770 2832 2860 2881 2900 2913 3183 3265 3276 3283 3295 3322 3359 3428 3436 3474 3487 3595 3627 3674 3704 3771 3947 3975 3988 4108 414 4161 422 4237 4284 4370 4424 446 4478 4481 4513 4622 4647 4673 4811 4861 4933 4964 4974 4988 505 51 533 534 603 675 708 72 728 80 868 923 955
1030 1377 1815 1973 2060 2150 2156 2251 2366 2541 2776 297 2983 2984 3069 3137 3733 3783 4152 4188 4191 4527 472 4934 744 917 976
1033 1034 1070 110 1117 1221 135 1391 1427 1449 1469 1477 1518 1550 1557 1569 1665 1683 1728 1739 1770 1942 2028 2043 205 2089 2218 2263 230 2321 2363 2455 2468 2470 2546 2558 2647 2674 2732 2775 2798 2811 2837 2904 2991 3132 3156 3272 3297 331 3324 3349 3441 3502 3562 3564 3596 3642 4020 4156 4292 4337 4411 4452 4455 46 4654 4667 4671 4688 4751 4838 4890 4914 507 535 554 563 571 740 770
1054 1080 1172 1214 1293 1336 1437 1467 15 1545 1611 1685 1801 1817 1820 1870 1965 1967 2015 2069 2099 2100 2108 2172 2174 2231 2330 2399 2465 2467 2494 2592 26 2755 2798 2926 2942 3102 3106 3113 314 3189 324 3279 3351 3404 3410 3438 3459 3485 3490 3569 3669 4009 4033 4087 4118 4138 4215 4247 4338 4412 4429 4618 468 4729 4839 4864 4874 4879 600 62 620 629 633 679 690 705 71 769 875 90 903 939 956 994
1214 1256 1379 1710 1754 1758 2138 2182 221 2427 2454 2489 2525 2571 2608 2706 2707 2784 3042 3339 3385 3390 3420 3462 3478 3534 36 3620 3646 3727 3748 3776 3992 400 4018 4027 4050 4063 4102 436 452 484 4965 4987 4998 509 576 676 715 836 847
1043 1250 145 1526 1530 169 1775 1791 1850 1888 1927 1968 2068 2082 2254 2310 2326 2484 2515 2629 2750 2769 2783 2813 2821 2843 3002 3118 3159 3380 3396 3421 3457 3604 3700 3723 3752 3775 3805 3981 4016 4077 4080 4189 4218 4224 423 4340 4395 4651 4707 4711 4741 4750 4768 4775 4777 4842 4905 4957 4973 669 753 79 914 993
1023 1129 1144 1149 1195 136 1444 1506 175 1769 1874 2106 2228 2488 2576 2579 2620 2643 2645 2670 2684 2699 2701 2734 3158 3197 3221 3268 339 3464 3816 3822 3900 4186 420 4331 4401 4447 4555 4587 467 4691 4752 4850 4968 611 699 794 846
1020 1165 1187 1193 1226 1246 1262 1399 1411 1438 1574 1581 1626 1688 2101 2120 2216 2312 2376 2437 2495 2521 2676 2782 2855 2868 2918 2930 3021 3061 3093 3227 3229 3308 3326 3377 3379 3383 3450 3492 3515 3523 3576 3601 3701 3718 3720 3839 4119 4178 4252 435 4459 4507 4552 4630 4687 4815 4902 4951 817 855 928
1062 1143 1330 1355 1392 1423 1430 150 157 1618 1625 1740 1765 1886 1923 20 2066 2079 2126 2201 2232 2246 2249 2307 2316 2527 2531 2539 2589 2808 2877 2982 2997 3058 3162 3226 3370 3398 3475 350 3585 3667 3692 3747 3749 3781 3967 4003 4056 4076 4142 4196 4336 4344 4393 4399 4409 4428 4436 4442 4712 4739 4799 4834 4872 4946 537 742 747 799 972 973
1066 112 118 1201 1395 1772 1866 211 2212 2330 2413 2572 2884 2944 3068 3144 3173 3356 3617 3680 3696 3991 4222 4299 4515 4752 68 743 930
1057 1098 1409 1425 147 1523 1570 1614 1781 1834 1958 1989 2033 2056 2090 2192 2204 2386 2475 250 2604 2622 2645 2681 276 2826 2848 292 2980 300 3177 3233 3247 3259 3768 3914 4000 4177 429 4500 4530 4546 455 4607 470 4795 4824 4871 557 697 800
1045 1106 1118 1140 1358 1380 1602 1609 1803 1892 196 2023 2122 2154 2226 2238 2271 2281 23 2374 243 2444 2453 2513 2758 2784 2859 2914 2964 3054 3172 3314 3395 3445 3554 3555 361 3802 3847 4021 403 4078 4082 4306 4354 4382 4422 4580 4623 4725 4830 4907 4909 4946 4984 532 547 657 678 760 881 904 909
102 1089 1259 1434 1686 2 2372 2443 2612 2772 2842 2985 3065 3081 3248 3273 3401 3665 3762 384 432 4591 577
1038 109 1108 1181 1241 1328 1348 143 1442 1453 1498 1579 1581 1666 1784 2012 2054 2091 2131 2153 2178 2492 2657 2703 2864 3111 3157 3185 3281 3329 3337 3486 3509 3513 3537 36 3677 3780 3817 3847 3939 3943 4113 4199 421 4230 4286 430 4407 4474 4506 4675 4690 4726 4792 4806 4915 5 555 592 6 834 848 867 884 94 974
1023 1270 130 1432 1670 1746 1773 1795 1891 1996 2016 2059 2106 2189 2556 2600 2653 278 2802 2972 3056 3809 3993 4167 4269 4334 4379 4449 45 4608 549 771 783 963
1347 1452 1465 1636 1966 2062 2105 2617 2668 2838 3051 3067 3186 3288 362 363 367 3677 3870 3890 3916 3948 4015 4046 4059 4420 4531 531 604 744
1160 1185 1230 1239 1352 1555 1637 1731 1738 1910 1911 1935 1960 2024 2139 2171 2188 2193 232 2430 2475 2551 2641 2669 2742 2768 2878 2894 300 3059 3060 3115 3264 3378 338 3453 3470 3477 3597 3708 3798 3812 3820 390 3918 4030 4091 419 4212 4270 4272 428 4319 4388 4405 4475 4533 4682 4743 4778 4820 4840 487 4928 4983 543 621 710 745 749 964
1073 1337 1558 1595 1620 1667 1714 1774 1849 1992 2147 2441 2544 2595 2965 3188 346 3681 4130 444 456 4620 475 4923 881
1009 1082 1104 1105 1122 1281 1410 1440 1453 1464 148 1497 1524 1565 1580 1591 1613 1724 1805 1810 1901 1948 2035 2206 2295 2333 2358 2392 2428 2517 2569 2602 2607 2623 2847 285 2853 2915 295 2998 3040 3062 3090 3166 3173 3345 3452 3557 3592 3595 3678 3717 3778 3795 3821 383 3833 3879 388 3908 405 4117 4167 4168 4190 4216 4293 43 4443 4485 464 4669 4746 530 623 638 664 711 81 826 852 978 979
1074 1083 1091 1114 1131 1162 1299 1316 1338 1364 1491 1546 1587 166 1681 1700 1722 190 1983 2083 2161 2224 2581 2587 268 274 2854 2976 2999 3008 3079 310 3371 3383 3391 3599 3600 3606 3664 381 3920 3959 3969 4210 4345 4477 4528 4633 4634 4703 473 4937 501 587 590 801 899 915 941
1099 1280 1351 1702 2210 2274 2334 2720 2790 2805 2844 3331 3407 3522 3971 4029 4099 4307 4404 706 739 871 936 967
1000 1167 1319 1322 1488 1511 1819 1885 2078 2159 2408 2411 261 2729 2992 3101 3372 3424 3527 3578 359 3662 379 3791 4041 4061 4084 4159 4193 422 439 4451 4495 4542 4554 4710 4758 495 518 529 578 866
1010 1191 1494 1531 1584 164 1760 1782 1840 1975 199 2053 2061 2164 2300 2368 2534 257 2573 2973 3286 3348 3386 3497 3550 3647 3782 3803 3824 3876 4034 4049 4096 410 4124 4214 442 445 4614 4645 4678 4680 4979 709 816 841 906 92
1026 1659 1796 1865 1878 1956 1964 1988 2157 2179 2396 2484 2667 2697 271 2832 286 293 3238 3322 3381 344 3496 3501 352 3582 3618 3668 3792 3801 3976 4244 427 4327 433 4470 449 4583 4666 4681 4709 4728 4849 4959 574 628
1155 1335 1465 1547 1600 1713 1803 2352 2356 2547 2574 2747 3016 3177 3362 372 3868 3877 3886 3958 3986 406 4310 4535 619 786
1312 1313 1509 1548 1564 2006 2258 2340 2405 2471 2720 284 2887 2957 3121 3299 3343 3421 3602 3652 3666 3671 382 3937 3987 4040 4081 4205 4735 4853 4967 575 853
1039 1055 1178 1265 1333 1616 1642 1779 1790 1957 2021 2067 2302 2497 2615 2617 2683 2694 2810 2815 2947 3035 3160 3242 3258 33 3514 364 3721 3849 392 3985 4090 4322 4329 4377 4550 4660 4780 4832 4853 4925 4927 4948 525 588 701 740 957
1170 1258 1266 1272 1460 1479 1507 1513 1556 1585 1669 1708 1872 1943 197 2072 2141 2269 2286 2304 2503 2522 2528 2578 263 2638 2659 2660 2717 2752 2760 2816 2833 2839 2954 2975 298 3086 3124 3135 3140 320 3303 337 3517 3591 3598 3622 3638 3763 3779 3808 3921 3934 3956 4069 4074 4086 4242 4289 4321 4367 4470 4471 4529 4570 4600 4615 4652 4753 4782 4836 4934 594 605 664 669 716 724 764 879
1111 1161 1519 1749 1761 1819 1862 1932 1978 2044 2364 2382 2724 2938 2969 3118 3454 3834 3848 4022 4176 4271 4323 4521 4524 465 4659 4662 477 483 4921 4926 4930 64 734 758 802 838 898
1150 1209 1288 1306 1370 1387 1482 1535 1539 1705 179 1818 1861 193 1950 1972 203 2041 2219 2279 2283 2478 2499 2526 2532 2630 2651 308 3147 3149 3319 3324 3423 3451 3731 3745 3895 3929 4095 411 4249 4394 4418 4467 448 4504 4539 4677 4732 4781 4980 517 655 674 722
1061 1142 115 1211 1285 1286 1390 1522 1652 1680 1682 1693 1715 1770 1881 2127 2217 2362 2498 2508 2597 2611 2740 2757 2924 2929 294 3027 3044 3085 3169 3214 3265 3325 3416 3850 3948 3979 3983 3989 4032 41 4165 4197 4324 4347 4348 4433 4445 4683 4686 474 4774 4817 49 4906 4920 65 7 824 865 916
1005 1119 117 1173 1177 1259 1305 1376 1394 1436 1592 1612 1616 173 1756 182 1873 1897 1952 1984 2026 2046 2092 2134 2177 2199 2357 2394 2577 2690 2788 2871 2874 2903 3140 3153 3171 3217 323 3235 3256 3267 3316 3411 3435 3483 3546 3652 370 395 3978 4017 4112 4173 4298 4365 4408 4503 4517 4525 4545 4568 4648 465 4656 4779 4797 4823 4862 4889 4909 4919 493 4960 4981 499 4995 613 672 717 763 827 842 933 961 969 975 977
10 1092 1096 1179 123 1252 1264 1277 1388 1506 1582 1615 1721 1762 1806 1822 1854 1871 1920 1990 2042 207 2076 2290 2292 2296 2371 2377 2451 2496 2626 2730 2737 2741 2803 2814 2885 2891 2906 2959 3007 3029 3050 3094 32 320 3251 3284 3309 3315 3368 3431 3495 3521 3584 3648 3734 3737 3788 3838 3909 3961 4019 4054 407 4157 4162 4181 4341 4384 4421 4566 4703 4724 4764 4788 4800 4805 486 4890 491 4967 4970 552 602 612 688 922 927 935 99
1244 1300 1589 1593 1634 1998 2173 2244 2725 2739 2888 2960 3250 3376 3520 3703 3984 3997 4002 4355 4390 4833 539 981 986
1013 1035 1237 1287 1343 1480 1708 1788 1794 2223 262 2875 2925 3272 3440 3503 4362 4453 4457 4491 4640 476 641 833 873 924
1081 1113 138 1514 1596 1717 174 1882 2124 22 2236 236 237 2424 2561 2625 2693 2694 2738 2779 2792 2804 2851 2908 301 3082 316 3203 326 3304 3306 3334 3360 3414 3483 3510 3594 3604 3609 3855 4007 4160 4262 4356 4472 4734 4756 4761 4802 4819 4860 4882 4898 4913 4914 52 656 685 882
1037 1269 1349 1353 1375 1505 172 1763 1787 1823 1934 1937 2042 2050 2142 2146 2291 2342 2350 2440 2501 2618 2665 2731 3036 3049 3066 3192 3208 3277 3323 3481 3586 361 4011 4048 4089 4228 4243 4556 456 462 4714 4796 4847 4861 4893 4947 4950 4971 58 926
1085 1109 1255 1367 1445 154 16 1610 1712 1745 1788 1798 186 19 2009 2144 2155 226 2360 242 2452 2647 2680 2841 2853 2880 2910 2968 3054 3092 3244 3422 3512 3587 3653 3676 3815 3835 401 4037 4105 4194 4312 4438 457 4593 4611 4741 4816 4844 4877 4881 4911 4996 551 56 644 645 658 660 726 730 767 832 938
1021 1212 1290 1320 1816 1893 2125 2298 2323 2678 2799 3168 3317 3423 3472 3533 3558 3750 4366 4371 4419 4437 4534 4565 548 604 781 837 857 902 931
1019 1101 1261 1321 1369 1397 165 1701 1802 2071 2349 2406 259 2762 2949 3096 3350 3614 3663 3716 3730 3815 3896 394 3996 4065 4097 41 4185 4238 454 4558 4563 4569 4776 4876 4885 508 660 733 895
1455 1628 1730 1883 1889 1896 2027 2128 2459 2518 2538 2542 2675 2830 305 3174 3228 3449 3504 3603 3739 3852 3864 3917 4043 4110 413 4372 4415 4601 606 704
1245 1413 1792 2336 2892 2945 3022 3028 3144 3269 327 3541 3958 4098 4210 425 4441 4537 66 773
1094 1268 13 1327 1560 1607 1780 192 2048 2170 2397 2773 2806 2849 2869 2928 2962 3155 3660 3728 3836 3928 4139 4207 4644 4697 55 692 874
202 2094 2239 2594 2644 2861 2989 3572 3738 3882 4068 4109 4253 4277 4346 438 4410 4435 4473 591 9 940
1218 1274 1557 1606 1777 181 2270 23 2339 2402 2403 2404 2423 245 2477 2652 2865 3018 3270 343 3433 3543 3693 4121 4221 4276 4548 4715 4745 4804 4833 809
1051 121 1447 1468 1549 1674 1684 1695 1806 2001 2473 2692 2870 2917 315 3373 3399 3408 3441 3539 3560 3607 3641 3760 3772 3797 3944 3962 3999 4304 4352 4510 4708 4719 4894 583 680
1047 1120 1651 1786 2022 2209 2273 280 2881 2909 3181 3194 3813 393 4180 463 572 632 78 808 947
1198 1325 1402 1575 1750 1797 1974 2104 225 2287 267 3338 3403 3444 3658 4392 4556 593 598 712 812
1169 1207 1216 143 1492 1673 1703 1751 2257 2485 2549 2650 2729 2745 3027 3198 3241 3311 3581 3767 3883 4015 409 4158 4192 4282 4416 4631 4659 4783 4784 4794 4866 4867 556 691 806 83
1059 1060 1064 1067 1128 1224 13 1309 1341 1360 1396 1431 1433 146 1490 1543 1757 183 188 1955 2516 2817 289 2923 3112 3129 3139 3225 3252 3254 3354 340 3456 360 3813 3856 3911 4035 4038 4058 4073 4100 4127 4166 4195 4217 4241 4259 4273 4316 4369 4375 4386 4458 4562 4576 472 506 610 751 791 856 934 944 962
1011 1058 1075 1372 1621 1629 18 1809 1812 1976 2034 2162 2228 2260 2264 2510 2623 2655 2726 2792 2886 2940 296 312 3241 3312 3412 3433 3532 3605 3632 3682 371 3751 3766 3881 3922 3925 397 4013 4198 4225 4281 4325 451 4670 4747 4818 4880 4969 524 582 63 7 736 757 778 96
1069 1204 1534 1622 1827 1831 1940 2010 2143 2426 2481 256 2621 2636 2786 2941 3230 3231 3275 3353 3389 3400 3691 3699 3782 3819 3865 3953 3959 4136 4361 4369 4604 4674 4859 4950 4956 515 57 586 606 614 659
1018 1172 1410 1416 1417 1489 149 1544 1647 1842 1876 1918 1995 2445 2614 265 2679 2822 2866 2993 3004 3131 3369 3394 3507 3529 3530 3744 3799 3926 4042 4083 4103 4203 4230 4240 4295 445 4487 4567 4885 624 684
1103 114 1183 1228 1275 133 1517 152 1676 1778 1859 2045 2086 2101 2118 215 218 2332 2346 2733 2789 2820 2862 2990 3033 3240 3363 3413 3556 3765 380 3830 386 3990 42 4254 4315 4326 4560 4625 4628 4692 4886 4899 579 735
100 1050 1090 1159 1225 1441 1448 148 1619 1630 168 1841 1844 1847 1884 1898 1915 1917 1936 1949 2049 2088 2152 2167 2242 2267 2401 2506 2518 2605 2681 2744 2845 2889 2940 2967 3025 3057 3246 3274 335 3375 3437 347 3613 3672 3687 3754 3789 3794 3825 3885 3893 3908 3973 4012 4106 4111 4123 4145 4229 4312 4367 4368 4492 4509 4561 4579 4822 4839 647 662 714 733 768 821 890
1088 1478 2032 2077 2173 2207 2347 2397 2439 244 2462 2563 2642 2905 3409 3559 3589 3867 3903 3906 3912 3935 4144 4381 4602 4767 48 635 666 74
1154 1323 1383 1419 1451 1504 1667 1783 1857 1939 195 2112 2606 3001 3039 3072 3104 3141 3335 3790 639 649 73 86 860 883
1115 1174 1233 1533 1552 160 1605 1631 1653 1670 1678 1690 1776 187 1894 2037 2098 2221 2256 2315 2369 2696 2764 2795 2825 2935 2955 3089 3202 3275 3357 3366 341 3447 3489 3525 3548 3612 3644 3645 3688 3726 378 3823 3858 3927 4062 4175 4183 4305 4343 4350 4434 4586 4730 4748 4749 4895 511 545 572 667 688 746
1219 1704 1909 2075 2335 2449 2460 2624 3119 3332 3549 3635 3960 4114 4133 4236 4248 4413 4499 88
1002 1132 1227 1382 1481 1501 1502 1551 1555 1597 1656 1793 1826 1832 1864 1879 1890 1924 1931 2097 2175 2183 2253 2297 2550 2609 2826 2858 3017 3041 3125 3132 3285 3415 3488 3498 3505 3554 3608 3616 363 3678 3789 3807 3832 3907 3910 394 4006 4024 4039 415 426 4333 4342 4400 4440 4463 4468 4543 4557 4643 4762 4765 4878 4991 54 567 752 839 861 989 992
1180 1318 1500 1747 1835 2262 2284 2303 2812 2863 3375 3426 3536 3742 3774 3841 3845 3887 431 4450 4524 731 765 819
1139 1202 1273 129 170 1800 1980 2065 2087 21 2221 2709 2715 2746 288 2927 3083 3187 336 3374 3531 3619 4153 4155 4516 4522 4532 521 971 990
1 1073 1100 1134 1151 1153 1156 1310 1415 1422 1457 1577 1643 1848 1929 1977 206 2123 2132 2262 2272 228 2324 2351 238 2380 2381 2415 2417 2479 2480 2535 2648 2751 2793 2794 2856 2899 291 2952 2995 3107 3110 3116 3362 349 3528 3577 3626 3683 3755 3829 3846 3902 396 4140 416 4211 4351 4353 4482 4493 4536 4606 4662 4698 4723 4757 4786 4865 4936 4985 4990 570 653 694 702 727 779 804 823 964 968
