1086 1288 1380 1399 1679 2291 283 2833 3053 3240 3900 3981 4113 4176 4196 4436 4533 4561 466 475 627 698 785 879 958 960 
1009 1022 1062 111 124 1310 1413 1578 1688 1959 2281 2363 2367 2467 2576 2729 321 3253 3257 3611 3758 3769 3800 4057 4071 4190 4250 4363 4448 450 4698 4711 4759 4851 4939 535 539 599 606 661 709 834 931
1033 1191 1207 137 1574 165 175 1779 2027 2030 2147 2179 218 2274 2424 272 2732 2780 2843 2910 3020 3426 3462 351 3980 3995 4236 4295 4414 4445 4686 4747 652 951
1058 1086 1135 1212 1220 1381 1382 1393 1444 1586 1984 2064 2078 2435 2540 2541 2759 2844 2979 3101 3652 4064 4449 4480 4595 4673 4938 582 588 841 846
1003 1126 1196 146 1642 1709 1897 1921 1973 1977 2153 2335 2601 3086 3117 3346 3673 3883 3949 4272 4298 4392 4627 4662 4742 4811 79 859
1228 1408 1414 1415 1418 1606 1666 1964 2070 2081 2120 2205 2568 262 2653 2697 2855 2996 3238 3262 3277 328 3416 3424 3615 369 3698 3761 404 4095 4269 4652 472 4751 4754 4799 4804 688 794 828 875 947
1163 1266 1308 1320 1427 1462 1525 1530 1539 1543 1582 1599 1621 2047 2115 2366 2375 2442 2450 2463 2560 2830 2934 3002 3116 3362 3653 3725 3747 3855 3898 4005 405 4094 4133 415 4310 4371 487 56 572 827 869 887
1130 1309 1360 1387 1490 1622 1736 1967 2259 2361 2429 2496 2786 2936 3161 3200 3486 363 3782 4062 4067 4110 419 443 4531 4539 4542 4675 4861 4914 509 632 70 811 82 870
1065 1221 1511 1536 1549 1575 1626 1763 1770 1848 1993 2085 220 2414 2536 2939 2984 3105 3255 3487 3626 3734 3814 3887 4123 4344 4363 4559 4715 4944 740 762 810 921
1290 1309 159 1733 174 1863 2220 2231 2233 2445 2575 2707 2726 3519 3843 3893 3913 4063 4073 4081 440 4414 4564 4644 4803 546 806
141 1515 1547 1712 1861 2046 2084 2457 2521 2565 2636 271 2728 3165 3216 3252 3265 3425 3435 3441 3477 3539 3678 3682 3701 3870 3929 394 4080 4209 4367 4430 4489 4530 4537 4793 4816 4854 4907 4919 4947 581 715 802 846 850 853 86 925
1039 1041 1180 156 1640 1929 2874 2932 3275 3496 3607 3803 3994 4119 4206 4223 4307 4560 4583 4601 4621 4865 4871 590
1015 1123 1232 1286 1352 1396 1458 1482 1555 161 1633 172 1780 1870 1954 2043 2200 2453 246 2482 2562 2586 2718 2745 2891 2892 2898 2985 3067 3097 3118 323 327 3352 3437 3515 3622 3644 3730 3776 3854 3864 3914 3921 4038 4116 4127 4184 4229 4352 4381 4427 4437 4563 4565 4586 4730 4827 4878 4881 4884 4913 4990 61 64 727 739 751 766 780 788 813 845 886 90 949
1042 1061 1101 1134 1306 1445 1521 1662 198 2022 2024 207 219 2215 2218 2219 2256 2280 2336 2353 2443 2494 2831 2935 294 3009 3034 3047 3088 3185 3215 3264 3273 3295 3328 3361 3453 3575 3628 3666 3740 3751 378 3789 3797 4280 4302 4474 4506 4669 4703 474 4766 4780 4782 4812 4976 538 55 585 638 641 66 777 816 99
1013 1026 1104 1129 1172 1302 1347 1389 1482 1678 1740 1781 180 1803 1818 1842 1860 1932 2024 2093 2214 2258 2381 2390 245 2469 2514 2533 2552 2626 2642 2655 2677 2713 2748 2758 2779 2873 2909 2966 3013 3103 3192 3196 3197 3278 3288 3339 343 3446 3449 3481 3484 3485 3557 358 359 3667 3668 3699 3784 3804 3960 398 4128 4135 4145 4168 4228 43 4317 4407 4472 4482 4523 4538 4600 4616 4734 4890 4908 4942 4996 50 511 52 556 559 611 639 668 726 84 878 888 969
1024 1055 1080 1137 1254 1357 1371 1437 1443 1471 1489 1562 160 1629 1648 1746 1760 1925 2142 2198 2204 2241 2306 2416 2511 2553 261 2614 2853 2907 306 3143 3246 3356 3401 345 3558 3683 39 4177 422 4286 4368 4402 4428 4549 4689 4705 4707 477 4796 548 60 644 675 684 894 914 970
1095 113 1204 1208 1224 1244 1245 1337 1367 1404 1436 1502 1517 1605 1627 1702 1750 183 1915 2016 202 2195 2252 23 2438 2483 263 2672 2882 2941 3015 3095 3201 3256 3364 3394 3504 3562 3627 3703 372 3935 4036 4040 4178 4254 4346 4360 4361 4476 450 4527 4739 483 4840 4860 521 576 685 705 707 708 745 939 963 969 970
1037 1045 1088 1348 1440 1694 1713 1723 1727 1737 1807 1997 2049 215 2162 2163 2191 2203 229 2306 2696 277 2836 2941 3517 3685 3686 3924 395 3970 4090 4243 442 4425 4643 4682 4769 4781 4877 520 597 737 837
1113 1120 1152 1197 1217 1287 1343 1346 1422 1463 151 1569 1570 1597 1732 1734 1739 1784 1798 1812 2094 2130 2156 2230 2282 2297 2345 2393 2433 2458 2478 2523 2539 2627 265 2658 2670 2740 2763 2868 2921 3 3032 315 3247 334 3366 3379 3393 3502 3681 3696 3762 385 3954 4065 4165 4167 4185 4318 4359 4429 4510 4512 4524 4600 4677 4722 4784 4949 4969 4993 556 589 691 817 854 901 994
1341 1419 1464 1468 1503 1532 1985 2045 2048 2166 312 3307 3386 3411 3724 3874 4007 4502 619 695 823 941
1046 105 1142 1191 1215 1330 154 1589 1593 16 1742 1774 1788 1905 1995 2023 2036 2076 2121 2149 2184 2186 2352 2354 2392 2398 2426 2428 243 2470 2597 2710 2719 2744 2799 2808 2849 2885 29 293 2963 2973 2980 3061 3076 3077 3116 3131 3169 317 3174 3237 3366 3387 3488 3749 3790 3819 3917 3920 3931 3938 3963 3999 4016 4026 4042 4104 4164 4209 4220 4262 4386 4457 4517 453 4553 46 4622 4667 469 4740 4823 4839 4916 4953 4980 4999 637 650 667 67 756 774 849 863 935 948
1906 198 2004 2026 208 2190 2388 2517 302 3637 3951 3965 413 4320 4327 4547 4681 4716 602 648 73 792 867 94
1057 1253 1545 1571 164 1780 1791 2185 2403 2417 2579 2592 2769 3353 3380 3466 3512 3827 4037 417 4208 4249 4279 4438 4639 4712 65 755
1010 1012 1324 1968 212 2273 2350 2383 2757 3357 3550 366 3689 3805 391 3987 4462 4853 718 722
1017 1066 1388 1644 1658 2604 2707 2922 3060 4004 408 4131 4137 4358 577 594 621 646 808 865
1529 1590 178 1902 2002 2124 2197 2308 2529 2607 2671 3074 3313 3377 3559 3571 3903 399 4219 4325 4424 4801 4911 621 993
102 1081 1235 1253 1339 1354 1615 1744 2373 2505 305 3054 3513 3636 423 4348 4534 467 48 599 991
105 1115 112 1173 1179 1400 1561 1616 1617 1675 1677 1765 1783 1859 1994 2034 2069 2183 2397 2440 2515 2546 2596 2683 2741 2757 292 3343 3374 3402 3977 4215 4342 4522 4701 4874 4885 533 536 550 591 767 80 894 962
1031 1153 1534 1610 1759 2323 240 2406 2747 3000 3338 3415 3432 4360 4383 4645 4865 504 571 747 923
1028 1098 110 1190 125 1261 1358 1398 1435 1447 1495 1507 1551 1593 1609 182 1875 188 2031 2075 2088 209 2133 2265 2276 2287 230 2377 248 2507 2620 2630 2753 2764 2897 2937 2972 3000 3071 3218 3274 3332 3371 3409 3604 3606 3669 3733 3741 383 3875 3905 4051 4144 4152 4160 4162 4204 428 4321 4323 4349 4413 4415 4471 4483 4607 4617 4634 4775 4826 4829 4831 4862 4902 4927 4928 4997 52 526 544 633 662 663 682 72 798 83 928
1083 1148 1328 1349 1646 168 1789 1862 193 1939 1955 1991 2007 2061 2074 2099 2126 231 2311 2346 2385 2410 2423 2460 2503 2512 2524 2534 2557 2635 2675 2863 2885 2940 2961 3001 3052 3122 32 3261 3268 3269 331 3483 3520 353 3632 3845 3953 4205 4239 4309 4314 4328 4384 45 4504 4574 4584 4614 4618 4649 4692 4847 4894 4917 501 530 829 836 895 941 951 961 974
1064 1089 1094 1278 1294 1488 1674 1738 1961 200 204 2079 276 2776 2824 2852 2991 3156 3213 3245 3318 3322 3392 3444 3574 3846 3865 3919 3952 3996 4001 4098 4314 4509 4602 4636 4637 4666 470 4717 4896 531
1094 1159 1301 140 1451 1644 1756 1868 1953 1987 2111 2144 223 2402 2474 2500 2538 2570 2970 3308 3314 3376 352 3646 3833 3881 3988 4103 4379 4495 456 4596 4732 4809 4859 4935 528 551 62 724 803 857 964 988
1063 1085 1110 1151 1171 1247 1304 1305 148 149 1596 1603 1651 1686 17 1797 2109 217 2195 2265 2286 2384 2439 2498 2501 2502 251 2556 2564 2584 2588 2593 2595 2645 2773 2916 2927 2957 2968 2997 3031 3091 3171 319 3231 3254 3292 3367 3479 3510 355 3593 3744 3917 3942 4019 4046 4112 412 4193 4222 4231 4336 4340 4394 4577 4611 4708 4779 481 4880 4955 4972 4977 522 640 649 673 77 982
1032 2160 2300 2784 2929 299 2998 3155 3164 3281 3284 338 3414 3482 3560 3656 3735 3750 3825 3862 3868 4029 406 4093 4244 429 4319 4378 441 4470 4678 4886 4982 4988 581 626 64 693 703 719 789 832
1099 1131 1501 1758 1775 2181 2497 2714 2886 2999 3617 3623 3657 3939 4415 4417 4484 451 4942 6 71 714 906
1025 114 1504 1641 1689 1909 192 2 2021 241 2695 2976 3320 3321 3342 3348 3630 3700 3801 3932 3969 4130 414 4230 4426 4526 4898 540 996
1020 1043 1091 1111 1143 1186 1239 126 1262 1279 1295 131 1353 1375 1449 1453 1483 150 1518 170 1785 1849 1858 186 1872 1951 1966 20 2096 2206 2226 2248 2294 2296 2351 2355 2477 2548 2580 268 2711 2721 2746 2752 2818 2820 2881 2905 2908 2911 2985 3072 3138 3147 3160 3198 3225 3234 3267 3274 3290 3405 3541 3549 3601 3707 3722 3886 396 3985 400 4114 4148 4200 4247 43 4338 4541 4573 463 4674 4737 4900 4992 598 613 625 702 840 844 873 876 929 936 938
1012 1021 1033 1108 1171 1189 1394 1977 1981 211 214 2269 2288 2319 2549 3043 3083 3303 3373 3613 3856 3897 4218 4335 4351 4406 4487 4535 4685 743 75
1379 1552 1598 1612 1816 1871 2202 2643 3958 4030 4294 4477 4481 464 4658 4704 4958 5 966 979
1117 1267 1364 1423 1461 1476 1523 1776 1895 2008 2127 2135 222 2227 2244 2298 2307 2364 2365 2489 2492 2651 2756 2825 2856 2986 31 3102 3111 3158 3168 3195 3250 3267 335 3398 3491 3492 3514 3534 3620 3654 3675 3752 3778 3802 3826 3922 393 3974 3998 4210 4283 438 4390 4508 460 4791 4798 4825 4912 492 4994 508 532 571 622 624 710 752 804 882 930 975
1087 1293 1300 1317 162 1699 1837 1882 2187 2255 3578 4041 4256 4316 4343 458 4585 472 545 660 685 891
1014 1053 1078 1176 1240 1268 1292 1395 1463 1767 1777 1785 1806 1852 1898 2068 2087 2146 2189 2421 2484 2610 2633 2722 2772 3153 3175 324 3309 3406 3438 3455 3565 3591 3642 367 3738 3830 3847 3864 3975 3993 4058 4075 4322 4471 4498 4760 4785 4834 4965 502 507 605 654 791 830 848 88 986
1055 1102 1161 1218 1280 129 1600 163 1647 1787 1988 2038 2211 2235 2267 2488 2667 286 2865 3104 3135 3137 3228 3301 3312 3325 3360 3551 3605 37 3721 389 409 4134 4369 457 4642 4696 4743 4792 4842 4845 4932 4968 5000 607 839 843 910 917 990
1048 1144 1260 1273 1276 1320 1424 1450 1576 184 1874 1881 1884 1891 1931 2261 2312 2324 2378 238 2405 2425 2528 255 2693 2777 2861 2878 2889 2930 3030 3089 3121 3124 3125 3127 3172 3183 3190 33 3341 3351 3368 340 3430 3439 3440 346 3468 348 3501 3527 3569 3585 3590 3600 3608 3687 3728 3836 3853 3930 3957 403 4045 4053 4091 4132 4194 4315 4461 4492 4519 4521 4602 4789 4836 4857 4876 4934 4937 4946 4971 512 566 586 592 608 614 674 699 723 735 835 925 943 985
1016 1059 1070 1149 1185 1188 1292 1359 1442 145 153 1531 1676 1772 1808 1904 1926 1934 1970 2011 2097 2136 2194 227 2343 2559 257 2585 2622 2659 2729 2783 2790 2792 2880 2926 2954 2964 3018 3037 323 3336 3350 3358 3395 3461 3544 3552 3706 3774 382 40 4019 4048 4068 4076 4120 4129 4170 4182 4355 446 4528 4578 4630 4918 4922 515 573 576 696 706 732 742 803 854 91 976
1105 1109 1509 1801 1826 2167 2173 2369 2471 2525 2776 281 2924 3005 34 3451 3467 3511 3607 3663 3908 4109 4419 4434 4727 4744 4773 4871 4932 4962 517 697 866 980
1217 15 1526 1579 1725 1730 1846 1922 2018 2232 2285 2287 2401 2419 2628 2699 2702 2829 284 3130 3188 3203 3313 3423 3972 427 4523 4734 779 793 918
1030 1079 1174 1264 134 1429 1466 147 1592 1800 1942 1947 203 2046 2062 2102 2122 2134 2139 2328 235 2446 2565 2568 2598 2599 2644 2650 2767 3145 3293 3319 3473 3538 3745 3767 4108 4163 4251 436 4389 4422 4480 455 4592 4599 4603 4611 4788 4805 4830 4848 497 505 568 578 628 631 694 754 787 89 952
106 1138 1211 1233 1344 1377 1425 1620 1665 1721 1752 1873 191 2013 2124 2275 2293 2339 2376 2551 2569 2578 2639 2685 2704 275 2821 2854 2915 2955 3042 3055 3111 3141 3193 3219 3272 3300 3525 3573 365 3799 3941 3966 3983 4028 4141 4171 425 4252 4292 4335 4443 4515 4516 4613 4641 4702 4731 4850 4869 491 4948 593 704 720 741 765 768 995
1051 1145 1165 1268 1522 2196 2209 2221 2251 2310 2325 2330 2332 2388 2454 2559 2590 2992 3084 3113 3488 3563 3568 3727 390 3978 4121 4397 447 4594 4926 4966 4979 534 562 898 899 916
1118 1182 1235 1383 1500 1584 167 1716 1835 1962 2047 236 2440 2530 2640 2742 2828 3070 3133 3623 3668 3746 3757 3786 3880 3940 3946 3968 4085 4337 4605 4666 4700 4763 4904 629 669 707
1069 1096 1128 1140 1259 1271 1282 1299 14 1430 1491 1566 1585 1618 1635 1691 1701 1707 1756 176 1802 1822 1829 1845 1887 192 1950 2014 2020 2112 213 2177 2210 2345 2427 2455 249 2506 2508 256 2589 2634 2681 2725 2761 2774 2870 2918 3044 3106 3142 3150 3191 3235 3258 3260 330 3310 3326 3333 3365 3390 36 3631 3651 3661 3679 368 3680 3872 3889 3915 4008 4035 4136 4214 4217 4289 4305 4468 4543 468 4771 4821 4826 4837 4922 537 561 580 74 744 757 805 856 920 965 97 98
1157 1311 1313 1496 1497 1920 2246 260 2641 2755 2789 2906 313 3536 3690 3766 3792 4113 4155 4235 4278 4493 4593 4713 4720 877 908
100 1059 1183 122 1265 1272 1526 1528 155 1563 1605 1616 1621 1693 1706 1764 1815 1839 2100 2269 228 2283 2295 2304 2347 2358 2370 2396 2404 2456 2473 2688 2787 2813 2925 2956 3003 3058 3082 3112 3123 3224 3459 3480 349 3533 3638 3641 3743 3759 3802 3811 3831 3871 3899 3955 3991 401 4018 4039 4047 4118 4166 4288 4296 4301 4350 439 4664 4899 498 499 564 676 690 759 782 819 868 919 981
1243 1301 1374 1550 1556 1559 1568 1711 1763 1800 1813 1834 1876 1896 1958 2006 206 2072 2077 2145 2169 2295 2387 2406 2434 2491 2516 254 2542 2544 2816 2949 2974 3050 3062 3081 3110 3152 3202 3229 3244 326 3264 3302 3320 3385 347 3503 3555 3581 3587 360 3671 3708 3893 3904 3907 3988 4 4011 4124 4135 4149 4207 4299 4308 4400 4465 4638 4651 4656 4709 4765 4770 4846 486 4905 4952 505 514 553 570 726 753 892 959
1011 1027 1034 1159 121 1281 1282 1755 1771 1779 182 1927 2059 2238 2422 2504 2531 2543 2545 2730 2778 2913 3068 3159 318 3315 3421 3506 3529 3570 3603 3781 381 3832 387 3882 3904 3911 3927 3989 4025 4057 4525 4694 4699 4853 4986 4998 603 604 956
1002 104 1154 1167 117 1234 1246 1527 1697 1924 2082 2091 2217 2369 2449 2484 2493 2567 2591 2609 2694 2867 291 30 3029 3063 3171 3177 3248 3306 3359 3454 3499 3521 3523 3588 3618 3756 377 3773 3892 3947 4333 4374 4377 4401 4485 4581 4659 4743 4774 480 4856 4960 523 555 58 596 647 717 746 815 825 881 955 968
101 1203 1391 143 1467 1519 1596 1663 1715 1729 1885 1900 2052 2243 2275 2348 244 2574 265 2679 2785 2815 2838 2869 2877 2916 2981 3122 3144 3301 3340 3431 3861 3869 4034 4144 4238 4505 4597 4649 4756 4773 4778 4828 734 776 808 87 897
107 1147 1195 1303 1362 1365 1366 1512 1535 1546 1611 1708 1980 2150 2157 2249 2313 2334 237 2444 2520 2577 2615 2664 2850 295 2973 2990 3006 3059 3115 3206 3251 3280 3299 3383 3462 3637 3650 3693 371 3714 3791 3888 4069 4084 4140 4177 4181 4291 4347 4365 4460 4498 4807 4815 4838 4852 54 595 634 797 998
1004 1122 1158 1201 1370 1394 1406 144 1469 151 1635 1825 1853 1880 1899 1914 196 1990 2074 2103 2125 2270 2462 2526 2547 2638 2690 2805 2812 2841 2901 2920 2944 3311 342 3469 3472 3498 3549 3589 3629 3710 3737 3742 3772 4000 4012 4169 432 4427 4555 4620 4635 4654 4657 4683 473 4735 4758 476 4810 4849 4879 4883 4889 4909 545 567 663 665 911 912
1093 1156 1216 1327 1338 1409 1441 1467 1474 1669 1940 2208 2600 2903 3181 3369 3503 3567 3851 3944 4060 4191 4283 4795 4817 4822 587 784 786
1084 1329 1581 1710 1751 1819 1827 1857 1989 2010 2131 2237 25 2613 2679 2701 2766 2771 28 285 2952 2995 3085 3399 3475 3664 3709 3765 3783 3828 4028 4054 4101 4153 4192 4233 4242 4362 4373 4544 4567 4631 4809 4816 4892 4943 4967 563 681 701 872
1054 1107 1123 1133 1139 1236 1703 1719 1746 1766 1795 1821 1988 2040 2058 2132 2410 266 2762 2800 2883 2945 3028 3217 3266 3372 3448 3450 3526 3532 3583 3720 376 3770 3777 3817 3858 3882 3945 4169 4241 4245 4290 4306 4394 443 4491 4536 4609 4628 4655 4806 484 4895 506 650 692 858 864 884 890 905 989
115 1207 1307 138 1673 1690 210 2322 2365 2558 2676 2806 3279 3282 3495 3771 3848 3912 4202 4757 489 686 700
1076 1106 1175 1178 1257 1332 1378 1634 1683 1761 1771 1866 194 2212 2292 2334 2447 2481 2499 2535 2539 259 2612 2678 2687 269 2983 3042 3065 3086 3107 3334 3382 3384 3478 3500 3531 3573 3670 3694 3853 3857 4100 4175 4212 433 4345 4376 4431 4488 449 4494 4524 4606 4806 584 601 612 630 687 7 749 842 943 946 947 957
1112 1166 1446 1510 1718 18 1814 1960 2071 2089 2254 2341 2348 2411 2459 273 2750 2751 287 3157 3509 3711 4092 424 4518 4588 4710 50 583 653 821 866 87 940
1001 1160 1498 1634 1724 1969 2170 2228 2686 2781 2795 2906 2919 2967 3045 308 3149 3210 3327 3443 3447 4004 4061 4139 4189 4353 4410 47 795 807
1007 1035 1193 1213 1237 1321 1399 1412 1421 1460 1516 1523 1624 1636 1654 179 1817 1830 1889 1908 1917 1935 1986 2159 2234 2344 2436 2486 2550 2587 2608 2637 2709 2822 2845 2858 2872 2900 3049 3069 3108 316 3355 3553 3566 3572 3602 3643 3823 3835 3943 4013 4032 4183 4192 4226 4240 4273 431 4391 4411 4579 4631 4748 4873 4887 490 503 560 778 96
1385 1726 1795 2056 2158 2257 2483 2538 2573 2662 2914 3010 3133 3223 3546 3662 3753 4010 4409 4469 4470 4529 4794 802 999
1 1015 109 1184 123 1256 1283 1291 1296 1299 1402 1443 1542 1587 1639 1669 1695 1773 1782 1915 1923 1944 1945 1974 2071 2167 2213 2318 2331 2374 2413 2706 2797 2817 2839 2842 2884 2890 2950 3007 3078 3092 3107 3120 3294 3345 3386 3412 356 3785 3806 4044 4072 4078 4105 4188 4194 4324 4375 4382 4388 4393 4416 4509 4843 4875 4936 4964 4983 4985 4987 517 574 611 670 713 721 81 812 861 889 93 932
1040 1340 1355 1397 1420 1681 1741 1769 1823 2114 2123 216 2165 2320 2357 2368 2536 2617 2851 2896 2938 298 3016 3027 3222 3323 3401 3417 3418 3436 3677 3729 3779 3859 3863 3923 3925 3933 4024 4174 4203 4399 4442 4545 4572 4630 4706 4723 4728 4745 4790 4838 493 543 679 796 820 915 972
1219 1312 1480 1772 1851 2108 2148 2665 2700 280 2807 2875 2879 3242 3296 3464 3936 4143 4395 4467 4613 4625 589 9
1124 1266 1428 1459 1481 1538 1580 1700 2155 2409 2479 2689 2733 3022 3051 310 3109 3189 3471 3493 3576 3663 4023 4122 4151 4285 4420 4444 4478 4693 4813 4864 4897 4910 4911 4989 549 618 744 801 885 950
1062 1199 1314 1319 1524 1743 1912 1918 1963 2042 2044 2106 2151 2342 2360 2465 2509 2510 2594 2632 264 2720 2760 2814 2871 3060 3243 3291 3317 3363 3407 3408 3577 3684 3775 3788 3850 3971 4059 4117 4519 4684 4783 51 53 847 926 992
1198 1289 1323 1364 1448 1520 1540 1573 1595 1604 1614 1637 1655 1664 1807 2019 252 2620 2674 2893 2978 3020 3075 3090 3150 3199 3232 3679 373 3794 3902 4201 4277 4316 4332 4558 4571 4786 4888 4973 526 656 672 822 933 968
1209 1326 1475 1649 1916 1979 2117 2327 2561 2701 2919 3025 3033 3066 3697 3839 3858 3952 417 4172 4211 4266 4329 4589 4714 4819
1119 1250 128 1384 1485 1619 1841 195 2066 2083 2135 2262 2305 2420 2606 2665 2712 2947 2965 3180 3328 3465 3499 3597 4248 4546 4695 4866 4901 572 642 730 880
1136 1456 1473 1493 1498 1585 1601 1650 1667 1747 1757 1972 2032 205 2168 2180 2189 2199 2333 2380 2712 2793 2977 3017 3249 3396 3422 3518 3731 3767 3838 4020 4106 4297 4458 4562 4587 4640 465 478 56 565 610 725 782 874 934 971 987
1005 1049 1164 1200 1331 1390 1401 1501 158 1602 1615 1722 1744 1748 1753 1762 1828 1855 187 1982 2029 2178 2185 2272 2276 2279 2303 2329 2338 2372 2452 2519 2652 267 2703 2734 2784 2804 2809 2810 2847 2859 3029 3046 3048 3182 3204 3232 337 3400 3497 3592 3616 3822 3849 388 3918 4044 4079 4089 410 4161 4179 4366 4550 4557 4619 4661 4665 4679 4776 4863 4951 496 541 557 579 750 800 877 954
1097 1206 1251 166 1705 1838 1847 1867 2009 2073 2164 2225 2250 2394 2451 2522 2668 2733 2735 2788 2796 288 2953 3063 311 3276 3547 4052 422 4246 4454 4513 4614 488 4974 4978 542 643 761
1074 1092 1169 12 1405 1477 1557 1704 1865 2039 2192 2236 2263 2264 2271 2408 2555 2583 2601 2739 2823 2834 2934 3019 3089 3094 3098 3374 3404 3489 3508 3586 3672 3755 3829 3910 3940 3999 4186 4227 4288 434 4392 4463 4496 4501 4676 4764 4800 4975 547 680 756 775 909
1141 1227 1258 1263 1433 1577 1631 171 1735 1998 2104 2112 2128 2140 2161 2245 225 2266 2314 233 2418 2582 2595 274 2802 2857 2951 3064 3112 3184 3210 3285 3335 3354 3406 344 3548 3610 3717 386 3873 3926 3948 4142 4159 416 4352 4403 444 4623 4668 4755 4768 4867 510 519 658 76 771 781 790 967
1071 1114 1241 127 1318 1336 1373 1410 1411 1417 1597 1628 1671 1748 1850 1890 1895 19 1941 1983 2050 2051 2080 2086 2098 2152 2171 2175 2176 2239 2654 2663 2724 2738 2777 2848 2860 2862 3023 303 3146 3151 3167 3282 329 3316 3324 3381 3391 3428 3457 3539 3594 3595 3597 364 3713 3780 379 3813 4074 4097 4195 421 4243 4268 4405 4455 4598 462 465 4687 4772 4832 4841 4851 4895 495 4957 4970 4995 551 600 643 644 677 927 973
1019 1029 1038 1073 1077 1150 1164 1192 1275 128 1376 1423 1434 1452 1455 1541 1560 1652 1768 1769 1810 1879 1952 1992 2067 226 2289 2302 2326 2399 2430 2463 2468 2581 2616 2692 2768 278 2787 3021 3040 3093 3297 3298 3460 3540 3660 3692 3726 3824 3884 4014 4027 4083 4099 411 4199 4225 4336 4356 4435 4439 4490 4569 4597 4615 4633 4634 4641 4658 4680 4746 4749 4750 4814 49 494 4940 4950 4984 518 525 616 671 764 799 826 907 913 92 937
1177 1225 1252 1322 1552 173 177 2118 2222 2371 24 2592 3038 3041 307 3187 3226 325 3433 4082 4257 4423 4719 4738 712
1528 1613 1754 1971 2055 2065 2412 2490 2962 3241 3304 3388 3614 3705 3934 3961 4003 4050 4088 4380 4550 4725 4844 534 738 944
1125 1153 1205 1316 132 1342 1486 1513 1553 1790 1913 2028 2032 2041 2095 2107 2217 2356 2464 250 2571 2602 2731 2969 301 3039 3096 3221 3428 3442 3470 3554 3561 3621 3640 3648 375 3812 3844 3964 4035 407 42 4319 4417 4433 4464 4568 4632 4762 4789 4899 4961 636 758 760 770 862 997
1128 1170 1285 1351 1465 152 1572 1643 1680 1726 1793 1824 2284 2317 2437 2566 2610 2621 2625 2629 263 2684 270 2832 3021 3079 3139 3307 3413 3429 3434 3456 3748 3768 3770 3928 3979 4043 4150 4276 4293 4327 4387 4503 461 4767 4837 4963 502 651 85 902
1050 1082 1372 1508 1542 1591 1653 1703 1714 1886 1901 1957 1996 2054 2290 2349 2623 2648 2782 2866 2894 3026 3030 304 3056 3080 3214 3344 3463 3505 3530 3533 3649 3655 3719 3746 380 3840 3842 3891 3906 3976 3990 4009 4015 4070 4096 4111 4213 4287 4312 4548 4659 4691 4721 4724 4725 4833 4933 4996 513 666 68 831 977
119 12 1214 130 1333 1500 1514 1833 1969 2063 2154 2240 253 2624 2749 2931 3011 361 3796 3805 3986 4158 4180 44 4450 4451 4521 4672 552 664 69
139 1492 1653 1721 1869 1892 2110 2119 2143 2182 2245 2247 2362 2563 2677 289 2904 2912 2942 3008 3077 3173 3331 3624 3795 3956 4002 420 427 4284 4514 4548 4648 4741 4893 4915 4958 500 615 849 860
1284 1369 1487 1745 1946 2116 212 2513 2754 279 2803 281 2958 2986 3270 3289 3349 3409 3528 3537 3545 3634 3703 4031 4341 4385 4520 4590 4653 736 809 942
1018 1040 1474 1684 1894 1916 2791 2888 2923 2982 3212 367 3962 4022 4263 4647 4886 733 748 978
1056 1222 1231 1484 1661 2057 221 2605 2649 2714 2794 2899 3035 3162 3170 3207 3239 3517 3760 3810 3890 3973 4271 4282 4304 437 4688 4802 900
1360 1717 1933 1999 2000 2141 2532 3119 3490 3522 3639 370 3877 3885 3960 4216 4311 435 4540 4716 729 945
1162 1223 1345 1432 1820 1843 1928 2015 2017 2090 2174 2607 2611 2708 2928 3217 3659 3727 3841 3871 3879 4125 4257 4404 4475 459 4612 4650 479 4882 59 728
108 1090 1103 1368 1403 1541 1555 1811 1831 189 1936 2025 2100 2268 2321 2554 258 26 2826 2895 2975 3004 3186 3375 3619 3645 3734 3793 3815 4126 4221 4440 4671 4808 731 852 924
1554 1642 1794 181 2461 2811 309 3179 3260 3427 3584 3665 3816 3866 3895 3896 4459 4507 4670 4753 4954
1000 1008 1210 1656 1749 1832 2129 2391 3073 322 3220 333 3704 3712 3867 4173 4331 4456 4503 529 833
1047 1298 1325 1428 1558 1724 1866 2266 2495 2666 2682 2717 2735 2765 2775 2991 3132 3269 3286 3445 3599 366 3689 3695 3718 3808 384 3852 3992 418 4267 445 454 4870 4906 78 896 903
1052 1075 1132 116 1181 1229 1238 1242 1249 1350 141 1470 1506 1543 1598 1856 2003 201 2033 2224 2340 242 2432 2572 2646 2698 2770 2801 2924 2987 3227 3233 3271 3329 3524 354 3702 3716 3760 3763 3798 3820 3837 3967 4017 402 4066 41 4138 4155 4187 4253 4281 430 4354 4432 448 4575 4580 4582 4753 4920 554 569 683
1006 1068 1155 1202 1457 1472 1537 1544 1553 1623 1645 1840 2037 2359 2527 2661 2680 2765 2933 2959 2981 3100 3154 3208 3209 3230 3288 3330 35 3543 357 3596 3598 3688 3787 3879 3959 3997 4055 4107 4232 4396 4452 4500 451 4511 452 4777 4787 4820 4843 4872 4923 623 658 871 893 904
1127 1270 1355 1582 1583 1632 1687 1745 1809 1991 2105 2106 2337 2400 2537 2960 2994 3012 3139 314 3140 3283 3337 3410 3764 3818 4046 4261 4270 430 4372 4532 4551 4570 4736 4752 4812 4824 4868 4945 655 95 953
1226 1334 1607 1657 1682 1792 1893 1937 1945 1948 21 2169 2342 2362 2480 2691 2819 2837 2946 2989 3057 3118 320 3325 3494 3691 3754 3916 3987 4049 4087 4175 4197 4313 4398 4446 4624 57 631 667 818 855 922
1361 1454 1479 1548 1565 1588 1630 1659 1731 1799 1919 1949 199 2315 232 2475 2619 2721 297 3087 3148 3178 3206 3211 340 3483 350 3579 3582 3736 392 4115 4145 4156 4258 4265 4326 4330 4412 4586 4761 482 4924 516 659 921
10 1036 1044 1060 1100 120 1274 1426 1494 1499 1505 1533 1587 161 1625 1639 1670 1696 1698 1778 1796 1805 1854 1930 2137 2138 2201 2216 2395 2441 2448 247 2485 2491 3024 3085 3136 3236 3378 339 341 3458 3497 3505 3542 3545 3556 362 3809 3834 3876 3878 3901 3937 3956 4077 4102 4152 426 4300 4357 4408 4466 4479 4626 4690 4704 471 4718 4793 4818 4981 575 620 716 893 984
1067 1356 1407 1660 1685 169 1692 1903 2022 2092 2118 2127 3099 3185 3564 3739 3900 3909 397 3973 3984 4086 4129 4237 4303 4554 4604 4685 4977 711
1072 1230 1335 1439 1728 197 1975 1978 2242 2415 2476 2657 2705 2716 2876 3129 336 4010 4056 4260 4339 4364 4556 4629 4726 524
11 1127 1277 135 1363 1431 1446 157 1652 1668 1720 1786 1888 190 1907 1976 2053 2060 2253 2299 2389 239 2562 2647 2660 2715 2723 2798 2835 2864 2917 2988 2993 300 3114 3166 3305 3370 3419 3452 3476 3507 3696 3732 374 38 3821 3982 4033 4157 4255 4334 4379 4497 4610 4729 4733 4858 4929 4954 4959 617 689 772
1116 1146 1168 1844 1877 1883 2001 2172 2736 2743 3036 3128 3633 3635 3647 4234 4447 4660 783 814
1023 118 1248 1297 13 1315 136 1386 142 1451 155 1594 1636 1878 1911 1943 1944 1956 2101 22 2229 224 2260 2379 2386 2407 2431 2472 2590 2603 2656 2669 2727 2771 2840 2846 296 308 3176 3194 3263 332 3347 3389 3580 3609 3715 3809 3860 3894 4146 4154 4224 4259 4473 4499 4552 4576 4769 4797 4921 4930 4941 4956 4991 504 527 635 645 8 851 860 905
1190 1194 1255 1269 133 1392 1438 1478 1638 1699 1938 2005 2188 2207 2250 2948 3014 3371 3378 3516 3674 4198 4264 558
1121 1187 1416 1567 1672 1910 1965 2012 2193 2223 2466 2488 2887 2971 3259 3397 3625 3676 4033 4147 4421 4566 4608 485 4891 657 769 824 883 983
103 1385 1564 1608 1804 1836 185 1864 1973 2034 2035 2113 2207 2277 2278 2301 2309 2316 234 2382 2451 2487 2518 2618 2631 2673 27 2737 282 2827 2897 290 2902 2943 3126 3134 3163 3205 3287 3355 3403 3420 3474 3535 3612 3658 3698 3723 3758 3774 3807 3950 4006 4021 4112 4274 4275 4329 4370 4418 4441 4453 4486 4487 4527 4591 4646 4663 4697 4835 4855 487 4885 4903 4925 4931 4990 609 63 678 763 773 838
