1290 1379 152 3234 3296 3462 4088 4226 4344 4554 4849 4871 873 
188 192 2027 2127 2137 258 295 314 3507 3595 3649 3929 439 4525 4678 4681 4849 4947 69 956 981
1408 1525 1566 1766 1962 1968 2354 2745 3480 3542 3720 4015 4088 4143 4409 4876 4949
1302 1358 1702 1907 2917 2956 3292 3570 373 375 3938 4431 611 930 949
1548 1748 1931 194 2165 238 2655 3102 3182 3478 3737 4387 4876 4888 547 973
1028 1209 1240 2 2172 2512 2600 2675 2884 3393 342 3507 3715 4498 4529 4736 4922 683 711 805 845
1314 1432 1544 1659 2003 23 2467 2902 2997 3170 3427 3442 3862 407 4156 4318 4356 4636 4655 4662 546 634
1004 1033 195 2266 2439 2558 2644 2911 3125 3275 329 334 4035 4209 440 4682 4882 628
1093 1499 1520 1831 1907 2015 2502 3067 3210 3682 3810 3842 4000 4020 4973 743 836
1428 1436 1540 2404 2470 260 2935 3054 3223 4149 4810 746 768
112 122 1229 1503 1529 168 1719 1889 1941 2063 2197 2280 2478 2961 3170 3261 3373 3654 3673 4550 4646 4924 8 801
1011 1063 1109 1990 2391 2433 2740 2930 3523 4693 4736 733
1027 1076 1122 1192 1405 1458 152 161 1701 1723 1791 1917 20 2072 2184 2250 2265 283 299 3056 3201 3251 397 4097 4217 4366 4458 4471 4500 4842 4844 4936 602 664 759 800 874 906
1022 1271 1767 1984 1987 2021 2171 2301 2313 2386 2744 303 3059 3089 3461 3537 362 373 3871 4093 4209 4258 4387 441 4624 4702 4795 4850 4935 4972 56 75 860
104 1147 1241 1245 130 1358 1360 1431 1528 1610 166 1683 1694 1801 203 209 2189 2198 2478 2494 2904 3007 3019 3084 3195 3221 3238 3468 3697 372 431 4335 4339 4429 4459 4632 4843 4848 4933 643 658 721 785 801 857 858 860 925
100 1054 1358 1583 1632 1892 1917 2156 2359 2421 2461 2571 3042 3093 3175 3304 3346 3644 4015 4141 4226 4276 4357 4497 4580 4582 4623 4893 532 950
1287 1291 1397 1586 1627 1665 1731 1756 1772 1870 1972 1999 2203 2526 2580 2649 2995 3126 3189 3190 3349 3821 4318 4450 4578 4609 4720 4799 4907 495 640 910 946
102 148 2004 25 2739 2981 3101 3103 3182 3295 3507 3568 3660 4035 4049 4265 443 4480 4485 4624 4682 544
1097 122 1241 1420 1558 1834 1857 2013 2334 2340 2515 2804 2951 296 3129 3325 3334 3572 3654 4133 4170 4298 4549 4580 4666 479 4852 4983 4995 519 575 677 74 757 796 811 817 846 899
1209 1608 169 1761 1934 2111 2315 4059 4613 4877 660
1022 1033 1112 1154 1213 1450 1477 1486 1565 1572 1864 1939 1990 2161 2269 2523 2589 2671 2819 2924 2995 3021 3128 3185 3258 3277 3467 3528 3759 3766 3944 4051 4322 4379 4528 464 4752 4753 4879 4908 513 519 550 73 854 896 899 932 975
1636 1642 1774 2124 2427 2710 3507 3815 390 536 582 847
1010 1084 124 217 2652 2870 2922 2982 3073 3101 3353 4669 688 733
1039 1073 1229 1662 2240 279 3126 3185 3906 4128
1766 1953 1961 2370 2503 2818 3300 3629 3982 752
1194 1339 1843 1969 2299 2312 37 409 4094 4367 4882 712
1984 2338 2980 3507 42 4428 4623 625 864 942
1542 1678 1726 1799 1834 1939 2333 2826 2973 3062 3099 3346 3939 4048 4056 4464 4530 4607 4833 489 4922 789
1073 1809 1952 2251 3790 3865 4624 4671 4747 960
104 1097 1161 1249 1275 128 1291 1360 139 1457 1496 1556 1694 1728 1766 1792 1812 1855 1984 2039 2180 2284 2294 2354 2390 2864 3173 3539 3633 3675 3694 4004 4009 4074 4152 4291 431 4549 481 4821 4833 4860 647 904 969
1121 1292 152 180 1917 1920 1944 1955 2083 2139 2168 2294 2453 2470 2581 2590 2675 2698 2719 2890 3346 3387 3675 3676 3683 3887 3937 4023 4115 4128 4337 4355 4388 4916 4980 611 775 782
1081 1246 1260 176 2013 2130 2476 2581 3346 3512 3589 3594 3654 3760 3847 3891 4142 4222 44 4901 731
1046 1144 131 1497 1514 1789 2029 2030 229 2496 2810 3478 3577 3788 383 41 4101 4297 4333 4708 488 635
104 113 1224 1287 1407 1452 177 1802 1828 1914 1917 2038 2707 2994 2998 3080 3185 3437 3629 3863 387 3873 3890 4204 4311 4465 4601 4701 4751 4894 4924 495 4987 5000 607 913 977 982 987 994
140 1507 1660 1885 2203 2208 2223 2433 2922 2998 3033 3413 3714 4075 4321 4352 4932 560 589 618 952
1070 135 1603 169 191 2283 229 2494 2605 3817 602
1022 1024 122 1383 1513 1709 2328 2995 3204 4272 4636 4848 565 589
1005 1041 1169 1199 1230 1344 1349 1477 1606 1719 1939 204 2046 2057 234 2506 2590 2873 3169 3171 3210 3359 3403 3740 405 4165 4206 4367 4381 445 4503 4685 4702 4796 4797 4807 4808 4811 4887 4941 4975 519 532 577 59 611 733 9
1074 1240 1281 2226 3133 3398 3765 3871 3884 4053 4329 654 735 95 966
1605 3011 3025 3102 3610 3694 3710 399 49 853
1172 1204 1325 1460 149 1491 1563 175 1844 1934 2165 2175 2354 2395 2534 2684 3185 3204 337 3595 3808 3974 3988 4214 4227 4329 4589 4784 4833 4916 4953 4964 550 615 674 981 99
1199 1848 2696 2796 3056 3538 3577 3700 4030 4554 501
1090 136 1669 1755 1883 2130 2240 2413 2435 2664 2666 2939 2998 3077 3173 3204 3705 3842 3882 3999 4073 4165 4350 4386 4625 4841 504 784 837 946
1209 129 1488 2096 2270 2791 3054 3085 3170 3273 3705 3790 4042 4204 4223 444 4741 4811 4833 4849 587 613 737 769 954
1044 1250 1257 1349 1424 1870 2080 2210 2413 265 2819 3133 3146 3156 3173 3307 3452 3530 3629 370 3771 3794 3806 3935 4049 408 4209 4226 4251 4341 4396 4425 4428 4682 4795 4841 4920 4938 566 586 6 667 671 756 824 830 845 857 996
1363 1507 1527 1529 1578 1632 1667 1700 1749 1907 2142 2223 2456 2628 2645 3198 3279 339 3415 3589 3694 3740 3817 3909 404 4061 4245 4260 459 4640 4649 4683 4790 4945 4957 496 752 867 913
10 1948 2081 2264 3108 313 3135 3478 3513 3818 3974 4161 4222 4877 533 866
1240 1519 2176 2577 2581 3518 358 3597 3693 374 4020 4261 4379 4399 541
109 1175 1215 1236 136 1373 1588 1594 1730 1751 1818 1835 1883 1990 1998 2494 2976 301 3157 3202 3517 3787 3944 4367 4376 4413 455 4678 602 682 793
1120 1217 1490 1814 2033 2123 2240 2299 2332 2409 2629 2743 2881 2998 3 305 3126 3168 3240 3491 3501 36 3721 3895 3954 4004 4036 4147 4259 4641 4803 4868 4875 4877 4960
111 1122 1243 1287 1721 1825 209 2415 2573 2726 3007 3012 3058 3441 3577 3631 4235 436 799
1031 1209 1250 1499 1608 1904 1943 2266 2281 2333 2794 3037 3056 3702 4071 4222 4379 4564 677
1022 1038 104 1156 1233 1325 1477 1599 1721 1924 1948 2104 2130 2199 2276 2306 2318 235 2394 2487 25 2640 2696 2761 2765 2930 2971 3127 3174 3224 3251 3361 3855 4311 4402 4463 4475 4608 4640 4664 4682 4833 4844 4976 4980 540 548 584 59 994
1944 2555 2653 2860 3251 3299 3327 3758 3821 3974 4178 4679 780
1073 1474 1622 167 178 1787 1799 2027 216 2265 2533 2756 2776 2795 2799 295 3007 327 3278 328 3305 3357 338 3446 3507 3845 3938 4122 4306 4322 4466 4472 4501 4920 493 4966 647 656 705 801
1062 1306 1558 1603 1650 1689 1716 2109 2216 2338 2478 2572 2626 2672 2922 3296 3344 3557 3804 3828 3911 3938 4017 4121 4172 4219 4256 4286 4340 4558 4652 4678 4693 4716 4747 4835 4854 4974 4996 689 71 875 890
1440 2003 2101 2116 2215 2418 2453 3012 3190 3329 3751 4210 4218 4254 4262 4409 4410 4520 4671 4679 4768 4982 544 670 719 872
1091 1092 1213 1593 1602 1704 1707 1784 1928 1948 2142 2467 2605 2745 2772 2795 2894 3154 3353 3514 3536 3717 3834 384 4274 4308 4373 4398 4461 4709 4924 684 829
1112 1208 1377 1543 1694 1857 1889 2034 2139 2221 242 263 2744 3264 369 4038 4108 4495 4656 4800 496 566 851 993
1061 1082 1154 1468 1478 177 1889 2125 2294 2494 2746 2785 2966 307 3171 3654 409 4200 4345 4368 4636 4676 4742 4765 4932 4945 4948 501 551 743 931
1003 1030 1209 131 1465 1694 2007 2041 2180 2590 263 2693 3063 3069 3111 314 3206 3302 3957 4076 4253 4261 4296 431 4481 4533 4590 4639 4655 4661 4767 550 602 721 732 753
1275 1345 2333 2546 2674 2882 321 327 4146 4646 4716 4816 503 536
1309 1362 1461 1620 1971 201 2431 2533 2535 3115 3180 3267 3281 3528 3688 3758 4219 4512 4676 4751 4781 4810 4892 4963 550 597
1163 1184 1233 1363 1378 1479 1602 1870 193 2162 2316 2744 2930 3018 3257 3311 336 3650 379 3790 3821 3829 4134 4165 4202 4296 4322 4645 4785 4906 589
102 1410 1619 2240 2333 3034 3113 3577 3650 3919 735
1135 141 1629 1684 187 2203 2236 2469 2549 258 2723 2902 3061 3132 3157 3169 3231 3390 3398 3415 3544 361 3823 3841 4069 4292 4299 4320 4322 4398 4500 4901 4905 670
1278 1443 148 1816 3036 342 3705 3817 3909 4212 4271 4385 4401 445 4548 469 4932
1507 1782 1889 1969 2029 2435 373 3968 4088 435 4398 4699 4922 531 755
1119 1319 1446 1668 1718 1798 2031 2171 2322 2394 243 2439 2672 2891 30 3103 3159 3190 3376 3390 347 3753 3762 4145 426 4287 4418 4501 4588 4798 4905 59 752 94 963
1256 1298 2233 229 2912 3218 3954 3994 4554 670 913 958
113 148 1490 1524 1634 1641 1917 1928 2197 2351 2543 258 2605 2615 2729 2819 289 314 3204 3308 3473 3478 381 4004 4037 4148 4157 4281 4325 4379 4517 4604 4892 4920 4961 51 588 624 687 733 967 981
1101 1233 1379 1416 1452 148 1608 1741 1809 1833 2243 2266 2352 2577 3101 3335 3520 3909 3948 409 4332 4387 4441 4489 4636 4738 4841 545 801
1400 1458 1507 1558 2041 315 3190 4020 4340 4459 644 670
1172 1338 1957 2656 2675 2679 2922 295 3102 3572 3577 3834 3842 4209 4267 4459 4516 4597 4751 4785 4945
1285 1340 1576 2171 2299 2359 2480 2874 2881 3169 366 3806 3863 3879 3979 3996 4139 4209 4383 4448 4616 4920 750 891
1622 1923 1975 2285 2294 2477 2525 2529 2625 2859 2905 3011 3334 3725 3790 3792 3881 4599 4635 589 718 720 972
1734 2039 2165 2203 2944 3087 3656 3995 4676 4905 594 835
1913 2155 2666 2730 2870 2969 3472 364 3821 4128 4868 4916 4940 87 964 983
1394 1558 1944 1965 1995 2719 2960 3162 3434 3655 3740 4084 4116 4273 428 4432 4540 4563 4669 4882 4948 566 576 768
1058 1069 1166 1274 1336 1371 1452 1506 1550 1727 1750 2010 2106 2294 2330 2342 2346 2368 2435 2470 267 2743 3056 3080 3110 3251 3406 3570 3613 3629 3728 38 4175 4210 442 4699 4820 4854 526 77
1229 1710 1887 2085 2724 3003 3126 3176 3508 3808 4043 4250 4294 4311 4439 445 4538 549 632
1211 1622 1627 1834 2138 2226 2349 2451 2685 2870 3645 3783 3877 4044 4227 4409 4577 4678 4789 4792 4888 501 580 606 735 857 863
1050 1505 1901 2048 2130 2333 2344 2354 2382 2397 2413 2439 2619 2816 2858 2930 2983 2990 3390 3448 349 3629 4222 451 4817 4888 4901 550 728 827 899
1001 1022 1117 1384 1547 1839 2003 2134 2239 2240 2258 228 269 2715 3190 3194 3204 3209 3353 3570 3675 3922 4025 4094 4120 4128 4210 4222 4230 4310 4734 4798 483 4846 4849 4898 4949 4973 4981 532 768 788 973 992
1125 1243 1275 1287 1358 1374 1608 1789 1839 1857 1984 2040 2247 229 2321 2376 2424 2536 258 2819 2949 2966 3008 3012 3017 3139 3169 3399 3478 3797 3852 4163 4315 461 4613 4617 4646 4828 4849 4988 568 641 825 855 878 979
1038 1159 1216 1363 1968 2197 2333 2361 2414 3027 3169 38
1567 1810 2134 2425 2469 2594 3283 3589 3595 3773 4026 4340 951
1325 1391 152 1928 2041 2111 2134 2156 2206 2223 2226 3125 3150 3343 361 3819 3946 3982 4083 4175 4209 4387 4546 4757 4911 4949 571 574 673
1120 113 1363 1657 1681 1723 1742 2045 2202 2242 2356 255 2621 3000 3021 3052 3164 3210 3229 3685 3927 4128 4161 4839 566 841
1168 1182 1193 1383 1494 1507 1685 1827 1834 1847 1917 2142 2282 277 3024 3125 3394 3552 3637 3665 373 3790 3814 3868 4165 4192 4453 4472 4580 4673 4679 768
1507 1739 1743 1994 2097 2107 2374 2743 2987 3958 4165 4199 4892 521 898
104 1290 2051 2253 2483 2833 3206 3584 3588 3695 4117 4428 4585 4605 4612 4682 4982 665 762 936
1023 1126 1325 1363 1599 2736 3022 3470 3534 3703 3710 3711 4068 4753 984
1721 1819 2643 3316 3415 3694 3772 378 4128 4533
1143 1260 1853 2182 2326 2373 2439 2525 3053 3133 3353 4222 809 973
1334 1977 2323 2649 3661 4139 4379 515 657 762 894
116 1189 1243 1866 1996 2203 2343 2478 3125 3215 3650 3715 4720 554 694 834
1209 153 1617 2516 2781 2946 3158 332 3342 4060 4304 4348 4386 4848 5 521 658 735
1370 2165 2399 2727 3052 3308 3443 3573 4003 670
2003 2188 2918 3186 3719 3764 4004 41 532 673
1016 1200 1251 1372 1712 2073 2214 2227 2437 331 3366 3664 3723 4593 4606 4651 4669 83 862
1231 1240 1462 153 1657 2009 2103 2240 2276 2352 2355 2359 2365 2559 2665 2999 3104 3799 3808 4094 420 4350 4625 4671 4695 4828 4836 4993 523 842 85 923
1112 1289 1345 1379 1387 1407 1622 1657 209 2478 2540 2554 2851 3226 3319 3409 3528 4069 4296 431 4420 4547 4889 544 64 696 781 810 946
1116 1316 1349 1358 1467 1809 2178 2230 2468 2592 2663 2687 2803 3974 4328 4570 4639 4711 4987 546 891
102 1264 168 1964 2278 2470 2662 270 2751 2997 3011 3170 3967 4047 4210 4227 4521 4549 4686 4715 4993
1173 1836 2039 2345 2394 251 2627 2728 2898 2975 3131 3654 3729 3767 4080 4107 4311 4775 4815 4848 4993 68 946
1097 1291 1403 182 2032 2044 2142 2144 2146 2163 2192 2299 2389 2636 2717 2719 3021 3109 3383 3440 3943 3959 3982 403 4239 4301 4323 4423 4497 453 4561 4570 4638 4878 4991 743 877 908
142 1841 2287 2435 259 3216 3249 3741 3984 4035 4370 495 670 675 762
1499 1980 2224 2557 2696 2811 3011 3564 3925 4022 4322 637 733
1103 1120 1323 1332 136 1477 1531 1690 1838 2135 2400 2712 3043 3251 3261 3604 3710 3744 3747 4241 4261 4386 4398 4720 4736 4740 4783 4947 52 544 623 801
1126 1435 1783 1988 2223 2486 4386 4708 4947 703
1124 1213 1240 144 1452 1682 1803 2067 2205 2340 2448 2480 2752 2881 3080 3373 3423 3467 3608 3626 3675 3758 387 4088 4165 4238 4329 4350 4495 4549 4728 4747 4928 513 856 989
1192 1233 1379 1723 240 3322 3346 3453 3528 4495 4916 645
1122 148 1829 284 2870 305 3245 3690 3694 3721 4196 4449 4671 513 860
1038 1092 1210 1290 1326 1333 1458 1529 1563 169 1969 1985 2027 2204 2245 2341 276 2870 3136 3153 3320 3658 3659 3683 3687 3710 3736 3783 3938 3944 4091 4570 4580 4855 4939 519 538 572 685 690 787
102 1092 2012 2186 2223 2335 2439 2777 3170 3188 3334 3415 342 3499 3521 414 4228 4455 4472 4592 532 821 822 845
1407 1674 1826 1944 2082 2597 2606 2930 3114 3505 3553 4109 4384 4438 4785 4841 635 857 869 893
1153 1199 131 1310 1390 1490 1674 1799 205 2193 2482 2505 2695 2795 2876 3126 314 3353 3374 3501 3581 3629 365 3709 3769 3789 3802 3880 4049 4130 4296 4459 4509 4570 4801 4856 4967 589 647 703
2026 2093 2463 254 2678 2744 295 4945 77 902 961
1191 1602 177 2280 2402 2523 274 3209 3721 3874 3903 4554 4646 4922
1241 1248 1365 1602 1632 1687 1690 1852 1883 19 2090 22 2210 2358 2413 2881 3173 3233 3507 3570 3653 3739 3740 3817 387 3908 4161 4182 4275 4434 4488 4553 4623 4625 4647 4702 4706 4716 4856 4885 4963 525 639 819 857 988
1184 1241 1398 172 2256 2280 2474 2475 2533 2547 278 3187 3334 3371 3411 3482 3528 3848 4198 4338 4459 4484 4641 4672 4868 606 614 799 84
1092 1126 1725 1789 2002 2265 2273 229 232 250 3184 3334 3395 3622 3738 3779 3816 4021 43 4361 4497 4526 4666 4679 4699 4810 4815 4841 903
115 1172 1250 1412 152 1627 1934 2074 2075 2480 3060 4069 46 839
101 1137 1344 1368 2039 2065 2071 2322 2354 2574 2633 2634 2707 3031 3740 3851 3944 409 4244 4340 4434 4624 465 4699 598 756
1033 1197 1499 1845 1968 1986 2298 2355 239 2433 2446 25 2666 2738 3028 3289 3783 3808 3821 4428 4433 4445 4473 4692 4815 4832 4855 4888 4920 4924 556 703 899
1038 1597 1969 2122 2467 2493 2866 4318 4386 4980 597 703 905
1454 157 1575 2165 2702 3806 3984 53 583 764
1120 118 1250 1599 160 1728 1797 1871 1875 2205 2252 2340 2372 2410 2457 2467 263 2649 2919 2955 2985 3094 3482 3603 3621 3709 3910 3964 3982 4624 4751 4815 4859 4948 4971 4982 509 58 647 77 868 972
104 1073 1559 1608 1638 1714 2217 2432 3308 3334 3467 4278 4641 58 842
1073 1122 1154 1210 1287 1327 1380 1401 1430 1625 1765 1766 1789 2092 2095 2156 2165 2197 2311 2352 2622 2649 2774 2881 295 3076 3354 4570 4669 4763 4877 4895 4994 520 891 899 9 976
1092 163 1711 1948 1968 2219 2469 3210 3260 335 363 3668 38 756 994
110 1170 1294 1984 2210 227 2514 3125 3746 4259 4651 676 994
1218 1260 1917 1937 3015 3170 3213 3346 3754 4877 633 701 799
103 1126 1666 2327 2354 2500 3075 3286 3569 3980 4625
1145 117 1229 1407 1530 1639 1789 1839 1851 2165 2231 2352 2590 2647 2696 2719 286 2997 3103 3209 3261 3274 3430 3562 3577 3791 38 3863 387 389 3933 3951 4313 4397 4583 4694 4707 4876 4949 4952 4973 597 677 948
1120 1213 1354 1377 1458 1502 1780 2002 2069 2114 2149 2501 2577 2586 2609 270 2718 2789 2872 2930 2942 3102 3220 3493 3541 3623 3628 3790 3806 3820 3821 399 4289 4631 4643 4855 4862 4871 4884 4905 4948 513 518 521 59 619 695 707 749
1240 1337 1628 1655 1940 1965 2309 2680 2745 2922 2965 3126 32 3590 3650 3811 3938 3969 3977 4205 4257 4259 4312 432 4382 4591 768 871
1126 1154 1201 1383 1477 1690 1789 1861 1902 1973 1981 2354 2379 2470 25 2532 2669 2678 2696 2779 2813 2927 2998 3117 314 3306 3501 3593 3740 3812 3839 4046 4111 4119 413 4189 423 4296 4497 4655 4702 4798 4822 4876 4947 4970 519 681
102 1136 1186 1212 1830 2099 2139 2293 2314 2678 2690 3020 305 3185 3235 3559 3984 4269 4296 4407 4552 4669 602
1209 122 1240 1321 1344 1733 177 1834 1868 1934 1959 2118 2606 2995 3037 3054 3171 3263 3447 3705 3966 4159 4343 4542 4624 4699 470 4744 4848 4912 4962 586 655 748 909
1073 1087 1108 1110 1266 131 1318 1349 1492 1546 1799 1909 2000 2019 2111 2126 2130 2405 248 2480 2606 2654 2719 3050 3064 3071 3142 3272 3288 3297 342 3431 3471 3591 361 3835 4167 4236 4687 4810 4945 4951 4959 4969 703 842 921
1618 2089 2130 2139 2151 2226 3482 371 3758 4067 986
1644 1839 2091 2307 2467 25 326 3511 3567 3759 3938 3955 924
1344 2260 2871 3095 3228 3380 3587 3954 4127 4311 534 658 845 973
1040 1149 123 1351 1858 1894 2205 2235 2436 2465 2578 2602 262 2672 2901 2997 3133 3487 3601 3692 3709 3711 4069 4545 4595 4623 4630 4699 4932 735 780 944
1033 1345 1418 169 1857 2035 2708 2745 2815 282 294 2970 3012 3182 320 3842 3930 4560 4751 726 981
1529 2257 2614 2674 2781 2870 305 3123 3482 3494 4856 791 81
1312 1516 1602 1786 1789 1948 2023 2577 3030 3291 3454 3682 3717 3917 4164 419 4240 4782 4795 4854 4947 722 92
1025 1057 1219 1291 1480 1587 1603 161 1624 181 1922 2134 2206 2413 2453 2584 2596 2694 2996 3124 3163 3337 3457 3783 3918 3950 4095 4370 4457 459 4844 4987 916
1111 120 1214 2111 2228 2413 2434 3373 3533 3695 3717 4128 4574 4655 4922 721 780
1282 150 1611 227 2417 2433 3004 3315 3355 3420 3695 3864 4472 4905 677 937
2299 2632 2997 3105 3778 3976 536 765 77 941
1129 1192 12 136 1532 1622 1690 1820 198 2265 2419 2743 2778 3007 3107 3137 3182 3410 3413 3649 3666 3740 399 3997 4390 4575 4581 463 4950 4993 513 521 566 586 70 733 933 945
1032 1158 1363 1452 1545 1640 1870 2112 2686 2869 3080 3303 356 3776 3858 4089 4261 4414 459 4854 4894 506 90
1172 1993 2039 2171 2363 2737 2750 34 3682 3721 4277 4495 484 4859 532 804 971
1006 136 1364 1518 1723 1778 1965 2056 3020 3183 3334 352 3834 4016 4161 4197 4243 472 4833 891
1034 1563 1579 1744 1859 1889 1908 2041 2156 2203 2229 227 2292 2322 2360 2396 2445 2524 2606 2978 3103 3119 314 3179 3185 3276 3478 3488 3655 3992 4020 4079 4204 4331 4500 4623 4659 4722 475 647 740 756 778
1037 107 122 1311 1632 1728 1926 199 2025 2142 2205 2212 2885 2892 3169 327 3405 3752 3871 4113 4139 4387 4417 4438 4586 4611 4780 4916 546 658
1243 1433 1504 1589 1804 1974 2088 219 2581 2648 2674 308 3262 3363 3413 3650 3705 3750 3817 4268 4713 4720 539 813
1013 1383 2003 2359 2570 3531 3629 3682 3683 3715 3953 3984 4055 4336 530 589
1405 1627 1934 1939 2121 2266 2565 263 2649 288 305 3169 3185 323 3478 416 4370 4379 4544 4623 4642 4669 4890 4932 494 4963 838 859 997
1199 151 1560 1569 1719 2682 2807 2926 31 3296 3784 3804 3811 4063 4451 4468 4905 606 762 772
1267 1345 1721 184 1949 2163 2171 2433 2453 2577 2921 306 3126 3165 3209 3333 3373 3647 3704 3758 3763 3846 391 3984 4072 4102 445 4724 4795 4947 589 714 738 9 973
1123 1899 1992 2611 2913 314 3450 3599 3834 4386 4721 622 669
114 1353 1383 1421 147 1477 1529 1635 1737 1770 1879 1880 1986 2029 2052 2059 2075 2158 2279 229 2291 2606 2631 2666 2829 2836 3012 3047 3190 3261 3390 3857 387 3909 3983 4158 4161 4197 4219 4305 4699 4704 4838 4854 4940 501 914 920
113 1328 1348 1680 1815 20 208 210 2102 2128 227 2359 244 2469 2590 2703 2863 2934 3125 3192 3309 3380 3400 3477 3683 3707 3804 3834 3869 3984 4050 4096 4151 417 430 4434 4640 4730 4736 4751 485 4896 4927 790 977
1012 1237 1723 221 223 2533 2581 2674 2743 2830 3103 3655 3860 3885 4106 602 980
1343 1427 1944 1976 2033 2086 2248 2394 2806 2857 317 3334 3667 3759 376 4888 513 680 86
1133 1184 152 2181 2289 2760 3035 3408 3618 4859 611
1243 1330 1360 1367 1719 2134 2209 2439 2605 2606 2675 2759 2902 3122 3261 3373 3491 3528 3529 3711 3742 3901 412 4201 431 45 4569 4572 4666 4708 4714 4769 4992 611 91 912
1610 1645 1837 1945 1969 2352 237 2581 2832 2903 2922 3007 3046 3170 3373 3463 3501 3712 3909 3918 3934 3974 4015 4139 415 4181 4282 4307 4828 713 941
1290 1870 2197 2205 2800 3012 3253 3547 3652 691 831 991
1151 1728 211 2511 3007 346 3467 3701 4018 4075 4888 519 663
1114 1202 1221 1259 1291 1534 17 1723 186 1881 189 1918 1986 2179 2210 2377 2467 2525 263 2670 2745 2790 2853 2902 3020 3178 3380 3616 3706 3909 3914 3941 3982 4041 4415 4444 4625 4733 4755 48 4863 4902 4993 566 860 940
1162 1299 1415 1708 1846 1991 2029 2606 270 2802 3574 3589 3811 4175 4222 4478 4570 705
1407 1543 1632 2013 2021 2029 2567 2577 2675 2747 3054 3362 3370 361 3926 4015 4161 4204 4365 4506 4543 4582 4613 4648 474 4785 501 58 7 779 998
1291 2026 2232 2241 2769 3012 327 3501 3572 3595 4035 4922 791 857
1255 1580 1697 2029 2331 2827 2854 3102 3418 3572 3949 4171 58 606 815
1033 1389 1543 1773 1788 1986 2163 2275 2453 2744 2952 3072 3330 3496 3572 3801 3804 3821 3834 3871 3993 4094 4161 4179 4205 4398 4549 4629 4708 4729 4810 4816 4853 4886 4901 4954 586 597 621 791 844
1132 119 127 1475 161 1616 1882 2027 2722 3041 3155 3190 3308 3380 3528 3635 3650 3709 3856 4135 4259 4350 4663 4748 4761 892
1083 113 1653 1695 185 1947 2795 2967 3402 3675 3863 4175 4225 4894 579 756 828 897
1356 154 1557 173 1766 1896 206 2429 2435 2533 2691 2719 2931 2953 3006 3524 4049 4411 4725 4816 4828 4848 4982 511
1026 1141 1459 153 2265 2405 258 3585 3654 3774 3923 4393 4527 4669 4751 4856 4949 780 919 999
1126 1138 1185 1250 1675 1925 2016 2132 2213 2444 2462 2556 2605 2781 2805 2870 2871 2875 3133 3206 3380 3401 3506 3525 3954 4075 409 411 4175 427 4400 4434 4779 4855 4869 4871 4914 502 561 592 620 761 80
1032 1122 1233 1280 1290 1350 1484 1693 1694 1883 1886 1897 1936 2033 2203 2333 2513 263 270 2781 2966 322 3378 3407 3715 3962 4210 4226 460 4788 4798 4900 4922 743 766 848 887 972
1126 1954 2197 2322 2338 2568 3495 3566 3579 3984 4219 4460 4501 4641 4747 546 59
131 1466 1599 2861 3444 4116 4398 4982 708 762
1064 1379 1590 1651 1794 1799 1895 2591 2603 3020 3806 3981 402 4640 4671 4720 4746 4798 4894 510 978 990
1022 1096 1190 1265 1455 1602 1862 1939 1956 1983 2002 2021 2111 2348 2393 2527 2599 2604 27 2867 3056 3102 3173 3185 3222 3283 3419 3563 380 3822 3942 41 4279 4340 4500 4566 4580 4623 4678 4737 4756 4827 4978 501 505 529 585 677
1059 1183 1196 1377 1832 2142 226 2480 2613 3210 3832 4716 670
1097 153 1674 1694 2223 2385 2469 2577 258 2743 3261 3675 3817 4224 4848 4877 495 4982 679 721
1210 1551 164 1869 2041 2120 252 2661 3056 3086 3177 3182 3204 3206 333 3804 4007 4497 4582 4882 569 9
1345 1758 2467 2666 4549 4554 4636 4720 54 544
1033 1075 1097 1178 1363 1599 1969 213 2422 3023 3039 3467 3498 3549 4318 4351 4523 4557 476 4833 4871
1120 2470 2582 314 3206 3219 342 4125 4945 4980 610 849
1315 1512 1719 1907 20 2210 2220 2420 2781 3125 3481 3821 4227 4264 4340 4646
1094 1157 1233 1288 1349 1499 1604 2021 2075 2108 2257 2405 2478 2601 2914 2916 3014 3268 3663 3669 3947 4166 4186 4191 4358 4363 4375 4403 4504 4603 4753 4948 705
104 1122 1341 1458 16 18 1898 1934 2002 2047 327 3392 3466 4020 4139 4392 4474 4655 4677 4804 4811 710 752 946
1352 1558 1729 2183 2672 2678 3029 3255 3484 353 3589 3721 3804 3990 4075 4210 4442 4613 4620 4667 4816 4916 857 9
1275 1296 131 136 1447 1448 1536 1600 1627 1951 2005 2041 2166 2267 2303 2412 2470 2539 2550 2795 2819 2823 2922 2995 3020 3049 3081 3261 3380 3404 3777 3833 3844 3932 3944 4204 4205 4434 4831 4931 4980 521 524 635 641 762 773 832 915 934
1080 1358 1369 1405 1417 2024 227 2608 2998 3205 3265 3556 3589 3716 3717 4634 4693 57 972
1270 1677 1768 2450 2453 3251 3426 3768 3842 4318 4497 635 673 927
1020 1692 1970 2018 2134 2525 2843 2846 2879 3020 3037 3068 3261 3843 3918 3982 4416 445 929
1154 136 1377 1554 1759 1789 1891 1990 2054 2322 2519 2989 3157 3353 3570 3592 3715 3758 3920 3938 3940 3987 4015 4259 4515 452 4671 477 4778 741 850
1098 1243 1284 1290 1386 156 1607 1721 1839 1929 2033 2302 2581 2672 2688 2709 3080 3083 3598 3695 3705 3711 3918 3965 4424 4472 4495 4514 4666 4888 4915 4944 555 586 606 721 771 791 907 974
102 1115 1229 1273 1458 1652 1779 1968 2013 2163 2180 2394 2413 2423 2522 2745 2755 2806 2821 2878 3007 3055 3338 3412 3415 3642 3643 3954 4015 4032 4040 4088 4175 4227 4327 4347 4395 4412 448 4830 4883 4892 4945 4990 705 742 89
1865 222 227 2305 2347 3436 3485 3486 361 401 41 4259 4394 4679 55 648 670
1029 1293 1325 1379 1857 1883 1946 2277 3312 3589 3963 4367 4582 4721 4785 673 918
1442 1872 2180 229 2408 2930 3101 3236 3952 3972 4015 480 4888
1223 1233 148 1614 1632 1673 1921 2062 2413 2458 2566 2781 2812 2977 3078 3140 3171 3284 3380 3449 385 4456 4495 4637 468 4721 4828 4873 4894 567 586
1032 1073 1250 161 1719 1769 1919 1984 2110 2426 2494 2590 295 2998 3096 324 3280 3369 3385 3459 3711 3724 3781 3795 3808 41 4329 4370 4554 4639 4823 4844 4897 4901 4903 4916 527 536 606 647 693 733
1301 1458 2240 2308 2317 2455 2459 264 2692 2806 2920 3054 3266 3347 3353 3859 4027 4161 4283 4459 566
1192 1203 1317 1325 1713 197 2276 2299 2369 2766 2925 3294 3377 3811 4004 4011 4177 4188 4193 4266 4303 4311 4404 4482 454 4636 4655 4980 649 752 880
1549 1928 2064 2105 2835 2871 3209 3251 3595 3783 3945 459 743
1112 1209 1349 1399 1637 177 1808 183 1969 2237 2587 3308 3372 4556 4841 4849 791 994
1018 1290 1406 1509 1724 1811 1933 2053 225 2324 2438 2466 2488 2642 2798 3037 3080 3171 3227 3803 4103 4153 4219 4428 4443 4636 4651 4682 4847 4923 61 641 801 913
1112 1167 14 1490 1558 159 2013 2033 3715 3866 977
11 1907 2265 2641 2865 3182 3204 3649 3808 3974 450 4949 536 747 77 97
1128 1358 1453 1939 2744 2795 342 4069 4434 4811 860
1052 1079 1092 1206 1275 1441 1627 1632 1824 1839 2026 2084 2148 2167 2194 2206 2352 2464 2480 2521 2581 2646 2713 2819 2871 298 3353 3358 3532 3785 3918 3936 4029 4069 4197 4203 4209 4227 4370 445 4721 4947 496 497 4984 683 763
1184 1603 1989 2560 2617 270 3380 3680 4165 418 4993
1032 1172 13 1663 170 174 1944 2658 3026 3382 3435 3467 4211 4353 4434 4510 4549 4579 501 842 93 941 962
119 1521 1543 1562 169 2268 2338 2533 2659 2834 3011 3102 3152 3646 3721 4020 4033 4646 466 629 780
1113 1130 1210 1213 1254 1735 177 1776 1915 1965 20 2078 2139 2211 2218 2271 257 2700 2754 2947 3082 3208 3269 3501 3675 3709 3806 4 4100 4205 4334 4377 4438 4440 4651 4693 4772 4806 4856 496 4980 4989 501 507 521 668 683 780
1015 1244 1360 1385 1715 1762 1863 2171 2517 2856 2888 3052 3308 3379 3390 361 3654 3683 3689 3709 3786 394 3956 4324 4452 462 4747 4795 4811 4882 4892 546 881
1213 132 1345 1489 1939 2002 2026 2280 2286 2405 3317 3389 3425 3546 3558 3615 3629 3632 3695 3696 3715 3842 3912 4078 4088 4391 4447 4511 456 4576 4651 4679 471 4762 4766 482 4844 4910 546 617 635 756 78 994
1334 1596 1630 1728 258 3054 350 3550 4210 4329 4894 780 981
1053 1252 1360 1674 2257 2352 2433 2491 25 2720 2841 2910 2972 3103 3130 3133 3173 3207 3270 3709 3735 3973 399 4039 4322 4342 4387 4472 4696 4751 4826 605 646 725 735
108 20 2523 2666 2674 2801 2940 3417 3694 4173 4987 673
1045 1258 1286 1423 1439 145 1537 1990 2061 2139 2222 2416 295 3066 3698 3715 3871 4247 4446 4467 4689 4940 939
1060 1176 1199 1239 1247 1538 2171 2375 258 2806 3384 3429 3482 3502 3627 3780 3982 4219 4421 4496 4508 4675 4940 703 972
1199 1241 2011 2295 2469 256 263 2988 351 4128 4625
1077 1150 1291 1377 1717 1809 2037 2340 249 2651 2995 342 3805 4317 4346 4409 4438 4487 4582 467 4690 4723 4736 4949 631 678 683 745 946
113 1192 1238 1344 1419 161 1857 1903 1905 2021 2075 2113 2134 2509 2576 2672 2707 2742 2938 2958 3037 3157 3469 361 3651 3928 4131 4205 4349 4472 4491 4582 4594 4651 4655 4676 4679 4882 4929 677 806
1422 1968 2020 2355 2719 3080 3157 3416 3595 422 4318 4370 4408 4747 658 698 981
1275 1451 161 1610 1799 2100 2433 2498 2732 2784 2839 327 3682 3758 3770 3861 3944 4005 4176 4614 4773 4815 4849 4947 532 606 636 658 67
1383 1608 161 1646 1958 2147 2276 2280 233 2355 2666 2711 3321 3398 3438 409 4168 4205 429 4901 4924 4973 597 641 911
1160 1172 1452 1490 1602 168 1906 1968 21 212 2156 2196 2257 2403 2531 2696 2707 2731 2772 2868 2991 3144 3256 3576 3682 373 387 3915 40 4069 4160 4219 4477 4497 4562 4693 4697 4764 4894 4993 66 799 818 860 891
1187 1205 1210 1392 1426 1445 1472 168 1806 1934 2033 2428 2454 2623 2638 2714 2767 2806 2893 3102 3151 3171 3301 3595 3683 3961 4081 4229 4486 4533 4551 4639 4641 4870 4942 4958 4998 557 602
1184 133 1511 2265 2355 2394 2430 2650 2744 2899 3710 3840 4008 4035 4086 4205 4554 4567 4613 4816 496 770
119 169 1753 1763 2079 2226 2322 2435 2590 2957 2997 327 3501 4197 4479 4618 4621 76 760 823
1210 1529 1595 1842 2098 2206 2542 261 2707 2963 3396 3783 38 3804 4124 4139 4261 4615 4676 500 559 658 768
1241 1250 2201 2207 3348 3609 3909 4963 596 774
1608 1612 1867 196 1965 2163 2470 2552 2564 2992 3172 3210 3243 3398 3554 3575 3871 3889 3954 4501 4626
1055 1131 1574 1598 1694 1870 1967 2075 2206 2340 2405 2749 3001 3241 4062 4069 4075 4090 4702 635 96
1407 1805 2087 2490 2984 3345 3813 3867 3954 433 519
1100 1184 1229 1313 1405 1558 1661 1690 1698 1857 215 227 2392 2624 2701 2871 3171 3340 3586 3657 3699 3759 3924 409 4568 4640 4721 4785 4811 4819 4868 492 647 743 946
1235 1405 1622 1928 209 2133 2139 2902 3106 3650 4105 4249 4490 4702 4810 697
1515 1543 1694 2290 2355 2387 2520 2523 2837 2954 3118 3283 3577 3639 3836 4438 4533 4536 4753 4815 522 546 626
1067 1068 1195 1331 1722 1893 2013 2142 2165 2338 2933 3543 3551 357 3854 3876 4034 4210 4359 4370 4428 4739 4770 4868 799
1543 2021 2824 3209 3331 3413 3464 3871 3872 4340 4409
113 1499 1840 1883 1889 2154 2156 2160 2195 231 2322 2398 2453 2678 2825 3037 3101 3415 3458 3491 354 3655 3834 4204 4207 4280 4494 4501 4555 4721 4760 4776 4798 4816 4920 4937 4997 517 641 900
1088 1107 1232 1345 1631 1928 2139 2276 2359 2406 2447 2494 3173 3501 3710 3759 4144 4233 820 842
1268 1482 1564 1747 2041 209 2131 2441 2545 2562 2735 2881 300 3009 3296 3811 4470 4636 4657 550
1038 1690 2440 2809 3413 4261 4370 4434 4613 762
253 2657 3248 3346 3350 3491 3775 3825 4222 4922 495 602 702 802
102 1065 1377 1928 2029 214 2280 2478 2530 2666 2820 2932 3005 3021 3052 3057 3090 3283 3528 3683 3896 4014 4088 4155 4169 4184 4197 4204 4252 4350 4743 4758 4841 4859 4926 544 972
1139 1229 1287 1577 2027 2076 2266 2435 2452 2588 2630 2672 2936 3091 3197 3398 35 3695 3711 3721 3740 3871 3938 4006 4582 4619 4627 4718 4791 4916 4918 683 705 706 762 977 985
119 2401 2772 2929 3051 3225 3677 386 3982 4049 4197 4367
1071 1097 1126 1148 1260 1349 1383 1477 1510 169 1696 1944 2210 25 2593 2606 2618 270 2786 2871 2923 2998 3251 3364 3428 3555 3650 3694 39 3909 3974 4035 4139 4213 4226 4654 4854 4946 683 891 926 941
1036 1146 1287 1965 2136 2164 2210 2254 3817 4065 434 4438 4876
1049 1226 1277 1335 1452 1657 168 1721 1740 1800 2300 2333 2553 2745 2753 2806 2845 2881 2889 305 3157 3413 3682 4165 4190 424 4405 4501 4702 4716 4956 606 673
1120 119 1334 1344 1674 2157 2263 3897 4226 4500 4699 609 616 635 888 9
1092 113 1304 1602 169 1948 236 2442 3386 3398
1022 2210 2480 2541 2995 3356 3516 3811 496 843
1260 1508 1558 1622 1860 1950 202 2111 2203 281 3540 3790 3886 4261 4367 4856 4963 58 879 913 928
1099 1405 1501 1850 2117 2763 3020 392 4386 4500 487 4924 593
1106 1154 1199 1269 1334 1658 1732 1746 1777 1834 1944 2029 2226 2259 2533 2544 26 2928 3037 3143 3167 3211 3244 3250 3352 3456 3570 3717 3761 3913 4138 4154 4296 4462 447 4633 4639 4693 4774 4963 50 544 703 721 798 88 899 957
1072 1142 1276 1377 148 1517 1568 1603 1610 165 1978 200 2042 2075 2134 2143 218 2234 2299 2359 2449 2780 2792 2877 3080 3147 3217 3467 3605 3649 3684 3721 388 4035 4208 4220 4248 4295 4708 4844 495 4987 611 651 677 705 799 895 941 959
1066 1250 1329 1382 1647 1664 1839 1927 1984 1986 2006 207 2070 2197 2310 2338 2388 2523 2533 2707 2721 2880 2979 3478 3490 3491 3636 3710 3717 3731 3830 4020 4075 41 4116 4263 4290 4293 4398 4570 4651 4703 4716 4787 4845 4913 4948 4986 716 860
1490 1563 1857 1916 2041 2336 2405 2762 280 3582 3602 3638 4085 4104 4533 4702
1476 1942 2170 2187 2367 2883 3328 3483 3748 3758 4242 478 4987
1017 122 1870 2197 2226 2266 227 2484 2689 2895 29 2909 293 3141 3148 3824 3883 4116 4398 4625 4639 4641 4655 4840 4855 4891 627 641 791 860
1022 1112 1180 121 1357 1877 2066 2156 2900 3318 3375 3718 3808 4123 4430 449 4666
1346 1360 146 1883 2757 3021 3052 3206 3422 3804 4194 4215 4882 662
1008 1021 1122 1563 1878 1910 2013 2014 2022 2180 2364 2378 247 2473 2906 3145 3455 3482 3491 3572 3655 368 3695 3717 377 3827 3838 3878 3918 399 4483 4500 4533 4674 4721 4795 4818 4859 4905 4919
1104 136 1383 168 1766 2028 2039 2075 2119 2174 2355 2518 2862 3323 3439 3695 3863 3989 3991 4066 4136 4329 4438 4476 4598 4948 58
1032 1033 1227 1229 1253 1300 131 1499 1610 1671 1690 1691 1968 2206 2223 2322 2380 2384 2411 2433 2479 2667 2674 2678 2707 3012 3020 3296 3648 3727 3898 4118 4162 4259 4288 4669 4708 4727 4759 4811 4857 4859 4864 4874 4909 4930 4934 590 780 861
1181 1291 2405 3101 3492 3875 438 4678 4920 496 758 826
1102 1325 1334 1344 1404 1438 1485 1495 209 2163 2177 2329 2471 2494 2605 2639 270 2838 2842 2849 2941 2986 3021 3169 3572 3683 3807 3905 3971 4001 4094 4175 4185 4285 4329 4495 4531 4646 4671 4679 4680 4851 4904 4932 4940 4993 550 661 734 981
1002 122 1376 1674 1723 1752 1809 2021 2339 2678 2681 2806 3038 3052 3103 3237 3565 3570 3600 3649 3863 400 4300 4302 4350 4369 4622 4676 4858 4872 4973 573 612 889
1019 1035 1042 1360 1997 2111 2238 2272 2472 2772 2966 3390 340 3589 361 3678 3755 3985 4309 4322 4379 457 4786 4833 516 59
1047 1358 1429 1507 1720 1907 2058 297 3092 3157 3759 4049 409 4318 4493 4501 4678 709 845
1032 1279 1470 1499 1552 1563 1757 177 1781 1821 2021 2381 2676 2770 28 3056 3074 3120 3298 3360 3398 3655 3806 4004 4098 4187 4246 4319 4492 4640 473 4753 4859 4876 4963 4980 536 603 650 77 792
1097 1210 1736 1884 2055 2997 3595 3793 4386 47 4987
1032 1038 125 1672 1963 2153 2276 2294 2359 2773 2831 2966 3247 3283 3415 3445 360 3809 3870 3960 4316 4533 4837 4876 597 642
104 1458 1539 2706 3121 3293 343 4828 4854 4894 739
119 1615 1657 1938 302 3308 4180 4736 4753 4940 512 536 542
102 1210 1260 1463 1563 2027 2225 2922 3002 3100 3161 3212 3259 3475 3570 558 58 977
1056 1275 1361 1396 1490 1986 2276 2294 2394 2806 2822 2902 3612 4013 4116 4815 4871
1154 1308 1649 177 1876 2129 3013 3112 3368 3842 4372 4868 845 884
1213 1261 1325 1500 2206 3088 3206 373 3811 4094 4110 4624 891 9 901 973
1679 2366 2523 2528 2948 3611 3757 382 459 4747 4795 499 597 79
1127 1220 1297 15 1526 1570 1573 1603 1632 1960 2140 2150 2159 2163 2200 2257 2276 229 2407 2494 2674 2787 2795 2855 2871 2964 3044 3482 3504 3510 3548 3682 4019 4204 4270 4389 4535 4584 4698 4798 4977 543 62 635 9
1105 1152 1334 1395 1541 1571 1721 1766 179 1834 1854 2039 2180 224 2745 2908 304 311 33 3709 3853 398 406 4296 4318 4691 752 865
1481 1555 1581 1785 2340 270 3101 3206 3314 3578 3694 425 4500 4532 4660 4676 4816 717 721 840
1188 1198 1477 153 2240 273 3054 3190 3424 3583 4058 994
1154 1912 1930 209 2171 2191 2320 2325 3010 38 431 4322 4716 4753 4854 776 842
1411 2163 2206 2605 2616 2887 3691 4126 4227 4651 641 672
1089 1177 1405 1657 1771 190 2205 2296 2297 3391 3415 3465 3526 373 4378 4753 4828 4871 4924 754 801 977
1092 1413 1890 1939 2288 3254 38 3944 4314 4374 446 4721 4973 562
1073 1118 1122 1164 1179 1334 1705 2205 2649 2699 2772 3052 3367 3491 3503 38 3921 4054 883
1243 1473 241 2453 246 2637 3173 3193 348 3617 4028 4284 4409 4877
1097 119 1207 1241 1305 1345 1407 1728 2261 2443 2497 2764 2847 2902 2945 3182 3230 3596 3944 4232 4454 4534 4565 4613 4625 4676 4726 4745
1760 2043 2319 2871 3507 3717 3782 3850 4720 4785
137 1599 2036 2814 3052 3460 3560 4175 4209 586 913 973
1535 158 1603 1706 3239 3607 3624 3974 4052 4094 4137 4221 4795 638
1262 1493 1790 1823 1948 1990 2205 2598 2649 2768 3116 3390 3414 3708 4497 4932 60 724 955
1000 1112 1192 1381 1623 1648 1699 1813 2027 2049 2050 2523 312 3166 3365 3413 3806 4350 4436 4519 4640 4824 4825 4855 4880 4932 611 673 833 994
162 1621 2026 2489 272 2772 3209 3489 3970 4901 641 723
1324 1377 1609 1738 2180 2405 3007 309 3181 3285 3577 3705 3916 3978 3984 4002 4259 4362 4507 4518 4610 4613 4623 4666 4731 4987 578
1033 138 1533 1622 1654 1719 209 2337 2353 2355 2551 2705 2840 3103 3126 3138 3157 3397 3726 373 3783 4035 4049 4140 431 4437 4469 4682 4717 4868 4871 536 552 59 752 899 941
1213 1240 1375 1437 2001 2383 2469 2635 2677 2683 2772 2788 2950 3606 3670 445 4502 566 953 981
1295 1349 1487 1889 1932 1935 2033 2068 2142 2246 2460 25 2523 2660 268 2696 2733 316 3171 3204 3282 3308 3572 3655 3734 3756 387 4057 4326 4472 4628 4678 4805 4940 521 59 599 77 786 917 938
1009 1051 1452 1471 2026 2145 2294 2510 2525 2585 2674 3713 3796 3863 4350 4422 4459 4602 941 946
1014 1112 119 1241 126 1322 1529 1599 1610 1627 1807 1809 1900 1965 1969 2026 2077 2190 2257 2697 2772 2974 3045 3065 3170 3252 3388 3390 3625 3655 399 4004 4116 4438 4587 4708 4716 4785 4834 4865 4867 4871 4899 537 601 653 721 730
106 153 1591 1686 1834 2060 2185 2469 2966 2968 3336 3931 4197 4882 591 673
1174 1263 1874 2156 2995 4045 4075 4226 4261 797
1363 2266 2537 2741 2748 325 3641 4092 4099 4227 4311 4387 4580 704
1134 1766 2357 2504 2675 2758 2819 3200 3722 4015 4639 496 799
1165 1359 1444 1582 1728 20 2003 2017 2340 292 305 3070 3182 345 3580 3749 3800 4129 4183 4380 4427 4505 4559 4571 459 4624 4749 4793 4810 4812 4876 4901 4921 4943 4968 4979 581 715 794
1192 1233 1242 1283 1498 1676 168 1764 1795 1809 1986 2033 2111 2274 2280 2352 2478 2583 2707 2743 2844 3048 3101 3125 3191 344 3732 3798 3900 41 4112 421 4379 4459 4499 4522 459 4646 4688 4693 4813 4982 4999 597 659 744 777 783 922
1038 1260 1393 152 1657 1907 2299 230 2704 287 3373 3433 3497 3759 4031 4340 4580 4582 4736 4816 4844 4940 553 586 630 735
1155 143 1608 1856 2002 2673 2797 3290 387 4428 4848 4859
1120 1184 148 1911 1982 2002 2130 2266 2280 2508 2649 266 2672 2696 2743 2782 2783 3021 3097 3196 3232 3310 3634 3649 3711 4075 4077 4088 4116 4650 4671 4829 4905 595 608 65 683 72 768 801 845 899 995
1199 1469 1870 2569 263 2966 3209 3313 367 396 4087 4231 4539 4554 767 77 842 845 970
1822 1907 1990 2304 2612 295 3296 3432 4064 4195 4640 686 852
1320 1449 1464 1483 153 1599 1670 1799 2141 2338 2467 2525 2668 2744 2959 2993 3054 3133 3210 3283 3287 3500 3519 3561 3571 3671 3686 3811 4139 4216 4226 4354 4501 458 4596 4712 4750 4771 4809 4814 4856 4892 4955 4982 563 752 968
1379 1592 2003 2249 2716 2962 3283 3326 3451 3894 410 4114 4573 4666 4693 4736 514 611
1234 1260 1355 1402 1414 1507 171 2354 2525 3032 3421 3522 3535 3808 4234 4311 4364 4367 4644 4856 4949 513 550 647 666 886 935 941 965 973
134 1344 1456 1603 1627 1883 2435 2480 2719 318 3271 3619 3675 3710 399 4174 431 4747 495 58 700 885
1086 2039 2262 2997 3098 3199 3203 3296 341 3817 3918 4004 4549 4666 4708 4811 546 589 882
1007 1290 1388 1543 1585 1613 1657 1674 1688 1728 1775 1793 1928 1934 1990 2026 2130 2439 2499 2507 271 2848 2870 3160 3351 3398 3413 342 3654 3783 3831 3837 4012 4426 4639 4668 4682 4719 4732 4844 4965 532 658 727 791 795
1171 1303 1490 1523 153 1690 2002 2003 2027 2244 2255 2257 2485 2607 2817 2850 2852 2886 3011 3210 355 3743 3902 4020 4116 4330 459 4641 4684 4705 4802 4841 4849 486 743 791
1048 105 1184 1342 1379 1425 1543 1561 1674 1809 1849 1966 220 2257 2394 2881 3079 3133 3296 3620 3986 4406 4428 4537 4580 4700 4828 4855 4973 751 808 913 972 977
1222 1409 1529 1719 1723 1917 1984 2075 2115 2362 2495 2595 2620 2902 2915 2966 3011 3016 3037 310 330 3346 3545 3672 3674 3790 3842 3892 3998 4570 4670 4735 4754 4794 4866 4877 491 4945 600 736 814 891 943
1272 131 1360 1563 1754 20 2350 2525 2577 275 2808 285 3056 3834 3918 399 4150 4197 4387 4513 4541 4653 4658 4720 4810 4855 4861 4868 729 743 82 870 947
1 1553 1610 2226 2897 3011 3491 3509 3515 3527 3649 3679 3826 3904 3907 4082 4367 4419 4600 4777 4881 519 535 63 756 768 816 913
161 1799 1965 2610 2725 2930 3324 393 445 508 604 977
1366 1434 1703 1817 1873 1888 1986 2548 2734 564 692
1078 1172 1243 1584 1633 168 2008 2094 2180 2675 2771 3214 3373 3705 3849 41 4132 4205 4329 4409 4963 677
1172 1405 1601 2169 2223 2538 290 3381 3893 4409 699 705 735 799 857
1085 1275 1610 1656 1889 2338 2439 2579 2795 3134 3246 3283 3476 395 3954 4237 4435 4533 495 544
1043 1307 1347 1626 1948 2781 2937 3040 327 3630 4049 4255 4371 4524 4665 4815 4892 4920 570 652 733 876
1334 1522 1796 319 3474 3479 3482 359 4024 4070 4219 4360 4798 683 98
1225 152 2152 2340 2575 2590 2775 2896 3149 3242 3339 3863 3888 4094 4495 490 4924 521 705 972
1095 1192 1721 2492 2605 2675 2793 3614 3733 3745 3759 4892 803 812 842
1032 122 1228 1287 1407 155 1643 1839 20 2013 2265 24 245 2481 2563 2678 2781 2819 2828 2907 2943 305 3332 3341 3467 3640 3662 3681 3711 3730 3975 4010 4641 4710 4917 4925 4985 513 756
1038 1140 1745 1979 2173 2371 2561 291 3021 3649 3899 437 4948 4973 498 528 703 807
