1270 1899 2106 2457 2499 2524 2648 2768 2805 3215 3238 3255 3464 3570 3579 3958 4107 420 4541 4548 4621 4637 4672 4712 4825 854 
1070 1121 1203 1254 1306 135 1578 1706 1988 2054 2198 229 2290 2291 231 2353 2732 2976 3350 3438 3490 3588 3599 3619 381 3822 3931 4153 416 4411 4506 4570 4678 4702 4735 4750 4816 4826 4893 4902 727 862 959
1189 138 147 1660 1821 1847 2023 2083 2403 241 2453 2587 2634 2699 277 3038 313 3358 3439 3496 3655 3750 3842 4003 4115 412 4315 4628 4853 4876 4975 552 751 753
1134 1172 1540 1758 181 2097 2209 222 2324 2389 2435 2543 2621 3125 3198 3636 3830 4307 4310 4355 459 4594 4647 4757 4851 4915 614 685 7 78 87
1321 1454 1511 1799 2014 2277 2421 2667 3540 3670 3821 3832 4057 4156 4168 4321 433 4706 4769 483 549
1058 1305 1352 1487 2139 2213 2367 2400 271 2944 2968 3057 3070 3220 3368 3426 347 3532 3625 3673 3724 3778 3824 386 3937 3956 3995 4079 4142 4169 4456 4467 4480 4585 4690 4937 574 627 751 767 828 855
1005 1085 1137 1253 1255 129 1359 1394 150 1585 1622 1732 1946 2010 2023 2040 2225 2233 2277 289 2942 3051 309 3387 3389 3455 3721 3736 4021 4105 45 4514 4664 4684 4758 4826 539 589 688 793 850 878 959 991
1013 1072 1245 1275 1469 1509 1751 2081 2211 2254 2575 2610 2675 2756 2967 298 3219 3340 3545 3638 3822 4071 4076 4081 41 411 4220 4225 4246 4418 4525 4752 4789 4819 89 893
1126 120 1424 151 1578 1785 1814 1933 2087 2188 2610 2668 2669 3060 3103 3565 3603 3760 3766 3770 4100 4234 4316 4584 4648 4769 4870 4980 55 60 640 678 792 918
1012 109 1428 148 1536 1721 1759 1775 18 181 1846 2127 2323 2365 258 2616 2640 3715 3984 401 4350 4494 4613 4731 4821 600 727
1004 1346 1347 1366 1448 1500 1539 1547 1868 1976 2028 2108 2257 2286 2340 2429 2521 2530 2598 2630 2688 269 2874 289 2960 3162 33 3517 3592 36 3624 3699 3808 3860 3870 4024 4046 4077 4387 4427 4535 4620 4690 4734 4953 662 718 790 834
1326 1374 148 1649 1657 2078 2088 2327 2431 2586 2625 2756 3036 3114 3226 341 3503 3914 4422 4953 781 895 9 959
1207 144 1444 1521 1530 1556 1593 1628 1746 1798 1827 1874 1939 2083 2124 2133 2181 237 2450 2470 2587 2663 2788 2811 282 2875 2876 2941 2945 2955 3204 3219 325 3334 338 3387 3438 3443 345 3511 3523 3555 3578 358 3698 3769 3821 3869 3902 3970 4067 4114 4169 4173 419 4261 4320 4410 442 4453 4463 4556 4690 4790 48 4802 4819 4827 68 737 8 807 810 85 888 98
1057 108 1235 1252 1256 133 136 1676 1757 1782 1792 1811 1833 1879 1917 2057 2243 2282 2430 2441 2524 2623 2634 2651 2903 2920 2937 3020 3102 3182 3274 3304 3485 3565 3568 3665 3736 3865 394 4114 4142 4153 4203 4230 4372 4392 4514 4594 4702 4732 4736 4764 4774 4811 4840 4850 4876 4954 590 618 620 673 894 963 978 995
1070 1104 1196 1207 1262 1279 1334 134 1466 150 154 1590 1617 1627 1638 1681 1721 1728 1745 1765 1792 181 1842 1848 1863 198 2015 2017 2049 2095 2151 2202 2223 2228 2242 2244 228 2324 2602 2693 2788 2989 2995 3145 3173 3174 3212 3345 3349 3358 3385 3394 3428 3476 3554 3565 3581 3612 3679 3711 372 3727 3732 3801 3821 4011 4071 4072 4077 4094 4119 4240 4292 4380 4438 4467 4494 4526 4567 4578 4600 462 4637 4706 4712 4856 4859 4880 521 575 582 624 640 673 82 905
1196 1290 1428 1435 1465 1496 1502 1619 1703 1722 1769 1797 1822 1852 1993 2085 2112 2229 2377 2388 2422 2445 255 2785 2917 2927 3105 3141 3198 3205 3275 3457 3511 3867 3878 3934 4015 4022 4100 4152 4256 427 4325 4330 452 4531 4560 4598 4659 4661 4785 4991 566 574 641 753 784 911 947
1114 1204 1274 128 135 1454 1471 1611 1632 1677 2085 2104 2253 2269 2353 2544 2891 29 294 2988 3068 3169 3234 3245 3383 3410 3506 3532 3561 3570 3597 36 3615 3715 3717 3785 3806 3823 4171 4218 4243 428 4335 434 4346 4355 4382 4414 465 4659 4682 4852 4897 49 562 591 673 784 86 864 873 904 917 937 955 962 988
1003 1023 105 1134 1178 1561 1730 1751 1843 1876 1882 1992 2002 207 2105 2112 2163 2192 2202 2247 2294 2350 2689 2694 2793 2818 3085 3345 3468 3474 3731 375 3925 405 4410 4585 4694 506 565 583 727 801 854
1076 1168 1169 1242 1314 138 1490 1497 1548 1686 1699 1821 193 202 2106 2125 2157 2212 2313 2389 2477 2501 264 2674 2687 2712 2852 2856 2865 3024 3067 3127 3133 3188 322 3234 3240 3254 3447 346 3492 3612 3851 387 3877 3908 3927 3949 4001 4132 4157 4326 4396 4484 4526 4552 4778 4812 4820 4913 521 541 557 56 561 575 608 630 671 678 68 71 717 744 747 769 774 898 932
1167 160 1713 2032 2182 2447 2684 2930 303 3608 3657 3660 379 4321 433 4346 4448 4572 4912 498 666 98
1025 1026 1265 1268 14 1461 1543 1585 1686 1693 1733 1781 1807 1842 1917 1945 1970 2017 2031 2032 2117 2122 2293 2297 2298 2335 240 2423 2490 2506 2514 2556 260 2602 2632 2719 2740 2786 2792 2866 2904 2954 296 3057 3110 312 3147 3162 3220 3490 3538 3549 3637 3734 3763 3818 3883 3942 4005 4030 4136 4141 4211 4263 4367 44 441 4414 443 4444 4463 4527 4585 4683 4692 4703 4729 4769 4803 4825 488 4898 4899 4925 4965 4969 4972 533 575 598 644 716 758 760 81 907 957 967
1613 1851 1995 2005 2411 2452 2461 2929 2974 3082 3248 3270 3501 3522 3718 3772 4081 4251 4396 4467 4605 4611 579 60
1396 1618 1703 1765 183 1864 1876 1949 2007 2256 2271 2276 247 2560 2664 2754 3215 3315 3468 3568 3613 371 40 4059 4103 4176 4942 561
1195 1219 1462 1775 1865 2064 2105 2273 2511 2587 2708 3202 3499 3844 3858 387 4111 4493 4878 986
1101 1285 1295 1340 1919 263 2787 3214 3238 3326 3520 3527 4140 4224 4487 4525 463 4835 4946 741
1023 1106 1359 1616 171 201 2130 2503 2572 2632 2634 2701 3064 3104 3112 373 3762 3769 379 4104 4321 4583 520 57 786
1171 1304 1458 1663 1985 2214 2251 2260 2393 2453 247 3007 3212 3214 3500 4070 4396 4604 4807 4827 707
108 1155 1244 1263 1305 1358 1420 1578 1592 1662 1789 1908 1933 1977 2028 2069 2340 2437 2464 2621 2647 2667 2954 2999 312 3194 3406 342 3580 3600 3818 3977 402 412 4140 4156 4221 4225 4744 4914 542 599 634 748 805
1335 1753 2414 27 2722 2850 2918 3025 3078 313 3236 3383 3464 3497 3691 3730 3796 3892 3995 4899 974
1020 1031 1037 1044 1054 1076 1079 1083 1096 1110 117 1206 1228 1279 1418 1489 1620 1628 1759 1809 1837 1873 1926 1945 1960 1987 2003 2034 2180 2263 2305 2391 2396 2402 2421 2500 2508 2524 258 262 2649 2687 2693 274 2847 2988 2992 3000 3028 3126 3189 3242 3343 3527 3657 3692 3744 3745 378 3785 3972 3986 4119 4142 4177 4272 4305 4368 4372 4386 441 4446 4701 4724 4805 4845 4863 4888 4905 501 52 529 551 567 57 637 794 916 938
1017 1029 1277 1364 1380 1386 1396 1477 1643 1760 1822 1834 194 1970 2048 2085 2091 2212 2249 2306 2367 24 2408 242 2498 2589 2626 2631 2662 2677 2686 2734 2808 287 2987 2993 3001 3053 3080 3103 3214 3222 3232 3261 3333 334 3406 3553 3610 3626 3648 3862 3996 4007 404 41 4329 437 443 444 4490 4509 4513 4548 4552 4630 464 4770 4774 4807 490 522 659 856 86
1187 1344 1621 1670 1697 1713 1839 1846 1866 1906 2013 2133 2158 2340 2350 2430 2801 2818 2976 3085 3145 3203 3244 3289 3404 3447 3548 383 4099 4215 4382 4472 4526 4597 4837 4860 513 521 730 786 843 885
1056 1258 1334 1588 1591 1644 204 2214 2267 2414 2637 2778 2790 2856 3026 3114 3292 3320 3352 3556 3634 3667 3768 3799 4274 4278 4456 4462 4475 4538 4566 4570 4613 4660 4696 4812 4881 4908 4932 4944 510 518 72 838
1014 1031 1078 1239 1287 1347 1355 1397 1450 1491 1598 1619 1628 1638 167 1703 1747 1829 1890 2000 2003 215 2172 2236 2241 2261 2468 2490 2538 2550 258 2651 2663 2707 2749 2768 2873 2906 2922 2981 3008 3032 3231 3278 3331 3417 3437 3490 3497 3688 3700 3735 3769 3844 3899 3908 3956 3971 4019 4093 4190 4230 4233 4273 4303 4418 4458 4484 450 4541 455 4560 4564 4880 4979 548 722 747 788 85
1078 1191 1204 1483 1520 1537 1756 1786 2057 2166 2393 2560 2876 2896 2983 3092 311 314 3366 3687 3724 3758 3954 399 402 4109 4120 4129 4151 4177 4229 4530 455 4570 4623 48 4971 650 718 818 844 952
1240 1332 1597 1732 2122 2217 2251 2305 2749 2801 293 3012 3094 3579 370 3968 3981 423 4586 4970 693 753 855
1296 1352 1443 1606 1626 1717 1835 1912 1952 2013 2117 2357 2564 2765 2858 3236 3342 3535 3732 3940 4250 4290 4528 4579 4596 508 535 842 876
1105 1168 1169 1292 1297 1341 1450 1462 1504 1656 1671 1724 1767 1774 1855 1900 2087 213 2195 22 2209 2225 2226 2275 2293 2398 240 2410 2445 2488 2501 2621 2719 2901 2911 2949 3 3098 3127 3144 316 3232 3244 3284 3286 3308 3432 3467 3503 3543 3583 3587 3671 3686 3699 3740 3786 3794 3796 3823 3889 389 3910 3915 3979 3996 4061 4083 4098 4102 4105 4131 4143 4148 4161 4257 4338 4472 4557 4640 4649 4650 475 4768 4789 56 57 608 618 784 862 870 873 892 952
1130 1160 1469 1487 149 1532 1707 2202 2386 2738 2907 299 3428 3553 3569 3651 3678 3745 3808 3916 3996 4465 4556 4582 4957 537 546 555 682 911 973
1057 1200 134 1504 1868 2050 2094 22 2486 3059 3233 3234 3576 3773 4033 4159 4465 457 558 904
1011 1015 1038 1039 1053 1098 1143 1223 1378 1506 1507 1623 1626 1693 1708 1791 1801 1822 1890 1912 1926 2080 2227 247 2551 2572 2620 2627 263 2694 2708 2893 2977 3042 3098 3113 3124 3149 3271 3394 3425 3469 35 3561 3587 3608 3709 3744 3864 3899 3915 3922 4158 4188 4272 4380 4445 4462 4467 4506 4512 4532 4562 4661 4728 4805 4898 4914 4926 4963 4994 52 621 797
1262 1526 185 1863 1916 2128 2132 2183 2264 2364 2559 2676 269 3051 3165 3433 3795 390 462 4781 4817 493
1031 1039 1042 1068 1204 1227 1270 133 14 1428 1498 1506 1685 1731 1926 1959 2089 2132 2159 2193 2290 2370 2446 2465 2553 2786 2799 2830 2947 3150 3155 3298 334 3388 3458 3656 3705 3756 3789 3920 3939 40 408 4136 4219 429 4375 4549 4551 4636 4769 4783 4854 4990 529 560 583 604 751 763
1400 1419 1458 1494 1618 1638 1810 2009 2046 2168 2317 2455 2491 260 2674 2759 2983 30 3053 3164 3304 3316 3377 3378 378 3803 3810 3871 3888 4177 4199 4204 4306 4333 4393 4413 4454 4480 4557 4640 4777 4789 4936 4959 4974 4976 682 724 789 804 814
1008 1085 1088 1098 1142 1192 1252 1327 1341 1363 1377 1477 1526 16 1658 1699 1724 1736 1791 2017 2040 2090 21 2117 2144 2146 2157 2214 2227 2236 229 2291 2339 2374 2414 2463 2505 2537 26 2642 2662 2675 2829 283 2891 3009 3084 3215 3315 3434 347 3472 351 3517 355 3561 3566 3582 3610 3634 3699 3752 3753 3813 3874 3975 4027 4110 4190 4191 4266 4298 4373 4420 4438 4474 4487 4791 4949 498 4992 4993 501 523 543 560 572 603 638 647 673 718 749 85 893 899 922
1017 1044 1057 1147 1189 1212 1222 1226 1234 1324 1353 137 146 1632 1674 1711 1764 1795 1891 2002 2071 2079 2099 2189 2240 2241 2258 2297 2300 2355 2508 2561 2760 2942 3029 3082 3092 31 3532 3557 3569 3600 3633 3663 3698 3709 3715 3763 3895 4 4035 404 4091 410 4106 4109 4272 4308 4455 4497 4507 4540 4551 4571 4603 4611 4738 4786 4859 4924 4953 509 580 67 9 903 938 992
1050 1321 1506 1711 1851 2108 2129 248 2509 2989 3101 3375 3442 3458 3601 3616 381 3922 3972 4118 4156 4208 4213 4223 4528 4535 4734 540 548 6 603 782 921 956
1130 1401 1500 1673 1698 1883 2117 2333 2340 2385 2404 2406 2429 2441 2465 2474 2733 2927 359 3624 3750 3820 4041 4069 4104 4198 4265 4419 4592 4649 65
1013 1072 110 1103 1274 1298 1384 145 1527 153 1539 1650 1663 1759 1796 1800 1807 1876 1882 2031 2091 2123 2129 2138 2214 2259 228 2326 2342 2357 2441 2470 2604 2664 2677 2732 2785 2829 288 2912 2977 330 3565 3585 4036 4164 4284 433 4417 4458 45 4570 4809 4838 4856 4926 4974 498 687 756 76 823 835
102 1039 1227 1242 1416 1448 1458 1565 1774 1804 199 2055 207 2127 2209 2258 2348 2349 237 2381 2625 2658 269 2709 2777 2820 2871 2882 2954 3051 3335 3344 3443 3883 3892 399 3992 3993 4041 4049 4123 4130 4154 420 4296 431 4359 4367 437 4425 4438 4595 4640 4718 4724 482 4871 4963 4970 544 592 60 626 63 688 722 858 867 900 96
1277 1369 1477 1623 1661 2048 2260 2424 2569 2740 2846 2879 2916 3038 3049 3078 313 3497 3541 3600 3701 3716 3734 3770 3923 4095 411 4198 4324 4594 4632 4731 4749 4861 593 600 907 947
1035 1055 1078 1140 1192 123 1327 1495 153 1563 1738 2041 2060 207 2312 239 2424 277 2895 296 2970 3228 3261 3350 3375 3822 3924 3929 4130 4135 4339 4355 4505 457 632 665 669 982
1012 1026 1034 1083 1122 1133 1218 1244 1250 1256 1260 1338 1361 1364 1369 1374 1414 1526 1675 1714 1822 1879 1903 1921 1962 1994 2 2010 2112 2122 222 2312 2356 237 2445 245 2482 2619 2620 2634 2642 266 2762 2805 2864 2998 3043 3085 3183 3274 3378 3469 3510 3522 3620 3752 376 3774 3778 3917 3928 3970 4185 4207 4319 4335 4340 4344 4346 4392 4413 4428 4429 443 4533 460 4612 4621 4637 4651 4672 4685 4703 4712 473 4887 4897 4955 4994 660 718 76 797 81 87 875 916 957 971
138 1497 156 1828 1913 1984 2214 237 2515 2545 2752 3358 3485 3518 3593 3643 3808 3924 3933 4193 452 4847 4853 4935 4947 512 957
1058 1067 1186 1214 1274 1318 1344 1361 1389 1478 1490 1536 1543 1615 1672 1691 1732 1736 1765 1782 1798 1816 2092 2118 2202 2333 2334 256 2566 2623 2688 2722 2999 3133 3182 3194 3405 3624 3655 3657 374 3740 3749 3768 3788 3832 3880 3883 3922 397 4003 4225 426 4296 4347 4357 4369 4465 4507 4611 4625 4655 4740 4746 4760 4839 4878 508 560 606 621 652 668 749 817 823 833 852 870 873 964
1020 1078 1082 1088 1199 1334 1370 1430 1456 1469 1489 1491 1653 1686 1688 1792 1844 1903 1970 2038 2039 2173 2183 2388 2526 2579 260 2610 2755 279 2796 2812 2862 2879 2916 2978 299 2993 315 3156 3224 3291 3295 341 3451 3472 3553 3569 357 3570 3576 3580 3731 3818 3831 3848 3903 3929 4039 4099 4109 412 4389 4467 4473 4500 4523 4524 4528 4592 4595 4758 4759 4849 4963 4966 549 642 729 788 789 797 818 93 954 98
1002 1213 1255 1298 1353 1418 1511 1587 1608 1629 1676 1821 1933 2050 2225 2230 224 2269 2293 2352 2389 2499 2561 2619 2703 289 2914 3029 3173 3286 335 348 3539 3867 3899 3929 3934 4031 4081 41 4125 442 4545 461 4743 4754 4775 705 78 954 991
1053 1192 1240 1285 1326 1338 1398 1407 1488 1592 1636 1657 1733 1890 1915 1921 2102 2220 228 2401 2437 2493 2646 2848 2868 2891 2901 294 2949 308 311 3110 3197 3320 3545 3642 3762 3787 3810 3840 3923 3932 3997 4055 4177 4220 4360 4456 4586 4609 4649 4706 4708 4737 4802 4867 4924 4965 4995 574 582 624 638 648 678 856
105 1078 1354 1493 1547 1689 1793 1955 1970 21 2112 2131 2172 2305 2313 2357 2564 2626 2942 3181 3215 3270 3296 3392 3393 3466 3483 3557 3643 382 3830 4130 4192 4203 426 437 4402 4455 4514 4550 4946 498 514 530 61 780 789 853 904
1001 1030 1055 1128 1135 1298 1323 1326 1328 1373 1411 1422 1445 1450 1539 1632 1685 1801 1903 1980 2013 2131 2184 2222 2325 2327 2390 2423 2525 2727 2781 2938 2945 2977 2983 3327 3341 3388 3580 3724 3745 3769 3843 4066 4121 4146 4203 4448 4525 461 4610 4731 4785 489 4909 4915 4985 626 662 78 875 925 966
1063 1120 1154 1162 1226 1239 1356 154 1622 1646 1738 1759 1806 196 1993 2211 2225 2317 2378 2414 2421 2479 2619 2669 2677 2703 2792 2900 2916 3014 3069 3084 3313 3397 3410 345 3485 3494 3539 3587 3643 3663 3684 3813 382 3847 3874 398 3993 4 4022 4094 4135 4204 431 4337 4372 4389 45 4595 4973 4997 565 587 637 648 651 652 708 760 891 962
1228 1476 1775 2 2103 2106 2257 2386 2677 2738 2783 2786 2841 2883 2921 3241 3298 3368 3650 3702 3864 4044 4140 4266 4328 4368 4380 4406 530
1104 1162 1173 1185 1203 1214 1337 1864 196 2105 2213 2561 2613 2761 2810 2860 2892 2895 3046 3092 3119 3189 3191 3301 3406 3752 3754 379 389 3947 3966 3986 4028 4057 4059 4240 4326 442 4428 4495 4503 4702 4755 4859 495 514 587 602 652 692 728
1091 1103 1123 1509 151 1543 1603 1607 1629 1632 1657 1674 1718 1749 1979 2 2035 2040 2077 2178 2223 2324 2407 2568 266 2812 2825 2834 2845 2869 2888 2896 3024 3122 3226 3292 3326 3446 3679 3801 3813 3883 3932 4123 4132 4133 4198 4371 4439 458 4778 4787 4822 4912 4948 4975 4976 506 686 804 877 922 945
1025 1495 1505 1701 1980 2393 2521 2586 2651 2656 273 2855 3582 3633 3960 4089 409 4432 4480 4870 4888 62 630
1111 1162 123 126 1328 1391 140 144 1485 1587 1617 1619 1622 1630 1688 1752 1890 2157 2305 2614 269 2998 3028 3080 3281 3410 3439 347 3576 3771 3884 3915 3954 3973 3978 3988 4000 4102 4128 4163 4272 4335 4472 4507 4603 4617 4632 4660 4670 4682 4780 4835 4895 4933 4959 496 4972 508 623 634 652 813 824 828 870 914 980
1040 1332 1377 1649 1672 1791 1840 22 2244 2276 2284 2450 2613 2730 2906 3099 3523 3600 3734 3762 3815 3839 4028 4179 4395 4517 4681 4723 4839 4841 4918 668 874 926
1012 1050 1087 1090 1306 1433 1452 1664 1719 1816 2475 2544 2645 2781 2856 3161 3206 3352 336 3772 3889 4057 4103 426 4307 469 4738 4970 560 945
1004 1026 1098 1160 1207 126 1338 1460 1677 1768 178 1961 1968 2297 2456 254 2560 262 2659 2748 2755 2799 2810 2832 2854 288 2941 2956 30 3046 3063 319 3270 3289 3412 3489 3581 3619 365 3664 3678 3727 3803 3852 387 3899 3905 3975 3995 4041 4180 4186 4190 4212 4245 4298 4331 4439 450 4558 4805 4922 4965 654 688 833 908 918 953 974 996
1255 1315 1760 1822 1899 2006 226 2452 2472 2608 2866 2867 3139 3294 3600 371 3772 4380 4571 4733 621 638 74 852 965
1061 1072 1124 1148 1171 1203 1234 1277 1398 1417 1713 1716 1811 1877 2060 2091 2152 2218 2220 2246 2275 2288 2407 2420 2437 2568 2633 2648 2663 2667 2715 2732 2752 2845 2865 2883 3003 3024 3144 3147 3150 3157 3176 330 3381 3388 3434 3443 3451 3544 3652 3661 3679 3796 3880 4124 4146 4160 4169 4193 431 4325 4340 4343 4348 4356 4383 4758 4776 4811 4876 490 4955 4976 4979 4982 4998 537 589 640 730 786 82
1177 1270 1333 1358 1443 1708 1718 1839 1924 1994 2012 2142 2344 2379 2398 2410 2574 2586 2603 2733 2736 2850 2860 2956 31 3173 3255 3351 354 3580 3867 3877 3923 3946 3987 3994 4063 4120 4264 4329 4366 4413 442 4451 452 4526 457 463 4660 4799 4823 4890 4947 4995 586 78 855 906 943
1313 1346 1416 1521 1566 182 1886 2094 2119 2212 2278 2470 2792 3049 3084 3544 3619 3774 4288 4372 4471 46 525 536
1101 1110 1354 1710 174 1786 184 2055 2106 2189 221 2271 2274 2315 2408 2596 2630 2633 2642 2925 3044 3229 326 3260 3296 3744 3750 3785 4284 4319 4338 436 4442 4582 459 4616 4620 4780 4857 617 733 784
1012 1025 1085 110 115 1227 1257 1292 1323 1393 1503 1706 1974 1989 2105 2132 2380 2382 2514 2532 2636 2768 2917 3400 3434 3472 3498 356 3656 3768 3964 3992 4117 4150 4364 4431 4487 4583 4620 4744 4977 4983 644 701 709 76 782 893
1070 1174 1278 1279 173 1978 2276 2543 2574 2727 2733 312 3121 3206 3230 3367 3477 3613 3658 3701 3781 3822 3832 4019 4087 4185 425 4256 4292 4294 4373 4422 4424 4505 4727 4765 4811 482 4956 4980 525 530 590 683 834 938
1531 1617 1793 1799 1804 2641 2652 2801 2871 2947 2952 2993 3394 3451 3491 3624 3752 3775 3999 4133 4420 4428 4538 4724 49 736
1052 1200 125 1481 1705 1843 1875 238 2529 2617 2718 2799 2943 2978 3018 3106 3334 3383 381 3823 3865 4096 4103 4136 4282 4297 4618 546 560 578 755 854 947
1086 1147 1152 1207 1218 1383 1569 164 1951 2092 2178 2179 2183 2185 2297 2465 261 2684 2715 2836 2935 3010 3025 3064 3178 3232 3291 3348 3363 339 3398 3476 3713 3732 4136 458 4614 4639 4707 4750 48 483 4844 4908 739 749 862 971 994
1017 1102 1105 1147 1176 1266 1305 1337 1513 1526 1626 1663 1675 1732 1831 1858 1915 2104 213 2345 2417 2423 2522 26 2609 2650 2707 2708 2810 2818 2956 3014 3018 3114 3185 3198 3209 3244 3275 3280 3292 3360 3407 3492 3630 3931 3937 3942 3956 4121 4142 4151 4166 4204 4213 4227 423 4368 4457 457 4586 4639 4661 4706 4802 4809 4898 4933 4935 4972 548 592 631 656 696 813 826 827 906 920 971
1011 1161 1265 1304 1480 1670 1741 1765 1873 1874 1976 20 2080 2293 2385 2562 2691 2696 2967 3176 334 339 3412 342 3432 3568 3743 3839 3844 3917 4084 4219 4291 4337 4497 4594 4777 4980 894
1061 1130 1167 1170 1272 1379 1394 1490 1531 1579 1724 1849 1946 1983 20 2072 2092 2379 2424 2648 2650 2706 280 2850 2934 3042 3059 3063 3082 3130 3133 3203 3447 3474 3845 3874 4052 4063 4245 4325 4438 4541 4576 459 4628 4663 4718 4807 4909 504 541 543 600 687 949
1131 1268 15 1514 1664 176 1833 1871 1955 200 2113 2142 2147 22 2271 2401 2424 2437 2457 2499 2623 2753 2881 2888 3141 3198 3300 3491 3627 3636 3879 3945 3984 3987 4009 4014 404 4210 428 4304 4417 4439 4474 4505 4537 4578 4599 4625 4648 4754 4814 4858 4919 513 552 620 666 804 809 869 881 912
1072 1102 1147 1171 1172 1196 1324 1340 1352 1422 159 160 1658 1677 1723 1867 1900 1902 1927 2114 2167 2188 2232 2246 2255 227 2348 2404 2409 2489 2490 2575 2589 2706 2709 274 2768 2828 2847 2852 3036 3040 309 3189 3254 3425 3437 3550 3653 3677 3690 3693 3697 3784 3823 393 3940 4000 4132 4180 4218 436 4406 4427 4497 4548 457 4637 4644 4740 4801 4881 4933 4982 525 534 579 649 699 7 738 749 76 766 875 9 949 996
1047 1127 1134 1232 1260 128 1332 141 1416 1484 1566 1572 1583 1696 1717 1809 183 1831 2003 2011 2016 2055 2102 2129 2159 2189 2209 2240 227 2367 2391 2465 266 2705 2708 2777 2850 2852 3052 3141 315 3150 341 3446 3456 3488 3503 3636 369 3690 3860 3902 3960 4013 4043 4052 4165 4208 4222 4255 427 4407 4426 4429 4457 4458 4470 448 4507 452 4559 4562 4609 4630 4633 4649 4689 4711 4742 4745 4891 4919 4957 4983 4993 51 682 849 879 974 997
1060 1088 1125 1595 1607 224 2333 2642 2822 2944 3099 3137 3174 3469 3518 3612 3703 3733 3776 3908 4377 4490 4731 4742 539
1158 177 2048 2151 2360 2550 2795 2797 3093 3294 3430 3547 3612 3649 3700 3808 3937 3995 4307 4428 4735 542 642 79 835 871
1007 108 1098 1161 1213 1339 135 1463 1490 1555 1616 1752 1778 18 1957 2 2023 2217 2225 2240 2286 2589 2613 2632 282 2912 3121 3134 321 3259 3286 3345 3347 3386 3634 3656 3663 3678 3843 3877 3880 3899 3901 4062 4071 4144 4174 423 4340 4435 4561 4684 4732 4814 4903 537 558 792 838
1071 1076 11 1135 1269 1308 1542 171 1784 1881 1901 2036 2064 2241 2299 2316 262 2622 2727 29 306 3078 335 3378 3383 3450 3527 3590 3782 3973 4027 4129 4154 4159 4270 4434 4682 4785 4846 4861 4883 4894 4913 4958 527 561 654 700 842 869 870 942
117 1201 1259 1275 1388 14 1402 1471 150 1565 1584 1686 1702 1894 196 203 2091 2127 2134 2167 2213 2230 2317 2449 2493 2622 2631 2704 2799 2882 2903 2987 3060 3067 3165 3257 3293 3360 340 3492 3527 3539 3567 367 3917 405 4067 4069 412 4215 4224 4451 4455 4464 4509 4528 4561 4609 4753 4761 4883 5000 506 688 827
1238 125 1432 1537 1650 1768 250 2502 2709 2754 2864 2871 3044 3144 3174 3211 3997 4138 4153 4159 4184 464 472 4749 587 696 738 768 85 858 91
1035 1043 1113 1417 1595 172 1730 1774 1899 1900 1948 1980 2056 2094 2104 2230 2659 2790 3082 3182 3299 3518 3545 3556 3715 3930 3992 405 4129 4237 4258 4439 4629 4851 4970 4986 534 635 858 891 992
1062 1106 1241 146 1467 175 1752 1918 1994 2170 2392 2727 2790 2792 3148 3334 3482 3741 405 4055 4070 4141 4484 4578 4681 4852 4972 780 860 903 916 945
1182 1400 147 153 1665 1810 1891 2625 2834 2890 29 3523 3803 4005 4214 4393 4781 4789 63 788
1087 2 2478 249 2511 2545 2620 2775 3219 3239 3256 3404 3444 345 3517 3617 3694 3750 3979 4009 4022 4480 504 510 545 549 563 921 931
1208 1277 1353 15 1578 1620 1816 2209 224 2540 2692 3610 3910 3970 4024 4049 4094 4296 4582 4596 4805 490
1105 1381 1705 1721 2010 2108 2174 219 2526 2564 2734 2768 3144 3315 3529 3578 3699 3938 3961 4046 4176 427 4290 436 4561 4890 4924 504 514 767 87 937
111 1363 1427 1478 1598 1674 1722 2014 2123 2184 2214 2234 2317 2916 2996 334 335 3409 3616 3767 3914 4390 4418 4551 458 4581 4744 4755 4791 4960 605 632 758 760 782 798 919
1101 1166 1710 2484 2590 2783 318 3470 348 3562 3709 3865 3891 3932 3993 4070 4167 4421 4497 83 868
1234 1531 1670 2219 2603 2649 3241 3310 341 3505 3592 3746 3877 4167 4413 4524 4578 4594 705 751 794
1125 1419 1511 1603 1866 2119 2141 2369 2419 2788 284 2843 2951 3054 3086 315 3152 3220 3488 3528 3709 3845 402 4023 4079 4180 4329 4361 4411 4636 4734 4743 4836 4878 4942 624 701 950
1017 1419 1425 1513 1550 1597 1675 1717 1762 1764 1801 1876 1915 1926 1994 2006 2137 2197 2246 2400 2420 2444 2491 251 2640 2834 2882 3085 3134 3172 3235 3242 3259 3313 3385 3404 3470 3534 3680 3695 3731 3772 3815 3861 3882 4149 4247 4350 4509 4526 4599 4616 4724 4762 4855 489 4906 4909 4942 4976 4992 512 534 703 86
1057 1265 1350 1436 1697 170 1766 1838 2095 2144 2250 2394 2428 2519 2632 2708 2792 2827 2871 2946 2976 3098 3198 3246 3458 3491 3504 3542 3573 3579 3634 3669 3869 3931 4005 4028 4090 4094 4150 4166 4208 4210 4255 4313 4367 441 4451 448 4621 4799 493 524 561 614 630 810 96 964
1021 1065 1076 1093 1149 117 1226 1359 1361 1385 1618 1695 172 1721 1805 2063 2240 2301 2429 2900 2903 2944 3113 3170 3206 3259 3329 3429 346 3510 369 3850 3873 3992 411 4239 443 459 4711 483 555 593 827
1056 1078 1112 1116 1176 1192 1267 1305 1342 1566 174 1866 1885 1908 196 2039 2055 2060 2172 2375 2416 2514 2798 291 2928 3203 3335 3342 3612 3633 3784 3788 3822 389 3920 4064 4158 4204 4569 4595 4744 4888 903
1026 1030 1213 1218 1255 134 1394 1729 1837 1926 2034 2048 2146 2226 2308 2309 2366 2509 2638 2711 285 2865 2983 3080 3228 3251 3373 3428 3488 3525 3673 3801 4021 4057 4076 4124 423 4270 4296 4706 4715 4919 4983 4994 579 81
1203 1214 1287 1306 137 1540 1560 1585 1699 1767 184 1884 1975 2007 2013 2026 2232 2303 2327 2350 2352 2443 2550 2572 2662 2866 2914 2930 3029 309 3117 3124 3149 3163 3294 3322 3348 3412 342 3441 3517 371 3767 3774 3784 381 3869 3885 390 3983 3987 4034 4039 4069 4215 4548 4566 4612 4630 464 4648 4676 4682 4731 4798 4804 4837 4838 4864 490 646 752 758 888 940 970 996
1107 1176 1281 1467 1587 188 1925 1930 2079 2402 245 2478 2743 2890 2891 2989 3012 3193 3525 366 3734 3806 3935 4392 4535 6 611 888 967 972
1050 1057 1157 1471 1534 1644 2305 2468 2664 3147 3212 3216 3349 3395 3399 3411 3441 3459 379 3806 3990 419 4541 4614 47 606
1013 1061 112 1176 1244 1276 1366 1520 1552 1735 1747 1945 20 2057 2087 2319 2411 2447 258 2624 2730 2737 2805 2887 2960 2999 3057 3145 3367 3433 3461 3479 3483 3562 3611 3744 3788 3823 3902 4025 4072 4103 4109 4144 4190 4250 4261 4291 4357 4544 4599 4638 4737 4792 4864 4911 524 556 620 641 653 752 858 932
1014 1252 137 1399 1411 1496 1623 1648 1792 1868 1884 2152 3185 3201 3523 4222 4597 4828 860 9
1026 1087 1132 1543 1649 1719 1840 188 1943 1968 200 2003 2012 2080 2092 2376 2400 2401 2443 2490 2493 2607 2626 2736 2759 2821 2827 2921 2929 2970 3006 3037 3063 3091 3139 3140 3159 3164 3193 3281 330 3303 3464 3569 3588 3606 3765 3850 3937 4064 4076 4083 4125 4158 4194 4202 4213 4225 441 4554 4607 4684 4798 4840 4850 4895 4958 630 685 700 772 808 907
1174 1209 1764 1767 2327 2749 3107 3252 3288 3335 3707 3730 3848 409 419 4281 4417 4518 4780 568 71 725 738 971
1013 1134 136 154 1828 1843 1968 1977 2216 2241 2480 2502 2524 2638 2696 2925 2943 2970 2976 3581 3630 3690 4013 4129 4642 4720 4803 4827 4845 4991
1052 1064 1070 1132 1138 1275 1287 1314 1318 1338 1346 1347 1358 1422 1513 1721 1754 1761 1770 1820 2024 2049 2051 2092 2163 2187 2198 2248 2261 2313 2347 2368 2555 2576 2598 260 2622 2864 2934 294 3099 3107 3183 3234 3241 3286 3297 3320 336 3366 3377 3404 3427 3443 346 3553 3582 3679 3714 3850 3986 4143 4167 4259 4264 4434 4542 4562 4601 4653 4667 4692 4819 493 4950 543 574 579 620 717 901 927 972
1051 1060 1090 114 1456 1703 1793 1909 1945 2129 2140 2146 243 2444 2458 2464 2624 2780 2930 295 3051 3089 3140 3234 337 3395 3545 3641 3744 377 4008 4247 4251 4309 432 4361 4389 4407 4452 4502 4625 4678 4693 4715 499 4997 6 903 908
102 1045 1403 1583 1698 173 1732 1782 2065 2144 2411 2456 25 2591 2889 306 3183 3246 3307 342 3477 3581 3863 3963 4012 402 4039 4059 4135 420 423 4538 4729 4756 4840 559 721 79 794 850 903
1002 1070 1217 13 1344 1352 136 1376 1698 181 1810 1933 1989 2032 2112 2278 2302 2347 2352 238 2393 2418 2429 2453 2456 246 2522 2532 2543 2549 2620 2647 2746 2772 2796 2907 2995 3025 3028 3077 3219 3306 3307 3339 3358 3403 3492 3544 3633 3786 379 3829 383 400 4075 4089 4102 4112 4245 4389 4393 4407 4469 461 4626 4631 4766 4783 479 4915 4919 4935 562 581 615 626 810 873 911 984
1234 1377 1579 1724 224 2876 2916 294 2944 2999 3377 3380 3476 3513 3545 3872 3931 3940 4415 4681 4978 4983 616
1000 1106 126 1480 15 1718 1937 217 2190 2691 2884 2989 3038 3058 3306 3643 3649 3953 4176 4233 4257 456 4610 4685 510 666 856 891 932
1011 1068 1154 127 1276 1359 1378 1433 1610 1617 1696 1738 1741 1778 18 1819 1833 1847 1869 1973 1979 198 2024 2062 2127 217 2205 2261 2353 2363 2364 245 2491 2556 2587 2690 2719 2814 2853 2861 2870 2884 29 3034 3036 3044 3169 3194 3254 3350 3393 3398 3596 3616 3701 3718 3750 3874 3883 3901 3910 3938 3960 3999 4043 412 4127 4290 4319 4338 4367 4443 4455 4456 4581 4635 4729 4789 479 4895 4907 4942 4957 4973 527 543 760 766 792 806 824 843 874
1035 11 1102 1116 1162 1278 1319 1340 1371 1465 1479 1599 1601 1620 1722 173 1736 1786 1901 192 2077 2184 2218 2224 2260 2457 2616 2827 2833 2912 3054 3189 3231 3433 3510 3513 3561 3634 3874 4018 4089 4090 4213 4348 4363 4449 4454 4456 4560 4774 4782 4934 510 583 71 735 94 944
11 1103 1106 1200 1408 1477 1497 1503 1612 1831 1879 1883 1905 1960 2007 202 2028 2069 2078 2124 2131 2212 2406 2597 2608 2829 283 2837 3068 3156 3327 3393 3743 3789 383 3953 3960 4044 4114 4242 4340 4448 4494 4633 4798 4828 4843 4918 4996 508 636 685 70 823 835 870 941
1268 1650 1710 1736 1747 1804 1946 2077 2078 2258 2296 2514 2564 3032 3078 3205 334 339 3548 3724 4050 4100 4551 464 4918 4954 75 830 963
1058 1079 1327 1338 1405 146 1609 1639 1814 2019 2062 2100 2103 2140 2358 2406 2428 2431 2706 2824 2825 2845 2933 3139 3144 3230 3298 3405 3468 3487 3752 3765 3843 3911 4143 4149 4223 4298 4310 4417 4513 4612 483 484 4888 4900 4977 527 640 766 873 911 917
1029 1074 1160 1326 1556 1713 1748 1801 2006 2052 2054 2059 2074 2083 2104 2285 2333 2348 2521 2545 2550 263 2635 2704 2707 2746 2762 2864 288 2913 3070 3334 3351 3416 3608 3661 4049 4155 4169 4194 4217 4338 4378 4407 4408 4488 4490 4560 4568 4584 4609 4637 4650 4805 4838 4851 4890 4916 4978 558 627 634 681 813 818 996
1069 1293 135 1434 1450 1537 1603 1643 1658 1884 2063 2601 2768 2781 3002 3060 3359 3494 3663 3788 4346 4755 4785 480 4821 59 598
1129 1135 1348 1845 2192 2213 2261 2277 2339 2587 2640 3000 3023 3259 344 3443 3496 4280 4828 707 765
1038 1063 1068 1069 1070 1155 1181 146 1478 1509 1565 162 1623 1628 1681 177 1775 1840 1916 1929 1974 199 2076 2095 2189 2249 2464 2467 2495 253 2640 2662 2709 2719 2785 2835 2851 3040 3178 3238 3281 3348 3364 3509 3548 3621 3689 378 3842 3889 3935 3966 4033 4055 4142 4222 4237 4307 4353 468 4680 4714 4715 4820 4822 4845 4862 4898 4984 4986 4990 5000 508 527 534 546 610 625 718 721 800 827 922 982
1053 1069 1123 1517 1593 1837 1842 1979 2064 2249 228 2484 2508 2518 2722 2744 3133 3162 3168 3665 3867 3988 4036 4044 4856 4941 4995 701 79 915
109 1165 1186 1252 1262 1283 1318 1409 1438 1446 1510 1558 1625 1730 177 1827 1832 1842 190 1902 1954 1980 1981 2034 2061 256 2589 2622 2628 2696 2715 2759 2762 2848 2866 3026 3107 3195 3296 3300 3407 3425 3446 3530 3631 3710 375 3769 3805 3860 3999 4024 4124 4174 4238 4252 4480 4490 4529 4545 4557 4569 4629 4738 49 4979 518 520 546 61 617 636 733 843 977 988
1236 1312 1414 155 1650 1662 1850 1933 2003 2105 2209 2770 3012 3138 3482 3646 3734 3736 3999 4033 4199 4250 4385 4453 4494 4538 4604 571 654 835
104 1264 1283 1469 1488 172 1828 2146 2184 2314 2411 2720 2904 3042 3326 3392 368 3740 4073 4136 4876 49 4935 588 600 628
1094 1154 1167 1200 1746 1781 1792 2111 2210 2314 24 2640 2980 3059 3176 3245 3255 3839 3905 3962 4028 4130 4553 4973 696 813 873
1239 1400 1693 1706 1711 1978 2105 2457 2504 2786 2933 3045 3257 3533 3588 388 414 4366 439 494 501 504 627
1002 1096 1169 1310 1487 1495 153 1544 1590 1597 1610 1614 1618 1672 1820 1833 1839 1888 1955 1963 2040 2044 2055 2150 2211 2217 2222 2385 2403 2496 2502 2532 2541 2596 2648 2741 280 2832 2895 2896 2921 2946 3080 3291 3298 3303 3405 351 3547 3629 3639 3641 3764 3818 3845 388 402 415 4234 4285 4329 4372 4401 4406 4408 4428 4478 4641 4685 4769 484 4861 4888 4912 4966 4985 535 598 647 654 664 687 71 764 838 942 982
1031 1043 1068 1110 1169 1331 1356 1364 1422 1426 1493 1542 158 1608 1702 1732 1794 1809 1818 1820 1914 1989 22 2232 2260 2324 2346 2353 2374 2391 2440 2478 2502 2524 2529 2583 2602 2610 2668 2689 2736 2764 2790 2818 283 2872 2890 2921 3077 3125 314 3149 3206 3293 3377 3408 356 3568 3620 3695 3740 3747 3761 3762 378 3845 3916 3975 3979 4009 4086 4187 4228 4324 4517 4678 4723 4734 4770 4808 4850 4885 4906 4909 4953 4954 4960 506 534 562 617 654 692 776 782 814 98
1032 1039 1158 1174 1193 123 1235 1277 1346 1378 156 1599 1728 1824 1837 184 1927 2008 2079 2094 2122 2142 2210 2231 2296 2457 2847 285 2879 2934 3040 324 3292 3441 3554 3611 3756 3836 3865 3933 3973 4205 4731 474 4742 4761 482 4971 533 691 701 727 730 741 822 95
1000 1013 1020 1063 1088 1099 1133 1187 1232 1324 1502 1540 1598 1615 164 1643 1831 1842 1863 1908 1966 2001 2049 208 2430 2545 2577 2615 2703 2763 2847 2874 2903 2936 299 3035 3048 3053 3078 3134 3156 3185 3239 3274 3336 3351 3383 3394 346 348 3493 35 369 3736 382 3869 3930 3947 4064 408 41 4141 4155 4161 4184 4203 4270 4325 4443 4510 4630 4638 4783 4821 4832 4883 492 4924 4929 4946 4976 4992 515 583 61 742 758 792 835 858 901 906 913 926 960 965
1058 1072 1083 1428 1433 1536 1620 1688 1691 1962 1977 1984 2014 2257 2262 2363 237 2809 3014 3381 3468 3579 3620 3821 3891 3988 3994 4005 4023 4155 419 4250 4261 4266 427 4335 4373 4415 462 606 7 706 818 908 952 98
1113 1127 1332 1340 1442 1443 1489 1542 1555 1607 1667 1791 1868 1873 1912 2038 2152 2165 2227 2255 2271 2276 2302 2385 2420 2452 248 2665 2730 3074 3097 3205 3274 3316 3335 3344 3369 3377 3405 3437 3497 3508 3522 3624 3641 3663 3743 3755 3824 3859 4117 4133 4161 420 4327 4338 4348 4558 4562 4585 4659 4706 4804 4885 4994 532 537 58 748 769 854
1 1004 1060 1308 1327 1349 138 1458 15 1505 151 1547 1555 1644 1654 1659 1741 1831 1845 1882 1915 1978 2062 21 2119 2151 2203 2261 2330 2367 2371 242 2510 2564 2624 263 2659 2674 2675 2718 2756 2761 2814 2847 2888 2907 2935 2980 305 3130 3145 3156 3204 3216 3230 3258 329 3426 3434 3445 3500 3566 3577 3599 3645 3774 3903 3907 3920 3932 401 4013 4031 4064 410 4111 4126 4275 4366 4567 4584 4663 4712 4783 4854 487 4996 533 631 733 741 78 833
1105 1478 1652 1883 2080 2186 2212 2277 2691 2699 2820 3133 3598 3649 3793 3887 3934 4003 4212 437 4854 4992 969
1038 1149 1597 1708 2250 2254 2450 2540 2814 2834 2928 2945 319 3235 329 3524 4150 4298 4374 4735 4807 4820 590 608 804 948
1107 1263 1273 1705 2304 2560 2636 2930 2945 3134 3195 3241 3328 3638 3677 4077 4127 4190 4210 424 427 4299 4462 4786 4825 4965 4975 515
10 1108 1130 1185 1189 1262 1295 1366 1373 1495 1516 1526 1663 1696 1741 1916 2102 2120 2401 2405 2466 2471 2505 263 2698 2851 2928 2998 3018 3021 3046 3054 3308 3373 3375 351 3515 408 4106 4119 4124 4138 4165 4235 4256 4292 4410 4427 46 4674 4773 498 541 542 582 648 791 858 891 923 98 984 988 991
1188 125 1379 1467 1512 1529 1547 1565 1623 2170 2334 2346 2350 2437 2454 250 2667 2684 2787 2821 2995 3034 3051 3079 3090 3426 3500 3849 3986 4016 4125 4228 4346 4382 4433 4536 4592 4689 521 54 575 928
116 1204 1454 1842 1847 2045 207 2081 2188 2223 2798 2941 3072 3358 342 3544 3547 3695 3956 4036 405 4154 4304 4455 4685 4723 906
1124 1149 1232 1334 1343 1363 1374 1392 1600 1622 1713 1883 2137 2348 2406 2431 2647 2760 2829 2930 2951 2994 31 3238 3326 3474 3547 3613 3698 3700 3740 3893 3905 3952 3979 44 4523 4532 4600 4852 4870 4898 4926 779 794 867 908
1014 1161 1185 1246 128 1304 1320 133 1374 1377 1551 1576 1597 1698 1734 1783 1793 1997 2090 2094 2199 2223 2262 2275 2296 2311 2430 2442 2685 3206 3215 3286 3288 3289 3371 3498 3602 3640 366 3684 3785 388 3953 3966 3985 4111 4284 4330 4396 4422 4503 4514 4517 4702 4804 4827 4865 4955 4958 530 602 613 638 678 741 874 960
126 1365 148 1493 1576 172 1890 2188 2213 2255 228 2390 2418 2504 2574 2591 2718 3019 306 3266 3349 3428 3741 3891 3993 4053 4155 425 4744 4817 4835 4974 7 924
1087 1250 1268 1274 1349 137 1540 171 18 1881 196 2002 2266 2422 2787 2920 2928 3049 3053 309 318 3767 4134 4214 4434 452 461 4846 668 862 908 99
1754 2537 258 2617 2704 2781 2884 3136 3181 3495 3889 4228 4276 4544 4593 4600 4601 4712 478 4988 971
1073 11 1127 1166 1224 1278 1292 1314 1467 147 1472 1557 1559 1588 1802 1866 1912 2002 202 2062 2067 2083 2127 2131 2151 2291 2312 2349 2417 2431 2445 2544 2598 2617 2618 2689 2774 2785 2838 2951 3045 309 3232 3433 3459 349 3773 3845 3863 389 3951 40 4128 4146 4159 416 4176 4388 4528 458 4611 4632 4659 4695 4697 4765 4794 48 487 489 4974 521 537 609 949 957
10 1039 1131 1447 151 1556 2059 2066 2386 2444 2481 2646 2769 2782 2840 2879 291 2935 2978 3046 3134 314 3257 3293 3684 3710 3963 3991 4218 4341 4456 4524 46 4616 4640 4669 4729 475 4809 4911 4917 4982 70 868 953 986
1142 1249 1323 1361 1465 1520 1747 1889 2495 2619 2649 3000 314 316 326 3318 3381 3446 3613 3649 3979 4111 4143 4176 4223 455 4819 4863 4881 4959 658 808 846 917 942
1149 1308 134 1574 1653 1751 1798 1976 207 2255 2353 2390 2410 258 2667 2782 2804 3099 3101 3160 3193 3232 3316 3402 3483 3559 3616 381 3901 4145 4573 4781 4896 490 4979 5000 569 656 73 758 818
1048 1052 1083 1099 1115 1189 1279 1393 1426 1449 155 1565 1595 1610 1662 1696 179 193 2016 2039 2050 213 2271 2346 2419 2509 2579 2603 2632 2734 2762 2948 2971 300 3028 3032 3055 3077 3119 312 3164 3227 3236 3275 3342 335 3438 3492 3527 3581 3663 371 3710 3813 3883 389 3912 3958 3997 4039 4120 4142 4148 4158 4212 429 4415 4548 4566 4644 4660 4678 4774 4803 4951 4979 539 599 633 649 692 742 748 80 857
1011 1154 1172 1399 1457 1600 1664 1791 1928 1935 1993 2095 2159 2572 2609 2623 2644 2764 2884 2900 2956 3032 3060 3066 3097 3195 321 3239 3270 3274 3291 3439 3683 3743 3755 3811 4060 4094 4234 4245 426 4272 4411 4482 4490 4524 4548 4570 465 4749 4890 4918 4942 4949 708 735 769 887 938
1107 1174 1228 1298 1345 1418 1566 1738 1774 2028 2473 2502 2598 2608 2646 2761 2816 2826 2904 3011 3121 3169 3198 3296 3373 3562 3586 3594 3666 3681 385 3997 4001 4107 4312 4451 4474 4758 4857 4899 618 71 74 751 752 891 898 97
1454 1480 1510 1577 1600 164 1839 1999 2172 2188 227 2429 2700 2705 271 2925 2988 3540 3627 4135 4138 4149 4321 4581 473 4732 4796 4974 527 733 872 986
109 1104 1181 1234 1302 1364 1421 1600 1733 1807 1840 1989 2112 2123 2127 2219 2302 2589 2640 2668 277 2798 283 2860 2871 2907 3076 3107 3405 3592 360 3661 3727 3798 3810 3815 3905 3933 4019 410 4234 4337 4414 4585 4630 4839 4985 548 553 600 695 702 728 805 809 824 913 921 964
1007 1092 1208 1282 1324 1960 2258 2357 2578 2591 2650 2883 2912 30 3083 3092 3096 312 3196 32 3451 3470 3527 3636 3957 416 421 422 4310 436 4408 4740 4763 4796 4803 634 672 685 708 992
1069 1198 1261 1366 1428 1618 1743 1843 2056 2110 2113 2115 2134 2339 2415 245 2471 2506 2509 2607 2698 2749 2813 2845 2934 2954 2956 2957 3026 3045 3053 313 3159 3176 3391 3393 3449 3571 3710 3745 3816 3828 3844 3962 4167 4169 4240 4241 4256 434 4353 460 4689 4695 4710 4735 4750 4817 4850 4859 4924 4966 566 65 682 699 739 857 875 998
109 1162 1348 1408 1488 1509 1668 1807 1876 2030 2049 2069 2211 222 2819 3206 3810 4014 4231 4280 4712 4782 4909 514 525 964
1004 1044 1131 1156 1218 1242 1414 1503 1530 1544 1572 1610 1693 1697 1843 1880 1881 1909 2054 2063 2122 2325 2365 2405 2456 2479 2493 2495 2603 2613 2619 2649 2734 2755 2795 2827 2854 296 2964 2991 3004 3034 3041 3067 3072 3083 3091 3112 319 3216 33 3328 3479 3525 3559 3582 3619 3773 3843 3869 3953 4085 4106 4153 4218 4255 4406 4474 4523 4536 4551 4572 4597 463 4650 4713 4758 4826 4833 4850 4856 4882 4886 4929 4954 4990 641 656 691 720 814 859 902 918 949 986
1029 1036 1043 105 1095 1133 1234 1318 1396 1404 1593 168 1697 1699 171 1724 1766 1781 1816 2040 2131 2198 2230 2238 2529 2588 2614 2699 2751 2761 277 2813 2900 2914 2970 298 2999 3036 3040 3063 3074 3080 310 311 3125 3127 3130 3174 3269 3282 3306 3413 3526 3587 3589 3603 367 3679 3727 3752 3755 3774 3789 3803 3859 3918 3945 3954 3991 4009 42 4203 4209 4246 437 4418 4632 4663 4702 4755 477 4778 4815 4938 520 602 628 821 898 968
1208 1454 1477 1778 2004 213 2236 2301 2555 2715 2783 2983 3429 3431 3491 3548 3556 3709 3731 3756 3850 3885 4166 4251 4380 4451 4463 4467 4583 4868 4913 634 717 778 852
1230 125 1338 1551 1609 1670 1683 1851 1877 1953 2149 2265 2286 240 2485 2620 267 2963 3085 3100 3121 3125 3147 3211 3272 3771 3830 4021 4270 4411 4506 4633 566 593 598 608 642 647 984
1123 1227 1635 1861 2063 2098 2458 2737 2769 3140 3266 3326 3710 3888 3924 4307 4650 4716 4782 4812 4933 502 769
1047 1163 1226 1247 1293 1314 1343 148 1487 1488 1531 1551 1588 1814 1960 1964 1970 2119 2268 2401 2456 2517 2555 262 2621 2646 2749 2880 291 2914 3077 3119 320 3392 3469 3475 3484 3503 3588 3609 3620 3761 3863 387 3984 4044 4070 4120 4123 4144 4219 4220 4253 4275 4281 4351 4435 4465 448 4863 4993 68 692 710 752 781 805 827 867 886 901 96
1000 1042 1204 1238 1246 1263 1587 1710 1768 1886 193 1981 2087 2224 2299 2346 2349 2388 247 2534 2544 2558 2728 277 2822 2851 2983 3070 3072 3074 3107 316 3183 3195 3439 346 3549 3655 3731 374 3809 4019 4031 4090 4099 4234 4249 4266 4281 4282 4418 4506 4563 4745 4800 4899 4966 4988 629 641 780 804 907
123 1585 1688 1726 2215 2332 2349 26 2660 2770 2810 2920 3432 3664 3671 3768 4140 4214 4336 436 4625 4776 4978 883 904
156 1615 1616 1874 1891 1946 2012 2028 2269 2277 2771 2845 3107 3212 3226 3385 3676 3741 3825 4064 4119 4570 4601 4674 4785 4799 797
1029 105 1124 1133 1153 1276 1390 1474 1510 1552 1555 1643 1681 1724 1758 179 1820 1913 1977 2060 2083 2101 2113 217 2172 2231 232 2449 2452 2561 2674 2746 2793 283 288 2920 3038 3064 3077 3119 3141 3150 3158 3203 3239 3252 3268 3276 3368 3375 3518 3584 3658 3662 3689 3708 3739 3742 3784 3865 3873 3876 3889 3991 40 4024 4043 4063 4122 4218 429 4291 4313 4410 4427 4483 4532 4603 465 4665 4804 4881 4908 4949 584 62 640 679 782 824 921
1090 1134 121 1341 1441 1527 155 1679 1801 20 2173 24 2582 2727 2933 2945 3195 3510 3554 3777 3929 4079 410 411 4237 4319 4487 4614 4836 4866 4883 4885 4890 548 637 650 87
1060 1088 1145 1196 1228 1458 1475 1478 1502 1579 1658 1666 1861 2099 2394 2416 2511 2568 2671 2755 2903 3059 3073 3102 3199 3212 329 3366 3439 3482 3497 352 3524 3525 3556 3766 3830 3839 3966 3971 3985 4051 4080 4154 4322 4392 4503 4522 4604 4832 4893 4938 541 556 68 738 764 78 855 861 868 978
1186 1505 1594 1722 1938 2007 2039 2069 2417 2557 2571 2872 2895 3043 3173 3242 3283 3384 3406 3616 3777 3892 3954 4287 4628 4689 627 788
1081 1133 1135 1500 1588 1671 1719 1736 1746 1965 2081 2313 257 2571 2722 3130 3211 3224 3367 3885 4069 4133 4167 4264 4474 4592 4795 4864 4969 512 555
1061 1131 1132 1133 1149 117 120 1304 137 139 1396 1425 1453 1465 1511 1556 1648 1691 1731 1766 1886 196 1996 2049 2066 2119 2203 2266 2327 2395 2424 2505 2506 2554 2602 2608 2630 2756 2760 283 2832 2900 2965 2993 2997 3044 3075 3208 3244 3304 3355 3363 3459 351 3540 3582 3596 36 3766 3874 4001 4012 41 4104 4198 433 4475 4494 4589 4601 4681 4688 4703 52 520 558 583 585 662 857 879 947
111 1181 1217 1220 1235 1269 1306 1553 1769 1853 2002 2010 2057 2354 2397 2528 2647 2663 2738 2857 3036 3062 3142 3163 3239 3252 3304 3309 3502 3557 3558 357 3698 3846 389 3956 3972 3982 4325 4382 4503 4552 4600 4893 530 589 614 630 722 834 922 931 942
1102 1160 1298 1607 1681 2260 2399 2468 2684 2696 2705 2737 2785 2799 2861 3168 3204 3235 3242 3266 3288 3481 3498 373 3975 4114 4270 4633 4711 4831 574 699 70 762 918 957
1079 1173 1239 1314 146 1506 1569 1575 1616 1641 1712 1759 1974 2050 2077 2080 2134 2259 2325 2388 2413 2651 2767 2773 2956 3034 3163 3384 367 3841 3844 3966 3986 4031 4149 4160 4242 4407 4509 4569 4610 4976 599 649 705 726 74 842 940
1124 1135 1269 1648 1691 1928 1940 2014 2056 2073 2090 216 2219 2257 2341 2351 2501 2653 3190 3373 3510 352 3525 3562 3638 3746 3832 395 4001 4030 4242 4438 4439 4633 4699 4716 530 711 74 901 937
1025 1053 106 1075 1117 126 1262 1287 1544 1576 1583 1665 1837 186 1931 1968 20 2084 2102 2140 2175 221 2394 2441 2507 2693 2814 2818 2855 2884 297 309 3093 3146 3306 3307 3388 3412 3413 3460 3600 3616 3633 3637 3665 3669 3724 3796 3798 3845 3945 3954 3975 3985 4063 4180 4210 4304 4308 4395 4401 4446 4550 4551 4558 457 4571 4701 4845 4904 4914 4960 562 753 775 778 787 855 868 869 881 924 945 96 977 984
1019 1098 1113 115 1157 1158 1280 1287 1321 136 1394 1434 1496 1583 1782 183 1864 1865 1909 1948 20 2262 2321 2441 2447 2522 2543 2607 2609 2641 2812 2854 2902 2913 2927 2934 3095 3345 3381 3470 3618 3637 3737 3763 3771 3773 3796 3892 3901 3985 3997 4049 4083 4089 4111 4149 4193 4220 4245 4284 4322 4350 4678 473 4732 4787 4819 4868 490 4901 4971 501 521 565 624 668
1090 1155 131 1506 1748 1846 1884 2012 2099 2117 2118 2213 2250 2254 2728 2829 2850 2928 313 3162 3169 33 3332 3464 3522 4009 401 4070 4311 4639 4668 4705 4835 742 829
1214 1725 1728 2380 2759 2854 3099 3304 3413 3569 3922 4183 4439 445 4471 4638 574 717 958 96
1047 1238 1292 1394 1433 1436 1679 1684 1690 181 1866 1882 2176 2286 2405 2649 274 289 2954 3088 3091 3132 3176 3230 3352 3592 367 3673 3718 3844 3914 3960 403 4032 4059 4282 4525 4561 4695 4893 4897 6 778 842
1004 1007 1021 1026 1074 1113 1124 1184 1214 1228 1235 1246 1279 1356 1531 1691 1765 1804 1830 1863 1954 2023 2078 2146 2152 2160 2374 2387 2414 2417 2519 2522 2532 2575 2593 26 2821 2851 2901 2984 2988 3087 3091 3114 3173 3205 3275 329 3294 3350 3382 3393 3469 347 3544 3545 3685 3704 3789 3794 3801 3803 3826 3967 4012 4030 4042 4061 4072 4122 4178 420 4247 434 4370 4514 4524 4575 4599 471 4737 4780 4801 4812 4915 4926 4992 524 60 602 728 785 824 860 967 971
1164 146 1917 1938 1980 206 2192 2410 2587 2614 2931 2999 3082 3191 3233 3521 3656 3680 374 3915 3994 4269 4378 4764 4838 662
1109 1132 1160 120 1200 1274 1382 1449 1523 1681 1747 2099 2199 2348 2610 2674 2704 2706 2730 2812 2876 3072 3159 318 3342 3364 3603 3637 3847 3870 3903 399 4028 4106 4298 4379 47 4880 4996 673 809
1012 1023 110 1131 1176 1343 1497 1864 1912 2054 2090 2132 2291 2339 2556 2607 2688 2740 2770 282 2861 3065 3083 3193 3371 3440 3518 3547 3658 4059 4130 4190 4411 4521 4572 4581 4736 4743 4853 4854 589 917 937 984
1099 1132 1395 1429 1434 1832 2067 2129 2218 2257 2688 2926 3113 3424 4127 418 4325 4360 4786 513 518
1023 1085 1301 1369 147 1494 1744 1807 1874 1899 1993 2388 241 2663 280 2813 3078 350 356 3705 3877 3920 4013 4029 4155 4180 4234 4394 4612 4725 4770 4847 4874 4958 4980 527 704 717 727 748 946 996
1528 1607 1658 1665 1775 1820 2078 2240 236 2625 2646 2852 3423 3511 3798 4028 4240 4305 4654 4995 614 808 831 982
1268 1369 1411 1551 1640 1957 2081 2156 2217 2239 2262 2292 2567 2691 3014 3119 3171 3179 3261 3436 3540 4027 4403 4486 4538 4557 470 4716 4885 4985 533 63
1044 1276 1328 1329 1347 135 1437 1464 1521 1536 1653 2060 2077 2133 2180 2226 2246 2302 238 2407 2416 2479 248 2504 2641 2659 2705 2746 2766 2772 3040 3349 3447 3555 3638 3705 3768 382 3941 4233 4248 4282 4307 4308 4313 4343 4353 4401 4443 4523 4584 4593 4703 4729 4833 4911 4959 636 699 721 788 82 830 857 914 975
1204 1295 138 1439 1533 1629 1769 1845 2003 2171 2249 2364 2608 2772 280 2862 2882 2987 3060 3261 3363 3375 3413 3466 3595 3596 3618 3650 3689 3692 3744 38 3867 3960 4257 4541 4704 4787 4807 4977 4988 586 640 647 652 690 786 797
1125 121 1265 1324 1340 1471 1648 1769 1877 1977 2106 2113 2124 2173 2313 2370 2384 2537 2558 2638 2705 272 2764 297 3064 311 3145 3183 3185 3498 3870 4027 4184 4348 4413 4463 4790 4837 4857 487 4935 529 550 575 689 721 85 87 978
1099 1104 1226 1251 1256 1265 1306 1324 1352 1354 1381 1454 1537 1544 1563 1580 1752 1766 1776 1778 1840 1865 1927 1976 1996 2021 2092 2190 2257 228 2302 2346 2354 2365 2374 247 2497 2520 2694 2783 2786 2788 2801 282 2849 2872 3168 3191 3203 3320 3350 3352 3362 3373 347 3496 3641 367 3741 3916 40 4012 4031 4060 4106 4127 4132 4155 4215 4223 4246 4275 4279 4352 4360 4384 4471 4488 4524 4557 4605 4634 4636 4743 4765 4814 4847 4876 4983 57 580 592 629 682 705 738 949 960 999
108 1131 121 1263 1450 1494 1563 160 1681 1705 1764 2312 2418 2458 2558 2573 2624 2636 2682 3042 3245 3254 3316 3482 3578 4135 4212 4428 4530 4556 4616 4674 4923 4935 52 830 926 952
1000 1336 1539 157 2132 2199 2226 2704 2759 2941 3103 3121 3149 3242 3401 348 3559 3603 3778 3908 4 4121 4420 505 512 789 847 869 933
1055 1060 128 1355 1638 1721 188 1962 1981 2013 2155 2222 2266 2464 250 2504 2609 2879 2910 301 330 3731 3843 390 3998 4177 4414 4484 4492 4582 4593 480 4983 4993 4997 624 70 959
1104 1142 1378 145 1489 1719 172 1736 1746 1801 1863 1877 2007 2040 2046 2328 2340 2363 2450 2603 2689 2820 2975 2997 327 3366 3374 3382 3398 3473 3636 3794 3842 3864 3931 4021 4046 4064 4179 4256 426 4378 4453 450 4513 4537 4549 4613 4832 4929 515 629 668 670 688 701 750 838 914 943 977
1119 1309 1328 1423 1530 1672 1718 1799 1849 1881 1936 2006 2016 2080 2082 2091 2095 2108 2141 2189 2219 2246 2275 2372 2403 2445 2491 2493 2498 2505 2535 2551 265 2698 2711 2904 2914 293 3024 3028 304 3165 3330 3372 3425 3429 3441 3514 3587 3596 3661 3695 374 3815 3859 3905 3913 3930 397 3972 399 4081 4099 4148 4179 4233 4237 434 4376 4513 4567 482 4825 4828 493 4933 570 911 916
1066 1105 1112 1177 1240 1253 1341 1422 1526 1531 1552 164 1741 1748 1750 1785 1900 1938 198 2032 2109 2156 2180 2184 2259 2287 2334 2339 2459 2579 2633 2651 2693 2711 2727 2810 2933 2970 2979 2982 315 3230 3353 3378 3407 3437 3443 3491 3554 3641 3657 3786 386 3860 3891 3934 3956 3993 4127 4193 4225 4241 4291 4343 4355 4387 4416 4435 4450 4453 4455 4491 4532 4545 4546 4562 4574 4586 4690 4723 4845 4868 4893 4895 4960 5 596 698 708 922 925 95 96 979
1043 1147 1181 127 1292 1326 1576 1649 1996 2016 221 2402 243 248 2509 2533 2588 2613 2914 3114 3164 3204 3216 3308 3568 3672 3705 3765 4081 4268 4718 4719 4776 4839 596
173 1781 188 2152 2302 233 2375 2462 2478 2508 2571 2594 278 2786 3038 3483 3494 3561 3608 3622 37 3745 3959 4165 4399 4417 453 4650 4729 4875 510 580 696 924 940
1055 1403 1410 1537 1766 1840 1971 2232 268 2684 2915 294 3038 3068 3101 3157 3159 3342 3437 3710 3824 4373 4628 4821 486 596 928
1035 107 1158 1252 1457 1467 154 1592 177 1799 1913 1927 1945 2102 2118 2123 24 2584 266 2670 2675 2679 272 2822 2829 2890 2943 2972 3068 3083 3169 3228 3364 3392 3524 3650 374 384 3873 3957 3969 4039 407 4308 4345 4366 4448 4561 4696 4713 4717 4870 4995 597 624 874 934 946 960 965 972
1104 1110 114 1167 127 128 1285 1367 1400 1462 1493 1619 1696 1733 1751 1754 1860 1946 1962 2038 213 2156 2167 218 222 2249 2270 2362 2390 2445 2453 2479 2512 2547 2789 280 2862 3013 3040 3112 3194 3236 335 3371 3429 3454 3523 3549 3566 3674 3698 3773 3788 3839 3942 3944 4037 4041 4067 4069 4119 4194 420 4246 4261 428 4281 4308 4318 4453 4586 4617 4769 4799 4863 491 4949 654 743 780 789 802 906 978
1216 1426 1450 1457 1555 198 2069 2241 2290 2349 2379 2460 2515 2552 2596 2609 262 2839 2929 2959 3246 3425 3451 3459 3557 3669 375 3773 3847 3891 397 3998 4208 4224 4326 4604 4612 4839 519 541 768 87 935
1024 1061 125 1443 1598 1615 1626 1785 1803 1806 1834 1856 1911 1921 1993 2006 2013 2099 2203 2244 227 2391 2532 2588 2598 2702 2762 2782 2813 2961 298 3000 3294 3470 351 3603 3770 3786 3813 3894 4040 4138 4152 4230 4284 4290 4333 4473 4567 4692 47 4765 4798 487 4909 52 741 773 791 797 897 935
1063 1064 1219 1334 1505 1587 1622 1664 2099 2955 297 2993 3313 3434 3761 3796 3808 386 3917 3942 4116 4289 4629 4750 4899 549 993
1099 1269 134 14 1679 1775 1876 1903 1928 1954 2352 2354 2395 2476 2542 2734 3052 3178 3292 3395 3465 3576 3656 3940 3953 3963 4256 4333 436 463 4811 4986 4997 606 79 839
1049 115 1155 1172 1197 1227 127 1275 1398 1469 147 1501 1644 1679 1728 1758 1787 1979 2034 2173 2200 2251 2367 2537 2545 2580 2636 2872 29 2946 3108 3152 3294 331 345 3524 3612 3619 363 3630 3692 3786 3919 3998 4052 4133 4165 4224 4304 4324 4401 443 4463 4571 4578 4646 4662 4728 478 4781 4955 4993 514 547 590 633 888 951 974
1123 1356 1449 1585 1895 1899 1915 2048 266 28 3555 3727 4083 4157 4247 4487 452 48 4995 4998 586 69
1103 1166 1369 1494 1527 155 1685 1738 1922 2002 2046 21 2643 2738 2909 2985 3026 3159 3300 3303 3477 3669 3724 3847 4220 4401 4437 4621 4972 599 719 805 977
1014 1112 1252 1411 1608 1784 1809 2631 2632 2633 3441 3756 3931 4232 4536 4609 4695 596 70 784 881 928 935
1015 1050 1083 1110 1212 1218 1347 1356 144 1500 1674 1683 171 177 1786 1879 1890 2054 2056 2057 2059 2301 2354 2363 2375 2385 2438 2452 2501 2546 255 2558 2592 2687 2703 2718 2721 2772 2777 2825 2904 2955 2989 2995 2997 3039 304 3072 3083 3187 3194 3214 3229 3231 3249 3267 333 3351 3389 3405 38 3864 3873 3891 3903 3916 4000 4066 4149 4153 4177 4185 4236 4243 4410 4532 4617 4728 4738 4749 4820 4826 4851 4874 4959 4969 4971 556 618 626 763 854 928 946
1039 1135 1361 1587 1811 1854 2278 2318 2614 2722 2832 3052 3334 3364 344 3446 3684 4017 4117 4200 842 904
1031 1038 1060 1077 112 123 127 15 1702 1710 1758 1806 1821 2104 2117 2281 2299 2693 2745 2752 2788 2872 2951 2998 304 3044 3064 3257 329 3324 387 4012 4049 4052 4121 4165 44 4417 4471 4475 462 4850 487 4880 4885 723 766
1020 1042 1217 1240 1242 1492 1609 1648 1719 1799 1991 2067 2134 2156 248 2681 269 2749 2787 2827 2906 2924 3245 3370 3459 3677 3777 3890 3986 4093 4214 4290 4313 4322 4337 4389 4395 4479 556 647 712 930
1007 102 1157 1180 1238 1416 1418 1579 1588 1608 1632 1650 1662 1710 1755 1774 1791 1813 1834 1862 1981 2054 2136 2163 223 2235 2255 229 2297 2464 2471 2588 2629 2678 2694 2884 294 2942 2960 3045 3063 3165 3175 3178 318 3219 3266 343 3433 3438 3532 3630 3705 3709 381 3940 4013 4022 4033 4094 4241 4259 4280 4313 4315 4357 4366 441 442 4489 4507 4516 4537 460 4640 4657 4722 475 476 4814 4834 4990 518 539 560 562 586 603 697 733 763 835 888 893 945
10 1053 1153 117 1187 1250 1274 1364 1381 1493 156 1610 1671 1713 1733 1851 1978 199 2031 2124 229 2313 2317 245 250 2661 2831 2927 299 3000 3043 3056 3097 3118 3172 3217 3293 3447 3458 3477 3511 3570 3627 3665 3695 3699 371 3822 4003 4179 4324 4397 4462 4530 4595 4745 4837 4852 4913 4963 566 696 730 782 809 893 925
1016 1030 1084 1112 1153 1177 1208 1253 1275 1289 1408 1431 1437 1653 1688 173 1798 1886 2063 2066 2118 2152 2251 2262 2347 2359 2377 242 2420 2426 2444 2498 2579 2624 2772 2847 2848 2855 2874 3027 3082 3150 3157 3183 3235 3243 3288 3298 3314 3390 3432 3466 3561 3618 3778 3788 382 3867 3957 4097 4107 4151 4281 430 4337 4373 4410 4443 4513 4606 4649 4680 4765 4799 4812 4817 4859 4970 4975 533 608 631 650 727 742 908 937 991
1130 1337 1346 1456 1821 1903 2064 242 2913 2942 2998 3029 3135 3210 3678 3832 3895 3908 4161 4387 44 4409 4620 464 4737 4957
1130 1321 1422 1449 1530 1658 1731 1932 1974 2204 221 2220 2223 2324 2453 2529 2580 259 2667 2699 2776 2861 2874 2877 2905 2934 2987 3044 3049 3101 3147 3164 3173 3224 3233 3363 3429 3558 3620 3649 378 3824 3945 4001 4019 4089 4129 4143 4233 4309 4326 4332 4437 446 447 4528 4593 4638 4678 4736 4907 59 595 663 696 697 715 768 781 866 894
1013 1411 1539 1657 1986 2167 2249 2318 2369 2380 2395 2489 2725 2856 2953 3046 3523 3824 3888 4001 4041 4222 4503 4535 552
1052 1127 1355 138 1491 1740 1825 1874 1950 2039 2066 2178 2419 2423 2458 2550 2613 271 2801 285 293 3074 3189 3191 3279 336 3637 3980 4174 4184 4330 4420 4437 4494 4605 4906 4912 4967 552 580 627 687 780 881 887 911
1137 1353 1357 1590 1649 2189 2192 222 231 2470 2501 2622 2736 3045 3063 31 3111 3127 3204 3306 3368 3513 3556 3830 3873 390 3909 4140 4147 4184 4189 4298 4378 4454 4543 4616 4648 4652 4680 4701 4703 4761 4798 4820 4908 617 722 767 828 967
108 1098 1504 1599 171 2137 2646 3062 3182 3300 3349 356 402 4242 4790 4857 4899 4954 598 6 76 823
100 1002 1043 1056 1103 1278 1394 1502 1565 1711 1751 1768 1779 1785 2025 2079 2208 2221 2254 2408 2411 2754 2777 2803 286 2903 2906 2933 3124 3230 3371 3438 3468 3486 3848 3885 3977 3988 4055 4132 4302 4315 4330 440 4558 4601 4629 4709 4741 4770 478 4824 576 766 837 863 867 943 962
1028 1109 1116 115 1153 1241 1271 1277 1287 1308 1396 1403 1408 1416 1469 1515 1613 1671 1768 1902 2016 2023 2031 2034 2192 2227 2344 2389 2519 2521 2605 2610 271 2823 2826 2883 2940 3012 3028 3036 3059 3151 3215 3252 3293 3344 3385 3410 3496 3544 36 3661 375 3750 3864 3957 3999 4114 4159 4199 4214 4415 4549 4578 4732 4754 4777 4847 4851 4874 4945 507 52 627 74 763 781 794 828 92 946 962 984
121 148 1488 1722 1793 194 2063 2106 217 2272 2596 2629 2815 291 3097 3110 3139 3244 3252 3345 3356 3610 3801 3820 390 4003 4210 4240 4405 4663 4793 4884 529 666 938
10 1038 1096 115 1171 1196 121 1433 1530 156 1597 1730 1748 1786 1884 1902 1917 2312 2325 2333 2395 2402 2416 2484 2495 2511 2564 2606 2614 27 2793 2883 3098 3153 3252 3257 3412 3488 352 3559 3632 3728 3937 3958 4157 4443 4550 4572 4639 4804 515 535 629 657 740 837 962 978
1090 1102 1168 1219 1355 1366 1489 1538 1552 1778 189 1917 2039 2058 2394 2499 2572 2614 2698 2795 2980 3375 3438 367 371 3877 3988 408 4262 4304 4310 4324 434 441 4415 4420 4475 4506 4552 4754 4780 4807 498 5000 587 734 770 850 898 932
1000 1035 1074 1181 1352 1427 1451 1462 1576 1715 174 1760 1763 1786 1901 1928 1947 2011 2103 2116 2220 2286 2344 2377 2407 2422 2429 2458 2509 2596 274 2752 280 2861 2862 3016 3050 3054 3110 3162 3335 3360 3371 3404 3426 3603 3618 3636 3705 3727 3806 3813 3820 3850 3940 4014 4055 4121 4123 4124 4198 4350 4395 4434 4604 4610 4616 4715 4723 4736 4738 480 4822 4847 4874 4966 4990 4999 50 511 533 552 592 812 837 852 917 931 964
1116 1189 1219 1232 1349 1417 1458 147 1482 1494 1527 1544 1629 1645 1704 2024 2211 2405 2449 2464 2558 2575 2631 2634 2636 2650 2672 2729 2777 2818 2908 2987 3133 3139 3185 3235 332 3326 3328 3384 3581 3623 3643 3798 388 3921 3933 3977 3991 404 4082 4102 4251 4346 4361 4489 4502 4545 4581 4767 4786 4836 4842 4852 4920 4955 4958 5000 525 56 583 60 626 636 647 784 791 837 84
1106 1107 1168 120 1235 1257 1327 1604 1861 1954 1989 2066 2318 2380 2432 2629 2691 298 3293 3307 3338 3576 3607 3689 3791 383 3848 3899 4158 429 4408 4414 4461 4617 4631 465 4733 4833 493 4968 792 869 90 924 938
143 1670 1706 1780 184 200 2017 2067 2076 2103 2250 2370 2402 2518 252 255 2662 2669 2888 3084 3093 3172 3266 344 3498 3677 3973 3974 4065 4154 4172 4198 4228 4407 4549 4720 598 617 694 728 943
1050 1074 1113 1344 1418 1521 1543 1624 1686 172 1996 2023 2173 2385 2393 2444 2447 2515 2607 2641 2682 2728 2825 2900 2913 339 3429 3556 3599 3669 3692 38 3902 3938 4117 426 4472 4480 4639 4817 4853 4857 4906 510 722 739
1072 1221 133 1527 1563 1572 1617 185 2037 2049 2079 2354 2443 2680 3255 3655 4036 4122 4583 9 926
1015 114 1425 2020 2055 2169 2394 256 2560 2563 2617 2664 2699 2715 2805 2950 3054 3060 3500 3503 388 396 3991 4090 410 4216 4333 4567 4593 4632 4759 4778 4803 4833 4854 4876 4877 4906 4978 524 788 80 843
1076 1504 1537 1563 1599 2140 2157 234 2348 2453 2626 2761 3042 3091 3195 3307 3415 3448 3519 3599 3741 3975 3998 4224 4246 4291 4357 4471 4631 4701 4749 4756 4782 4846 592 6 641 728 747 781 939 963
111 1242 1303 1351 1405 1814 1969 2034 2224 2522 2620 2719 2997 319 357 3701 4061 4152 4262 4567 4911 596 842
1106 114 122 1257 1332 1348 1358 1377 1416 1427 1473 1487 1504 1595 1608 1628 1828 205 2064 2085 213 214 2203 2218 2259 230 2361 2491 2513 2626 2976 3057 3103 3131 3181 3211 3246 3327 3351 3435 3453 3513 352 3547 358 3677 3690 3732 3830 3920 3943 4161 4259 4359 4422 4457 4537 4604 4628 4788 4870 4919 508 61 767 820 828 881 983
1057 1263 1270 1379 1408 1524 1671 1711 1720 238 2393 2687 3315 3463 3613 3835 3915 3930 3934 4006 4175 4185 4340 4446 4473 4709 4784 4971 520 555 828 921
1074 1085 1105 1109 1366 150 1610 1688 1703 1718 198 2107 2119 2262 2347 2490 2491 2629 2834 2860 2949 3156 3231 3233 3302 3517 3540 3578 3627 375 3904 401 4061 4166 4281 4373 4389 4435 4600 4771 4783 4975 691 818 904 931
1113 1205 1212 1298 1448 1523 1602 1632 1638 1644 1705 1723 1938 194 2038 2266 2543 2659 2755 281 289 2925 3051 3323 3328 3389 341 3469 3483 3511 3558 3608 3770 3814 3976 4054 4093 4360 4408 4484 4496 4517 4631 4721 4742 515 548 556 629 685 850
10 1142 1173 1295 1341 2198 2237 2400 2424 2506 2760 2913 334 3361 3549 3743 3842 3945 4612 4633 480 482
1015 1064 1069 1079 1240 1263 1387 1506 1543 156 1569 1572 1676 1768 1788 2142 22 2230 2240 2250 2299 231 240 2556 2568 2596 271 2718 2737 2760 2946 30 3022 31 3178 3212 3235 3257 3485 3548 3579 3618 3650 3664 3730 3769 3895 3915 3923 3930 3998 4003 4126 4160 4182 4214 4242 4275 4427 4468 45 4620 4684 4685 47 4720 4754 4785 4908 4947 4955 4991 4998 60 70 778 786 804 830 889 990
1137 1246 1353 1381 1552 1723 1927 1996 2024 2296 2338 2489 2591 26 2826 2834 2891 3005 3112 3389 3789 3834 4077 408 4148 4212 4219 4603 4735 4744 4776 4802 4911 4986 4994 539 628 751 767 891 974
1017 1035 1056 1405 1585 1676 1706 1747 1833 1881 1944 1946 1968 2391 243 244 2638 266 2769 2912 2917 3025 3451 3494 3880 4059 4146 4353 4453 4650 4764 4868 4878 4907 4918 586 618 645 766 80 857
1087 1520 1709 2357 2561 2570 2901 2927 2944 3490 3655 3671 3725 3996 4412 4465 4511 4556 4864 606 82
1011 1083 112 1405 1433 1615 1769 1793 1823 1908 2086 2153 2383 2410 242 2603 2682 293 3042 369 3799 3963 3989 4071 4195 4199 4686 4908 4914
1047 1112 1153 1159 1177 1187 1238 1270 1321 1398 1468 1496 1504 152 1547 155 1682 1737 1841 1870 1996 2226 2245 2386 2389 240 2420 2465 2484 2508 2607 2705 2716 2738 2740 2742 3067 3083 3119 3205 3242 3246 3381 3532 3588 3638 3794 38 3896 4057 4139 4262 4348 4360 4368 443 4459 4595 4631 4681 4691 4708 4748 4750 483 4845 4847 4848 4907 4941 4968 4992 7 735 936
1030 111 1154 117 1187 1246 136 1465 1497 1541 1566 1582 1598 1746 1834 1898 1941 2022 221 2231 2395 2560 26 2682 2710 2759 2781 2917 2946 2997 3034 3064 3163 3205 33 3384 3389 356 3611 3808 4038 4043 4100 4102 413 4133 4322 4473 450 4534 4544 455 4580 4599 4684 4779 4828 4941 4947 565 61 631 697 739 74 810 814 855 86 867 874 907 940
1124 1400 1629 1677 188 1976 2133 2468 2825 2864 3357 35 3863 4069 4111 4350 4517 4640 4817 4960 59 685 700 954
1096 1158 1177 1202 1244 1344 1373 1403 1443 1571 1592 161 1648 1691 1751 1771 18 1810 1921 2038 207 2075 2123 2134 2142 2199 2211 2261 2405 2417 2433 250 2591 2608 2624 2668 2689 2711 2732 2764 2832 2874 2878 2886 2899 2977 3034 3140 3152 318 3348 34 3447 3458 3476 3522 3682 3700 3906 4004 4104 4117 4180 4220 4233 4244 4280 43 4334 4488 4597 4599 462 463 4659 4701 614 638 651 707 708 869 887 925
1002 1792 199 2369 2398 2498 2529 2969 3143 336 3407 3892 3987 3991 464 4648 4840 487 4963 4966 4977 63 64 747 79 953
1127 1176 1299 1347 1434 1508 1556 1569 1719 1772 194 2079 220 2210 2252 2266 2289 2352 2427 2428 2443 2522 2609 2688 2728 2730 2755 2762 2784 2810 317 3288 330 3308 3387 3406 3412 3474 3537 3706 3732 3743 3767 386 3916 3955 4030 4156 4160 4225 4353 4420 4446 4499 4539 4550 459 4730 4733 4764 4783 4861 4985 59 651 668
1020 1144 1192 125 145 1480 153 1542 1628 1767 2067 2269 2579 2939 2995 3025 3110 3140 3159 387 4138 4148 4552 4584 4796 4969 614 620 649 746 81 879 894
1291 1358 1503 1521 1832 1916 1976 2129 2418 2495 2864 2997 3644 4014 4406 4603 4728 4919 564 593
1109 1495 1507 2317 2375 2526 2693 2779 2856 3065 3097 3474 3866 4079 4143 4472 4513 4811 678 931
1011 1063 1079 1096 1158 1246 1314 1322 1325 150 1555 1593 1700 1881 2244 2312 2400 242 2518 2540 2650 276 2955 306 3313 3532 3554 3578 3605 3680 3987 416 4218 4264 4283 4378 4396 4544 4696 4854 636 68 879
1278 1723 1826 1827 2146 2180 2232 2648 2754 2930 2960 3555 3757 3843 391 4230 4282 4448 4625 4682 4711 628 632 655 676 707 742
1014 1015 1109 1127 1137 1217 1285 1348 1414 1419 1452 1567 1623 1626 1653 1703 1902 1938 199 2011 2062 21 2121 2151 2183 2219 2220 2428 2465 2524 2532 2562 260 2600 2688 2769 2796 2813 2848 2925 2946 2947 3112 3123 3141 316 319 3228 326 3315 3366 3479 3539 358 3618 3649 3657 3723 3797 3804 3864 3885 3910 3992 4023 4135 4152 4166 419 4324 4326 4360 4415 4611 4702 4737 4822 4864 4868 4883 4907 4938 4991 57 639 649 661 700 701 739 764 79 850 875 909 952
1004 1012 1074 1179 1207 1354 1379 1399 1426 1486 1495 1593 1664 1680 1754 1781 1845 1873 1879 2017 2078 212 2141 217 2218 229 2401 2470 2471 2536 2555 2631 27 2703 2921 293 2990 3046 3059 3113 3140 3228 33 3320 3342 335 3434 3494 3536 3559 3599 3611 3635 3654 3661 3730 3766 3806 3842 3885 3888 3914 3953 3984 4005 4057 4093 4105 4120 4141 4196 4296 431 4378 4436 4440 4489 4497 4498 4502 4560 460 4624 4644 4645 4682 4695 473 4734 4805 4835 4836 4864 4930 4931 589 763 77 830 838
1014 1139 1207 1241 1260 1283 136 1374 1448 1496 1505 1542 1683 1723 1748 1784 1785 1809 1879 1936 1978 1981 2011 2118 2178 2202 2222 2276 2290 2364 2404 2406 241 2416 256 2572 2586 2662 2695 2718 2783 2921 2949 3018 3057 3062 3103 3124 3167 3174 3313 3317 3388 3423 3494 3513 3539 3574 3633 3762 3812 3895 3929 3966 4022 4044 425 4257 4266 4275 4315 4429 4535 4561 4587 4590 4681 4739 4756 4778 4811 4857 4898 4938 4978 537 554 580 626 632 673 80 819 852 856 921 926 928 943 988
1002 1006 1172 145 1907 2108 2172 2430 2669 3168 3226 3229 3290 3413 3755 3765 3768 3958 3972 4160 4179 4184 4280 4305 4505 4583 4596 461 484 4906 4968 4986 526
1241 1284 1520 1760 193 2137 2222 2515 2556 2782 2790 3130 3558 3564 3650 3784 4126 4144 4148 4372 4700 4708 4724 4959 62 852 914
114 115 1231 1566 1675 1861 1891 2018 2095 2227 2271 24 241 2447 2469 2470 2544 2562 2634 2796 2885 2888 2928 3080 3168 3181 3250 336 3363 3392 3549 366 3689 3736 3784 386 3868 3929 4048 4128 4250 4290 4292 4357 4408 4490 4613 4747 4801 4852 4913 520 561 61 683 684 753 946 949 965 992
1348 1363 1586 1814 2184 2329 2502 2697 2731 2785 315 3236 3525 3800 390 3922 4000 4030 4043 4199 4502 4582 466 4674 4675 4790 4840 4973 4979 680 735 741 808 916 945
1030 1056 1157 1181 1362 1549 1847 2029 2076 2113 2183 2416 2468 2540 2551 2586 2683 2813 292 2935 3599 4557 4596 4745 4833 485 4915 708 972
1033 1102 1132 114 130 1327 1349 1428 1436 1536 1718 1782 1923 1948 1962 2012 2050 2145 2190 2333 2434 2740 2758 2844 2998 3049 3071 3077 318 3181 3286 339 3410 3468 3516 3678 3692 3746 3763 379 39 3901 3908 3921 404 4049 406 4099 41 4125 4185 4242 4250 4309 4326 4361 4497 4596 4672 4685 4856 4881 4962 513 596 629 648 688 707 71 714 764 80 816 843 860 894 914 986
1449 154 1620 1699 1748 1834 1839 198 2059 209 2126 2137 2207 2231 2377 2449 2490 255 2558 2757 2793 2799 2821 290 2995 3015 3054 3165 3241 3360 3500 351 3634 3763 3765 3772 4021 4121 4159 4222 4270 4292 4358 4362 4566 4716 4797 4806 4828 56 582 692 730 86
102 1058 1061 1063 1257 1354 1436 1452 1507 1510 1511 1569 1579 1685 1686 1717 1730 1764 1832 1833 1864 1891 1913 194 1984 1998 2006 2050 2085 2255 2349 2367 2398 270 2715 2794 2812 297 3000 3031 3033 3098 3120 3204 321 3238 3333 3348 3395 35 3540 3563 3619 3638 3643 3673 3718 3738 3766 3777 3932 4014 4060 4066 4067 4093 4105 412 4138 4201 4223 4404 4406 4437 4440 4451 4488 4549 4628 4658 4708 475 4774 4791 4836 4861 4939 4973 4998 503 517 528 648 718 749 795 805 88 898 932
1100 1185 123 191 2070 2140 2489 256 2562 2621 2798 2802 2805 2854 3360 3404 3566 3690 3748 3818 4067 433 4708 4946 4982
1043 112 1190 1293 1323 1326 1349 1359 1378 144 1544 1579 1590 1634 1676 1693 185 1933 2365 2403 241 2431 248 2484 2498 2499 2540 2551 2555 2595 2623 2740 2793 2848 289 2943 296 3099 3102 3141 3152 3165 3262 3291 3333 3351 3420 3485 3503 3732 3746 3895 3930 3947 3984 4 4024 4031 4033 4088 4089 4104 411 4122 416 4255 431 4313 4315 4329 4429 4501 4502 4577 4632 4638 4649 4656 4680 4708 4711 4733 4745 4770 4820 4895 4968 4994 57 607 644 697 809 82 830 862 917 964 976
110 1141 155 1615 1708 1717 1828 1846 1874 1891 1956 2190 2250 2354 2364 2529 2551 2568 2585 2625 2641 2699 2770 2822 2845 2879 2907 297 3030 3166 3172 3186 3189 321 3277 3422 3479 3669 3680 3701 3802 3880 3963 3995 4012 4046 4107 4193 4215 4245 437 4387 4550 4566 460 4636 4718 4786 4880 4972 501 700 732 747 879 977 981 986
10 1042 1103 1110 1146 1161 1183 1340 1399 14 187 2296 2318 2377 2619 2639 2681 2719 2750 2800 288 2941 3121 3134 3157 3174 3193 3226 3296 3384 3388 3432 3466 3551 357 3614 3680 4045 4109 4122 4151 4158 429 4343 4488 4723 4740 4809 4836 638 66 989
1029 1041 1194 1203 1613 1785 1930 2014 2094 210 2192 2422 2540 2611 2629 2638 2978 299 3029 3127 3421 3715 3855 3870 3962 3994 4066 4076 4583 4869 525 529 535 558 739 856 893 954 957
1015 1046 112 1203 1337 1443 1525 1572 1605 1810 1812 1827 1843 1900 1927 1928 2014 2056 2096 2118 2133 2163 2299 2390 2430 2506 2514 2655 2677 2782 2876 2949 2967 3029 3052 3125 3184 3265 3367 3568 3580 3637 3664 3701 3799 3821 3859 3860 3923 3973 4070 4076 4123 4222 4230 4255 4259 428 4354 4398 4443 4520 4569 4586 465 4680 4687 4690 4716 4774 479 4874 489 555 587 619 642 697 763 913 932
1157 1267 1530 1798 1957 2180 225 2375 2407 241 2575 2707 2980 3172 3298 399 4262 4429 630 767 834 924 996
1021 1069 111 1250 1328 1595 1620 179 1877 1955 2134 2293 2318 235 2511 2580 272 2826 2943 30 3043 3270 341 3418 3552 3591 3715 3798 3892 409 4215 4292 4465 462 4644 4661 4711 4732 4829 4859 49 4927 4996 593 62 632 691 735 745 764 813 925 978
1064 1294 1414 1513 1663 1909 197 2032 2159 2437 2537 2580 2675 3168 345 3924 4137 4525 4630 4709 4761 534
103 1242 1307 1328 137 1647 2132 2144 2224 2489 2764 2769 314 3313 3439 3482 3498 3559 3923 4092 4123 4591 4636 4761 4933 4986 631
11 1360 1491 1600 1692 1908 2076 2103 2258 2422 2423 243 2457 2478 2562 269 2733 2736 285 2896 3115 3472 3592 3621 3692 3910 3977 4068 4264 4305 4446 460 4643 47 63 760 808
1214 1238 1323 151 1603 164 1760 1804 183 1865 1887 1897 2056 2244 2363 2369 2380 2411 2947 2958 3065 3365 3539 3592 369 4023 419 4608 4637 479 480 4941 887 965
1257 1265 1267 127 1539 1834 1847 1910 2027 2244 2258 2380 2394 2735 2862 3211 323 3333 3407 3496 3905 3957 4090 4330 4440 4672 4870 4893 914
1017 1167 132 1437 1662 1822 2122 2663 2668 2851 298 3128 3193 3376 3759 3806 3917 4023 4058 44 4434 4536 4605 4621 4692 4821 4855 4985 4991 555 65 874 974
1056 1118 1323 1373 1510 1546 1619 1742 1883 2028 2364 2452 2492 282 3220 3655 3924 40 4099 4170 425 4359 4593 4938 4971 642 683 823
1055 1064 1068 1101 1125 1171 1304 1330 1337 1449 1457 1523 1540 1596 1638 1728 1731 1831 1863 1899 1904 1909 193 1948 2060 2081 2131 2143 2295 2314 2386 2471 2514 2526 2543 2664 2687 271 2711 2739 2787 2825 2861 2888 2960 3025 3102 3156 3241 3254 3256 3382 3413 3479 353 358 3820 3848 3859 3921 3945 3993 4013 4047 4103 4213 425 435 4359 4473 4484 4488 4489 4684 4801 4810 484 4853 4928 4946 4952 4990 4993 501 656 754 813 928 953
1285 1293 1305 1375 1412 1455 1592 1676 1699 184 1846 188 2031 2103 2180 2183 2278 2395 2408 2511 2579 2691 2704 2894 2913 3091 3185 3289 3328 3350 3382 3423 364 373 3820 3971 4 4079 4083 4113 4176 4462 4569 4672 4772 4825 4832 4885 4954 4960 594 633 81 824 85 924 940
1213 1399 1436 1593 1687 1930 1957 2154 237 2408 2738 2764 2859 2907 3026 304 3092 315 3441 3452 3596 3656 374 3777 3778 3935 3958 3973 4000 4033 4261 4605 4695 4863 4918 4980 4991 541 697 792
1055 1419 154 21 2170 2191 2314 2377 2581 3224 3266 3367 3414 3485 3492 3921 4474 4505 454 4614 4821 4907 565 599 68
1154 1166 1452 1490 1882 1896 202 2047 2113 2140 2178 2398 2428 2638 2737 2897 3231 3245 3549 3847 3886 4021 409 4267 4309 448 4550 4566 458 4759 731 791 794 880
1059 1097 1137 1790 2011 2012 2379 2616 2647 2684 291 2920 3182 357 378 3916 3954 3984 4 4127 4380 4644 651 728 95
1021 1068 1169 120 1213 1225 1256 1478 1536 1551 1619 1649 1678 1705 1723 1774 1784 1921 2038 2489 2519 2890 2955 3057 3211 3245 3269 3387 3512 3558 358 3678 3689 397 4052 4304 4314 4437 4477 4582 479 573 652 796
118 1427 1487 1489 1513 1730 1739 2259 2421 2483 2551 275 277 2793 2865 3093 3110 3214 3962 397 3971 428 4329 4457 4526 4629 4791 546
1042 1052 111 1173 1208 1253 1268 1269 1437 169 1727 1782 1846 1954 2275 2334 2441 255 2571 2890 2929 298 3130 3285 3620 3621 3627 3789 3901 3920 3935 4002 4100 4160 4537 4581 484 4890 4965
1021 1023 1186 1241 1244 1256 1493 1570 1669 1900 1960 2190 2412 3070 3192 336 3799 3947 3963 3997 4157 4594 4782 4789 4809 4838 5000 580
1000 1050 1598 1603 1717 181 184 1859 2024 2087 2090 2124 2137 2293 23 2320 2580 2641 2706 2805 2820 2826 2943 2951 2978 3017 3043 3093 3256 3319 3368 3466 3477 3582 373 3933 4126 4197 4226 4366 4422 4440 4597 4692 4709 4791 4827 4947 4953 641 721 749 81 870 942 963
1355 1609 1847 1928 2301 2707 2929 3062 3225 3690 3895 3933 3950 4271 4696 4814 4963 4996 4997 524 76
110 1373 1806 2043 2087 2241 2746 2747 2792 2795 3860 3921 3985 4005 409 4322 4333 4571 4703 4736 4812 579 738 972
1166 1219 1398 1618 1697 1706 1930 2283 2501 2508 2523 3327 3384 3560 3937 4079 4340 4353 4368 4601 4733 4764 4802 4827 4837 633 662 764 890
1009 1089 1477 1683 1811 1816 1827 1984 2251 2278 2344 2346 2403 2404 2518 2895 2967 3176 3231 3546 3576 3580 3611 3790 3962 4136 4169 4348 4387 4454 4541 4839 612 618 63 633 838 95
1168 1200 1240 1283 1306 1349 1434 1509 1578 1590 1607 1651 1808 1916 1979 1982 2062 2102 2141 2144 2159 2266 2421 2625 2923 293 3014 3061 3169 3191 3274 3432 3517 3730 3761 4027 4077 4102 4128 4219 4272 4381 4430 4475 4487 45 4644 4674 4720 4803 4926 4977 504 543 642 65 666 691 843 879
1192 1283 1563 1589 1804 2194 2544 2622 2848 2962 3194 3221 3247 4061 4078 4152 4204 4284 4446 4544 4701 4736 478 865 896
1029 1064 1080 1116 1174 1218 1229 1358 1363 1643 1728 174 185 1934 1955 202 2081 2141 2157 2161 2230 229 2431 2616 2812 2951 3145 3239 3327 3348 3423 3756 3767 3810 3817 3970 3999 4046 4174 4266 4481 4538 4556 4558 4663 4756 4759 4799 575 603 634 799 825 935
109 110 1123 1142 119 1269 1270 1398 1417 160 1603 1642 1679 173 1738 1752 1767 1868 1957 2031 2400 2418 2447 2448 2588 260 2659 2696 2814 2855 2919 2925 296 307 3081 3177 3216 3229 3255 3292 3389 3406 3425 3500 3548 3665 3675 3745 3785 3938 3947 4026 4061 4074 4090 4105 4228 4243 4257 4321 4349 4728 4735 4764 4798 4914 4921 4965 515 565 769 850 95 960
1010 1150 1374 1448 1491 1545 1599 1637 1702 1769 1828 1849 1990 2066 2093 2124 217 2388 2515 2616 2698 2949 2987 3062 3152 3385 3470 3799 3914 4150 4165 4532 4610 4743 4776 4855 566 62 862 947 959
1022 1031 108 1186 12 1411 1425 1456 1503 1551 1576 1592 1600 174 1837 1913 1955 1993 2199 238 2506 2518 256 2651 2796 2822 2855 2860 2932 296 297 3052 3067 3103 3253 3335 3387 3394 344 3477 3522 3658 366 3668 3898 3922 3947 3994 4023 4039 4041 4043 4055 4060 4179 4223 4310 4429 449 4523 4613 4625 4660 4680 4759 4777 480 4818 4856 4895 4998 506 512 531 535 561 601 621 636 656 753 768 860
1293 14 1418 1491 163 1733 1886 2178 221 2210 2280 231 2505 2681 274 2746 2782 3068 3270 3291 3383 3419 344 3466 3488 3627 3987 3988 4125 4151 4167 4257 4545 4562 4814 4837 4863 59 65 7 805
1044 1088 1137 1173 1295 1304 1400 1426 1511 160 1613 1670 1683 1806 1814 1864 1893 1916 1921 1984 2016 2090 2226 2231 2398 2404 2417 245 2458 2515 2548 2568 2616 2677 272 2760 2806 2967 321 3220 3352 3407 3664 3671 3785 3794 382 3859 3863 3870 3903 392 3962 3970 4009 4067 4072 4107 4128 4154 4199 4206 4212 4277 4296 4309 4365 4392 4457 4476 4584 4666 4671 4692 4724 4740 4745 4755 4756 4801 4819 4855 4883 489 49 4988 516 56 602 621 637 699 705 836 952 982
1318 1417 1452 1470 1535 1746 185 194 200 2279 2379 2850 2896 2916 2941 346 3491 3815 3821 3995 3996 448 4535 4572 4673 475 4758 4822 707 86 918 987
1151 1381 1694 185 2251 2405 2707 272 2896 2945 2947 2970 2980 3149 3164 326 3478 3799 4382 768
11 1521 1568 1573 1930 2017 2033 2077 2156 2177 2305 2494 2526 2752 306 316 3259 3458 3511 352 3684 3746 3888 4144 4509 4804 552 608 898
1149 1233 1552 1938 1984 2104 2286 2550 2883 30 3072 321 3358 3382 3755 3762 3942 3948 4014 4106 4107 431 4508 461 478 637 913 947
102 1021 1087 1125 1136 124 1354 148 151 1616 1766 1845 1861 1865 1883 2142 2156 2170 2190 2201 2236 2260 231 2322 2439 247 2519 2565 263 2631 2648 2842 2866 2895 2901 2980 3234 3256 3269 3437 3496 3513 3699 3766 3935 3996 3998 4072 4093 4122 4128 4146 4150 4156 4194 4547 4585 4660 4715 4734 4749 4755 4777 4801 483 484 4840 4912 4973 4987 691 700 717 814 834 837 972 992
1007 1047 1085 1109 1123 1168 1175 1250 1255 1260 1288 1293 1379 1415 1462 1499 1519 1562 1578 1633 1671 1674 1675 1754 1886 1901 1912 2010 2091 2210 2246 2407 2414 2519 2629 2698 2722 2726 2732 2781 2791 2855 2891 2988 299 3047 3053 3074 3124 3281 3344 3349 3364 3395 3428 3524 3613 3641 369 3761 3767 3778 3779 3818 3850 3856 3865 3914 3936 3957 397 4052 410 4105 4291 4308 4323 434 4382 4448 4507 4611 4743 4781 4830 4940 4958 4988 500 592 687 748 769 833 940 95 959
1027 1116 1162 1173 1332 1448 1471 1556 1572 1758 1878 1901 2471 2505 2516 2633 2713 2733 2821 3097 3144 3254 3308 3428 3482 3596 3780 3792 3832 3958 4060 4157 4262 4319 4367 4368 4387 4545 455 4556 4565 4648 47 4709 4713 4776 577 632 748 791 918 929
1185 1244 1279 1308 2222 227 2369 2571 2947 3312 3664 3673 3848 3985 4046 405 4437 4458 4475 4519 4552 4596 4631 683
1018 1215 1239 134 1343 1372 1427 1440 1496 1708 1765 1994 200 2067 2069 2163 2164 2202 2236 231 2347 243 2450 2456 2479 2495 2562 2630 2730 2734 2736 2770 2790 2807 2820 2854 2917 2935 3018 3065 3067 3070 3084 3162 3200 3220 3255 329 330 3300 3315 3337 3378 3392 3393 3490 3555 3684 3770 3783 3823 3869 3903 3926 3938 3992 4027 4203 4241 4251 4305 4310 4454 4460 489 4910 4961 4969 514 586 606 651 667 811 935 967
1208 1275 128 133 1467 1510 1981 2173 2421 2493 262 2636 2717 3256 3273 328 3281 3385 344 3471 35 3575 3621 3630 3798 3972 3977 4103 4150 4194 4247 4305 4343 4367 4418 4718 4832 4938 582
1020 1189 1217 1355 1781 1809 1836 2410 2468 2556 2681 3113 3203 3269 3344 35 3875 3934 4030 429 473 482 4914 4982 590 644 925
1232 1267 1286 133 1334 1344 1405 144 1494 1500 1502 1523 1554 160 1644 1664 17 1702 1773 179 1798 1865 2053 2057 2159 2199 2218 2236 2344 2379 2419 2425 2444 2598 2623 2650 2674 27 2761 2814 2817 2906 2977 2988 3032 304 3065 316 3281 3316 3328 3396 348 352 36 3650 3657 3658 373 3746 3819 383 3833 3888 3971 3979 4000 4022 4151 4204 4224 4243 4319 4447 4613 4615 4621 4674 4677 4679 4713 4790 4913 4953 513 579 628 651 666 683 757 759 783
1153 1166 1232 1248 1393 165 1799 1989 2059 2225 2254 2331 2353 2389 2832 3129 3311 3398 3628 409 4194 4321 4322 4338 4441 4471 4716 48 4826 4892 4926 506 512 562 62 758 965
1030 105 1101 1161 1196 1316 1373 1405 1456 1513 1540 1608 1708 1861 1866 1936 1974 2318 2334 2365 2617 2777 2820 2821 2827 3074 3394 3426 356 3621 3726 3847 3863 3902 3942 4071 4108 4162 4174 4247 4259 4393 44 4423 4438 4458 4473 4505 4588 4659 4698 481 4879 4989 566 735 768 80 901 961 962
1038 1052 1283 1377 1436 1452 1672 1764 19 1909 2269 2277 2537 255 2617 2669 2728 2787 2906 2929 314 3398 3459 3624 3756 3873 3897 4010 450 4523 4558 4569 459 4720 4778 4781 4790 4846 4872 4947 4969 587 603 977
1047 1134 1219 1256 1300 1393 1425 1480 153 1926 1957 2157 2299 2307 2443 29 291 3065 3163 3261 3665 3837 4166 425 4359 4600 4754 4782 4802 4855 4946 4982 546 633 678 687 82 988
101 1090 1185 1241 1243 1337 1368 1381 145 1480 1523 1617 1655 1677 1806 1807 1817 1839 1877 1977 2046 2167 2224 2350 2369 2375 2527 2539 2649 2666 2673 2687 2696 2709 2788 2898 3098 312 3154 3216 3236 3305 3345 3360 3395 3410 3423 3426 3464 3476 3497 3557 3700 3777 383 3932 3935 3971 4044 4066 4185 4243 4357 4393 4454 45 4502 4506 4555 46 4614 4627 4661 4737 478 4786 4809 4941 4997 524 529 589 692 815 823 837 851 860 867 887 913
1044 1101 1155 1257 1343 1363 1393 15 1502 164 1643 1677 1784 1851 1903 1908 1917 1936 1948 2108 2212 2254 2291 2301 2449 2521 2561 2589 2675 2682 2703 2882 3026 3214 3238 3334 3363 3378 3720 3794 3900 3965 4237 4264 4355 4361 4440 4462 4503 4571 4713 475 4761 4777 4846 4853 4868 4888 4897 4911 4977 504 643 644 810 841 845 881 894 906 935 991
1359 1500 1509 1581 1653 1731 1915 1954 202 2059 2151 2198 2224 227 2370 2386 2403 2518 2571 2633 2728 2795 282 2822 2917 2933 3043 3102 3181 3233 3246 3261 3476 3510 3518 3677 3718 3734 3765 3820 386 4024 4066 4126 4132 4240 4260 4295 4330 4395 4401 4413 4458 4617 4638 4689 4713 473 4889 4964 603 721 730 742 761 778 868 931
1099 1142 1305 1343 1403 1456 1583 1629 1657 1672 1778 1827 1832 1902 1930 1967 1994 2076 2198 2219 2259 2275 2291 2310 2555 2574 2647 2689 2772 2862 2876 2882 2978 3052 3068 3070 313 3157 3180 3219 3289 3379 342 3472 3474 3480 3565 3696 3771 3772 3853 3902 3924 4100 411 4120 416 4243 427 4337 438 4422 4440 4489 450 4515 4530 46 4609 465 4780 4873 4924 4988 539 549 602 650 675 827 848 854 884 916 926
1212 1276 1341 1396 1457 1490 1505 1590 1599 1665 1711 1857 1974 2135 224 2337 2340 2352 2391 2418 2449 2621 2682 274 2795 2798 2866 2912 2960 3024 3085 3207 3223 3232 3259 3368 3553 3719 373 3771 3810 3917 4019 408 4081 4152 4208 4350 4472 4605 4610 4715 4751 4759 4787 4796 4897 4929 493 4998 513 556 650 760 9 907 954
1053 120 1211 1237 1262 1278 1285 1361 1364 1419 145 1497 1696 1731 1752 1760 211 2148 24 2420 2450 2504 2574 2599 2681 2724 3012 3018 3218 3364 348 3490 3570 3658 3741 3838 3870 4063 4109 4208 4262 4335 4355 46 463 4672 4787 4838 4949 4981 590 705 722 752 832 903 963
1023 121 1226 1488 1503 1683 1811 2278 2626 2754 2756 2976 3275 347 3977 4219 4537 4549 4603 4733 599 810 856 868 953
1213 1348 1353 1665 2042 2232 2325 2694 2711 272 2826 2851 3320 3346 3751 4117 4141 4400 4572 4942 600 65 662 943
109 1174 1260 1318 1882 2123 2167 2327 2357 2370 2498 2588 2654 2668 2706 2860 2920 3012 3014 3102 3124 3228 3237 3610 3647 3712 3755 388 4020 4072 4119 4230 4614 4861 4929 4943 497 4970 631 649 650 683 752 789 808
1079 1228 1235 1507 2 200 2642 285 3084 3464 3562 3588 3671 3673 3824 3839 4130 4146 4228 4254 433 4622 4696 4740 4791 4957 656 674 791 857 992
1172 142 1427 1434 144 1920 1945 1968 2170 2227 2373 2374 2586 2732 2733 2871 2901 2944 3127 3172 3325 3488 3700 38 3921 4036 4114 4156 4241 4282 4639 4756 4851 4878 518 535 582 814 840 888 942
1042 1125 1399 1403 1414 1518 1520 1523 1588 1631 1675 1821 1913 1948 1958 1980 2032 2217 2220 238 2422 2769 2770 2783 2856 2935 2989 3092 326 3300 3333 375 3786 4076 4125 4246 4315 4411 4525 4592 4617 4750 4770 637 786
1007 113 1160 1186 1217 1459 1665 1679 1685 1702 1759 1901 1960 2344 2419 2487 288 2966 2986 319 3264 3371 3387 358 3611 3854 3938 4237 4765 4880 778
1025 1076 1169 1267 1583 1693 1849 1892 1979 2048 2133 2365 2681 2694 2714 285 311 3114 3178 3269 3316 3377 3565 3740 3803 4056 4063 4083 4157 4560 4663 4855 4874 4929 4968 677 699 771 780 953
1212 1522 195 2314 2325 2419 2531 2545 3062 3112 3303 3367 3558 36 3608 3736 401 404 4104 417 4193 4309 4395 4536 4619 4975 4996 542 833 946
112 1147 1155 1171 1177 1210 1260 1276 1292 1406 1417 1425 1437 1462 1657 1849 1851 1962 2010 2024 2144 2162 2203 2210 224 2324 240 2478 2602 2709 2865 2993 304 3045 3139 3150 3229 3269 3289 3321 3352 3381 3398 3472 3531 357 361 3718 3774 3801 401 4036 4124 4144 4301 4391 4393 4427 4463 4509 451 4530 455 4597 4696 4728 4796 4833 4846 4941 4980 549 682 833 834 875 882 954
126 1369 1426 1527 1542 1609 1815 1845 2276 2408 2451 250 2574 2630 2669 2723 2977 3116 3147 3163 3213 3263 3366 3479 3555 3579 3610 3910 4126 423 4255 4661 4738 4742 4813 781 963
1595 2737 302 3049 31 3101 3233 3275 3382 3587 3695 4181 4261 4333 4342 4361 4485 4912 53 777 910 985
1025 1112 1378 1408 1616 1650 1674 174 1758 177 18 1820 1873 193 1936 2141 2188 2231 2499 2863 2865 2927 3093 3149 3224 3256 326 33 3373 3462 3572 3578 366 3679 38 4293 4317 4343 4435 4690 4726 4881 4897 713 901
102 1250 1295 1507 1970 2046 2852 2967 3296 3303 3304 339 3698 4071 4153 4161 4359 4435 4796 809 988 991
105 1058 1107 1187 1212 1311 1321 1346 135 1437 1564 1569 1662 1697 1754 1777 179 1832 1972 2007 2011 2203 2206 2269 2290 2296 2301 2334 2336 2404 243 2504 2575 2580 2591 2630 2664 27 2872 2874 2942 2955 3024 3032 3109 311 3113 3157 3191 3226 3229 3287 3307 3344 3566 3630 3730 3763 3770 3771 380 3827 3857 4077 4141 4241 4275 428 4286 4396 448 458 4592 4602 4620 4787 479 4832 4968 4974 4978 542 558 56 593 733 922 937 960
1161 1227 1507 1784 179 1868 1942 2046 2170 222 2423 2756 2798 2801 3125 3224 3306 3333 3433 3553 3604 3621 3659 3671 3722 3729 3761 4174 4280 442 4742 4835 542 622 913
1096 1107 1157 1167 1239 1253 1267 1317 1379 1393 1471 1547 1622 166 1741 1767 1810 183 1849 1936 1978 2064 2068 2076 2163 2217 2223 2290 2314 2363 2370 2374 2436 2443 2484 2521 2526 2602 2612 27 2708 2754 2852 2904 2954 2973 306 3101 3152 3288 3303 3308 3354 3507 3524 3554 3562 3566 3569 362 3680 3842 3889 3970 4060 4129 4140 4210 4434 4466 4504 4514 4517 4530 4536 4544 4825 4949 518 538 543 617 620 621 628 803 982
1255 1356 1413 1457 1465 150 1613 1626 1663 1698 180 1816 1873 199 2339 2343 2402 2479 2657 2796 3327 345 3483 3807 3881 4213 4251 4300 4335 4414 467 4822 4915 644 648 967
1253 1613 1685 1811 183 1872 2083 2347 2642 2752 3557 3815 3880 399 3994 4392 4636 4826 4957 59 887
1308 1609 1698 1722 1884 2085 2196 2297 2350 2390 2406 2428 3182 3244 3423 3446 3570 366 4101 4259 4457 4489 4629 4689 4709 4718 4720 4878 747
