1381 1581 1676 1833 1837 2195 2415 2886 2905 3087 3178 3901 736 
1316 1490 1494 2193 225 2341 2575 2783 2903 3314 3740 3919 4148 4243 4251 4255 427 4400 4789 679 847
1331 1398 1646 1800 2359 2392 2679 3052 3313 376 4112 4139 4237 4268 4633 496 55
1058 1283 1350 1783 2682 3569 3727 3863 4135 4426 581 65 719 725 992
1006 1078 1172 1615 1667 1751 1982 2023 2080 210 2198 2245 2309 2449 2529 2548 2567 2625 2738 2782 2829 3159 3212 3263 3449 3841 3959 401 4281 4290 4635 4657 4667 4891 4920 554 574 78 788 905
1262 1470 1787 2043 2177 2258 2329 2384 2456 258 2636 3115 3156 3560 3844 4045 4122 4129 4264 4416 834
1096 13 1380 1488 1509 1665 1883 2372 2525 274 2863 3079 3143 3246 3328 3403 3949 4297 4306 4708 575 856
1078 1093 1278 1300 1580 180 181 1869 2161 2602 2882 3862 3881 4398 570 595 655 793
1124 1253 1307 2101 2168 2421 2750 3041 3191 3309 3525 3555 365 3865 4219 542 661
1359 2208 2296 2500 2869 2977 3287 3315 3867 450 614 650 76
1225 1916 2098 2222 235 2503 2516 2714 2779 2832 3256 3904 3927 4127 4152 4198 4295 4300 4365 4383 4613 4631 70 968
1207 1248 2373 2387 264 2921 3047 3410 3426 3853 3861 852
1255 1289 14 1672 1797 1857 2047 2207 2218 2369 2418 2545 2586 2656 2718 2773 2843 285 2897 2908 3014 306 3303 3338 3846 386 3895 3926 397 3989 4153 4277 4664 4791 4806 4896 795 83
1000 105 1052 1180 1299 1337 1528 1625 170 1755 1826 1927 2142 2202 2220 2332 2646 2693 2734 2834 2912 3134 3177 4259 4659 4845 4852 4854 4987 548 683 720 93
1055 1097 1103 1153 1390 1423 1460 1487 1510 1579 1597 1674 176 1865 187 1893 1925 1926 1953 208 2541 2802 3071 3133 3321 3502 3620 3623 3776 393 4085 4188 4265 4322 4433 4454 4515 458 4580 4582 4599 4682 4743 4885 4980 881 902 939
1030 1185 1421 1451 1673 1771 2136 2473 2703 2752 2768 2885 3135 3228 3233 3396 3417 3893 4190 4209 4305 4578 4612 4675 4991 511 861 886 943 965
1032 1240 1266 1602 162 1687 1724 1880 1929 2835 2979 2981 3021 3152 3344 3353 3361 3805 3962 3994 42 440 442 4492 4567 4589 4607 4641 4773 4948 669 724 739
1039 1082 1101 120 1511 1801 2140 2390 301 3394 3401 3407 3465 3606 4256 4399 4476 4489 4581 464 682 963
1025 1255 1323 1514 165 1776 1867 1931 2001 2300 263 2715 2986 3088 3095 3192 3312 3565 3839 3871 3910 3911 4098 4180 425 4280 4410 4420 4479 4532 4594 473 4805 4888 4922 4942 762 839 859
1565 1871 2388 2657 2663 3458 4450 4456 759 792 837
1061 1186 1341 143 1448 1504 1670 1729 1969 2013 2141 2266 2321 2572 2619 2675 2818 2919 3017 3024 3057 3082 314 3168 3197 3274 337 3733 3934 3987 4048 4253 4478 4523 4546 4551 4637 466 4721 4839 4842 4924 4928 4935 4956 4973 639 693 803
1133 1238 188 2292 2582 2607 3200 3455 4397 4471 880 942
1148 1350 163 1632 1655 1842 2005 2123 3065 3389 3593 3915 3938 53
1274 1343 2050 2135 2623 2641 2705 2747 291 601
1230 1304 1588 1992 3002 455 463 4741 4794 980
1213 1563 2226 2694 2725 2737 2997 3110 3167 3323 3488 583
1015 1790 2064 2143 265 2972 3496 721 811 899
107 1254 1520 156 1568 2289 2343 2377 3371 3469 3521 3531 3564 3614 3784 3837 3873 3896 4340 659 758 970
1748 2130 2395 2592 2638 2775 3255 340 461 52
1021 114 1157 1318 133 1333 1426 1678 1758 1763 1766 1868 2295 2391 2504 2813 2841 3046 3144 3207 3515 3627 3728 3773 3882 4077 4086 4264 4269 4319 4337 4508 4680 4923 4941 4982 593 621 677 68 687 711 790 927 958
1009 1077 1118 1170 1405 1614 1713 1736 1816 1950 1958 205 2281 294 3136 3147 3170 3278 3489 3582 3757 3890 3894 3990 4041 4218 4312 4413 4466 476 4811 4872 4967 527 629 740 789 897
1029 1056 1079 1277 1419 1499 1553 2095 2275 2466 2648 3144 3275 3741 3914 4069 4165 4176 4251 4314 4501
2103 2111 2124 2352 2367 2425 2464 2512 2538 2661 3140 3222 338 3502 3855 3902 3922 4483 4547 638 658 921
1151 1276 1342 1406 2037 2241 2260 2279 2339 2348 2476 2551 2797 28 2961 3016 3166 3207 3581 3641 3656 3710 3905 4221 4228 4302 431 4347 4447 4459 4564 4653 4803 4817 4838 772 783 826 877 970
1149 1738 1872 2230 2256 2533 255 2613 2626 2872 2898 3096 342 3772 3992 424 4276 4417 4469 4487 4656
1309 1347 2222 3183 3300 3305 3523 3719 444 734 981
1190 1492 2360 2700 2755 304 312 32 3460 3594 3754 4629 820 934
1080 1099 1200 1459 1552 1621 1735 1905 1948 2150 2246 2335 2337 2615 2854 2952 2960 3072 3198 3240 3368 3406 3414 3666 3703 3725 3809 3869 3921 3977 4394 4455 4568 4646 4661 4677 4713 4800 4827 4874 4904 4934 504 522 642 773 887 993
1516 1541 1656 1712 2288 2365 2401 2526 2774 335 3435 433 67 688 90
1105 1296 1525 2149 2405 2480 2958 3580 4424 4713
100 1308 1562 1756 1941 1974 2061 2071 2090 214 2159 2173 2349 2740 2742 2817 3105 3126 3383 3473 3532 3662 3674 3726 3800 4263 4357 437 4428 4485 4623 4698 4786 4884 4918 603 753
1912 2060 2317 2631 2868 3589 3734 405 468 567 960
1217 1221 1228 155 173 1788 1896 1934 2169 218 2261 2431 2522 2591 2744 2762 2861 298 3003 3028 3470 3689 3695 398 3995 4018 4574 467 598 717
1033 1696 1887 2426 2670 2929 3082 3149 3448 3619 3634 376 414 4235 4390 4440 4489 4497 4552 4611 4629 592 66 691 962
1009 1125 1179 1301 1333 1371 1522 1531 1721 1727 2115 2251 2351 2469 2514 2704 2795 2836 2859 2894 2974 3122 3314 3600 3781 3790 3806 3833 3984 4038 4070 4174 4182 4484 4678 4684 4913 4916 4954 4963 4969 528 624 628 643 656 866 953 976
1272 1352 1400 1545 1861 2211 2320 2438 2441 2485 2498 2509 2534 2535 2587 270 2881 2918 3090 316 3437 3571 3667 3749 4331 4347 4408 4468 4516 4562 4571 4772 4853 4869 4901 4933 523 549 740
1549 1599 2178 223 23 2770 2940 3340 336 3575 4063 544 671 757 931 952
1356 1465 1535 1569 2128 2492 2532 2851 3484 357 3761 3849 3870 4974 646
1336 1355 1386 1601 1694 1703 206 2356 2364 2567 2576 2758 2763 2870 3345 3475 3586 3702 3704 3764 4032 4091 4622 4672 4709 4744 4834 549 562 569 591
1086 1100 1138 1413 1440 1995 2238 2433 2601 2629 2677 2702 2744 2937 3377 3381 375 3983 4057 4062 4160 4339 4397 4560 4606 4663 4703 4730 48 4861 516 610 672 907 950
1107 1175 1437 1457 1523 1524 1605 2029 2650 2927 3067 3347 3807 4036 4156 4496 4619 4816 5000
1141 1796 1848 1939 2014 2045 2094 2268 2895 3 3277 3699 4033 4181 4185 4258 4731 765 900
1284 1297 157 1586 175 1885 1930 1944 2019 2077 227 2314 2327 2338 2447 2951 2963 3231 3285 3294 3461 3504 352 3559 3735 3738 38 3875 3889 4078 4120 4350 44 4461 4471 4503 4614 4637 4795 488 4889 4890 4932 4940 572 870 904 932 978 985
106 1218 1555 1603 2501 2816 3066 3506 3648 3680 4363 715 936
1415 1512 169 1863 1983 2067 2102 2180 2204 2225 2985 30 3036 3042 3419 3422 3599 3647 3736 3793 3866 3889 3923 3986 4067 4175 4210 4242 4286 4521 4545 4578 4579 4691 4757 4849 500 540 824 832
1019 1130 1145 1226 1241 1410 1782 2024 2058 2216 2432 2798 2837 2847 2871 2956 3050 3305 3342 3516 3550 3670 3762 3765 3884 4021 4047 4330 4393 4394 4415 4425 4539 4601 4836 4883 4893 4929 4937 4939 626 778 913
1021 1160 1177 1285 1521 1991 2073 2097 2596 2944 3453 3454 353 3532 3688 3753 4338 4511 4529 4741 4790 520 708 745 809 88
1147 1176 1708 1805 206 2276 2462 2605 2606 2614 2804 2811 3283 3288 3402 3584 370 3701 3824 3947 4027 4138 4179 4236 4427 4475 4504 4615 4660 4700 4830 530 893
118 1466 1548 1606 1955 2003 2041 2044 2112 2363 2507 28 3064 4068 4136 4610 4644 4927 4984 514 525 622 782 851
1411 158 1817 2163 2324 2444 2932 2945 3034 3127 3229 3266 3289 343 3546 3660 3748 378 3811 3906 3944 4162 4187 4374 4573 4718 509 82 885 933 967
1243 1435 1526 1675 1919 1996 2259 2355 2535 2941 2955 2983 310 3281 3388 3596 3597 3782 3803 3816 4023 4116 4201 4358 4375 4434 45 4525 4582 478 4796 4857 4859 4974 4984 597
1015 1463 1484 1658 2369 2826 3117 3290 3395 3526 4074 4076 4111 81
1281 1395 1433 1688 1745 2030 2038 207 2157 2182 2389 256 2754 2824 3412 3516 3940 4245 4354 459 4656 4668 4697 4998 735 830
1198 1315 1361 1376 148 149 1595 1978 2267 2297 2479 2560 2711 2993 3013 3206 3242 3441 3766 3828 406 4231 4316 4643 4665 4714 4815 4859 4876 4965 521
1132 1212 1972 2133 245 278 2823 3611 3816 4819 991
1377 1547 1743 1843 1864 1963 2011 2039 2075 2214 2280 2417 2475 2557 2729 2904 2999 3190 321 3259 3292 3705 4093 4132 4216 4554 4593 4649 4755 4866 524 724 751 880
146 1781 2577 293 302 3111 3195 3199 3439 3535 3946 4172 4178 453 475 685 80
135 1530 1684 1942 1993 2131 2406 2780 2914 3330 3382 3846 4173 573 798
1271 1318 1542 1679 1698 1717 1807 193 2164 2354 240 2510 2546 2814 3130 368 3763 3985 407 4105 4119 4129 4169 4284 4326 4327 4380 4439 4681 576 59 609 61 680 929
1038 121 1852 1937 2002 2537 262 3491 380 432 456 660
1178 131 1375 1458 152 1539 1809 1822 1860 1966 2082 213 2283 2305 2457 2498 2583 26 2616 2720 2777 3120 3237 3261 3433 3653 3778 4017 4051 4060 4318 4401 4452 4481 4544 4685 4779 4936 4939 599 799 982
1001 108 1127 1143 1368 1637 185 2462 2558 2681 2682 2708 2880 3352 3416 3603 4049 4204 4213 4239 4531 4583 4689 4732 4762 4776 707 728 876
1120 1719 1832 2645 3744 3847 4583 54 580 6 662 77
1314 1344 1623 1629 186 2019 2028 2036 2053 2368 2851 3078 3267 3336 4026 4526 4533 4540 4559 563 731
1071 1155 1449 1471 1571 219 2566 2580 2820 3150 3291 3296 3479 3500 3665 3830 3892 3909 4569 607 749 825 895 917
1108 1236 1245 1335 1648 1731 1798 1959 24 2563 2653 2765 3107 3413 3563 3777 3787 3935 443 4816 58 821 890
1256 1384 1910 2055 276 2910 3163 3181 3223 3306 3543 875
1418 1984 2197 2458 2579 275 3086 313 3134 3693 3722 4098 4101 4391 446 733
1018 1090 1616 1849 1907 1935 196 2201 238 2430 3112 3188 3244 359 3608 3809 387 4090 4334 4372 4462 513 561 944
1233 1392 1757 1965 198 2296 2371 2446 2520 2812 2864 3148 3187 3201 3333 3366 3494 3562 3642 3903 3996 41 4197 4292 4333 4422 4522 4550 4570 4648 4679 4835 4837 4846 4865 4931 4946 510 920 949
1084 1429 1954 2078 2106 2141 2242 2265 2378 2709 2915 3125 3214 3835 4008 4868 526 589 604
1064 1076 1313 1546 1559 1686 1841 1859 189 1986 2285 2427 261 2691 2865 2935 3074 3123 3329 3399 3429 3612 3786 3971 4350 4669 975
1048 154 1607 1933 2066 2070 2096 2410 248 2523 2536 2745 2778 2819 3032 3302 3369 3445 3447 358 4145 4167 419 4737 4787 4856 489 596 627 816 869
1091 1123 1222 1373 1413 1598 1662 171 1779 1810 2257 2467 2491 2877 2900 300 308 3210 3213 3251 3376 3430 36 3671 3714 3771 3877 3931 3932 4082 4115 4130 4142 4342 4541 4760 4801 4886 4964 717 775 9 925 973
1037 1121 1152 1161 1181 1246 1334 1348 1485 1831 1982 2234 2263 2322 233 2347 2393 246 2515 2857 2949 2989 3038 3273 3379 3404 3420 3476 3625 3643 3770 3954 4064 4273 4328 4451 4498 4754 4782 4828 4875 4949 4968 4983 704 708
1062 1401 1534 2585 3076 3769 3789 4010 4391 707 810 843
1168 2007 2032 221 2255 2328 2420 2748 297 3101 3785 4496 460
1077 115 1251 1575 20 203 2083 2167 234 2571 2683 2697 2730 2852 3189 3362 3462 3566 3658 3681 4186 4215 4456 4530 606 729 829 848 935
1116 1119 1163 117 1353 1922 1985 2302 2459 2845 3045 3355 361 3616 3799 3831 4107 4275 451 4529 4576 4670 4789 623 641 667
1041 1086 1159 1280 1312 1327 1363 1408 1472 1722 2081 2189 2630 3043 3124 3196 3745 4022 4113 4151 4193 4203 4223 4230 4303 4445 4519 4711 4822 4858 4899 705
1720 1994 2214 2294 2925 3185 3232 3358 364 3713 3736 3770 391 4812 60
1229 1326 1550 2024 2272 2397 2639 2664 2723 299 3049 3450 3638 3650 3978 4329 494 633 831 868
1004 1094 1420 1839 211 2785 2791 3360 3651 3675 3840 417 4363 794 888
1220 1529 2000 2333 2832 2846 3513 477 784 786
1814 2089 2325 2346 2519 2549 2666 2771 3393 3541 3636 3881 3998 865
1053 1388 1682 2505 2608 2759 3346 3814 4158 678 886
1330 1493 1645 1804 2175 2183 2842 3586 385 3888 3982 4773 506 560 644 955
1214 1287 1305 1599 1704 1706 1904 2649 2823 2883 4361 4909 536 588 746 784 8 98
1303 1481 1742 236 2855 2953 346 3464 3595 3636
1414 1661 1962 286 2911 3005 4188 450 805 833
1878 1940 2134 2137 2194 2421 2710 3030 3132 350 3587 3601 3858 4137 4432 4987 727 785 872
1085 1263 1321 1354 1498 1903 1908 2091 2144 2188 2270 2461 2655 2787 3075 3139 3304 3351 3500 3685 377 4080 4291 4293 4435 4509 4620 4736 4754 4784 4876 979
1234 1239 1247 1442 157 1711 1752 1808 1825 2092 2254 2508 3202 3236 3332 3395 3428 3697 3774 3833 3928 4109 4224 4261 4309 4621 4701 4717 64
1088 1554 1745 1792 1890 2127 2248 2460 2920 3060 320 3337 3438 3576 3717 4431 4434 4542 689 692 91
1031 1051 1106 1109 1670 2031 2043 2126 22 2589 2725 3378 3387 3501 3794 3817 4315 4443 4480 4723 532
1196 1317 140 1518 1652 2120 2269 2479 2521 2676 2764 3007 3023 3116 3411 3655 3779 4151 4247 4369 4514 4584 657
1014 1059 1081 141 1556 1558 1570 1663 1714 1763 1909 2006 2079 2229 2413 2470 250 2517 254 2821 2824 2959 2984 2994 3141 337 3507 3585 3908 3988 4114 4133 4407 4520 4730 4785 4900 674
1016 1095 1716 1795 1922 2040 2423 3020 3228 3372 3534 4025 495 587 649
1169 1577 1706 2291 2350 2553 2799 2978 3425 3498 3540 4972 916
1136 1417 1635 1690 1709 1820 3009 3062 3064 3151 319 3252 34 3539 373 3920 3937 4005 4030 4053 4099 4158 4181 4296 4470 4666 4705 4707 4738 4763 632 989
1166 1369 1609 1845 1886 2850 2878 460 702 998
1193 1270 1397 1479 1683 1692 1894 1957 2152 2236 2240 2247 2281 2316 2733 2745 2746 2913 2946 3055 3070 3218 3806 3808 3822 3939 4035 4150 4304 4323 4349 449 4783 4870 738 808
1412 1416 1733 1988 2129 2250 2564 2597 2635 2689 3891 511
1092 113 1422 1564 161 1987 2319 2603 3385 3459 3620 3678 3965 40 653
1005 1057 1480 1715 1807 2009 2046 2511 2667 2690 2767 2825 2971 3205 3230 3282 3365 3451 3645 374 3768 384 3993 4271 4384 4395 4444 4507 4524 4627 4715 4765 4843 4905 4906 4914 4938 497 517 849 855
1250 1657 1735 1748 2138 2442 2521 2970 3341 3493 3554 3572 3579 36 3644 3676 3854 400 4134 4307 4332 4624 4909 954
102 1269 134 1407 1543 1561 2161 243 2502 3257 3408 3624 4024 4121 4184 4211 631 750 915 946
1087 1447 1461 1700 1854 2037 2060 2486 2844 290 3325 3434 3574 3775 3792 3821 395 3964 4005 4117 4157 4194 4412 46 4602 4636 4640 4727 4739 4798 4902 4912 4926 4966 499 730 867 896 92 997
16 1617 1754 200 2357 2990 3040 327 4761 480 732
1360 1443 1780 2020 2624 2849 2931 3160 3577 3683 4031 4295 4493 842
1444 1446 1608 1853 1998 2422 252 287 2879 3094 3113 3286 3373 3505 3632 37 3800 382 3832 3842 4044 409 4207 4371 4377 4418 4463 4488 4543 4548 4595 4719 4739 4752 4774 4880 4927 4961 4985 4989 4996 537 709 722 926 957
1162 1889 1951 2186 2448 2766 280 2934 2965 3242 3320 350 3886 3929 4 4088 416 4217 4229 4368 4448 4467 4655 466 4733 620 744 818 901
1043 1157 130 1486 1573 1876 1914 2488 2518 2713 279 2907 3006 3172 3186 3424 3943 4056 4177 4618 4625 4686 4753 4765 538 696 701 754 977
1023 1639 2171 239 2647 3193 3752 3823 4071 4241 4281 539 807 894
1113 1154 1227 1244 1439 1678 172 1855 1870 1997 2235 259 2643 2735 2838 2840 3270 3357 3551 4155 4191 4324 4572 716 941 985
1135 122 1288 2088 2199 2337 2424 2651 2810 2830 29 2906 2942 3052 3136 3297 3497 3673 3925 4208 4234 4373 4449 4555 4565 4609 4840 4848 4855 490 62 768 823
1279 1584 1728 2118 230 2451 2884 3176 3370 354 448 4588 470
1013 242 2443 2980 3317 3456 4505 454 465 694
1351 1500 1593 1636 1881 2223 2474 2653 2853 2899 315 331 3538 3604 3613 365 3684 3756 4125 4351 4402 4474 4512 4626 4690 4695 4706 472 4720 4723 4767 4781 4794 482 4864 4870 4881 4900 4950 507 910 994
100 1829 1999 2109 2428 2489 2609 2887 2957 309 3669 3720 3975 4020 4493
1069 123 1310 1620 1669 1743 1828 1830 1932 1970 2025 2138 2172 2358 2468 2860 2895 3022 3112 348 3536 3672 3704 379 3856 4317 4370 4500 4535 4600 4631 4647 4735 4877 492 664 764 854
1066 1366 1898 2924 3029 347 3639 3691 3788 4011 4166 417 4971 4993 726
1094 1302 1572 1596 2497 2525 3264 3486 3819 3826 441 594 706
11 1536 1659 181 2695 2930 3051 3097 3599 3693 3747 492 770
1821 1923 1975 2477 2582 296 3109 3129 3391 3573 816
1072 1092 1102 1128 1146 1156 1327 1445 1468 1627 1768 204 2308 2584 2612 2672 2756 2781 2790 2831 3039 3324 333 3418 3487 3616 371 3852 3941 3945 4048 4055 4409 4437 4513 4598 4749 4775 4821 4841 4873 755 827 89
1042 1044 1142 1189 1306 1453 1506 164 1685 1759 1823 1952 1960 1979 2153 2181 2253 2304 2399 2542 271 2726 2807 2874 292 2976 305 3073 311 3173 3245 3301 3591 3759 3948 4079 4252 4382 4538 4603 4604 4725 4903 498 4981 5 630 908 986
1140 1394 1452 1628 1800 2417 2419 2461 2551 2590 272 2856 2943 308 3169 3437 3440 3969 413 421 4285 4362 4482 4790 668 686 700 737
1117 1164 1194 129 1345 1387 175 209 2243 2278 2434 2444 253 2628 2633 2654 2715 2767 2788 2973 3390 3700 3737 3780 3960 4086 4094 4308 4356 4472 4581 4650 4671 4687 4761 4833 4850 4917 4947 4951 4970 4978 4997 557 617 688 862 994
1047 1426 1633 2033 2132 2366 2394 3004 3331 349 3711 3820 3955 4046 4083 4248 4318 4405 4536 4633 838 873 996
119 1282 15 1622 163 1698 17 1838 1938 2063 2644 2704 2923 3169 3225 3367 344 3501 3815 3825 4147 4170 4233 43 4429 4458 4528 4534 4756 4797 4862 4908 673 698 776
1197 1292 1382 1610 1697 1866 1991 2068 2114 2336 2402 2569 2719 2947 3165 3405 3492 3499 3767 3868 3872 3976 4050 4104 4232 4254 4257 4270 4417 4464 457 4596 4628 4639 4664 4676 4716 4724 4734 4788 4809 4823 4887 527 57 75 771
1204 1219 1252 179 2315 2398 2543 3165 3184 4065 94
1437 1689 1884 1968 1995 2158 3194 411 469 4693 547 74 84
1182 1551 1583 1642 1734 1917 2051 2303 3119 3432 3533 3980 4028 4922
1036 1338 1387 1671 1677 1718 2122 2174 228 2290 2412 2465 2618 2659 2885 3061 3128 33 3472 3746 3851 4003 4009 4140 4144 4272 4759 4813 4814 884 909 955
1184 1298 1319 1367 1538 1557 2087 2263 2334 2436 2593 2716 2806 2939 335 3409 3857 4274 4343 484 4991
1286 1478 1612 1906 1961 228 2282 2547 3238 3797 3953 787 827
1034 1050 2042 2084 2121 2146 2805 2809 3018 3127 3241 3463 3490 3640 4058 4059 4106 4279 434 4360 4457 502 519
1294 1349 1358 1402 1574 1638 1644 1750 2184 2192 220 2600 2896 2964 2987 3035 31 3174 3307 3629 3723 381 3813 4146 4190 4283 4645 4674 4692 4777 605 703 86
1098 1430 1476 1626 2015 2487 2496 2736 2800 2973 3036 3709 439 4720 500 508 531
1022 139 1794 191 1945 201 2355 2374 2565 269 2732 2792 2873 325 4159 4189
1507 1544 1899 2034 2552 267 2751 2992 652 743
101 1027 1060 1257 1474 1475 1497 1590 1785 1834 1924 2170 2472 2482 27 2760 3025 3621 3659 3668 3690 3706 3758 3956 4100 4213 4421 4491 4608 4635 4919 50 695 809 818 822 958 961
136 1372 1482 1774 1775 1836 1851 2076 2100 2110 2301 2497 2680 3157 3374 3544 3972 4097 4587 4693 613 63 911
1328 1769 1770 18 2185 224 2429 3037 3121 3585 3951 4102 4505 4617 4734 56 983
1631 1753 2160 2428 2673 2858 2968 3503 3730 3818 3885 3916 4000 4118 4201 4335 4490 4598 619 948
1074 1201 1223 1232 1378 1566 1656 1732 1741 2156 2342 2344 2548 2640 2678 2807 283 2996 3000 3030 3973 4015 4040 4062 4238 4241 4282 4294 4388 4566 4617 4658 4729 4748 4815 485 4892 4894 4955 69 723 797 891
1024 1237 144 1456 174 1990 2252 2306 2414 2784 2889 2969 3063 3203 3204 3220 3359 3415 3742 3913 4163 4171 4353 4404 4553 4561 4722 4758 4834 637
1126 1134 1249 1643 1777 1824 2048 2107 2478 2581 295 3224 3269 3348 3398 351 3626 3657 3724 389 4100 4244 559 618
1434 1484 1508 2610 266 2789 3209 322 323 3942 4262 4840 496 545 556 666
1054 1122 1438 1765 1815 1989 2027 2179 2237 2437 2539 2998 3155 3216 3250 3315 3520 3561 3615 3685 3686 3864 4321 4346 4527 4549 501 534 615
1427 1466 1973 2018 2219 2323 2370 2743 2753 3142 3258 3452 3721 3907 404 4107 4378 4737 4856 840
1050 1131 1292 1389 1428 1576 1592 1654 1784 2017 2362 2396 2634 2739 2822 2933 2982 3056 3158 3252 3268 3310 3692 3783 3957 4061 4139 4438 4652 4831 4882 718 747 853 938
1187 1324 1634 197 2307 3215 3319 3739 4042 4838 655 766 836
1060 1191 1224 1264 128 1293 130 1311 1660 1699 1971 2119 2469 2658 2701 3069 3153 3567 3570 362 3966 3997 4014 402 4153 4206 4556 4575 4592 4699 4769 4804 483 4851 4867 4903 4946 4957 4958 4971 4994 4998 550 675 735 841 95 968
1436 1517 1640 1701 1928 2063 2105 2166 2273 231 2454 2570 2707 2741 2786 326 3308 3335 334 3444 3715 383 412 423 4336 4359 4364 4392 4442 4460 4564 4694 4700 4704 4728 4764 4868 4910 4921 4976 645 663 746 909 912
1501 1874 1913 2224 2340 3239 3248 3284 3801 3860 4223 4364 462 4899 541 681 940
1089 1192 1275 1450 1812 1901 1964 2176 2435 2687 3048 3262 3527 3934 4325 4731 690 763 791
1167 1469 1811 1977 2772 284 3265 3580 388 429 4475
1061 1503 1695 1725 1802 1806 1877 194 2155 2331 2381 2463 2839 307 3197 3219 3260 3523 3553 3557 3682 3897 3991 4006 4379 4591 4605 4614 4683 4692 4712 4766 4770 4807 515 670
1104 1110 1760 1928 2022 2057 2093 2199 2209 2232 2409 2499 2513 3044 3084 3085 309 330 3349 3517 3590 3598 3698 4226 4313 4381 4474 4590 590 767 79
1165 1215 1374 2530 2652 3179 328 3394 3477 3637 529 543
1139 1174 1799 2403 3057 3522 355 4424 4425 4426 761 863 988
1017 1183 1235 1357 1379 153 1727 1911 2004 2074 2205 2544 2637 2724 277 2833 2858 2962 3053 3092 3255 3509 3549 366 3843 4037 4320 4558 4571 4632 4638 4726 4742 4745 4782 4824 4826 4844 4878 4895 4907 4925 4953 760 801 922
1329 1532 1594 1666 1702 2244 2717 2796 2928 2934 3468 3677 3883 4267 4622 4955 537 800
110 1259 1496 150 1585 1730 2284 2386 2416 247 25 2588 2749 2813 2916 363 3649 3916 3930 4123 4143 4168 4344 4579 47 699 73 857 906 914 966
1003 1391 178 182 2445 2621 2936 3391 3432 3613 3917 4019 752 99
1418 1567 1619 2326 239 2594 2721 2891 3154 3936 4858 577 79 804 858
1083 1158 1228 138 1467 1577 1604 1723 2070 2287 2389 2455 2494 2881 2888 2975 3008 3299 3512 3518 3547 356 3712 3732 3834 3838 3847 3955 4016 4196 4288 4473 4586 4768 479 553 665 850 871 923 956
1589 160 2021 232 2376 2490 289 2954 3378 3529 3545 3630 3661 3753 4092 410 4128 4183 4367 4430 4495 4619 505 571 586 937
1211 1560 1902 2215 2559 2728 3161 3171 329 3384 3735 3760 3958 4200 4212 442 651 845
1396 1515 1542 19 2104 222 2901 3033 3356 3857 3912 3933 394 396 4087 4341 4355 4371 4506 640 713 814 846 892
1002 1209 137 1385 1943 2289 2793 2893 3226 3253 3492 4002 4246 4310 4419 4945 684 712 819 85
1137 1332 1483 1611 1681 1846 2049 2286 2314 2493 2620 2642 2732 2761 2793 2862 300 3104 3312 3326 3350 3443 3446 3582 3887 3968 4066 4205 4386 455 4662 4792 4793 4879 491 4943 584 748 780 903 932 945 959
1013 1171 1441 1540 1624 1664 1844 1873 1882 1892 2213 2274 2400 2555 2562 2598 2627 268 281 2866 2938 2948 3592 4055 4149 4161 4199 422 4414 4446 471 4829 487 551 676 806 830 915
1533 166 1813 183 2203 2318 2345 2568 2632 3537 3804 405 4195 4233 4509 564 636
1045 1587 1847 251 2669 2696 3548 4495 741 815
1270 1618 1653 1873 1920 2162 2385 244 2561 2685 2794 3103 3137 318 3247 3519 3558 3796 4227 4967 654 864
1008 1081 1231 1242 1322 1336 1489 1613 1693 1827 1853 20 2148 2353 2411 2554 257 2691 2815 2848 3001 3325 3417 3442 3556 3633 372 3855 4034 4075 4084 430 4502 4696 4750 4799 4808 4832 4897 4915 4944 4986 4988 625 860 883 928 990
111 1188 2196 2769 341 3467 3979 426 4543 4651 4852 51 974
1007 1918 2151 2190 2383 2506 2550 2875 3015 3046 3083 3102 3131 3375 3657 3880 3963 420 486 600
109 1205 124 2010 2262 2484 2574 2660 273 2926 3481 3751 4007 4043 4073 4126 4131 4192 4486 4651 813 889
1502 1767 219 303 3234 3334 3524 4908 579 697
1173 132 1409 144 159 1600 1739 2471 2527 2722 2950 3083 3098 3511 369 4029 4396 4433 4510 874 969
1063 1146 116 1202 1258 1265 1291 3812 3951 4324 4596 87
10 126 1915 2257 2617 2856 2988 3311 3397 3521 3607 3900 452 566 919 97
124 1519 1793 2044 2069 2383 2440 2540 2674 2723 2757 3068 3145 3280 3298 3327 3427 3483 3663 3716 3859 39 4103 4214 4220 4287 4348 4373 4642 49 535 828 984
112 1194 1203 1295 1778 2026 2054 2277 2379 2668 2890 2892 3031 3080 3168 3474 3542 3802 3829 4387 4627 4630 568 71
1393 1591 1835 1845 2014 2210 2293 2524 2692 2803 2909 3054 3249 3322 3551 3646 3652 3755 4012 4289 4298 4339 4518 796
1067 1097 1144 122 1320 1365 1473 1477 1641 1691 1710 1773 1819 1897 1936 2068 2086 21 2165 2221 2264 241 2450 2452 3012 3059 3099 3164 3182 3276 3481 4039 4209 438 4499 4517 4557 4563 4654 4702 4780 4911 4962 4975 4979 652 69 72 878 927
1208 1210 1403 1464 1617 168 2553 2876 2967 3081 3118 318 3628 3664 367 3723 3731 546 608
1040 1680 1786 1879 2380 3093 3485 3588 392 3924 3974 4207 635 802
1578 167 2187 2200 2671 3011 3058 3089 3208 3400 3565 3568 3743 4266 4966 502 756 812 879
1325 1582 1737 1761 1762 1789 1818 1840 199 2154 2191 2361 2382 2831 3027 3162 3316 3343 3610 4108 418 428 4577 4616 4673 4740 4778 533 634 951 999
1064 1261 1404 1667 1740 1858 1921 1981 2016 202 2062 2298 2344 2578 2604 2698 2966 3177 324 3418 3436 3448 35 3635 3750 402 4197 4240 4249 4366 4376 4403 4477 4556 4708 48 4860 4952 503 585
1 1017 1020 1073 1431 1454 1650 177 1803 190 1900 260 2684 2706 2917 3015 3175 3209 3243 3380 3392 3552 3605 3647 3690 3694 3792 3836 3845 3848 403 4124 4260 445 4751 4810 4826 4898 4930 4959 4960 4977 545 710 835 898 971
1199 1290 1710 1892 2531 3010 3272 3471 351 3687 3729 4812 518 565 582 781 947
127 1340 1726 1956 2108 215 2239 2481 3026 3066 3211 3354 3514 3887 3898 3970 408
142 1513 1651 1949 2375 2599 2923 3100 3128 4780 774 918 995
1026 1070 1267 1364 1462 1668 1747 1772 1980 2065 2206 229 2299 3138 3156 317 3482 3609 3622 3631 3696 3999 4411 4585 4710 4746 4802 4989 512 555 777
1195 12 1291 1537 1862 1867 1888 1891 1946 1947 2010 2012 2113 212 2145 2217 2311 2483 2622 2712 2776 282 3091 3478 3530 360 3670 3791 3876 3952 4072 4299 4352 436 4771 4918 4972 4993 552 618 779 882
1206 1527 1856 1967 2045 2046 2085 2123 237 3254 3279 3431 3899 4013 4052 4250 4278 4819 4965 922 987
1114 127 1432 1499 1505 151 1557 1649 1764 1791 1895 2147 2228 2556 2638 2686 2902 3227 3356 3583 3602 3921 3961 4089 4096 4204 4450 4634 4688 481 930
145 1455 2203 2233 2408 249 2573 3221 339 3466 3967 474 96
1346 1424 1741 2056 2059 268 2867 3108 3495 3707 39 4127 4202 4225 4345 4469 647 913
1028 1080 1150 1370 1383 1976 2008 216 217 2271 2537 2731 2808 2828 3077 3235 3339 3386 3850 3878 4110 4141 4164 4423 4436 4441 446 4465 4494 4818 5000 714 742 972
1035 1129 125 1399 1491 1795 3106 4994 612 686 871
1582 1647 2 2453 2827 288 3146 3528 3618 3918 399 4001 4004 4054 447 616
1216 1306 2099 2139 2231 2688 3019 3318 3795 390 4304
1011 1012 1046 1209 1260 147 1707 1746 1875 192 2035 2072 2116 226 2313 2404 2407 2449 2611 2662 2665 2698 2727 2801 2914 321 332 3421 3480 3510 3617 3708 3827 3879 4154 4301 4389 4453 4847 4948 4992 4999 574 7 769 85 964
103 104 184 2052 2117 2249 2439 3114 3710 4065 4085
1075 1112 1268 1273 1362 1850 1912 2227 2330 2595 2699 3180 3295 3428 3457 3654 3718 3810 4081 4286 4311 4597 924
1010 1065 1111 1115 1425 1705 2125 2212 2312 2922 2995 3217 3293 3333 3363 3798 3981 4095 602 611 817
1049 1068 1339 1365 1428 1495 1630 1744 1749 195 2061 2310 2329 2495 2528 2826 2991 3271 3364 3423 345 3508 3578 3679 3874 3950 415 4221 4222 435 4385 4406 4537 4588 4747 4820 4825 4863 4871 493 4945 4990 4995 558 578 648 844 928
