1755 2585 2780 3041 3083 321 3266 3431 3758 4695 829 86 972 
1126 1200 1407 1460 1666 1722 1817 1936 256 2657 2741 2849 3084 3249 3706 3783 4406 442 4521 4716 819
1010 1695 1767 1846 1982 2384 286 3121 3927 404 4224 4234 4387 4807 4859 4979 517
1140 1451 2157 299 3046 3451 3518 3534 3587 4002 4172 4462 4787 544 728
1064 1574 2023 2030 2536 2745 2884 2892 3177 3198 3202 339 3837 4146 4344 514 62 916
1084 1559 1581 166 2289 2553 2581 2731 2743 2984 2989 3216 3394 3589 4104 4312 688 771 867 931 959
103 1064 1622 1693 1723 1728 1946 1994 2286 2558 2725 3082 3695 4061 4169 45 4759 4767 4856 4959 656 693
1766 2202 2564 309 3185 3468 3547 3691 4100 4155 4156 4361 438 444 536 60 719 736
1206 127 1421 1439 1513 1833 2252 2724 2732 2782 3203 3879 3987 4059 4064 762 985
1050 1345 1515 1639 1666 2393 2487 2612 2754 3651 4171 4260 4895
1148 1279 1387 1831 2076 2081 21 2116 2156 2247 2372 2408 2926 308 3450 366 4187 4218 459 4797 4869 581 651 780
1214 1394 1436 2347 2375 2835 2959 3419 4119 483 759 761
1148 138 15 1593 1677 1681 1694 1860 1984 1988 2059 2342 2390 2430 3000 3033 316 3229 3389 397 4006 4035 4185 4289 4378 4501 4813 4878 4937 4961 523 597 602 669 768 787 842 849
1117 1133 1340 1505 168 1855 216 2261 2384 2470 2583 2770 3069 3313 3500 3578 3695 3942 4140 4198 4235 4239 426 4668 4789 4794 4825 4873 536 62 870 886 954
1015 1158 1170 1271 1337 1378 1387 1549 1594 1621 1661 1671 1852 1946 2236 2487 2549 2680 2732 2766 2915 2936 301 3046 3235 3274 352 360 3680 3691 3706 3834 396 4029 4100 4327 4425 4442 4476 4507 4522 4775 4787 4858 4992 658 682 939
1337 1570 1966 2019 2162 2185 2270 23 2310 2352 2403 2509 266 2678 270 2944 3148 316 3305 3571 3620 3980 3998 4200 4235 4371 4455 585 60 840
1012 1067 1096 1208 1233 1288 1548 1786 1832 2033 2098 2103 2250 256 2766 287 3248 3532 3594 37 3702 4119 4236 4350 4370 4497 454 4620 4628 4801 499 532 751
1077 1170 1432 1573 1611 1837 2238 2267 2605 2618 3048 3285 3805 3924 4112 4295 4356 4532 4539 4904 510 818
1076 1080 1144 1147 1249 1278 1427 1609 1764 2119 232 2329 236 2381 2571 2624 2736 2759 2841 2851 3255 3361 3382 3633 3858 4095 4103 4148 4171 4215 4234 4316 4339 4385 441 4815 4865 634 781
1091 1129 1318 1481 1515 2210 277 2873 3053 4736 4749
1011 1019 1039 1121 1167 1187 1335 1426 1469 1539 1546 1642 1656 1999 2077 2080 2419 243 2500 2501 2541 262 2627 2641 2683 2707 2743 2843 2850 2857 3247 3341 3406 3618 3821 4063 424 4350 4413 4431 444 454 4727 4832 4859 4960 685 867 897
1993 2528 2868 3018 3749 439 4592 4705 478 4866 4927 831
1581 2551 2892 2959 2970 3067 3491 35 3614 4027 4233 4760 4828 522
1849 189 2309 2677 2987 3099 4437 4538 4590 4614
1556 22 2532 3883 3929 3992 4082 4937 790 985
1157 2399 3594 3872 4031 4695 4732 4745 654 728 73 81
1458 2288 2425 2840 3421 3754 3942 4224 4327 4572
1223 1590 1883 2372 2382 2469 257 2610 3114 3422 36 4053 4248 4339 4434 4658 4763 625 64 758 801 879
1006 1016 1236 2452 2772 2841 4704 4925 4945 735
1066 1071 1251 1277 1335 1401 1601 1684 1702 1737 1774 1936 1975 2142 2191 2302 246 2509 2552 2666 2683 2817 2914 2999 303 3036 3306 3359 3509 3584 3744 3816 4039 4078 4253 4304 4590 4769 4806 543 58 583 608 610 856
1018 1124 1298 1519 1549 1590 1747 1807 1825 2073 2431 2554 2709 2838 2842 2891 29 3015 3028 330 3314 3328 3420 369 3754 4117 4187 4322 4471 4510 4650 4782 4843 491 4980 579 654 786
1141 1672 1822 1907 1932 1939 1982 2024 2277 2370 2498 3992 411 4199 4224 4607 4644 4666 4737 4998 961
1037 1533 1594 2818 294 3114 32 3508 3647 3686 3837 3951 4041 4174 4247 4579 4713 4962 4978 819 849 879
1106 1117 1283 1346 1394 1442 1457 150 154 1755 1788 1805 2075 2113 2247 2271 230 2855 2985 302 3159 3274 330 3403 3725 3798 3882 415 4191 4315 4528 455 4781 4786 516 556 786 908 941 992
1072 1468 1485 175 2191 2220 2447 2456 2828 3004 3152 3397 3510 3531 3546 4332 4595 4719 4862 641 677
1568 2135 2896 3081 3196 3214 4185 4402 4464 4592 52
119 1390 1402 1431 2201 2209 2305 3546 4225 4697 4751 4905 4926 4962
1057 1073 1246 1278 1291 1327 1464 1522 1791 1868 2238 2254 2262 2289 2343 2384 2430 2455 2571 2811 2917 2984 3077 3393 3419 3510 3557 3893 4099 420 4282 4300 4302 4336 4425 4453 4576 470 4757 4844 4850 600 638 761 783 818 828 955
2000 2131 2301 3099 3107 3159 3165 3188 3453 4077 4347 4699 4703 4707 79
1069 1575 1897 3145 402 4110 4256 4314 4857 524
1 1087 1254 1262 1296 1548 1618 1776 1847 192 2077 2148 2156 2176 257 2766 2833 3012 3127 3181 3206 3270 3306 3309 3337 3450 3624 3752 3760 4390 4392 4544 4675 483 4988 52 887
2032 2203 2240 253 2538 2606 318 3463 3465 353 4613
1040 1175 1263 1279 1353 1439 1499 1535 1982 2367 2429 250 2518 2579 2842 2861 301 3234 3361 3607 3642 4126 4158 4309 4349 4958 4986 5000 912 960
1037 1170 1285 1719 1720 1840 1874 2022 2059 2712 2741 3129 3386 3519 3647 3688 3723 3790 3973 4053 417 4233 4718 4963 635
1098 1115 1218 1292 1296 1305 140 1459 1552 1599 1635 1694 1698 1747 1751 1832 1863 1875 1901 191 20 2024 208 2359 2362 2487 2494 2703 2807 3012 3336 3392 3411 3476 3832 4017 4163 4227 4293 4550 4823 4907 4935 600 716 813 821 888 999
1005 113 1183 1290 1632 1756 197 1998 2165 2442 2575 2775 2884 290 3126 3207 3315 335 3397 3522 3572 3620 3725 40 4121 414 433 4477 4526 4687 4809 482 4923 4954 518 597 658 824 849
1248 1367 1673 1868 2302 2504 3259 3297 3371 3511 3618 4236 4663 4691 693 736
1149 1676 195 2125 2675 3058 3450 347 3481 3750 4040 4238 58 6 74
1120 1141 1289 1383 1433 1460 1663 1905 1936 201 2173 2302 2375 2871 3137 3382 3505 3592 3799 3908 4047 4104 4269 4388 4504 4689 4828 4876 561 852 934
1072 1317 1384 1638 1877 2115 2164 2269 2295 2380 2550 2719 2861 3042 3220 3229 3324 3333 3397 3566 3688 3752 3788 4142 4363 4489 4639 4708 4715 4835 4863 4990 562 686 719
1101 171 2124 2133 2224 2355 2543 2647 2931 3482 3583 3693 4129 4387 4526 4870 4982 716 940
1055 1383 1405 1451 1480 1559 1755 255 2982 3130 3200 3269 344 3729 419 4439 4945 842 88
1104 1181 1233 1308 1386 1443 1457 1633 1683 1714 1791 1974 1997 2014 2037 208 2091 2196 2365 2379 2420 2650 2942 311 3297 3374 3681 393 412 414 4247 4252 4267 4372 4472 4490 4507 4554 4555 4579 4654 4914 4928 4949 4993 551 556 826 992 993
1102 1687 192 2972 3758 3844 3977 4173 4252 554 806 892 96
1025 1166 1383 16 2022 231 2451 2633 2678 2694 2731 2855 3000 3086 3090 3324 3564 3787 3813 4194 4198 4441 4494 4539 4659 4661 4871 488 523 548 670 735 739 754 794 877 878 899 903 938
1060 1084 1194 1270 1352 1372 1388 1580 1654 1672 1918 1946 1947 207 2108 220 2362 2374 2542 2578 2589 2623 3064 3112 3152 3175 3324 3440 3629 3914 4286 4366 4374 4454 452 4804 4814 4870 4905 573 682 822 849
1302 190 1975 2379 2518 2524 2531 2554 2695 2709 2749 281 2814 3377 3544 4190 4250 4706 4788 4850 4869 530 6 69 76 808
1002 1406 151 1687 1702 2032 2033 2115 2343 2526 2548 2908 3031 3068 3133 316 3361 3371 3420 3803 3866 4258 4320 4544 4548 4565 4640 4645 4813 613 653 702 747
1106 1184 1252 1584 1940 2194 238 2380 2392 2421 2497 303 3044 3169 3723 3732 3999 406 4447 4607 4697 4778 598 650
1196 1219 1355 1588 16 1900 2221 2408 2434 2687 2759 2840 3249 3476 3511 3522 3552 3930 4087 4105 4149 4390 4484 4498 4633 4677 4786 4897 4953 756 857
1086 1242 1244 1261 1359 1367 1737 1890 2039 2141 2343 2641 2720 2748 2797 2989 3168 3235 3318 3326 3402 3760 3784 3973 3996 4009 418 4205 4487 4745 4849 4892 805 851 860 948
175 1988 2523 3007 3110 3590 3791 404 4078 4093 4100 4375 4698 728
104 122 1372 1474 1624 1889 2080 2144 2329 2628 2666 2857 309 3165 3629 3708 3828 3893 4045 4318 4340 4457 4788 4834 772 958
1096 1366 1522 1708 1848 1891 1942 2199 2216 2240 2960 3060 3161 3171 3195 3333 3347 3422 344 353 3577 4119 4182 4319 443 4445 4481 4569 4770 4947 762
1236 1335 2808 285 348 4651 4748 48 4856 4901 75
101 1060 1072 1152 1414 1497 151 192 1933 2120 2165 2183 2192 2436 2566 2703 2713 3097 3873 4023 4397 4399 4474 4638 4809 4892 4902 4924 501 64 685 794 928 961
1184 1240 1491 20 2065 2596 2659 2663 3234 325 3763 4144 4236 4518 4760 4812 644
1451 1460 1615 232 3067 3170 3415 358 413 429 4380 4429 5000 521 750
1031 1050 1070 1304 1501 2244 2335 2455 2551 2561 2698 2782 2809 2892 2977 3061 323 3735 3783 3804 3954 3996 4039 4145 4420 4433 4703 4780 4899 4941 583 651 759 832 895
120 1722 3134 429 4778 4879 63 647 680 69 735 978
1000 1062 140 1503 1560 1780 1990 2000 2007 2164 2185 2373 2386 2434 257 2644 2669 2876 3140 335 3354 3375 3647 3699 3736 3777 3802 3860 3878 4185 4448 4489 4683 4852 4853 4906 4914 656 731 746 805 813
122 1279 1366 1682 1708 1796 1895 2024 2044 2497 251 2591 2697 2832 2952 2990 3153 3215 3627 3945 3996 4169 4367 4441 4642 4871 4877 751 873
152 1727 1983 2433 2554 3348 337 3999 4402 4590 4901 605
1673 1700 1724 1819 1993 2280 2531 2681 2804 330 3660 4 4001 4214 4299 4331 4607 4704 4828 4957 725
1174 1217 1342 1430 1476 1642 1661 2174 235 2449 2479 2617 2850 2857 3234 3240 3508 3688 4072 4597 4600 4980 70 708
1084 1184 2000 2103 2179 2276 2706 3025 3072 3181 3440 3444 3761 417 4173 4485 454 4600 4615 4834 4987 844 926
1163 1554 1935 2302 3326 3505 3998 4546 4745 697 789 807
1077 1980 2206 3027 3148 3244 3274 362 3764 3770 3784 3956 4179 4260 4579 842
1008 118 1295 1449 167 1673 1928 2242 2378 2778 3272 3344 3511 3755 378 3956 4286 4432 4497 4698 4795 605 702 731
1058 1215 1294 1298 1375 1617 1653 1772 1852 1873 1985 2071 2154 2669 3058 3503 3535 3553 3638 3791 3827 3893 3957 4016 4039 4099 4131 419 4230 4239 427 4287 4561 4636 4640 48 4811 4965 53 878
1436 1472 1650 200 293 3000 3431 3440 3509 4107 4221 4455 4634 4874 768 794 832 912 996
1058 1514 1610 1780 2165 2362 2407 2556 2845 2936 3285 3458 3711 3867 3906 4091 4171 4299 4322 4431 4541 4626 4745 4789 516 540 81
1101 1131 1256 1421 1633 1989 2155 2226 2703 2995 2999 3006 3067 3203 3329 4057 4227 4291 4292 4351 4494 4778 4846 4869 4872 602 656 734 759 792 815
1115 131 1411 1563 1595 16 162 1821 2267 2697 2892 2964 3204 3248 334 3389 3432 3506 3528 3588 3624 3714 377 3813 3814 3951 4022 4107 4185 4201 4415 4518 4573 4618 4705 4710 4899 4968 4998 573 600 825 875 890
1238 1365 1777 1894 1924 2018 210 2331 2433 256 2623 2751 282 2826 2876 2930 2965 3012 311 3161 3185 3229 3535 3551 3645 3709 3787 3798 3812 3892 3916 4040 4247 4248 428 4352 438 4482 4484 4720 4839 4856 4887 862 883 997
1310 1848 1997 2084 2616 290 360 3856 3994 4922 496 998
1846 2370 263 2891 3383 3602 3943 4570 4645 4761 4828 684 813
1083 1448 1633 1673 1682 1743 1813 1953 2142 2508 2646 2805 3191 335 3402 3432 3436 3517 3669 3965 3987 4286 4291 4319 4450 4521 4775 4941 760
1431 1632 1750 2010 2102 211 2254 2362 2453 246 2481 2566 2582 2583 2714 2732 3051 3125 4282 4377 4516 4928 4954 4959 725 938
1114 1268 1513 1540 1798 1880 1955 2100 2224 2278 2297 2554 2799 2803 2826 2859 3042 3168 3431 352 3616 3831 4061 412 4219 4227 4256 4350 4797 4904 856 868
1095 1310 1657 1660 2122 2402 2774 299 3096 3435 4045 4158 4352 4410 4585
1044 1140 2647 2997 3225 3614 3681 3708 377 3975 4033 4043 4234 4248 4414 4552 4562 657 668 783
1358 2147 2172 2676 2731 290 3094 315 3207 3355 3424 4990 692 877 957
1356 1533 2003 2220 2414 2473 3296 3683 4980 4995
1539 198 2037 229 2620 2729 3861 404 4117 4239 429 4591 4695 899
1050 1423 15 1591 2022 2023 3151 3418 4248 4673 4953
1194 1255 1577 1609 1901 2243 2415 2536 3340 3652 4035 404 4322 4454 701 928
122 2113 233 2353 2710 2835 3557 3618 3745 3815 4199 425 4287 4312 44 4454 4602 483
1051 1054 2598 2917 3165 322 3398 3515 4174 4885
178 1888 2159 2222 2651 3350 3801 410 4354 92
1527 1682 1941 2017 3219 3743 3957 401 4314 4434 4644 4778 4867 644 647 652 667 910 995
1250 1277 1327 1328 1708 207 213 2327 2336 2426 263 2797 3106 3190 341 3435 3965 4206 4221 4339 4364 4398 4402 4407 4540 4801 4956 527 550 716 781 883
1099 1129 1502 2408 2426 2666 3004 3028 3072 3228 336 343 3483 356 3670 3705 3893 4007 406 4137 4259 430 454 4626 4931 4941 682 74 761
1211 165 2015 207 255 2726 3042 3207 3235 3363 3726 3903 4164 4261 4328 434 4340 4341 4416 4472 4680
1083 142 2383 2609 2684 2953 3033 3138 3201 3308 3440 3517 3822 388 4016 4056 4086 4589 4791 665 993
1099 1278 1281 1329 137 1868 2277 2418 246 3076 3152 3227 3411 3910 4197 425 4265 4637 4884 4929 4963 736 9
1073 1108 1544 1660 1699 2006 2011 2034 2186 2234 2378 2497 2649 2973 3144 3145 3331 3346 3518 3642 3929 4061 4077 4133 4271 435 4537 4581 4732 4767 4886 4936 517 630 694 702 710 931
132 1544 1643 225 2660 2940 3260 3397 3518 4430 4548 467 483 4870 954
1889 200 2475 2526 3483 3650 3659 3821 3897 4350 4413 4802 4818
1034 108 1243 1263 130 131 146 1601 1633 1987 207 2099 212 2471 2517 2622 2746 3237 332 3431 3754 3857 3869 4078 451 4731 4826 4867 4891 504 521 918
12 1609 1651 1739 3759 424 4454 4502 4862 530
1153 1198 1243 149 1493 156 1601 1849 2073 2180 2199 2233 235 2742 282 2854 293 3053 3257 3336 3530 3562 3590 36 3796 3888 3940 4409 4583 4637 4638 4649 4672 4832 533 750
1915 2264 2732 308 3625 3653 3911 4359 4975 879 885 974
1265 1294 1308 1724 2487 2527 2630 2767 344 3631 4380 4980 6 728 894
1065 1134 1202 1366 1459 1485 1579 1695 17 180 2185 2354 2357 2467 2654 3060 3109 3133 3356 3416 3487 35 3563 3829 3923 3986 4005 4397 4404 4579 4660 4697 4729 4799 4868 4969 58 793 844 864 872
1638 170 1795 1992 2001 2068 2120 2156 2533 2893 299 3086 3468 3985 4233 4386 4391 4514 4570 471 4872 727 81 861
1266 1484 1507 176 1974 1977 2387 2726 3091 3160 3171 3316 3916 411 4318 4464 4689 672 830 871
1044 1081 1168 1195 1212 1226 1432 1497 1639 1837 1934 1967 20 2102 2152 2157 2345 2353 2359 2510 2846 2908 3023 3038 3377 3833 3890 4116 4132 4162 4172 4368 4725 4737 4887 4908 4990 601 824 875
1640 229 302 352 3799 3884 3897 4522 4640 4825 670
1188 1196 1609 2706 3573 3582 3702 4460 4521 4873 4884 4924 771 993
1059 133 1494 1825 1897 2010 2087 218 2216 2268 2430 2458 2486 2501 2511 270 2705 2831 3081 3143 3146 3227 3280 3510 3622 3929 4003 4041 4070 4165 4220 4347 4377 4485 4528 4530 4724 4732 4785 4958 4964 4974 517 621 820 978
127 1281 1523 1708 1827 1848 1859 1897 2205 2483 2486 2539 2731 2768 2807 2901 3239 3371 3536 3930 3990 4076 4329 4376 4647 4674 4960 755 783
1148 2035 212 277 3030 3055 3067 308 3262 3302 3324 3421 3578 3674 3785 3965 4128 4164 4357 4392 4413 4554 4628 4675 4945 496 4961 66 878
1757 1827 199 2589 264 2878 3063 3116 3264 3522 403 4191 4734 701
130 1409 1584 1758 2025 2044 2135 2279 2353 2635 3083 309 3311 3420 3648 3769 3810 3967 45 4527 4528 4679 4933 616 880 966
1010 1443 1542 1608 1917 1988 205 2097 2130 2243 2293 2451 2452 2526 2600 2607 2741 2757 2770 2838 2923 3115 3179 3675 3802 4053 4491 4523 4524 4577 4688 586 75
1177 1253 1387 1856 2136 2380 2804 2943 3266 3799 4177 4576 896
1397 2130 2875 2894 3544 3725 402 4103 4554 984
102 1077 126 1401 1406 1660 1666 1698 2056 2069 2281 2610 2636 2862 2936 3097 315 3164 321 331 3331 3393 3400 3478 3559 3606 3651 3681 3807 415 4210 4397 4600 4601 4656 4698 4930 550 613 684 83 883
1301 1410 1419 1470 1625 1737 3077 3559 3564 3611 3645 4176 4420 735 998
1006 1081 1296 1317 1323 1548 166 1727 192 2005 2256 2467 2512 2835 2851 294 3238 3288 3566 3588 3651 3653 3811 3860 3984 4122 4220 4297 4322 4690 4738 474 4744 4898 549 730 804 867
1360 1411 1792 1932 2040 2404 2975 3113 3127 3171 3461 4196 4458 4568 4879
1010 1199 171 1736 1946 219 2436 2891 3665 4505 4595 719 772
1394 1418 1573 2179 2229 2690 328 3419 3498 369 500 688 889
1248 1469 1512 1739 1808 2742 2816 2984 3324 4429 4662
1010 1236 1246 1285 1410 1450 1457 1464 1468 1654 167 2034 2356 2511 2515 2848 2924 2989 3077 3179 3329 3433 3732 3801 3871 3953 4053 4089 4182 4232 4239 4270 4294 4327 4340 4465 4525 4563 4572 4677 4820 4858 4982 799
1243 1278 1398 1460 1514 1608 170 1781 1810 1873 1889 2095 2186 2797 2807 2840 2867 2908 2946 2985 3041 3051 3094 3104 3303 3427 3476 3562 3574 3960 4082 4094 4100 4170 4184 4236 4319 4323 4393 4430 4730 4757 4834 4931 4954 4968 521 711 994
1125 138 1506 1734 1784 2 21 2124 2331 2370 2425 2527 2748 3038 3195 3732 3984 4118 4126 4314 4345 4350 4366 4931 4941 4996 502 667
104 1051 1121 1325 1345 1356 1427 1708 1795 2030 2057 2068 2145 2221 232 2321 2585 2751 2926 2977 3119 3138 3230 3248 3256 3396 3399 3418 3423 3490 3683 3888 3906 4136 4276 4293 4460 4579 4599 4838 4937 519 651 68 77 827 967 968
103 1273 1456 1547 1842 2028 2036 2262 2712 3015 362 402 4226 4323 4382 466 4750 4804 4817 4857 4860 54 742
1026 1276 1415 1832 1846 1977 2215 2401 2545 2770 2843 285 2977 304 3150 3273 329 3319 3738 3819 3996 4118 4189 4401 4413 4599 464 4746 4763 4814 4882 4915 4943 585 999
1059 109 1143 1206 127 1343 1873 2283 251 2655 2782 2821 3100 3106 3180 3339 3454 3501 3574 3576 3768 3887 3888 3931 4117 4126 4201 4270 4271 4287 4299 4382 4676 4679 4703 4730 4750 4798 4819 4820 4835 4915 4986 570 581 688 725
148 161 2233 2291 2759 2863 288 3147 3309 387 403
1658 1920 2194 2255 2257 2673 2768 3484 3596 4018 4029 4068 4132
1077 1250 1314 1431 1550 1599 1750 1801 2048 2241 416 459 4787 673
1076 1576 216 2229 2556 2638 2738 3018 3059 3115 3168 336 3405 3447 3454 35 3584 3944 4340 4453 4741 4746 4820 583 650 7 747 872 917 942 945 971
1148 1873 1959 2 2026 2081 2141 2566 3014 3309 3567 4262 4328 4781 479 4938 602 653 746 946 999
2037 2229 31 3518 3672 380 4031 4147 4616 4696 4720 715 880
1175 1229 1458 1590 1636 1825 2014 2142 2223 2365 244 2960 3551 385 3857 4117 4275 4487 4545 4895 4982 629 702
1062 1089 1294 1514 1523 1662 1750 1829 1838 208 2133 2139 2168 2247 2407 3129 3179 3326 3346 3468 3616 3909 427 438 4541 4544 461 4791 4933 4972 568 869 978
101 1644 2191 2284 2417 2691 2865 3204 3625 4399 443 4507 4673 4749 4784 4866 4894
1419 2529 2959 3383 3849 3929 4327 4463 4630 4818 490 491 4911 4982 585 739
1085 3112 3484 4163 4630 4840 4954 4973 735 791
1150 122 1442 146 1855 1872 190 1966 2287 2362 2773 2832 2877 2948 3023 3044 3247 3360 3417 3674 3914 3923 3926 4040 4220 4307 4352 4371 4514 4709 487 4943 4968 615 718 824 943 97
120 1371 1707 1914 1954 274 3107 3129 3455 3709 3931 41 4103 4147 4242 4291 4429 4710 4877 4989 540 543 966
1725 1966 2022 2112 2288 257 2933 3209 3597 4031 4118 4298 4673 4985 62 734 933
1107 1329 1487 1604 1974 2038 252 2541 2644 2650 2736 2926 2960 3654 3888 4183 4390 516 674 944
1073 1163 1175 1359 1420 1491 154 1887 2044 2275 2288 2418 2593 2659 2838 2912 2959 3002 3013 3230 3254 3255 3454 3570 3588 3773 3982 399 4387 4604 4666 4732 4820 4888 4906 4909 686 7 779 813 842 862 948
1208 138 1573 1661 195 2172 2194 2252 2309 2320 2462 2564 2769 2840 3115 3303 3338 366 3686 3883 408 4377 4684 4796 4799 4841 4957 496 5000 999
121 1443 1501 1533 1548 1736 1847 1856 1966 2079 2161 2488 2731 2951 3108 316 3203 3723 4266 4375 4515 4568 641 674
1052 1758 181 1840 1921 2120 2402 2942 3054 3628 366 3761 4204 4420 501 899
1115 120 1337 1356 1735 1739 1749 1823 2002 2332 2359 2375 2399 2418 2503 2550 3244 3695 3977 3993 4231 4405 4448 4502 4811 524 606 890 934
1367 2032 208 2154 2589 29 337 3381 3530 3626 3814 3915 4013 4061 4090 4156 4211 4858 533 623
1125 1134 1167 1208 1442 1934 1973 1977 2352 2387 2610 2843 2967 306 3423 3478 3545 3861 4212 423 4244 4516 4600 4603 4620 4627 4708 4775 4941 581 685 729 742 810 856
1768 2243 2764 2793 2804 2866 3720 3858 4247 444 4528 4924 548
1000 1049 1275 1338 1575 1580 1585 1647 1756 1954 2005 2029 2133 2158 2371 248 2740 2866 2915 2962 2997 3049 3087 3273 3403 3451 3571 3635 3653 3708 3759 3897 3910 3926 398 4121 4322 4397 4527 4706 487 4913 4934 750 751 893 913 965
1016 1053 1100 112 1131 1135 1313 1328 1539 1608 1977 204 209 2229 2402 2547 2556 2561 2597 2651 2835 2867 2964 3086 3178 3195 3320 3550 3699 3708 3866 4112 4126 4302 4490 4584 4784 4803 4823 4843 4886 4889 530 880 933
1360 1628 1811 2164 2762 2925 3087 3266 3548 3565 3836 384 3904 4570 4583 4642 934
1359 1620 1655 1741 1860 205 2402 2413 2418 2470 2632 2742 2843 2864 3478 4049 4706 4887 854
1180 1495 1815 2038 2859 2892 3571 4297 4656 4995 898
121 1323 1383 1399 1624 1899 1925 1974 2139 2225 2273 2506 2536 255 2695 294 3005 3255 3337 3645 3677 3783 3822 3846 385 4204 4271 4463 4494 4683 4695 4838 4867 498 57 686
1004 1439 1465 1530 1627 169 1827 1878 2340 2381 239 2571 2626 2632 2706 2778 3062 3555 3572 3738 3832 4352 4508 4519 4688 471 4846 4876 6 795 997
1068 1974 2744 3070 3072 3190 3246 3421 3589 4487 4552 729
1911 2009 2544 2616 3038 3436 3577 3642 4707 4922 663 802 848
101 1017 1023 1069 1102 1359 1409 1537 1550 1702 1798 1932 2015 2025 2125 2165 253 2557 2604 3008 3033 305 3165 3396 3416 3532 3777 3798 380 3807 3810 3891 3929 3949 452 4564 4681 4705 4750 4842 490 4914 4962 742 752 96
116 1256 1345 178 1913 2056 2066 2331 2879 350 3817 4224 4328 4437 4712 643 845 877
1131 1200 1298 1342 142 1454 1497 1542 1578 1596 1703 182 1992 2319 2719 2812 2854 3043 3066 3334 3515 3643 4173 4559 4667 4772 615 624 677 748 974
1604 2109 2371 2419 2849 287 2950 3099 3169 3262 4171 4354 4807 737
1325 1431 1895 2179 2307 2647 2884 3274 4 4058 4154 4315 689 909 934
1523 1684 1732 1828 1838 2233 2556 2676 2805 2919 2952 3061 3075 3086 3160 3241 3269 3317 3374 3450 3499 3579 3584 3846 4063 4258 4430 4462 4478 4546 4567 4638 4878 4879 4904 497 516 644 774 931 963
1251 1541 1554 1709 2580 2678 270 2777 2890 3371 3708 3709 380 3902 4000 4504 4516 456 4861 4960 4991 508 618 690 7 821
1338 17 2336 2350 2670 3109 3570 3632 3675 3794 3959 415 440 4634 704 725 729 844
1152 1294 1513 171 1767 2341 2784 2821 2967 3321 3361 3738 3862 3994 4231 4354 4485 461 4714 4718 4726 4751 4929 80
1100 1639 1968 2544 3179 3190 3693 3785 3829 3865 4219 4403 4910 492 536 613 887 945 949 954
1109 1133 1175 1469 1580 1612 1743 1872 2149 2280 2404 2617 2762 277 2811 3066 3090 3217 3219 3775 4121 4155 4250 428 4292 4372 4410 4435 4528 4690 4696 4795 4808 4864 4899 4934 4938 4995 586 628 688 717 83
1171 119 1217 1240 1328 1397 1669 1798 2007 2029 2087 2133 2192 2251 2497 2713 2794 285 2927 3143 3757 3818 3838 3846 4026 4132 4300 4310 452 4607 4682 4708 4792 4800 562 767 797 933
1788 2107 2686 3152 3159 316 3275 3495 3957 3997 4151 4198 4221 4679 543 571 667
1208 1315 2430 2526 2664 3021 3462 3517 4601 491
1140 1650 1717 1917 2014 2158 2422 2644 3061 339 3562 3731 3738 3803 412 4709 4737 4962 582 715 761 934
1111 1621 1684 1720 1763 1915 2009 2139 2268 2291 2398 2418 2426 2428 2581 2604 2620 2637 2718 2852 2976 2985 317 3277 3564 3597 3665 3682 3693 391 3986 4104 4183 4237 4399 4424 4497 451 4549 4575 4602 4751 4796 4928 4966 590 797 846
1010 1081 1284 1366 1446 1616 2531 3729 4390 4560 4778 4901 500
1271 1294 1771 2164 2349 2414 2572 3029 31 3423 3589 3829 3961 4049 4133 4227 4235 4537 4646 4744
1285 1642 1705 2632 2891 2893 2977 3050 3169 3201 3295 3315 3319 3503 3517 3662 4478 456 4799 4814 4873 716
1105 1767 1896 229 2321 3359 3445 3784 3850 3990
1254 127 1352 1719 186 204 3324 3635 3715 3719 393 4246 4328 4460 4508 490 682 746 760 829 948
202 228 234 2374 2453 2849 3119 4007 41 4213 4390 734
1249 1438 1487 1582 167 2132 2600 2768 2816 3086 3794 4067 4184 4421 937 974
1072 1138 1391 1394 1416 1620 1627 1632 1719 1975 2001 216 2212 2352 269 2743 281 3083 3139 3525 37 401 4422 444 4646 4713 4833 505 549 747 852 91 980
1465 150 165 1703 178 1813 1822 1959 2229 258 2623 2955 2987 3301 3395 3556 3562 3701 3788 3794 387 4044 4085 4642
1233 1242 1370 1579 1698 1796 1802 207 2073 2152 2509 2690 2838 3121 3285 3579 4257 4411 4518 4710 4933 4985 654 831
1083 1166 121 1378 154 157 1607 1681 1901 1940 2015 2143 2193 2268 2403 2625 2687 2832 2919 3097 3218 3461 3519 3632 3732 381 3834 3879 3917 3931 3959 4016 4063 435 4406 4545 4567 4591 4609 4631 4681 4704 4767 4822 4910 4927 516 804 815 942
1391 151 2039 2939 3083 3232 3319 3366 3468 3551 3555 3574 3620 3797 3834 4973 527 542 943
1447 177 2102 2680 3356 3377 3573 3695 3871 3984 4042 4092 4522 4607
1095 1211 1242 1361 1675 1828 1838 1856 2275 2674 3973 4131 4407 4688 4706 4718 530 680 910
1122 1143 1161 1547 1696 1729 192 1925 2021 2528 254 2757 3335 3348 3400 3422 3518 3604 3832 3966 4048 4065 4158 4276 4361 4576 4605 4813 586 669 844
1100 1137 1215 1426 1518 160 1651 1911 1936 1988 2102 2238 2291 2336 2414 248 2705 2764 3046 3381 3386 3420 3440 3481 3493 3497 3702 3812 4007 4025 4156 4539 4544 4603 4691 4730 4735 4838 4939 728
1130 1343 1430 1442 1456 1505 1523 2123 2211 2330 2377 243 2451 2606 2745 2933 2972 3082 3087 32 3342 3419 346 3494 3622 3748 3824 3917 3926 3932 3940 433 4402 4460 4499 4549 4680 4716 4747 4777 4890 4897 658 743 780 786 954
1340 1552 1751 1772 2009 2448 2782 293 3440 3496 3515 3738 3870 4492 4737 4930 5000
121 132 1618 1802 1892 220 2208 2622 3295 34 342 4011 4459 556 577 656 742
1129 1183 1196 1555 1846 2659 2680 2690 3212 3344 3629 386 4592
104 1100 1110 1760 1785 2094 2251 2287 2305 2425 2514 255 2606 285 2976 2997 3108 3326 3661 3884 3977 4056 4082 4327 4420 4678 4824 4983 748 753 877
101 1186 1224 1464 1669 1727 192 2266 2268 2509 2683 2731 2783 2835 2900 2912 2995 3011 3191 3230 3297 3487 3618 3667 3860 4088 4089 4149 4189 4357 4392 4429 4469 4568 464 4768 4783 4834 687 753 894 992
2012 2395 2803 286 2924 2954 3369 3399 3402 3532 3536 3947 4133 425 430 4313 4795 4796 4851 4999 549
1199 1252 1400 1459 1734 1782 180 1897 2108 2239 2283 2408 2646 271 2994 3015 3096 3161 3184 3735 3736 382 4019 4174 4654 4723 4771 4943 60 757 808
1739 2783 2813 3122 3949 4303 4542 4637 4798 4823 4922 761 810
1366 1417 1807 2109 2114 215 2638 2700 2993 3036 3670 3724 4012 4213 4215 4323 4564 884
1518 1666 1687 187 1871 2254 2363 25 2761 2807 30 3025 3140 3358 3495 3652 3743 3810 3927 3946 4434 4538 4568 4728 4826 4974 559 60 63 734 739 748 880 892
1178 1612 2748 277 3204 3458 4068 459 4723 4781 562
1533 1899 269 313 3302 3719 3959 4098 4123 4155 4224 4843 489 730 751 81
2019 2898 4040 4168 4372 4854 577 696 736 852 943
1136 1263 128 1320 1330 1414 1510 1526 1624 1645 1646 1837 199 2061 2378 2662 278 2804 2898 2987 3056 3251 3420 3481 3536 3616 3701 3739 3843 3846 3981 4122 4287 4320 4429 4521 4594 4658 482 4820 4896 4997 503 825 868 910 959
1440 1840 2219 2285 2650 3309 3561 3764 3784 4104 4988
1068 1330 1412 1535 1809 1828 1866 199 2393 2515 2851 2971 3100 3135 3234 3493 3619 3735 3910 4008 4404 4552 733
1047 1059 113 1252 1984 2048 2238 2428 2483 2533 3344 4056 4463 471 4789 4996 505 542 663 875 90
109 1094 1256 1360 1422 1523 1621 172 1720 1804 2067 2124 2355 2441 263 2725 2889 3033 3051 3300 346 3557 3616 3706 3962 3967 3984 4070 4162 4184 4285 4292 4336 4476 4589 4802 487 5000 530 531 548 684 709 726 732 738 788 804
1014 1052 1191 1325 150 1546 1646 1700 1706 1790 1847 1897 2321 2368 2375 2434 2599 3373 3736 3745 385 4167 4179 418 4444 4502 486 4936 4965 4978 650 658 973
101 1061 1148 1393 1417 1440 1916 2019 2281 2380 2436 2707 2811 2841 2929 3083 3168 3267 3463 352 3540 3559 3670 3686 3761 3763 3823 3824 4039 4071 431 4362 4410 4476 4513 4658 4708 485 4860 49 646 790 918 948
1090 1930 2048 2685 3204 3381 3546 362 3822 4746 4811 628 940
1013 1035 1075 1090 1332 1470 1785 1864 1926 1992 2033 2152 2256 2257 2267 2613 2666 2957 3041 3145 3578 3783 3872 4088 4207 4242 4312 4501 4731 561 740 757 780 843 875
1145 1420 2132 2378 2379 2778 2962 3810 4077 412 4666 4817
1118 1292 1301 1426 1472 1628 2709 3059 362 3772 381 4038 4285 4331 4450 4511 4602 4863 615 691 732 826 971
1132 1141 1315 1650 1933 2002 2030 2081 2551 2664 2736 3020 3119 3413 3607 3889 3926 4273 4704 4713 495 4985 713 796 90
1465 2942 2995 3389 3414 369 4112 4554 4725 486 4887
1234 1469 1503 1802 2033 2295 260 2604 2719 2764 2826 2834 2879 3450 3785 4147 4184 4233 4302 4445 4580 4635 4688 4714 4793 496 607 829 978
1025 1458 146 1491 1517 1575 1875 1981 2117 2224 2368 2696 279 2857 3004 302 3068 31 3138 3341 3363 3402 3432 3471 3478 3509 3588 3597 3699 393 4040 4096 4191 420 4452 4508 4831 4897 4973 799 919
1088 1138 1791 1877 2032 3483 3683 3704 3742 3930 4049 4428 4872 658 831 918 982
1600 2067 2120 2214 2239 2255 2647 2661 2762 2918 3045 3132 3133 3403 3830 3893 4074 4309 4388 4509 4750 476 4844 4863 521 602 721 729 789
1002 1233 1458 1501 1578 1797 1926 1987 222 2352 262 2738 2830 3046 3062 3082 3091 311 3554 371 3728 4351 4360 682 931
103 1058 109 135 1392 1498 15 1552 1620 1714 1760 1916 1982 2067 212 2154 2192 2399 2479 2524 2632 2790 3076 3158 3160 3269 3426 3479 3906 4016 4117 4405 4453 4648 4649 4682 4757 4829 4942 4983 774 900 953 956 968
1105 1138 1516 1518 157 1639 1737 2327 2372 259 294 3021 303 3315 333 3483 3614 3625 3810 3930 4041 4102 4114 4231 4374 4477 4619 4653 4666 4678 4707 4760 4870 4965 531 632 651 704 875
1327 1440 1648 2006 2015 2118 2271 2530 2996 3072 3138 3451 3802 4021 4468 4513 4620 4716 4759 565 828 96
1567 1705 1745 2021 2158 2282 3002 3121 3129 3487 3517 3968 4098 437 4606 4726 4754 4956 725 804
1383 2256 264 2670 2831 2867 3573 3691 3745 3802 392 3931 4108 4366 4491 4523 4547 4877 530 653 745 921 961
1457 1505 2078 3044 405 45 4514 4538 840 927
1405 1427 1536 165 208 2389 2781 3002 3229 3331 3778 4101 4112 4408 4647 4735 4915 563 623 856 890
1193 1442 2683 2746 2855 2917 2926 2999 3036 3269 3921 396 3978 4256 4541 4545 4910 4938 4995 652 995
170 204 2146 2589 3008 310 3439 4110 4215 4267 430
1250 1514 1874 1882 1888 2319 2338 243 2434 2452 2486 2854 3066 3203 3266 3271 3323 335 3557 3648 3776 3910 3931 3938 4003 4075 4232 4284 4300 4508 4587 692 7 838 936
1432 1438 1784 1940 1944 2968 3226 3534 3550 4240 4316 4538 4711 717 763 826
1145 1281 1612 1759 2328 2381 2426 2502 2549 2905 3036 3086 3198 3390 4112 4162 4608 4828 4871 4934 619 641 952
1039 1162 149 1608 1767 1961 219 2270 2400 2732 2931 3237 3318 3319 3404 3681 3724 3749 4173 4468 4665 4801 492 4969 732
1869 1915 2780 3385 3621 4523 4707 4746 495 58 935
1051 1145 1333 1373 1701 1798 1816 1826 1864 1936 2163 2273 2478 251 2736 2743 2799 2809 2924 2976 3107 3226 3528 3652 3739 4195 4287 4603 4616 4621 4717 4727 4927 4975 4991 758 765 810 954 962
1208 1601 1984 2470 2477 2646 2664 3019 3133 3174 3209 323 337 3517 3859 4325 4595 474 739 894
1006 1090 1251 1771 1874 2216 2960 3044 3476 349 4351 4539 4600 4801 4938 523 709 771 892 894
1516 1928 264 3002 308 3665 3770 4011 4320 4670
1127 1530 1593 1774 1828 2617 3084 3349 3571 3965 4151 4459 556 638
1178 1511 1513 1546 1639 1807 1907 1984 1985 1990 2056 2123 2219 2294 2519 2599 2600 311 3145 3548 3809 3816 4147 4331 4419 4466 4537 4572 4607 4611 4731 4891 4953 4957 543 568 795
1033 1084 1109 1187 12 1304 1378 1408 1491 1494 1765 1862 2 2010 2461 2517 2668 2826 2866 294 3088 3167 344 3565 3592 3865 4341 4370 4445 4447 4647 4844 4992 699 703 818 962
1547 1819 197 2366 2517 2664 3106 3120 3206 3453 591 826
1000 1020 1028 1060 1167 1272 1401 1627 1864 2045 230 2305 2372 2542 2561 2757 2759 3017 3186 3190 3323 3346 363 3686 3724 3739 3745 385 4151 4191 4410 4468 4483 454 4727 4735 4810 4946 62 694 753 844
1316 1763 188 2917 32 3515 3590 3837 4104 4144 4350 4385 622
1154 1335 1417 1466 1769 1789 2313 2359 2430 2827 2840 3123 339 3430 3698 3829 394 3960 4428 4559 4588 4649 4790 4986 521 575 591 662 674 717 74 760 803
1276 1743 180 1930 2103 3012 3148 3576 3604 3607 4017 4089 418 4291 4513 711
1199 2122 2310 2424 2966 3454 3582 3861 4237 4427
1624 286 2970 3399 3413 3552 4421 4807 4913 853
1450 170 1718 1858 2112 2515 2742 3023 3149 3258 3435 3470 3604 3986 41 4167 4459 4464 4862 5 561
1248 1417 1888 193 2398 246 250 3198 4183 4458 4615 4882 76
1016 1032 1051 1240 1278 1292 1516 1717 1748 1808 1862 1899 1953 1970 2095 2142 2183 2252 232 2441 2524 2562 2695 2799 2972 3011 3185 3368 3486 3657 3899 391 4067 4196 4293 441 461 4627 4653 4710 4818 4876 4955 4996 507 634 72 726
1096 1135 1313 1345 1702 1733 2104 216 2189 2261 2267 231 2313 2471 2680 2962 2997 3036 3092 3115 3370 3405 3446 3670 3761 3802 4020 4163 4244 4291 4316 4352 4430 447 4526 4712 4857 4859 4878 4988 517 522 615 630 646 726 75 819 831 832
1064 1084 1133 1260 137 1388 1400 1417 1470 1474 1553 1573 1663 17 1715 177 1798 1844 187 2158 2221 2332 2393 2471 2585 2736 369 375 3785 3858 3929 3934 4011 4131 4158 4283 4304 4341 4401 445 4541 4764 4824 4844 4901 4930 641 694 751 794
1522 1822 2020 2196 2433 2533 271 2780 2991 3386 3522 3552 4106 4834 487 4874
119 1416 142 1493 1627 200 2490 2700 2852 3209 3633 3930 656
1067 1069 1072 1189 1240 1654 1676 1687 2332 2414 2419 2684 2776 2817 3035 3358 3370 3374 3502 353 36 4213 4392 4599 4610 4699 4887 693 862 941
1125 1590 1592 2391 2673 2952 3018 3035 3719 3749 3798 4013 4697 4769 4925 4938 846
1224 1419 1632 2499 2799 357 364 3657 3698 387 4204 4366 4707 781
1090 1185 1195 1217 132 1408 1554 1584 1863 1997 2055 2361 2404 2451 263 2696 2707 2924 3145 3390 3474 3582 3590 3632 3825 393 3932 4007 4379 4419 4482 4601 4684 4716 4771 4937 4993 699 768 861
1081 1152 1178 1305 1621 2007 2016 2245 2256 2384 2766 2789 2811 2886 3067 3112 3121 3177 336 3725 380 3814 439 4547 4689 486 4968
1206 1215 1265 1420 1428 1504 1662 1713 1822 1851 186 1949 1977 200 2050 2254 2280 2295 2357 2529 2591 2725 2929 3133 3198 3300 3382 3427 3526 3536 3546 3595 4055 4174 4400 45 4515 4556 4850 4864 4901 492 4999 58 630 64 729 876 941 946
1690 2233 2641 3025 3519 3815 4326 4406 4987 816 865 923
1408 1550 169 1695 1756 1834 1861 1862 1894 2034 2287 2376 2384 2527 2580 2670 2861 30 3000 3168 3200 3205 3262 3323 3461 3589 3647 3777 3812 3887 3953 3994 4029 4046 4099 4118 4152 4271 429 4296 439 4421 4468 4621 4740 4875 498 652 760 871
104 1194 1236 1248 1895 1916 2108 2114 229 2437 2650 3157 3381 3392 3417 3453 3633 4240 4327 4371 4392 4448 4509 4606 462 468 4691 4801 4954 666 741 840 847 945
1024 1084 1250 1310 132 1323 1590 2009 2026 3030 309 3392 3425 3642 3831 4276 4348 4421 4427 4562 4606 465 4831 4957 52 872
1096 1545 1799 2355 2393 2467 2737 28 2833 3953 4088 4305 4308 4636 4722 4851 535 659 711
1020 1061 110 1128 1283 136 1533 1534 1619 166 1681 1772 1983 1988 2060 21 2120 2262 2384 26 262 2727 2739 2747 2833 3088 3657 374 391 407 4394 46 4836 4870 4976 56 649 67 680 711 790
12 1240 1546 1736 1904 2221 2393 3146 3339 4386 4759
1091 1093 1304 1372 1575 1751 2033 2113 2154 2215 2334 2412 2474 2616 2832 3107 3949 397 4049 425 4340 4535 4956 536 652 670
1410 1867 2137 2329 2462 2530 2637 3000 3285 4549 4808
1199 209 2710 2738 2928 3007 3572 371 4062 4599 4786 4807 4933
1034 1112 1125 1418 1660 1732 1875 1925 2295 2643 2677 2985 330 3578 4416 4575 4684 4861
1202 1292 2313 2453 2717 274 3079 3155 329 3392 3520 358 4105 4147 4734 4796 963
1050 1654 2039 3008 3070 3318 3884 4034 4116 431 4405 4683 4788 953
2010 2321 2406 2873 3204 3682 4 448 4516 4723 4864 4967 4979 871 931 991
1 1200 1432 1487 2195 3124 355 3743 3917 4094 4252 650 839 880
1027 1205 1256 1301 1570 1687 1700 1862 1877 1894 1941 203 2088 2179 2292 2346 2610 2673 2715 2727 2739 2841 2850 3081 3246 3370 3592 3803 3811 3837 3920 3970 4066 4098 4179 4610 4761 4784 4813 4831 498 501 56 634 980
1438 1694 1734 175 1934 1935 1953 1966 2029 2143 2524 2583 2624 29 2911 3033 3069 3127 3453 3622 3644 3746 4104 4401 4405 4876 516 573
1039 1310 1349 1430 1717 1928 2004 2006 2144 2783 3505 369 4005 4296 4460 4581 4709 4877 886 918
1327 1382 1584 1771 2232 2644 317 411 4576 4843 748 895
1999 2118 2134 2253 2528 2534 304 3066 330 3694 3951 4316 4431 540 555 632 700
1007 101 109 1121 1177 1271 1443 2293 2850 3247 4793 652
1081 1540 1720 1862 1940 2392 2416 2591 2623 2697 289 306 3116 3502 3544 3565 420 4285 4882 714 746 814
1458 2141 2483 2507 2549 2854 3816 3853 3984 4719 4996 692 715 846
1075 1109 130 1345 1711 2014 2323 2518 2825 3356 3577 3649 4303 4314 4336 4346 4878 850 998
1045 1606 1971 306 3323 3363 346 414 4161 444 4879 699 785 805
1059 1340 1500 1846 1899 1932 1986 222 2508 2616 2677 2685 2783 2859 3090 3302 3370 3812 4164 4189 428 4302 4373 459 506 680 701 917
1397 1990 2196 2339 2722 2919 3702 4086 4100 876
154 2091 2875 298 3420 3770 4530 4658 4869 695 859 890
1313 1357 144 2165 2809 3194 3831 4348 4709 4795 4832 4886 49 4904
1014 1124 1252 1646 1702 2013 2274 2921 297 2992 3177 3418 3595 3800 3977 434 456 4575 638
1030 1202 1597 1648 1917 2251 2400 2617 2719 3246 3368 3438 3521 3550 3636 3851 4106 4136 4151 4220 4419 4472 4725 4766 4842 4885 696 867 886 938
1325 1663 1707 1843 1855 411 4145 4287 4411 4570 611 929
104 1174 1315 1378 1451 1570 1687 172 1721 1969 202 2076 2203 2542 2644 2676 2983 3124 3697 435 4384 4603 4892 4967 734 892 959
106 1069 131 1391 168 1704 1839 1881 1926 1946 195 2087 2109 2184 230 2321 2361 2453 2780 2999 315 3166 3198 3560 3695 3701 3857 3908 4149 4256 4264 4315 4723 4808 4963 4985 630
150 1543 202 2022 2090 2381 2687 3262 3419 366 3858 3901 3927 4094 4107 4473 4793 4926 575 664
1 1062 1254 1400 1436 1503 1707 1795 1894 1916 1928 2258 2564 2720 3056 3309 3339 3354 3552 3669 377 3799 3862 387 4145 4219 431 4318 4377 4415 4589 4592 4651 4802 4860 491 4926 4927 605 720 773
1075 1242 1779 1796 2483 2544 3029 3352 3533 367 377 4062 4248 4295 4361 4374 446 4687 4761 517
1077 1078 1167 1295 1356 1389 1615 1675 1694 1789 1865 1891 2023 2113 2143 2170 2198 2231 2387 2428 2640 2719 3111 313 3160 3249 3250 3642 3645 3874 3956 4206 425 4270 441 4437 4443 4455 4779 4835 4892 4977 4978 605 709 779 963 986
1035 1079 1301 1439 1542 1886 2884 3059 3390 3687 4043 4204 4559 495 605 794
1046 151 1662 2047 4309 4769 4823 674 694 906
1003 1363 1740 2193 2714 3580 3779 3876 4162 424 4359 4649 4829 4876
1739 2226 2564 2784 3663 3674 376 4058 4088 4169 4233 4239 563
1058 1068 1249 1334 1438 1520 1789 1966 2096 228 243 2469 2937 3178 3291 3300 343 3559 3912 4012 4161 4356 4380 4509 4577 4698 4712 4760 4798 4837 4840 4911 4914 812 821 863 920 921 997
1177 1210 132 1383 1440 1497 1807 2141 2351 2379 2512 2542 2561 2571 2600 2606 2717 3082 3174 3177 3195 3200 3528 3584 3605 3691 37 370 4028 4058 4094 4156 4189 4286 4354 4419 4472 4564 4628 4665 4680 4733 4884 4891 4898 4934 685 821 993
1391 1796 2247 2543 2757 276 3431 3438 3624 3648 3673 3683 38 4044 4303 4506 4521 4662 4723 4908 575 643 690 794 879 943
1342 1580 20 213 2782 2942 4116 4958 669 76 820 908
1282 1701 1705 174 1934 1969 2009 216 2183 2248 271 2739 2861 2910 2919 2959 30 3051 3331 3348 3495 3510 3541 3665 3795 3831 4121 4161 4280 4478 4585 4649 4720 4752 4851 4894 4970 533 543 74 758 783 936
1169 1451 1641 169 2151 2166 219 226 2292 2655 2821 3688 4484 4656 4925 513 566 687 938
1250 1318 1753 1945 2059 2550 3533 3653 3978 4110 4690 4992 799
1020 1037 1230 1289 1351 1452 1521 1594 1662 1997 2006 207 2159 2432 2530 262 2847 2961 2987 2991 3042 3094 3171 3511 3695 3883 4045 4187 4267 433 4576 4634 4651 4709 4831 4834 4894 4915 563 567 632 672 69 693 78 803 882
1319 1548 2211 2475 2516 2623 292 381 418 4331 4516 4747 4808 4970 4987 509 627 848
103 1202 1490 2444 2501 274 2843 2937 3007 3159 3341 362 3811 3857 3967 3983 4333 4375 4492 4515 4556 4660 4715 4724 4879 4956 847 876 912 975
1195 1493 1747 179 2172 2445 270 2864 2955 3310 3461 3544 3693 3926 3948 3975 4072 4109 4145 4258 4572 82
1151 1319 2009 2019 2025 2556 2676 2884 3067 3679 3968 4712 477 4998 544 684 69 770 993
1076 1102 1145 1187 1664 1978 1982 2008 2034 2192 2351 2544 2593 2614 2710 2711 2717 2726 2746 29 290 2957 2993 3143 3377 344 3478 3872 3956 3985 4005 4035 4238 4342 4494 4549 4630 4632 4890 4940 4944 759 782 910 919 985
1249 1285 1405 1406 1579 1918 2229 2403 2700 2876 3041 3226 3383 3388 3648 3840 3859 4284 4286 4293 4324 4352 4415 4456 4700 4719 4773 4993 523 64 670 746 819 862 987 995
1015 1046 1321 1338 1440 1472 1664 1692 1785 1911 1963 1969 1987 199 2369 2606 2855 287 3405 3561 3679 3777 3957 4249 4396 4427 4568 4713 4851 4898 4992 579 76 805
1022 1195 1287 1298 142 15 1539 1554 1705 1864 1915 2017 2215 2261 2263 2425 2455 2529 2599 2761 2779 2832 2931 2955 3088 3169 3372 3409 438 4401 4545 4589 4624 4658 4804 4805 4859 490 4908 4950 64 895 966
1145 1420 1436 2034 2042 2122 2400 2638 2714 2858 2859 2895 2989 3084 3201 3503 3573 3574 3680 3681 3706 3910 4108 4153 4382 4394 4518 4878 635 660 820 847 866
1028 2014 2586 2802 2826 294 3182 3381 3389 3411 3732 3808 39 3937 4120 4288 432 4358 4444 4572 4683 4714 4735 4737 49 860 945 978
1109 1253 1400 1529 1584 1626 2020 2098 2591 264 3017 3576
1311 1338 1424 1487 1522 2371 2809 3423 3590 4046 4925
1052 1590 1746 2746 2889 2900 2933 2993 3421 3471 3741 3791 395 4206 4411 4533 4620 4696 4979 591 808 817
1907 1948 1992 2001 2157 2203 3023 3129 3335 4045 4323 4393 4562 4586 966
1263 1328 199 2347 2560 2709 2873 3033 3150 3164 3986 4084 4085 4120 434 4826 4829 4936 4947 641
1265 1307 1394 1401 1409 1676 1858 1919 1998 2124 2626 3226 3233 3288 3377 3652 4126 4583 4812 4854 4860 909
1292 2127 251 2515 3161 3397 3451 3548 3979 4049 4137 4565 4634 466 687
1166 1824 1875 2475 2727 2891 3393 3505 3648 3812 3957 404 4410 4482 4662 4811 4829 4898 623 936
1184 1586 1770 1875 2246 2563 267 281 3274 3276 3556 3758 4459 4502 790
1091 1414 1441 1467 1526 1535 1666 1747 1762 1954 2316 2329 2670 2768 2844 2952 3012 3163 3417 3421 3618 3824 3912 394 3967 4136 4219 4346 4444 4450 4558 4595 4921 4930 514 728 730 810 961
1246 140 2211 2306 2551 2937 3247 3417 3611 3834 3837 3850 4 4365 4548 4698 4872 817
113 1201 2049 2265 2482 2541 2926 3178 3436 3882 4681
177 1847 2267 2370 2399 2511 2543 2712 2732 2816 2984 3053 3480 3824 3978 410 444 4749 4922 4928 702 956
1228 1869 20 2270 2519 2601 277 3105 3719 3923 429
1196 125 1642 1658 1751 1965 2392 2518 2653 2659 2764 2864 2998 3119 3298 3475 3556 3564 3745 3754 3758 3959 3975 4125 4144 4158 4165 419 4474 4566 464 4707 4718 4778 4883 4913 4916 4930 4988 533 711 756 795 8
1606 1646 1682 1950 284 3300 3332 3821 4260 4388 4718 496 580 594 781 880 966
1100 1249 1954 2109 2248 2549 2648 2684 2713 2726 2797 2903 296 3028 3070 3096 3265 3554 3577 3615 3616 3685 3740 3862 3889 3931 4128 4145 4357 439 4444 4468 4489 4535 4692 4733 4749 4784 4812 4984 608 686 725 748
1058 1063 1410 1443 1547 2077 2122 2601 3187 325 3847 3880 4050 4090 4762 667 866 881
1388 1439 2046 2860 3021 397 4133 4430 942 976
1962 2579 2700 2876 2919 301 3116 3983 419 4815 4841 4850 557 965
1126 167 1672 2380 2661 2790 2803 2827 2991 3178 3226 3423 3729 4107 4315 4404 721 780 949
1419 157 18 2212 2569 2610 2748 2758 3160 3479 3561 3965 4029 45 4686 761 786
1029 1411 1416 1695 1806 2192 2472 2582 271 2983 3082 3091 3096 3251 3516 3680 3723 3932 3994 3999 4160 4302 4361 4863 4961 910 969
1230 1701 186 1941 1947 1976 2149 2256 2264 2452 253 287 2902 3041 3062 308 3087 3471 3622 3759 4244 4252 4314 4416 4429 4477 474 4798 4842 4884 4961 585 622 757 817
1447 1772 2305 250 29 3108 321 4094 4225 4245 4270 4324 4586 4615 505 811 86
1125 1360 2151 2203 2390 2549 2637 2736 3150 3297 3331 3336 3458 351 3561 3570 3883 403 4106 4118 4247 4470 4646 4673 4915 63 643 890
163 2654 2821 3307 3666 3997 4246 4261 4710 4946 4992 4998
1138 114 118 1246 1295 1308 1599 1612 1662 1663 1664 1856 2077 2166 2479 2486 2507 2682 2807 3578 3896 3952 4017 4070 4128 4179 4321 4527 495 677 892 965
1204 1604 1624 2311 2676 2780 2829 3090 3124 3206 3670 3774 393 4565 4687
143 1762 2112 222 2268 2559 2573 282 3253 3645 3675 4030 4722 4790 4991 578
1568 1846 213 3312 4122 4189 4507 4545 4627 4868 49 789 872
1633 1819 1930 2327 2409 2455 2583 2624 2889 2929 3015 3090 3107 3246 3358 3543 3599 3764 3927 4045 4073 4851 4860 4874 4895 4905 550 562 798 940
1036 1106 1334 1342 1515 2025 2037 2313 2351 2727 2733 3035 314 3406 353 3978 4077 4172 4583 4666 4809 4980 866
1135 1356 1533 1679 17 1825 1838 2026 2179 2368 2743 329 3367 3372 3380 3406 3456 3635 3652 3754 3834 396 3997 4389 4435 4502 4588 4675 4708 4823 494 597 704
1775 1993 2130 229 2490 2723 2871 317 3555 3959 4067 4083 4288 591
119 1237 1243 1253 1495 169 1784 1813 1873 1915 204 2106 251 2530 2846 29 3022 3062 3124 3237 3364 3454 3533 3558 3562 3563 3642 377 3788 4004 4029 4089 4187 4227 4463 452 4595 4636 4752 4758 4817 4972 550 646 779 970
1207 1658 1985 3432 3457 391 3941 4246 4300 4348 4354 4567 4586 4840 4904 4977 4989 782
1052 121 1822 1868 2277 2536 2961 3038 3077 3094 3566 3590 4183 4196 4437 4484 4638 4826 617 881
113 1133 1219 1230 1331 1632 1676 1791 1849 2015 2196 2277 23 2519 2811 2915 2952 3879 4398 4402 451 592 985
1115 1122 1252 13 1365 1385 152 1614 1621 169 1819 1872 1958 2112 2273 2309 2400 2519 2585 2625 2634 2685 2687 3273 3318 3460 3484 3794 3811 396 4011 4082 4263 436 4398 4431 4489 4629 4731 4817 4987 514 574 622 630 701 755 842 961
1755 1771 2385 2996 3004 3068 3253 3337 3430 3502 3772 3824 3839 4188 4270 4321 4339 437 4536 4571 4675 4754 4943 545 562 633
1014 1170 1279 165 168 1891 1959 2165 2308 3039 338 4966 70 909
1046 1308 1436 15 157 1574 1926 1947 2010 2262 2392 2401 2443 2657 2712 2716 281 3011 3336 3625 373 3882 3977 4383 4687 4913 4926 4942 4972 517 828 888 960
1046 120 1200 122 1258 1324 1491 175 2127 2441 2972 371 3716 3886 391 4090 4164 4917 4933
1143 1460 1471 1758 1763 1837 1852 1888 1935 1999 2219 23 2423 2692 2958 2964 3024 3546 3614 3721 3736 3811 3816 3845 3887 4213 4237 4323 4614 4663 4973 527 53 902 919 949
1416 146 1472 1500 1724 1881 1894 2255 2302 2360 2624 2841 2849 2866 3219 3227 3348 3493 3564 3724 3725 4039 4204 4299 4313 4714 692 797 83 89
1601 1805 2057 2096 2319 2466 2469 32 3368 3658 3701 3814 3968 401 4012 4120 4427 4435 4762 4791 4828 49 4908 4998 9
1030 1068 1174 1397 142 1447 1465 1574 1599 1615 1673 1675 1767 1800 1830 1835 1889 1925 1943 210 2156 2204 227 2275 2327 2693 2717 2764 2809 3383 3731 3735 391 3998 4070 4116 4357 4485 4499 579 595 768 858 908 909 946 968 995
1143 1365 1421 1438 1516 1554 1720 1763 1772 1776 1785 2158 2243 2300 2319 2347 2351 2697 2937 3106 3161 3174 3206 3374 3396 3438 3542 3574 3594 4012 4409 4552 4678 48 4825 4868 4892 4926 4985 55 561 670 760 855 888
1095 1392 1445 1500 1525 1658 1674 1756 1802 2281 2490 2501 2509 2741 2866 2932 3020 3021 3084 309 3380 3914 3920 4096 4610 4734 4786 4890 783 876
1044 1328 1362 1447 165 1901 1910 210 2133 2194 2215 2240 2332 2371 2515 2655 2783 2789 343 3719 3801 4116 4455 4459 4759 4917 527 533 998
1727 1796 1886 1953 3575 3758 4790 4876 521 576
1106 1265 2919 2961 434 4450 4539 456 4686 48 4838 726
1035 1085 1485 1494 1505 152 1520 1921 205 214 2196 2243 2260 2343 2585 2625 2655 2917 2949 3083 3168 3227 3269 3402 3653 3729 3939 4043 433 4355 4372 4489 4579 4591 4627 4736 4775 4826 4832 4891 491 4936 4976 4994 501 669 867
1030 1660 1991 2130 2352 2440 2591 270 3081 3087 3161 3519 3671 4088 490 495 842
1126 1134 1416 1522 1526 1540 1786 1869 2038 2087 2424 2838 2915 3155 3363 3406 3413 3548 3730 3783 3787 3865 4035 4515 4757 4911 4927 523 532 595 815 818 9 960 968
1034 1061 1115 1206 1281 140 1868 2077 2087 2156 2194 2216 2251 2256 2293 2348 2407 2483 2497 2566 2657 2770 2784 2890 3319 3343 3393 343 3436 35 3534 3692 3891 3926 4260 4295 4564 4724 4725 4769 4790 4791 4931 569 658 819 893
1091 155 1593 1774 1795 1965 202 2296 2604 2638 2762 2879 2970 3061 3569 3620 3860 3898 439 442 4468 4631 4686 4703 4872 4908 769 847 862 893
2059 219 2280 2517 2859 295 3400 3450 3543 37 406 4232
1232 1654 1918 2001 264 2685 2696 3142 3356 4094 4320 4348 4372 812 887
1025 1206 174 1848 2041 2098 2110 2292 2350 2556 3611 3839 4241 4243 4336 4447 4454 4562 4717 568
1133 1219 1308 1500 190 2068 2717 2756 2778 3093 3174 3181 3390 3688 4149 4201 4656 4719 485 4989 591 677 688 86 934
1568 1599 1659 1865 2347 2396 2426 2679 2944 3115 3468 3543 3566 3597 363 3658 3663 3681 3736 3953 3990 4011 4169 4216 4347 4409 443 4621 4832 562 595 646 821 949
1317 1813 19 2503 2601 2703 2900 3066 3123 3725 3879 4177 4285 4559 4568 491 4937 647 986
1063 1197 1265 138 1388 1483 1549 1571 1609 172 1784 1874 1979 2154 240 2427 2503 2581 2622 286 3003 3015 3139 3238 325 3303 3541 3600 3700 3714 3834 3972 4181 4250 4592 471 4808 4857 4861 524 56 61 613 731 877 945 956 963
1758 2034 2524 256 2587 2647 2871 2915 3081 3229 3579 402 414 441 452 4670 890 922
1997 2017 2336 2414 2779 3028 3579 4861 4878 4886 4970
1105 1126 1245 1301 1319 1344 1501 1676 1808 1891 1895 2450 2486 2490 2671 2690 2704 2795 290 2998 3238 3384 3511 3675 4028 4040 4057 4062 4068 4127 415 4282 4284 4370 4416 4497 4613 4854 62 799 818 826 956
1271 1338 1348 1381 176 1786 2070 2277 2350 2437 2511 2869 2931 3064 3366 3380 339 3624 3976 3987 410 4178 430 4404 4555 4737 4946 731 795
1214 1548 1783 1941 2270 2622 2667 2977 3171 3541 3576 3759 4044 4637 4699 651 816
1030 1052 1224 1570 2217 2247 2471 270 2790 2991 2998 3108 3123 348 3572 358 3588 3701 3813 4250 4483 4560 539
1342 1378 1934 2621 2907 3165 3884 400 4169 4288 431 449 4767 59 674 876
1070 1145 13 1313 1664 1800 1877 2241 2289 2335 2336 3080 3509 354 3555 394 4107 4192 4259 428 4507 4515 4911 524
1648 2243 2379 2842 3021 3309 3582 4137 4453 4616 4712 4790 4882
1112 1504 1830 2091 2255 2290 2322 2365 2368 3034 3302 3530 3916 3985 4007 4288 4385 4391 4428 4483 4627 4747 4770 4988 636 663 861 907 989
1014 1072 1329 1400 1791 2102 2113 2144 2820 2924 299 3192 3219 3302 3371 3400 3556 3641 3655 3711 3846 3891 417 4300 4309 4660 4717 4797 486 4942 4962 4967 531 750 770 919 98
1121 1129 1929 2221 2226 2651 3863 3887 4448 4759 4982 696 921
1325 1930 2225 2438 2507 3760 4174 4730 4789 577
1170 1194 1283 1658 1780 1820 2068 2131 2257 2451 2492 250 2509 2654 2745 2837 2849 2888 2900 301 3088 3337 3743 4099 41 4356 4663 4713 494 4990 552 766 820 903 93 946 966
1035 1122 1124 1544 1695 185 1907 1954 1995 2112 212 2157 220 2240 2561 2713 2737 2817 2831 2873 2879 3016 3273 3372 374 3963 4108 4164 417 4299 4304 4347 435 436 4446 4538 4552 4560 4748 4897 4969 685 69 70 829 949
1106 1409 1845 2299 2507 2569 2684 2831 3536 3739 3862 4147 443 4688 4733 721
1495 1539 1838 2109 231 2390 2462 2491 2585 2647 2842 2901 3008 353 4096 4115 483 883 887
1083 1199 1486 1493 1754 1788 2006 2114 2131 2166 2207 2251 2566 2757 2871 2889 2957 2976 3018 3029 325 3335 3436 3507 3764 4158 4259 4260 4312 4386 4443 4591 4760 4763 4806 4836 602 726 894
1131 1377 1575 2204 2944 2970 3030 3383 3418 4005 420 4234 4404 4499 4541 4649 4677 4695 685 732 918 980
1503 180 2351 2582 2884 317 3198 3512 3579 371 3901 3906 485 593
1036 1416 1462 2007 2095 2549 2887 3100 3109 3365 3401 3706 3850 4163 4299 4303 4314 4400 4467 4527 4542 4673 4782 4865 496 558 571 575 608 701 778 812 860
1090 1497 2123 22 2361 2469 2568 2960 3117 3913 4268 4514 473 4820 4963 5000 522
1038 1397 1677 1795 2626 2677 269 2867 2901 3148 3197 3255 3359 3612 3708 4078 4144 4339 4425 4504 4535 4615 643
1064 1310 1474 167 1672 1780 1850 2114 2183 2264 2275 261 2641 2817 2876 2898 2957 2985 3449 345 3585 371 4066 4167 4223 4282 4370 4502 4749 4770 876 954
1309 1376 1406 1686 1911 1983 2168 2252 2328 2379 2475 2574 2646 2713 2779 3060 3164 3630 3724 3868 3983 3992 410 4174 4321 4346 4486 4505 4613 4641 4699 4727 4733 4845 4850 4910 573 579 687 786
1174 1183 1319 1457 1530 171 176 1889 1965 2152 2257 2259 2293 2533 2602 2720 30 3141 3292 3329 3442 3888 4010 4046 4232 4375 4393 4401 4602 4617 4703 4761 4814 4838 484 4848 4969 604 699 805 889
1067 1126 1141 1271 14 1472 1559 1594 1682 1709 1832 1850 1916 197 2073 2220 2264 2403 2472 253 2544 2601 2657 2690 2719 2836 290 2937 303 3047 3509 3510 389 3990 4093 4141 4219 4242 4388 4419 4492 4582 4599 4811 4917 4928 795 848 992
1276 1367 1419 1456 1774 1970 2920 3253 3731 4313 4980 669
1011 1067 1410 1911 1960 1977 2271 2283 2385 2410 3353 3458 3530 3554 359 3772 3801 3871 3891 3971 4031 4079 4124 4501 4711 4963 638 763 828
1075 1113 1283 149 1493 1681 1915 1965 271 2989 3070 4145 4182 4204 4442 4575 4615 482 4824 537 868
1540 286 3099 3503 3541 3611 4398 4606 4987 753 878 962
1414 1555 2177 22 2599 2637 2655 2746 3664 4210 4509 4744 4892 4928 705 945
1044 1200 1367 1581 1676 1734 1776 2056 2140 2396 2398 2428 2436 2469 2760 3160 3246 3502 3662 3691 4172 4185 4199 4284 4548 4723 4731 4914 53 789 85
1256 151 158 1962 2183 2331 2593 272 2833 3815 4078 4482 480 4886 581 608
2203 2819 3020 317 3787 3872 4201 454 4615 4979 577
1318 1342 2025 2082 2149 2739 303 3368 3437 4558
1401 1808 2397 2480 2801 32 3543 4011 410 4651 4797 600
1011 1277 1530 1563 1664 1701 1719 174 1881 1883 1965 2 2293 2310 2419 2977 3007 3029 3256 3438 3535 3901 4057 4132 4166 4225 4301 4391 4407 4522 4530 4555 4600 4631 4663 4797 4840 742 968
1408 1472 2002 2056 219 2240 2467 2562 2614 2618 2797 2934 3008 3038 308 3190 3301 3403 3469 3749 3839 3862 3908 4113 415 4186 451 4696 4763 54
1100 1203 127 1277 1327 1464 1547 1552 1606 1651 1752 1901 2000 2098 2152 2291 230 2599 2689 2792 293 2962 2963 2998 3030 3235 3333 335 3616 3669 375 3914 4046 4346 4406 442 4440 4513 4917 4943 4958 4969 4993 995
1315 1551 2595 2931 3002 3064 3191 3538 3597 387 402 4168 4620 805
1864 1985 205 2083 2524 3203 3578 4296 4347 481
1104 130 1319 1401 1727 2118 2626 336 4411 4583 4603 4724 4862 4989 548 963
100 1412 1535 1555 1580 1784 1882 1970 2638 2780 2857 3124 3467 3503 3576 3624 4066 4472 4583 534 549 614
1015 1104 1326 1406 1941 1999 2044 2057 210 222 2365 2452 2462 2531 2546 2778 2818 2885 2890 3112 3237 326 3344 3439 3471 3519 3550 3669 3709 378 3837 4105 4236 4411 4420 4565 4578 4786 4843 486 4894 4976 532 536 586 801 81
1581 1935 2141 2398 2584 283 2890 3318 3337 3532 3622 4017 4085 4196 4284 4382 4490 4542 4678 4703 777 974
1495 1546 1689 2170 2600 304 3088 3117 3121 3613 4547 476 626 628 947
1015 1330 1436 1750 2149 2224 2407 257 2657 2851 3028 3112 3129 3527 3640 3729 378 424 4369 4411 4858 498 549
1234 1710 1755 1803 1993 2080 2168 2319 2996 3813 3859 4156 4259 4796 585
1034 1036 1262 1869 2238 250 291 3062 3339 36 3936 397 4434 4679 4846 4905
1041 1550 1926 2640 2832 3155 3238 3527 3711 3879 4393 834 9
1219 1975 1984 2068 2144 2281 2390 2518 3181 3339 3508 3875 4026 419 4421 4427 4437 4517 456 4581 4726 4854 4911 4942
1520 1604 1849 1972 1979 380 4035 4825 6 953
1046 1565 2871 2898 3060 3354 3410 3493 36 3711 497
1105 1146 1242 1318 1468 1710 1825 2020 2131 2168 2343 2396 2455 2579 2815 3072 3108 3576 3604 37 3791 4323 4334 4425 450 4642 4670 4705 482 492 4982 647 690 770 824 90
1491 1990 2465 2608 2766 2892 4382 4614 4665 4674 4724 4809 548 589 871 985 986 999
1323 1850 1884 1954 204 205 213 228 2289 2752 2761 2967 3323 4465 4523 886 93 988
1006 119 1341 2125 2519 2569 35 3552 3709 4292 4328 4644 635 997
1061 1317 1571 1952 2063 2472 2710 3037 3116 4066 4152 4230 4529
1025 1056 1148 1152 1160 1183 1187 1199 1214 1294 1327 1773 1845 2029 204 2157 2383 2508 2527 2571 2631 2912 2993 3018 3070 3148 3248 3255 3265 3399 3427 3495 3594 3702 3765 3839 3862 3884 4070 4123 4162 4646 4714 4895 4983 571 581 818
1006 1432 1442 1651 168 1731 1907 1925 200 2122 2139 2239 2526 2529 2580 262 2720 293 3094 3335 3358 3658 3669 3691 3752 3942 3967 3986 4003 4037 4285 4441 4464 4625 4684 4713 4762 4765 4852 4871 4889 4972 498 4990 522 731 772 816 849 951
1035 1043 1194 1303 1627 1872 1882 2103 2332 2439 2764 2908 2972 3032 3052 3056 3126 336 3381 3508 3699 3792 3810 3846 3882 436 4407 4575 4673 4917 498 4996 848
1224 1720 2332 245 2875 315 3249 3419 3535 3556 3956 3960 4435 4815
1095 1230 1254 1271 1287 1323 1709 1726 1869 1951 221 2225 2233 246 2581 2933 2935 3035 3206 3219 323 3231 3484 3608 3610 3665 3699 3747 3753 3814 3850 3872 4210 4237 4244 4356 4529 4530 461 4614 4742 4770 4838 4871 494 4991 782 803 815 971
1063 117 1289 1549 1601 1760 1959 2114 2158 2374 2385 3051 3150 3589 3595 3696 3882 4117 419 4551 4851 4865 800
1297 1518 1780 2021 2495 3111 3204 3336 4621 47 524 981
1387 1418 1474 1618 177 1788 1837 1888 2021 2114 2408 2424 2676 2697 2804 3089 3221 3238 3290 3392 3427 3733 3787 3807 4003 4026 4044 411 4179 4187 4315 433 4391 4463 4492 4494 4496 4591 4622 4651 4706 4824 485 487 4884 4936 653 663 669
1418 1642 1852 1863 2032 2039 2309 2383 243 2937 3038 3087 3159 3302 3473 3614 4199 4246 4276 4527 4621 4698 531 577 762 894 998
2289 2470 2479 2804 313 323 3772 3871 3920 3986 4093 4689 4966 56
1101 2000 2002 2007 2387 2589 3348 3557 379 3942 4397 4450 4507 4946 4970 595 605 790
1039 2098 3084 3101 3300 3527 4199 4990 763 846 928
111 1352 1413 1526 1661 2128 2239 2335 2441 2503 2816 2893 3201 3391 3951 4072 427 4400 4603 4684 4818 4986 54 600 672 690 820 889
1292 1417 2080 2193 2273 2347 2543 2626 2641 2993 3884 401 414 4386 4548 4759 742 846
1104 1166 139 169 174 1854 1962 2361 2383 2536 2669 292 2955 3058 3417 348 358 3794 3806 44 4500 4586
1036 1112 1166 1227 1287 1392 1589 1652 1672 1732 1762 21 2149 2211 222 251 2743 2803 2961 3131 3248 3306 360 382 3889 3923 4198 4231 437 4418 4496 4745 4844 4881 579 679 719 825 871
1262 1668 1850 1865 1928 1996 24 2407 2726 288 2936 300 3100 3295 343 3533 3928 394 4024 4090 410 412 428 4331 4521 4846 4905 910
146 1708 1983 1997 2159 2172 2403 2486 2530 2624 3025 3040 3332 3464 365 4213 4377 4719 597 940
1304 1405 1469 1787 1969 2024 2101 2403 288 3119 3209 3780 387 4250 4442 4464 4578 4602 4647 4926 4977 53 577 782 826 943 960
1030 1230 1257 1680 1684 1805 2096 2129 2374 2541 2620 2673 2682 2706 2875 3021 3335 3493 3503 374 3861 3923 4169 4177 4406 4691 4749 4895 4976 4997 899
1051 1061 122 1609 1879 3788 4689 4771 4857 983
130 1352 1463 1535 1694 172 1746 1872 1970 2044 2102 2186 2751 323 3635 3713 4311 4395 4477 4490 4590 701 997
1099 1103 1279 1287 1298 1411 1418 1714 172 1828 1882 2258 2329 2527 2581 3463 3538 3682 3829 3942 3953 4 4032 4078 4139 4211 4313 4547 4681 4767 4788 4847 4906 585 704 736 804 93
1468 1524 157 1771 1852 1877 2998 3256 3548 3774 406 4120 417
1069 1618 1889 2669 2805 3171 3356 3882 4137 4570 4852 776 84
1046 1124 1411 1563 1822 190 1947 2058 2127 2168 2319 2685 275 3085 3095 3139 3183 374 3865 4086 4126 4191 4270 4447 4505 4544 4560 4680 4722 4736 4748 476 715 803
1039 1051 1234 1830 2096 241 2511 253 2533 2542 2985 3223 3294 3494 3723 3783 3887 397 4086 4375 4513 4958 672
1340 1494 1523 1858 2891 292 306 3123 3930 4560 533
1112 1287 1485 1504 1684 1904 2030 2187 3366 3439 3563 366 3794 3861 3871 409 41 4715 4902 655 866
1036 1675 3530 3686 4061 4390 4416 4675 4891 774
1064 1495 1606 1613 180 1933 2030 2204 2267 2357 2433 2468 2485 2580 2582 2712 289 3265 3288 3306 3332 3607 3751 4029 4128 4189 4578 4652 4689 4727 476 494 563 7
1050 1184 1254 1296 1308 1387 17 1724 2118 2143 2150 2191 2252 2280 2305 2617 2705 2846 323 3237 3372 3427 3722 3764 4054 4171 418 4211 4482 4574 4630 4799 4827 4856 4858 4958 571 581 680
1052 1091 1236 1285 1298 1391 1710 1714 1791 1794 182 1872 2017 208 209 2401 2580 2620 274 3097 3341 3351 3566 4045 420 4244 4297 4341 4405 4491 4552 4585 4752 4755 4807 4829 4882 600 644 768 789 825 828 892
2021 2261 2470 2487 2555 3042 3383 3541 4122 4191
118 1242 1336 166 1987 2123 213 2273 2664 2737 3586 3718 383 3866 3942 4100 4215 4280 4496 4646 4701 4908 575 847 860 964
13 1338 1464 2310 2395 2479 2582 2981 3244 3358 3366 3380 3441 4193 4227 4382 4393 4956 675
1 1263 1431 1453 2038 2068 2318 2333 237 250 2583 2725 2936 3011 3244 3323 3799 380 3978 4534 4784 4796 500
11 1464 1479 1503 1606 1608 1681 1921 2238 2387 2507 2646 3295 3632 4026 4291 437 4598 4947 54 635 653 661 693 868
1276 1287 13 1465 151 1526 1571 1808 1895 2 2057 2357 2424 2517 2569 2661 2746 2867 3117 3297 3669 3762 3799 3811 3973 401 4031 4324 438 443 4430 4494 4591 4613 4821 4846 4910 4959 4967 4974 550 640 709 759 801 998
1178 1296 1666 1734 2183 2522 3519 3532 3921 3960 4221 4320 4862 538 694 801 87 938 953
1002 121 1262 1274 1276 1404 1412 1530 1785 2135 2287 2396 2428 2490 2803 3020 3064 3209 3251 3285 358 3866 4043 4044 406 427 4341 4628 4655 4825 4889 716 905 914
1152 1183 1403 165 1865 1941 2030 2037 2086 2132 22 2216 2219 231 2355 2503 2704 3119 3133 321 3481 363 3956 4016 4077 4089 4110 4399 44 4421 4606 4610 4614 4722 4756 4842 49 4933 494 500 542 649 7 70 903 992
2257 2351 2846 404 4062 4300 4476 4526 4665 4846
1646 1893 2311 2370 2601 3370 375 3759 3897 3933 4296 4836 4856 495 586 631 699 758
1732 1947 2022 2226 2471 2751 3062 312 3668 3985 522
1215 145 1514 1669 248 2875 375 4167 4240 4443 4535 4678 4680 4716
1117 1251 1343 1485 1627 1685 2144 3396 4177 4242 4585 48 886 90 985
1075 132 1571 1714 2258 3023 3053 3968 4793 893
1392 1540 1549 2538 2682 2784 2785 3064 3430 3474 3647 3670 451 4653 4726 4790 4861 4945 4959 837 928
1392 1710 175 1760 187 1902 2 2108 2166 2167 2192 2248 2518 2594 2652 2654 2735 2970 3430 3461 3485 3573 3832 3858 3885 396 4061 4120 4229 4242 4255 4459 4804 485 4927 505 637 650 747 779 933 946
1155 1453 1707 1863 1946 2275 2763 3288 3379 343 3522 3582 4108 4132 4804 4974 613 748
1 1450 1572 1722 1926 2029 2350 2383 2538 2678 2717 2824 3138 3430 3532 3633 3680 3760 3857 3904 4143 4254 4261 4274 4509 4535 4663 4679 4855 654 677 702 74 771 779
1410 1414 1648 2424 2821 2945 3303 3422 361 3676 4182 4715 4852 4902 670 881 942
105 2273 2551 2700 2703 2750 3143 3366 3822 4442 4628 490 848
1025 1329 1381 1419 1420 1544 1917 1936 2225 2230 2401 2640 2680 2714 273 2738 2871 3301 3315 3325 3543 3603 3771 3912 3927 3992 3995 4028 4161 4242 4261 4288 4374 4407 4504 4537 4545 4599 4739 4807 4815 4816 4919 4934 623 649 819 883 962
1172 1286 1850 2072 2109 2239 2453 2759 3156 3920 4809 4826 749 963
120 1430 1702 2186 2219 2239 2255 2625 2996 3097 3289 3530 3683 3698 3839 3921 4041 4044 4131 4155 4217 4271 4660 4709 4991 70 921 99
1106 1598 2235 262 3059 3662 4474 4530 4637 4674 476
1531 1612 1743 1784 2151 2678 2687 2697 2702 3007 3189 3686 3985 4111 4235 4400 4674 4744
1102 1453 1500 1618 1701 1703 1969 209 2281 231 2364 2571 2728 2998 304 3073 3230 3389 3534 3541 3565 3753 3865 3906 3951 4066 4318 4444 4483 4746 4750 4787 4901 804 829
1259 1456 1850 1856 2861 3332 3387 3432 4085 4238 4760 680
134 164 182 2451 2565 2673 2806 3035 3633 4119 471 4947 908
1083 1488 1912 1979 2019 235 2452 2659 2831 3629 3820 3831 4063 4080 4182 4199 4654 965
1739 2130 2790 3041 3124 313 3195 339 3749 3855 3904 3951
1014 1073 1170 1176 1187 131 1450 1516 1563 1908 2175 2394 2434 2497 289 2942 2960 2967 2995 3244 3273 329 3329 3390 3400 3584 3698 3815 3914 4053 4062 4090 4177 4252 4332 4359 4428 4556 4715 4763 4885 4934 572 75 755 836
1101 1104 1117 1249 1378 1470 1578 1732 2039 2108 2143 2157 2204 2218 2404 2592 2705 2706 2791 2912 3257 3297 3330 3372 3484 3581 3932 394 3991 4112 4256 4381 4505 4556 4681 4688 4720 4735 4781 482 4902 4963 4965 715 774 930 959 986
1035 1487 1621 167 1904 2126 2372 2408 256 2599 2682 2712 2997 3017 3091 3177 3647 3739 385 4123 4399 4482 4544 4546 4704 4711 4726 4735 4763 4863 4960
1459 1476 1540 1581 1650 178 1813 184 1894 190 1953 2038 2138 2248 2305 2361 2535 277 3025 3257 3306 3544 3784 3901 3907 4028 4093 4107 4666 4683 531 622 909
1139 1246 1252 1304 1426 1832 1940 2023 2143 216 2215 2437 2531 2626 2707 2742 2770 2987 302 3029 3069 3329 3399 3406 3551 3565 363 3735 3921 4007 4150 4230 4241 4318 4409 4415 4441 4555 4634 4686 4734 4915 4967 4971 4975 679 764 770 803 866
1060 1067 1141 1184 1465 1747 2529 268 304 3227 3771 3887 3920 4492 4839 609
1604 1786 1885 202 2021 2080 2270 3076 3435 3588 3973 4014 4400 464 795 861 933
1062 1221 1368 1473 153 1593 1776 180 1814 1830 1845 1863 1965 2048 2359 2517 285 2908 2957 2967 3185 3357 3559 3674 3680 3682 3791 3803 3987 401 4258 4356 44 4436 4462 4529 4665 4715 4952 532 597 623 755 783 790
12 1313 1430 1501 1520 1557 1703 1722 1906 2056 2142 235 2390 2661 2739 2945 3076 3249 3417 3474 3949 4168 4182 4201 4353 4520 4539 4572 4771 4872 4979 687 817 936
1243 1998 2311 2857 2957 336 337 3452 3777 4046 4210 4259 4654 466 4679 4793 649 756 846 979
12 2476 3508 3597 4058 4402 4717 4767 4788 747
1099 1179 1352 1522 1756 2017 2277 2324 2541 2623 2931 3116 3427 3430 3439 35 3561 360 3633 3639 3814 3974 4246 4272 4697 4720 4752 4863 4899 4976 690 721 978
1140 166 1736 1904 2131 2543 3118 3154 3346 3476 3620 3634 4220 4260 4337 4578 4925 541 556 878
1016 1037 1059 1131 1277 1414 1439 147 154 1561 1722 2171 2335 2538 2618 274 299 3200 3397 3432 381 4159 4167 4238 4324 4341 4504 4509 4748 772 948
1096 1315 2156 2807 2979 306 3341 3577 4868 928
1224 1250 1381 1440 1933 2081 2289 2390 2404 2564 2617 3004 3107 3346 3641 3752 3766 3879 4 4128 42 4288 4324 4326 4335 460 4643 4959 528 684 687 825 917
1196 1305 1340 1793 1999 2215 2625 281 3046 3078 315 325 3341 375 382 3881 3904 393 3989 4136 4202 4366 4606 4685 4693 4844 4931 4976 515 518 603
1251 1496 1599 182 1927 2258 2665 2893 3235 3257 3287 3481 3988 4106 4252 486
107 1070 118 1247 1456 1535 1776 1800 1840 1993 2188 2193 2306 2311 2786 2873 3091 3179 3185 3411 3429 3448 3675 3714 374 3894 4039 4072 4087 4234 4277 4359 4385 4447 4753 4782 4812 4918 4924 4983 542 688 861 95
1174 171 2005 2017 2261 2567 2852 2944 3007 3211 3284 3550 3595 3767 4873 620
1564 2118 2179 2378 2542 2640 316 3374 3407 3675 3860 3893 3904 4172 4387 4522 4867 4946
1571 1903 229 2303 2501 3109 3624 4056 4057 4206 520
1076 1143 1177 1427 1762 1819 1838 1848 1975 1983 2085 2725 2745 302 3146 3178 3251 3257 3329 3714 3889 3969 422 435 4613 4818 4839 583 647 684 847 889
1131 1628 1778 2224 2268 2788 3222 3528 4105 412 774
1109 1651 1691 172 1798 1818 1847 187 2064 2270 228 2311 2328 2402 2435 2651 2687 2901 2906 3155 3336 3348 3536 3658 3813 3968 4026 4219 4562 4736 4886 656 739 980
1002 1075 1732 182 220 2881 2967 3109 3126 3361 3368 3598 4134 4152 4233 437 4405 4458 474 615
1450 1937 2425 3139 3238 3411 3858 394 4017 4747 4866
1283 1430 2092 2654 2854 3100 3443 3611 3770 3908 3977 424 427 4458 4747 4786 4835
1135 1504 1606 1620 2120 2551 2799 2945 309 3622 3816 3832 3940 4653 4817
1081 1392 1427 1518 1800 2020 2889 2924 340 3656 4455 461 4750 4751 4775 4945 586 623 841 956
1405 1583 1638 1648 3126 3756 4098 4312 492 4943 51
1021 1365 1694 1707 2141 2264 2312 2399 248 3108 3960 4163 417 4377
1020 1037 1214 1377 1459 2020 2317 2368 246 2520 2531 2683 2751 2799 2831 292 2983 3011 3061 3096 3146 3319 3511 3544 3574 3714 4279 4431 4518 4626 4638 4721 4762 4871 891
1050 1076 1135 1224 1409 1411 1550 1681 1776 1860 1865 1868 1918 1999 2052 2089 2152 217 2475 2503 2611 2640 2641 2779 2861 3060 3256 3363 3416 3502 3573 3607 369 3798 3815 3919 3987 4235 4348 4398 4562 4612 4651 4877 4879 4903 4975 501 739
1281 1330 137 1455 1552 1604 1628 1856 195 1979 1988 2005 2139 2154 2193 2292 2533 2577 2682 2933 2942 3035 3185 3237 3380 3399 3745 3815 3994 4110 4135 4211 434 4394 4674 4868 4947 553 579 753
152 1828 2091 2199 2337 2579 2922 3315 3570 360 4198 4687 4836 639
1192 1219 1339 1379 1513 1526 1615 1788 1895 1928 209 2093 2368 2974 3207 3235 3494 3772 4165 4437 4705 532 56 94 986
1009 1068 1190 1276 1377 1758 1819 1832 1883 2124 213 2399 247 2570 2964 2989 3403 363 3699 3734 4230 4280 4499 4670 4684 4924 561
1234 1668 1898 2603 3584 3891 3927 3996 4784 4898 4917 724
1073 1289 1845 1911 2164 2170 2197 2213 2220 2314 269 3226 346 3706 3711 4122 4529 4645 4731 4998 717
1122 1211 1451 1500 1883 1935 2007 2264 2616 2734 2759 3126 3208 3439 3527 396 4070 4144 4155 4241 4357 4359 4634 4774 4852 4867 4902 597 612 723 760 872 93 949
1076 1129 1156 1295 1437 1544 1983 2166 2248 253 2618 2640 2849 2938 3155 3213 3416 3813 3859 3897 4133 4321 4444 4499 4592 4665 476 4804 573 706 801 871
1109 1299 1623 1807 2087 2424 2541 2855 3155 3537 3958 4028 4163 4278 4474 4478 4570 4831 550
1412 1420 1841 2043 212 2496 258 288 2945 32 3771 4012 4096 4131 4400 4797 4841 542 852
1217 13 1460 1579 1796 2054 2220 2227 2262 2325 2508 2600 2705 2765 2810 2880 2944 2978 2980 3030 3243 3262 3418 3518 3572 36 3781 3883 3940 4213 4222 4316 4496 4588 4593 4616 4705 4920 4970 4978 568 573 763 962
1746 1827 1855 2306 2707 313 4136 424 4297 4847 671 887 936 942
1538 1979 2057 2789 2864 3091 3527 3753 3807 4151 4546 4706
1615 2293 2380 249 2682 2909 3561 3760 4196 4462 622
1002 1028 1112 1177 1325 1329 1364 140 1459 1520 1931 2112 2352 2392 2464 258 2762 2983 3044 3056 3140 3265 3278 3299 3528 3572 4168 4179 4209 4237 4246 4554 4754 4847 4860 497 584 628 86 956
1 1092 1202 1217 1347 1369 1372 1391 1495 1639 1677 1682 1684 1918 2005 2024 2127 2170 2211 2353 2372 2666 2789 2879 2961 3044 3179 3288 3333 3392 3405 3556 3753 3770 3772 3826 3950 3957 4093 4313 4461 4462 4508 4546 4789 4975 525 571 75 909
127 1730 178 1800 231 2529 2580 2751 2838 3571 3632 372 4168 4171 4228 4465 4588 4865 540 696 755 895
1195 1233 1570 1709 1808 1865 2212 224 2335 2469 2470 2787 304 3058 3084 3111 3200 3269 3515 3774 3901 4183 4416 4490 4616 4788 4789 4864 4922 649 667 782 874 883 971 995
1306 1365 1503 1516 152 1563 1663 202 2331 2761 3253 3422 3679 4435 4936 588 711 887 911
1421 31 3592 3674 3678 3754 4328 4452 4626 547 915
113 1222 131 174 1761 1891 2159 2228 2291 2343 2350 2827 2842 2874 3069 3127 4292 4489 4548 4558 4889 4960 497 71 751 889
1058 1409 2393 2511 3359 4442 4695 4733 4874 568
1085 1163 1426 1478 1962 1978 2076 2292 3191 3230 3388 3684 3914 3992 4067 4097 4225 433 4711 4910 683
1360 1705 1724 1992 2374 2392 2407 2742 2864 2976 3068 3230 3965 459 4989 505 921
1096 1317 1340 1612 1742 1849 186 195 1953 2096 210 222 2378 2457 2805 2816 2827 3076 324 3288 3339 3359 3370 3570 3690 374 378 3859 3949 3983 4133 4239 4259 4351 4453 4505 4555 4602 4644 4654 4669 4841 4912 4951 596 679 96 961 965
1122 1374 2295 2419 2484 2707 2821 3117 3326 3533 3753 4093 4234 4282 4374 4409 4483 4631 471 4754 4808 485 4866 879
1015 1283 1295 176 1789 1860 187 1881 2122 2240 2562 2644 2705 2748 2761 2843 2852 2898 3042 3386 3535 3645 3803 4090 4096 4106 4137 4149 4165 4317 4359 4399 4585 4631 4852 4877 4890 4898 699 917
1187 1322 176 1874 2257 232 2755 3413 3663 4043 4105 4513 4712 4725 4929 4979 548 866
1246 1254 1397 1669 1709 1874 1970 2062 2115 2166 2684 2779 3102 3111 3224 3949 4477 4495 466 4866 52 816
1668 1695 1747 186 1984 2023 2095 2271 232 2375 3402 3453 3471 3714 3785 4099 4628 4722 4725 4761 4842 4856 4969 686 715 722 758 86
1281 1359 1717 2191 2216 2252 2355 2400 2822 2864 2987 3138 3169 3332 3363 3382 346 3835 4185 4357 4445
1068 1453 1661 1807 2080 2199 2357 2727 3060 3771 4087 4374 4477 474 563 844 942
1063 137 1418 1453 1574 187 195 2133 2311 2436 2818 3068 3594 3761 3905 3973 4280 4348 4508 4870 4930 83
1097 1580 1774 1923 1930 2023 2026 2091 2211 2287 2310 2361 242 2433 2604 27 2709 2827 3127 3177 3184 3242 3327 3335 3368 3438 3533 4230 4238 4302 4313 4412 4438 4576 4577 4630 4734 4981 4999 628 648 771 808 813 943
1151 1438 1712 1812 1852 1857 2026 2708 3617 3693 3921 4103 4704 860
1315 1518 2385 2489 2704 3059 319 3418 3679 3709 4063 4356 4401 4813 4885 518 840 950
1513 190 2258 2326 2646 2839 285 327 3563 3854 3992 4529 4864 763 833 941
1070 1167 118 13 15 1547 1864 2048 2460 2637 3209 3557
1063 1337 150 171 1899 2526 2614 2768 2944 3658 3743 3786 4296 4303 4528 4616 734
1095 1395 1408 1642 1990 243 2437 2454 2622 2796 2846 2853 2867 2983 3099 3396 3807 3921 3990 403 4066 4215 4238 4304 4452 4490 4547 4575 461 4697 4987 4995 514 763
1549 2031 2561 2737 3159 3967 4028 414 4156 4256 4499 4873 4977 4986 789
1143 1151 1388 1578 1638 1646 1675 1786 1855 2123 2226 2374 3416 3494 3850 4003 4462 4653 4891 832
1593 166 1760 1805 1875 1886 2142 2304 2350 2387 2395 257 2637 2779 2904 2945 2969 3169 3301 3362 337 3474 348 3551 3774 3822 3904 406 4072 4108 4116 4231 4261 4276 4332 4428 4474 452 4556 4727 4743 4769 4782 4823 4897 583 824 925
1220 1230 1305 1334 1750 1860 1932 2006 2024 2241 2292 2353 2475 2818 282 2916 2999 3077 3106 3281 3422 3604 3739 377 3866 3983 4012 4175 4203 4567 4589 4645 4690 4752 4830 4831 4839 4900 492 4957 4968 556 679 903
1006 1025 109 1124 1194 1256 1429 1470 1508 1568 1719 1840 1978 2159 2181 220 2288 2606 287 3023 3484 3703 3784 3889 3897 430 436 4588 4660 4677 4682 4691 4694 4746 4802 615 809 965
1091 1138 1165 1381 1772 2401 2437 2554 335 3412 3479 3591 3801 3984 4041 431 4595 4770 4818 4983 678 729 941
1015 1016 1121 1122 1175 1243 1474 1633 1724 219 228 2313 288 289 2908 2970 3380 3594 4005 4366 4385 4448 4577 4847 912
1062 1183 1421 1447 1746 1756 2076 2151 2381 2446 2709 2737 3011 3257 3304 3408 3481 3651 4161 4280 4281 4452 4478 4560 4640 4841 544 919 941 990
10 1028 103 1514 1615 1637 1675 1717 1891 1904 1940 1985 2067 2411 2441 2583 2739 2817 2898 2972 3000 3056 325 3274 3435 3534 3562 3564 3641 3710 4053 4318 4380 4394 4420 4581 4657 4663 4791 4868 4899 4999 549 641 672 709 756 772
119 1301 1802 1837 200 2115 2127 2170 2237 2579 3152 3201 3265 3435 3527 3625 3735 4060 4165 4173 4332 4577 4601 4978 649 852 936
104 1313 140 1470 1558 1603 1618 1701 1788 1907 1921 2096 2696 2778 2850 2875 3191 3354 3731 4184 425 4664 4683 4686 500 654 779
1001 1074 1235 170 1751 2059 2402 2467 2544 2826 3036 3058 3106 3428 3479 3534 3975 4354 451 458 4637 4801 4864 861
1335 1427 149 1492 1738 197 2521 2726 2805 2854 301 3279 3389 3535 3712 3727 4123 4251 4415 4867 4922 497 4974 4983 4986 500 518 881 953
1343 2139 3487 3571 3758 3953 4149 43 4541 4787 770 881 919
1405 16 1710 2254 3017 3164 3403 3662 3731 4309 4464 4646 472 4973 812
1248 1396 1763 2077 3111 3143 3479 4058 4168 4962 96
1660 2010 209 228 2405 2915 3400 346 3538 3839 3871 4445 4752 881
1011 1546 1664 1668 1827 2002 2258 2436 30 3358 339 3439 3458 3688 3848 4240 4321 4431 4479 4835 4836 4953 753 888
1175 1214 1263 130 141 1528 159 1658 1909 1917 2019 2149 2309 2528 2550 2619 2688 2701 2713 2790 2823 2882 307 3096 3136 3256 3474 3651 3860 3900 4387 4452 4496 4559 4578 4806 4880 4899 4911 4967 522 698 799 81 893
1036 1215 1253 1400 1562 1563 1649 1860 1897 1978 2067 2164 2281 2430 2638 2704 2710 2730 2741 2917 2929 2964 3146 3565 3632 3657 3803 3912 3917 3999 4057 4086 4099 4235 4295 4454 4542 4627 4776 4795 4806 4843 4847 4948 4972 4973 511 526 635 757
1028 1067 1095 1215 1289 168 1750 1755 1789 1800 1930 2512 2651 2684 2995 3140 3663 4041 4232 4295 4485 4491 50 644 646 663 953
1225 1328 1377 2283 2540 2912 3191 3554 3629 4371 4726 4733 4754 4839 888 899
1219 1279 1377 1922 1993 2310 2419 2550 2554 2562 2579 282 292 2936 3069 3178 3206 3234 3333 3524 3793 3978 4236 4285 4413 4719 474 4854 4941 781 875 888 901 962 986
1140 1394 1509 2530 2720 2964 3103 3495 3975 4336 4474 4647 591 634 903 971
1231 1651 2172 3285 3495 3551 3764 4321 4371 475 974
1163 1293 1352 154 1571 1847 1858 206 2359 263 2645 2893 2984 3072 3112 3388 3592 3822 3917 3955 4049 4267 4306 4326 4391 4564 4586
1477 1763 2135 23 2302 2699 2866 3253 3303 3366 3771 4309 4448 4806 532 730 917
1002 1312 1881 197 21 2298 2467 3100 3114 3611 3680 371 3731 4465
1062 1133 1134 1934 2528 258 2690 2811 2855 2926 2945 30 3251 3266 3372 3658 3916 3994 4003 4013 4056 4086 4151 4161 4398 4543 4660 48 4840 4894 4966 647 716 721 770 960
1318 1330 1461 1628 173 2283 2347 235 2414 2748 2962 3207 3251 3268 3344 3411 344 3702 3999 4067 4130 4237 4361 4452 4463 4492 4557 4567 4631 4893 4906 4924 4993 514 518 583 780 797 812 872 886 931
1014 1426 1667 174 2132 2153 2169 2313 2562 2685 3066 3337 3388 3406 3842 4082 4085 4221 4320 4331 4370 4407 4762 4929 63 889
1085 1262 1487 1638 1901 21 2249 2398 2507 2703 2721 3028 3174 3293 3331 3451 4232 4346 4445 4451 4538 4620 464 4734 4942 512 622 643 820 829 831 997
1077 1209 1280 1663 1970 2014 2275 2437 2515 2615 2618 2784 2818 286 2876 2955 2976 2991 2999 3246 3249 3451 4119 4121 4172 4225 4425 4501 4549 4680 4869 646
170 1873 2241 2381 3025 3582 3821 4119 4388 70
1425 1520 1998 2048 2073 2479 2766 2913 3164 3421 3461 362 3985 4069 4155 437 4711 4965 527 56 667
1964 3471 3651 3997 4110 4231 459 4658 483 4850 4953 4970 4975 782 801 815 83 860
1334 1504 1573 1813 1870 1916 197 2306 2472 248 2683 271 2817 2818 3201 3261 3665 3789 3865 4103 4225 4393 4394 4781 4989 505 638 694 757
1082 1998 2280 2306 2714 289 3850 3908 4131 4332 4351 4392 4565 514 64 918
1848 1947 1974 2254 2678 2899 3026 3030 3463 3653 3959 3998 4046 418 453 4913 563 980
123 2434 269 2770 3114 3150 3318 3478 3555 3568 381 3916 4015 62 868
1447 1568 1836 186 2033 2074 2328 2737 2933 3382 3413 382 4319 4423 4581 4588 4645 4699 4966 63 721
1140 1482 152 2327 2395 2720 321 4530 810 917
1289 149 16 176 1883 2029 2118 2562 2650 2800 3046 3346 3679 4051 4267 44 4547 4638 4717 4858 544 772 959
1000 1011 1387 1669 1678 2287 2370 2371 2625 2771 2827 3109 3247 3253 3463 3522 3657 3743 3770 4241 4453 4455 4542 527 599 799
1475 1578 1673 1697 1956 1985 2002 2441 2961 2996 3002 3082 3248 3344 3361 3829 4144 4247 4322 4326 435 439 442 464 4812 4839 4978 719 879 895
1102 1167 1178 1202 2196 2593 2983 3012 306 403 4496 4730 540 653 817
1048 1134 1211 1573 1628 1990 2115 2132 2204 2271 2798 2851 3891 421 4304 4319 4501 4621 4640 4722 4947
1542 17 1858 2353 2365 2388 2622 2962 3657 3812 403 4087 732 762
1063 1116 1532 2026 2111 2355 2614 2677 2952 299 2995 3378 434 4487 4730 4890 750
1151 1356 142 1744 1746 2059 2582 3053 3509 3997 53 862
2212 2620 264 2883 3434 3550 3774 4005 4319 4677 4771 4885 816
1234 1253 1334 1515 3111 3203 3662 4106 4339 4434 4443 4515 4682 4865
1020 1211 1241 1337 1432 1457 1605 1662 1736 177 1959 2038 2272 2336 3010 3345 3359 3377 3382 3538 3548 3554 3760 3788 3935 4152 4164 4394 4623 4636 4696 4929 4953 4988 632 634 771 867
1412 1630 2505 3020 3145 3164 3759 4068 442 4889 679 757
1000 1044 1070 1318 1489 1578 1714 1734 1855 1918 2015 2057 2127 2241 2306 2512 255 258 2589 2753 2835 3173 3193 3413 3483 3488 3543 3593 3832 3923 4276 429 4654 4702 4859 531 797
1000 1083 1278 1360 1539 1542 1650 1862 1863 1957 1987 2168 2224 2329 2371 2462 2463 2527 2890 3184 3492 3753 3802 3997 4137 4180 428 4425 4522 4601 4674 4762 4798 4862 4997 608 634 849
1011 1037 1381 1412 1497 1568 1608 1698 1876 220 2203 2262 2471 2696 2872 2900 2929 311 317 3763 3852 4371 4475 4504 4578 4585 4841 4869 523 58 758 784 812 821 86
1267 1295 1574 1594 1719 1736 1869 1882 1935 2704 3247 3472 3510 3782 415 4690 4757 4771 4815 835
1117 1570 1672 2309 2357 2396 2525 2762 2816 2890 3332 3405 3494 3570 4121 4224 4286 4386 4531 704
1129 1151 1163 1265 1476 1992 3265 3618 3682 3987 4085 4409 4478 4514 4526 4537 4590 463 4991 546 654 750
1253 1354 2385 2654 2803 302 3234 3306 3476 382 3877 4057 4067 4136 4167 420 4670 4965 4997 643 719 893 974
12 1780 1933 2103 2125 2193 2204 2385 2588 2664 2727 2856 31 313 3200 3423 3515 3625 4303 4577 4636 466 4724 4814 717
1195 2321 2659 3252 3301 3454 4717 644 707 93
1010 1039 1125 1334 1698 2288 2472 2537 2988 3077 3114 3393 3416 3637 368 4052 4056 4211 4258 4292 4361 4558 4775 4913 4931 4972 4993 732 781 856 93
1059 1105 1269 1661 2081 2095 23 3723 3983 775
1366 1709 182 2000 210 3056 3140 3256 3504 487 568
1380 1456 1494 1703 1707 1758 1825 1840 20 2375 2425 2593 2651 2710 282 301 3051 3088 358 3601 3620 3719 3752 382 3908 3960 3999 4062 4152 4250 4465 4491 4493 4590 4857 4885 4889 4902 4977 544 595 736 744 903
1126 1677 2291 2543 2616 2639 281 3184 3266 3922 430 4586 4642 4690 4718 4761 4874
1208 1262 131 146 1559 1746 199 2261 2328 2642 2700 3057 3244 353 4096 4427 4443 4514 696
1365 1581 1665 1700 1751 1785 2001 2200 2225 2487 2790 2889 3004 3528 4297 4340 4696 4812 4890 540 587 630 677
129 1330 1372 2199 2601 2661 2873 3663 4244 4326 4338 4372 4487 4527 4610 4662 469 4732 4814 730
1060 1119 1329 2501 2593 2993 3546 3648 3831 4558 4769
1233 1236 1304 1388 1406 1431 1450 1555 168 1737 1959 2105 2151 2160 292 2956 3068 3190 3386 3459 3474 3872 390 4132 4330 4476 4523 4613 4699 4757 4782 4995 561 672 692 780 810 816 828
120 1559 1849 2472 329 3577 3707 3736 4316 4589 4977
1164 1886 2001 3143 3236 33 3592 3604 4031 4241 4866 696 824
124 1240 1248 1285 149 1802 2020 2076 2095 2248 2283 23 2493 2528 2672 2850 287 293 2959 31 3356 3563 3635 3761 3821 4081 4184 4312 4351 4417 443 456 4815 4925 4956 4961 595 717 731 904 977
1101 1141 1151 1300 1716 2053 2125 22 2219 2288 2508 2536 2564 2670 2695 3114 3263 329 3295 3453 3463 3698 3701 3798 3996 4035 4388 4630 4644 4687 4799 4938 4985 602 762 840 912
1213 1277 150 2144 2901 3017 4505 4961 651 674
157 1575 1705 1921 1975 1987 2113 2199 2620 269 2809 321 3477 352 3732 3888 4072 4077 4385 4647 4832 4840 4945 4954 692 774 786 83 899 940 948
1163 1587 16 1845 1933 2044 3076 3529 3698 4206 4210 4284 4441 4443 4732 65 735 813 999
2418 280 2897 3458 3487 3513 3579 3623 3821 4636 74
1070 1134 1217 137 1795 205 2383 2404 2538 263 3174 3286 3295 3354 3679 4240 4747 4748 4791 4824 63 681
1594 196 2130 2538 2704 2912 2991 3008 3020 3139 4221 4744
138 1737 1762 1962 2433 2669 3538 3752 3883 4315
1337 1444 1501 1670 1978 2159 2194 2581 3070 378 4210 4324 4447 4484 4861 4942 759 832 993
1182 1453 2124 3227 37 3771 3774 3864 3916 4087 4173 427 4413 4555 4887 635 817 90 940 960 992
1554 1555 1932 2395 2513 3090 3376 3554 3635 3641 4098 41 4280 4567 832
1085 1468 1631 1774 1881 1883 2590 2929 2955 3117 3123 3176 3262 348 3549 3563 3646 3787 3824 4036 4128 4138 4293 4485 4553 4596 4653 840 90 912 980
1028 1504 1632 183 194 2027 2091 2108 2132 2632 2851 2893 3018 3393 3487 3595 3841 4043 4152 4248 4295 44 4428 4529 4626 4787 4802 4992 4997 933 971
1069 109 1099 1121 1200 1234 1700 1877 1917 1979 1982 2051 2125 22 2220 2331 2401 2483 2490 2550 2666 2696 2745 2761 2997 3123 3152 3371 3566 3729 3889 3920 3998 4162 4261 4282 4297 4397 4523 4656 4682 4836 4895 4974 543 75 959
1468 1648 1650 1727 1938 1969 2255 2365 2462 2782 2986 3737 3990 3998 4123 45 4835 762
103 1061 1381 1638 1677 1688 1700 1743 1771 1904 2067 212 230 2358 2569 3065 3162 3436 352 3607 363 3641 366 4058 4068 4386 4460 4480 4497 4512 4559 4671 4691 4802 482 4842 518 54 686 756 877 895
1469 1978 2327 2901 3009 3127 3910 4435 4914 4996
1085 1152 1173 1211 1317 1319 1476 1566 1698 1703 2032 2037 2186 2315 2519 2569 2604 2657 2680 2833 2859 3001 3071 3121 3139 3146 330 3322 381 3866 4026 4098 4105 4187 4230 4271 4406 4497 4645 4932 497 560 6 676 69 808 823 924 968
1305 1542 177 1886 2103 2233 265 2725 3184 3199 3245 3788 3940 397 4426 4546 4681 4716 4751 4884 4959 632 946
118 1515 1579 2576 2797 3207 3303 348 3483 3559 3801 3964 441 4929 704 868
1102 1123 1367 1574 1858 2098 2673 3053 3094 3273 3523 3932 4380 4476 4554 4751 4782 4811 4854
1034 1138 1377 1530 1789 2226 2566 3029 3116 3333 3912 4013 4177 4240 4336 4404 4458 4465 4535 4556 4710 4817 4847 4897 494 524 54 60
1030 1064 1104 115 1559 1845 1962 1998 2182 258 2614 274 2941 3058 3059 3081 3115 3165 3374 3388 3489 3724 3738 378 3912 3925 4122 4296 4375 4906 4997 53 690 746
1073 1090 1117 1124 1177 1251 1408 1579 1668 1669 1762 1830 1853 2025 2073 2225 223 255 2768 2805 2833 2900 2984 3069 3117 3150 3172 3396 3662 375 3807 4017 4103 4198 4211 442 4491 4518 4662 4670 4677 4748 4904 4946 529 544 709
1343 138 1555 1634 1717 1888 1921 2005 2081 2121 2170 2335 2453 2512 2591 2745 2842 2852 2870 2947 3126 3466 3505 3595 360 3816 4082 4123 4458 4472 4487 4610 4644 4745 4882 4968
1044 1239 1494 1767 1886 1925 2131 2178 2271 2398 2632 2738 2741 2789 3061 3184 3301 3354 3505 3555 3641 3717 3763 385 3861 3917 402 4157 4326 4370 438 4391 4419 4503 4549 4581 4642 4736 4894 52 536 755 797 9
1216 1760 2212 248 2757 2840 3181 3282 3390 3589 4258 4267 436 441 4415 4813 4829 632 682 768 932
1434 2247 2650 2841 3148 3210 3219 3785 3918 431 4526 4542
1016 1101 1115 1159 1206 1335 1343 1421 2426 2738 3255 3283 3468 3777 3857 3906 4013 4016 4063 4241 4488 4601 4711 4736 4937 501 747 76
1060 1112 113 1485 1515 1550 1743 2115 2135 2428 2459 2512 2610 2624 2658 2670 2784 2789 3074 311 3195 3386 3494 3502 3629 4087 4088 4120 4201 4206 4304 4449 4537 4662 4714 4793 756 848 938
1034 1166 1372 1620 1624 1629 1668 1710 2135 2172 2344 2614 2629 3064 3097 3099 3181 3552 3683 3749 3763 4013 4118 4183 4442 4682 4824 4873 4905 493 4960 52 571 613 803 808 825 831
1135 1178 1196 1435 1458 1602 1620 175 1827 2185 2656 2677 2706 2846 4068 4558 4626 4966 693 856
1214 1505 1552 1654 1677 2185 2655 2695 2852 3 3017 3098 3140 3431 3652 3663 3859 3940 4208 4290 4343 4565 4781 4809 4865 575 60 608 638 76 921
1310 1323 1899 2123 288 3901 3968 4501 4516 4754 4806 4825 645
1305 1584 1882 2190 2695 3438 3614 4220 4484 815
1105 1142 1264 1296 1359 137 1474 1476 1722 1805 2151 2186 2251 2328 2362 2395 2396 2400 2508 2618 289 303 3388 3493 3538 3539 3689 3693 3791 3932 4165 4215 436 4380 4441 4450 4675 4744 4906 4999 628 679 726 908
1042 1569 2185 2295 230 235 2661 2714 3405 3508 411 4196 4346 4410 4434 4483 457 4798 4874 652 663 730 852 908 96
1099 1345 1476 1505 1544 1830 2039 2076 2221 320 3300 3315 3326 3479 3609 3674 3711 3763 3895 3975 4293 4347 4564 466 4686 4708 4799 642 9
1020 1174 1350 1443 1493 1593 178 1786 1805 2191 2212 2241 2455 256 2669 2783 2879 2996 3015 3128 315 3229 337 3514 3682 4089 4108 4332 4387 4614 4640 4656 4678 4720 4770 4795 4859 4957 4999 542 564 650 712 878 928
