1909 204 2548 280 2986 3099 3273 3747 3852 4063 4415 4450 597 
1007 1078 1385 1495 2068 2135 2340 2514 2851 299 327 3350 3416 3566 3575 3596 3918 4167 4682 4758 477
1176 1193 1551 2262 2385 2635 2650 2763 383 3895 3965 4092 4568 4987 746 76 880
1066 1306 1414 1497 1552 2196 2579 2593 3449 3792 3990 4183 470 4755 73
1541 1653 1729 1944 2129 2307 2348 2358 240 2633 4284 4353 4488 4984 521 610 612
117 1279 1378 1386 1501 1569 2354 2582 2719 2825 2955 3035 3071 3770 3797 435 4646 491 4966 537 639
1207 1210 1223 1332 139 142 2032 2178 234 2392 2512 264 2830 3024 3084 309 3094 3788 4411 4488 581 669
1150 1172 1548 1680 1806 1996 2236 2249 2466 2731 340 4439 4747 4772 4797 511 764 839
118 1272 1425 1454 1605 1832 1924 2235 2563 2705 3342 3828 4120 420 4603 840 842
1075 1105 1379 1597 208 2398 2434 2582 3517 4093 4310 4892 490
1096 1165 1167 1527 1738 1779 222 2222 2742 2828 2976 3387 3463 3469 3596 368 3871 4117 4759 4795 4796 57 976 980
143 146 2025 2152 2270 2376 3175 3293 3345 3399 3899 4516
1014 1118 1254 1309 1410 1589 1871 1884 2074 2247 2426 2427 2515 2543 2592 2635 2662 2736 3039 3116 3386 3678 3823 3834 392 4153 419 4208 4325 445 4530 4561 4592 4681 4949 60 957 966
1 1045 1136 1637 1833 1858 1868 1897 2201 2316 2643 2711 3217 3609 3867 3929 4 4096 4337 4360 4428 4450 4481 4562 4835 4934 4964 582 677 729 747 941 983
1013 1051 1077 1135 1163 1213 1320 1415 1571 1925 1937 2122 2131 2159 2162 2234 2264 2481 2499 2875 2880 2918 3142 3216 340 3416 3488 3581 4013 4086 4160 4187 4267 427 4283 4302 4340 4536 4546 4728 4736 4799 4876 4931 4942 4982 635 758
1107 1659 1850 2079 2507 2616 2624 2867 2917 3134 3272 3299 33 3300 3376 3433 3438 3481 349 3736 3811 4100 4282 4449 4675 4717 4877 489 517 720
1016 104 1065 1186 1265 1316 1840 1886 1922 1964 1990 2368 2465 2551 2677 2775 2853 2856 2985 3485 3566 3573 3927 4150 4344 4491 4493 4556 4942 4999 596 65 741
1180 1487 1706 1724 3104 3108 3141 3184 3500 3674 3883 4027 4074 4213 4226 4394 4886 559 603 687 697 96
1169 1334 1373 1384 1562 1570 1577 1653 167 1810 1920 1925 1985 2088 2114 2370 2593 2691 2807 3067 3214 3282 3505 3516 366 3809 3846 4197 4204 434 4364 4415 4524 4535 4906 625 640 732 988
1394 1790 1820 2195 2338 2390 2584 4559 4646 4889 933
1155 1167 1523 1569 1745 188 2050 2233 2564 2617 2723 2793 2819 2947 2993 3005 3156 3256 3554 357 3594 360 3672 3702 3845 3992 4182 421 4266 4294 4341 4440 4450 4588 4606 4611 4666 4752 4838 4895 4998 5 515 60 628 651 692 764 918
1291 1488 1781 2233 2419 319 3226 3654 420 4586 4603 807
1888 2200 2934 310 3168 337 3574 3828 3835 4872 4935 711 818 980
1514 1950 2141 2393 3754 3766 4591 820 868 90
1833 1865 2223 2461 2608 2655 2732 3903 4288 4584
1275 2904 3034 3411 3412 3719 4456 4722 4874 56 563 934
1697 174 2221 2985 3040 3116 326 4815 842 99
1179 1412 1777 2261 2315 263 2644 2882 2925 3281 3495 3639 3923 399 4001 4099 4374 4406 4453 4461 4489 4786
1511 1596 2146 2931 3205 3355 3381 4133 4597 791
1150 1268 1291 1551 1692 1759 1972 2010 2236 2286 2329 2479 2575 260 2639 2840 2849 2892 2922 3102 3118 3156 3189 3317 3754 3900 4218 4383 4541 4558 4624 47 4703 4755 4780 4808 4864 4937 4943 4959 4996 600 631 812 976
1083 1094 1146 1163 1426 1436 1609 2098 2559 2687 2819 3196 3308 3512 3604 3757 3804 3817 3824 3978 4009 4048 4088 4179 4253 4474 4554 4670 4772 4830 4895 4979 529 585 795 833 977 999
1168 1400 1505 16 1812 2125 2154 2191 2444 286 2926 3052 3555 371 3954 4060 4905 4976 536 814 823
1001 1045 1221 1300 1371 1614 1678 2242 2571 2662 3314 3686 3737 378 4401 4503 4654 4784 4924 4960 573 635
1031 1163 1207 1528 1678 1748 1794 187 2277 2510 2527 2572 2597 285 3027 3071 3101 3124 3131 3189 3405 3526 3546 3733 384 387 39 3907 4064 4252 4391 4651 4777 4844 4930 4992 573 649 871 91
1182 168 1712 1830 1970 2110 2148 2303 2963 3055 3255 338 3443 3621 3665 3696 370 4256 4540 4608 573
1576 1673 1712 2214 3311 3548 3742 4259 4384 4548 768
1122 1309 1729 2221 2882 3070 3134 3310 3718 4414 4433 462 4687 913
1000 110 1381 1633 1662 1774 1807 2130 2211 2232 2441 2617 2672 2703 2714 280 2912 3139 3307 3500 3602 372 3788 3823 3974 4076 4108 4174 4242 4264 4268 471 4804 4818 4858 4895 4927 4948 4952 4983 4996 530 536 707 763 770 887 998
1334 1356 2103 2369 2806 3107 3206 3425 3774 4105 4419 4723 4984 590 947
1289 1529 2663 2690 3256 3470 3495 4967 843 85
1290 1311 1398 1534 1581 1750 1897 2131 2164 2254 2302 2436 2834 2927 3009 3110 3244 3392 363 3917 3936 3958 4041 4051 4055 4056 4336 4357 436 4674 4793 4818 4869 518 689 831 938
1223 1730 2043 3305 3427 3614 3886 4123 4517 4945 4952
1316 1336 1719 1910 2313 2600 2601 3160 3269 3290 3326 3406 3420 3613 363 3663 3760 3822 3864 3927 4490 4532 4545 4802 4894 4919 4949 4976 510 904
1474 1627 1763 1888 193 1930 1944 2342 2358 2978 3147 342 366 375 3830 3901 4036 4353 4368 4489 4647 4761 4838 57 92
1007 1141 1217 1744 1764 1790 1929 2089 2164 2171 2186 224 2330 2347 2386 2442 2460 2471 2590 2603 2611 2656 3027 3173 3225 3341 3359 3501 3667 3749 3877 4041 4273 4423 4547 4548 4591 460 4667 4694 4746 4929 4970 4992 552 58 72 767 908
1111 1435 1445 1452 1572 1889 2013 2277 244 2474 2661 2896 333 3386 3445 3492 3555 3558 3587 360 385 3896 4200 4292 4488 4534 465 4694 4736 4788 4813 4839 4863 4868 4887 4968 734 771 909
136 1466 1507 1650 1807 2124 2871 3008 3528 3557 3670 3846 3888 4088 4383 771
1010 12 1292 1826 1903 1913 197 2093 2245 2364 3265 3858 4131 42 4320
1217 1347 167 2075 220 2496 257 2744 2746 2980 3014 3053 3102 3242 3539 381 4054 4097 4156 4279 4310 4344 4436 4550 4619 469 4910 567 73 892 961
1172 1201 1275 1573 162 173 1830 201 2098 2588 274 281 2846 2892 3051 3080 3150 3202 3298 3316 3622 4048 4153 4388 4392 4460 4491 4523 466 4797 4804 4857 4886 4989 736
1418 1420 1466 1543 1587 1906 1923 1971 2342 30 3231 3560 3701 3853 3948 4266 4359 4439 4851
1121 1179 1240 1404 1436 2129 2293 2654 3218 3410 357 3687 385 4083 4282 4581 4780 742 822
132 1357 1361 1534 1536 1803 1922 2067 2134 2297 2320 2476 2507 2520 2603 2652 2820 2824 2851 2896 2994 3127 338 344 3583 3595 39 4135 4202 4293 4427 4610 4741 4756 485 4874 4925 548 549 55 575 614 623 734 793 837 876 888 924 955
1138 1310 1400 167 1782 1915 1957 1973 217 3674 3742 3783 4743
1033 1567 1586 2011 2045 2245 2343 2503 2538 2539 2599 2619 2695 2742 2894 3278 3398 3576 3634 3920 4274 4351 4357 4456 4466 4571 4645 4666 4714 4743 4810 4841 4852 4957 614 747 796 82 957 983
1077 1287 1470 1497 1722 1909 2093 2113 2233 2261 2477 2548 2585 2610 2684 2840 3023 3079 3118 3142 3165 3171 3218 3223 3228 3639 3685 3746 3818 4204 4233 4539 4629 4680 4760 4970 509 539 575 716 727 77 944
1281 1300 1387 14 1535 1583 1714 20 2039 2050 2323 2704 2843 2903 3043 3226 3413 3690 3972 4339 479 4801 4805 612 681 759
1033 1644 1747 1870 1957 2060 2093 2136 2267 2301 2345 2445 2493 2585 2712 287 3053 3153 3348 3376 3507 3510 3843 3857 3889 392 400 4062 4154 4769 4835 4952 53
2353 2585 282 3009 3177 3715 387 3996 4 4096 4149 416 4198 424 4252 4278 4466 4476 4514 4566 4615 67 791 802
103 1043 1350 1607 1767 2187 2212 2222 2309 2425 2790 3376 3558 3560 3637 3638 377 3785 3788 3975 4049 4113 437 4497 4640 486 4888 575 666 677 992
1073 1108 1141 1434 1706 2049 2072 2125 2158 264 2765 2797 3191 3264 3431 3440 3509 3530 3642 3747 3975 4044 4113 4178 4294 4352 4417 4489 4632 4840 555 587 605 7 767 920
167 214 2329 2966 3004 361 367 3833 4022 4635 4725 4802 4987 532
1257 1286 1507 1620 1623 166 195 2793 2911 3258 3280 3334 3653 4096 4636 4793 4826 4862 4894 4917 4976 5000 666 71 803 984
1165 133 1555 1895 1905 2114 2121 2129 2458 2518 2911 3041 3237 3363 3389 342 3423 3438 3692 4091 4439 4473 4663 4762 4790 4916 4935 4951 739 753 9
114 1190 1819 1824 1980 2414 466 4719 4951 4961 595
1284 1343 136 1442 1576 1640 1693 2090 2104 2171 2210 2211 239 2408 2510 2664 2914 293 2972 3203 3565 3719 3746 3799 3839 4561 4625 4739 4758 493 570 662 724 787
1314 136 1417 1631 2031 3032 3160 3444 3464 3584 4042 4176 4180 4482 4483 4608 4650
102 1084 1085 1357 1671 1885 2580 2854 3107 3298 3474 3747 4122 4555 4890
1020 1035 1258 1378 1559 1578 2050 2211 2471 2544 2865 3079 3121 3165 3270 3284 3389 3391 3397 345 3604 3919 4268 4448 4519 4551 4656 4704 4902 634 816 836 931 939 944
1061 2226 2304 2344 3166 3433 4029 4202 4988 4997 674 947
1031 1037 1137 1192 1273 1325 1437 1449 1665 1858 1903 1925 2718 2934 2978 3072 3179 3304 3492 359 378 3829 3902 3904 4048 4146 4300 4434 4531 4596 4637 4642 469 4732 4796 4819 4916 4923 4938 564 83 886
1541 1907 1981 2157 2321 2335 2418 276 2828 2886 3005 3063 3155 3331 334 3471 3587 3646 3848 4193 4435 4532 455 4555 4626 4739 4815 636 965
2447 2615 2621 278 4306 4340 4556 4617 4793 517 659 840
101 1368 1455 1621 1730 2030 2371 2560 2865 3068 3373 3564 3636 3753 3932 4088 4485 4556 544 778 942
1199 1318 1520 1717 1862 2029 2215 2309 2344 2529 2599 27 2786 3119 3123 3763 3881 433 4460 4626 4688 4798 4850 4897
1222 1250 1697 2298 2353 2590 2799 2800 31 3128 3453 3539 3592 3745 3775 3884 3937 4070 4260 4461 515 752 832
2267 2687 2795 3234 3621 3779 4135 4348 4745 4767 4954 620
1591 1714 1841 2166 2451 2602 271 2715 3483 3670 3928 418 4226 4284 792 844
1101 1152 1280 1392 1454 1590 1631 1703 18 2040 2048 2070 2083 2229 2474 2812 4114 4379 4581 4628 490 617 780 819
1070 1223 1227 1229 1549 1550 1597 1634 1772 1954 2114 2158 2476 2494 2532 2626 2946 3066 3088 340 3465 3642 3783 3785 3896 4137 4349 4489 4524 4597 4685 4890 4907 4940 4979 643 77 837 857 91
1070 1385 1555 1560 1809 2049 21 2374 2565 2606 3286 4116 4296 4319 4341 439 4444 4561 823
1104 1220 1671 1909 2158 2468 2486 2779 301 3209 3231 3251 3404 3407 3648 3684 3914 4057 41 4341 4458 4509 4767 4844 495 650 903
1084 1148 1167 1295 139 1543 1798 180 2054 2074 2095 2171 2298 3100 3262 3399 3650 3680 3865 4020 4041 4150 417 4240 4355 437 4579 4683 4990 794 890
1 1108 1195 1240 1269 1353 1592 1654 1696 1866 1928 2118 2224 233 2440 260 2631 2664 2716 2871 3123 327 3285 3453 3614 3699 3749 3829 3982 4134 4327 4473 4542 4571 4621 4688 4799 4866 4918 617 634 638 722 906
1113 1265 1325 134 1395 140 1404 151 1589 1629 171 1725 1767 2076 2112 221 2419 2437 2600 2865 2966 3035 3109 3235 328 3598 3617 3686 3732 3860 3890 4115 4123 4177 423 4235 4302 4512 465 4704 4770 4922 4965 890 9 980
1075 1081 1245 1618 1718 2328 2782 3890 4302 4901 504 719
138 1592 2012 2128 2574 3269 3423 3764 4087 4351 4943 651 737
1178 1210 125 1369 1452 1550 1661 1664 1859 205 2222 2371 2738 2967 3086 3202 3611 3790 3984 4058 4083 4325 4596 4669 467 4785 575 851 960
1155 1405 1497 1623 1713 2236 2311 2558 2633 3131 3135 3472 353 3567 3619 3752 3767 3951 4056 4284 4312 447 4588 4852 4948 77
1029 1297 1307 1312 1337 1529 162 1732 1864 204 2134 235 2414 2442 2521 2628 2663 2917 3530 3723 3755 4050 4159 4255 4395 4592 4684 4720 4775 780 928 981
1239 15 2382 2781 2794 3257 3386 3647 374 3745 4038 4123 455 4688 4953
1077 18 1865 2150 2362 2711 2762 2775 2895 2911 30 3225 3320 338 3445 3454 3550 4338 490 4931
1229 1606 1852 1956 1996 2715 3214 3419 3434 365 3864 4021 4419 4854 59
1017 1138 1597 1721 1864 1960 2127 2552 2898 4422
1127 135 1706 199 2224 2368 2951 3269 4247 4266 4766 4948 717 778
1114 1397 1640 2440 2760 2989 3022 3066 3137 4267 817
1014 110 1138 1350 1874 2385 2756 2863 382 3890 4015 4019 426 4416 4718 4963
1096 130 1647 1696 1827 1888 2139 2987 3292 3690 4224 4632 4633 465 4679 4709 4826 534
1040 1159 1215 1423 1975 3407 4262 467 4798 982
1793 1866 1970 2135 2738 3049 3172 3188 64 674
1074 1079 1207 1659 175 2337 2457 3298 3302 3590 3661 3815 3939 3948 4155 4417 4556 717 878
1065 1149 1345 1474 1690 2097 2111 2131 2256 2343 2403 2459 2728 281 2889 3252 334 3854 3959 4030 4208 4232 4401 4417 4429 4513 4664 4751 4834 4968 601 934
1312 1325 1528 1531 1586 1593 1598 166 1846 2227 2298 2387 241 2490 2618 264 269 2918 3177 3553 378 391 3980 4033 42 4602 4663 5000 522
1026 1169 1229 1302 1425 1451 1549 2304 2400 2472 2516 254 3323 3777 3856 4531 4653 4670 4844 4912 545
1163 1178 1395 1468 1502 1513 1639 1823 2079 2139 2439 2933 3096 3234 3458 3525 3825 3856 3909 4477 782
107 1326 153 1891 192 2025 2233 268 2814 3296 3546 3846 4057 4136 4217 4374 4468 4841 596 717 721 774 87
1024 1075 1203 1307 1404 1487 1511 1512 1552 2168 2392 2488 2713 2756 28 2830 3097 3264 3448 3793 3850 3995 4029 4090 4139 4258 4360 4403 4974 527 613 636 638 645 795 824 925 985
1071 1193 1579 2352 2452 2548 2706 3768 3810 3853 4205 4258 4295 4396 641
1074 1443 1710 199 2101 2127 2553 2846 3087 3617 515 801 922
1024 1126 1245 1494 1834 1993 2225 2251 2292 2393 2648 2888 3327 3478 3633 3636 3697 3776 3778 4152 4167 4373 4533 4570 4579 4693 4751 4811 4854 4886 64 897
15 1770 1807 2306 2402 259 2923 3146 3468 4813
1153 1230 1320 1328 1711 1775 2034 2366 2444 2471 2526 253 2694 2837 3007 323 3248 3512 3632 3905 4087 4187 4239 4280 437 439 4565 4755 4817 4924 4953 542 581 584 59 755
1761 1816 2273 2824 3155 3227 3274 3886 4539 4937 4960 899
1287 1570 1672 1938 1988 2244 2636 3051 3151 3765 3949 404 4363 460 694
1385 1534 159 1594 1628 1645 1817 1849 1905 1987 1992 2117 2164 2212 2278 2365 2451 2454 2595 2798 2807 2825 302 3233 3352 3431 3465 3691 3857 3914 4147 4244 432 4423 4440 4565 4936 60 869 941 95
1160 144 1566 1841 1940 2181 2200 248 2971 3017 3323 3403 3550 4073 4113 4245 4332 4569 4790 4821 604 696 698 949
1054 1074 1433 196 2581 2604 2647 2705 3011 3090 3474 3511 356 4008 4011 4216 4419 4651 4845 710
130 1304 1424 1704 1796 1801 2144 2196 2370 2428 2517 2597 2919 2924 3030 3075 3162 3377 3445 3497 3633 4197 4243 441 4518 4560 4566 4794 4805 4846 4847 4947 4991 4992 565 572 592 694 711 949
1251 2045 3294 3441 3732 4 4340 4418 518 690 693
1432 2336 2499 2597 2655 267 2741 2845 3042 4121 4168 4226 4306 653
1088 1286 1312 1562 160 1738 1911 2033 2066 2138 2278 2412 243 2497 2502 26 2602 2665 2763 3016 3147 3166 3279 3511 3569 3686 3732 3741 3758 385 3879 3985 4054 413 4701 4724 4785 4790 4819 4898 4986 615 669 684 819 97
1468 1732 1814 1863 1930 2213 224 2496 2532 2964 31 317 3850 3970 4001 4032 4039 4221 4243 4348 4491 4538 4666 4671 4710 476 4764 4775 4962
1022 128 1542 175 1787 2148 2169 2188 2757 2798 2808 2849 2891 3039 3079 3128 3387 3391 3488 3543 3666 3690 4386 4481 542 556 594 847 861
1192 1597 2607 2925 3222 3226 3669 3777 3998 4018 4109 4507 4596 4963
1027 1430 1702 1735 1835 1842 2011 2437 2882 2928 305 3216 3462 3467 3513 3746 3770 4003 4047 4096 4101 4144 4147 4224 4746 4848
1117 1149 1224 16 1678 1937 1971 2240 2317 254 2565 2637 2668 2823 330 341 3700 3723 3780 3972 4155 4188 4228 4231 4711 4726 4741 4852 4973 626 754 873 913
1444 1615 2108 2678 2692 2750 2914 3406 3867 4576 4733 678 909
1392 182 2429 2575 2693 3922 4508 4606 4718 709
1045 1082 109 1261 1321 1325 1512 1558 1905 2329 2334 2352 2645 2810 2986 3206 3257 3342 3358 3452 3454 3517 3555 3610 3712 386 3882 3954 4109 4151 4198 4207 4235 4352 4385 4553 4683 4834 738 888 966 970
1266 1319 144 1475 198 204 206 2185 2291 2586 3307 3407 4179 4320 4340
1378 1442 1498 1519 160 1711 1815 2358 2424 2518 2619 266 2665 2677 275 2821 2880 306 3171 3205 322 3412 3487 3727 3903 3952 3968 4059 419 4368 4371 4390 4454 4702 4744 4957 778 866
1086 1793 2049 2085 3145 3425 3941 4237 430 4577 4624 4964 528 776 777
1131 1440 1737 1801 3154 3570 3658 3792 4007 4135 4137 4434 4709
1031 111 1383 2940 3196 3235 3251 3405 3999 4562 4581 4646 808
1402 1411 1490 1743 1985 2661 2910 3084 3122 349 813
1221 1392 1433 1532 1837 1870 1904 195 2154 2327 2378 2380 2413 2964 2970 3018 3027 3127 3249 3411 3590 36 3719 3877 3980 4256 4445 4674 4743 48 4832 4869 488 4885 4891 4896 620 623 690 742 794 8 819 992
1085 1224 1518 160 1607 1613 1697 1737 1753 1761 1846 209 2092 2131 2207 2242 2539 2599 2750 2755 2999 3000 3020 3075 3083 3243 3428 3445 3476 3560 3719 3824 4212 432 4398 4512 4607 4611 4626 4652 4708 4724 4763 4798 4963 4993 597 639 779
1142 1144 1606 1624 186 1900 2111 2214 2499 2593 271 2836 3084 3195 3330 344 3518 3581 369 3835 3915 393 4279 4314 4530 4909 4998 98
1212 1238 1261 1352 16 1613 1786 1801 1937 2199 22 2309 2377 251 2538 2561 2566 2845 285 2924 3032 3117 3168 3251 3317 333 3476 3581 3584 3681 3775 3840 3852 4202 4235 4294 4321 4550 4609 4656 4683 4819 4944 551 652 767 83 950
1003 1438 1808 1950 223 2399 2775 2888 3064 3123 3248 3412 3471 3577 3661 3738 3824 3941 42 4471 4718 4890 771
1258 1326 1382 1487 1533 177 1804 2006 2036 2217 2442 2467 2497 2755 2869 2947 3066 3149 3919 4085 4208 4485 4696 4764 4840 4881 4991 504 509 516 620 661 74 824 989
1038 1060 1100 1115 1272 1359 1367 1420 149 1491 1507 1593 1773 1776 1882 1991 1992 2070 2118 2171 2276 2373 2496 2740 2794 2944 2962 3023 3556 3661 3680 3687 3798 3821 3846 3894 4089 448 4719 4795 4844 4855 49 527 56 747 863
112 1164 1311 1648 2327 2959 3379 3454 3566 3766 4321
1084 1936 1984 2377 2474 3075 3789 4022 4438 4507 456 587 758
1307 1425 1450 1505 1743 2350 254 2717 2817 397 445 4745 703 897
1226 123 1330 1428 1538 161 1999 2081 2203 2457 2479 2977 3002 3022 3172 3449 3675 3802 3885 3910 3965 4023 4124 4150 4408 4452 468 4775 4825 489 495 882
1100 1102 1159 1171 1465 1533 1768 1795 2086 2090 2419 2556 2824 2857 3348 352 415 4244 4531 4978 623
1038 1935 2324 2480 315 3299 3370 3376 3388 3696 4259 4533 723
1122 1284 1468 1499 1551 1769 2279 2322 276 2973 3067 3207 3582 3820 3837 4018 4087 4192 435 4934 4983 731 968
1004 1393 1420 1502 1511 1618 1825 1889 2232 2266 2377 2453 2513 2518 2841 2970 2986 3119 3351 3389 3424 3483 3737 3777 3851 459 4650 4999 6 678 744 856 974
1026 169 1707 1852 2111 2291 2437 279 3034 3264 3663 4004 4065 4219 454 4874 4992
1135 1268 1379 1570 1623 1664 1738 1920 2235 2370 2626 2927 4000 4859 489 729
1737 2472 2714 2880 337 3763 3903 4600 4843 871
1038 1298 1329 1496 1621 1853 1906 1928 2127 2219 2245 2284 229 2368 2441 2463 2810 2881 3161 3190 3227 3229 3479 3492 3612 3652 3860 3972 4063 4281 4450 4566 4922 4983 548 560 630 652
1005 117 1643 1683 1765 2044 2209 2275 2285 262 2699 2736 3179 3364 3713 4017 4206 442 4425 4467 600 632 707
1188 1349 199 2248 239 2475 2696 2750 2772 3028 376 3979 412 4196 4290 4622 704
1198 1483 1862 2022 2159 2206 2799 28 3071 3129 3159 3246 3707 3731 3897 4245 4313 4705 4862 78
1151 1205 1280 1294 1321 1376 1511 1665 1795 2072 2219 2262 2270 2372 2445 2477 2624 2678 2951 299 3008 3278 3334 3513 3654 3878 3986 4042 4086 4162 4351 4372 4470 4498 4501 4618 4702 4704 4730 4735 671 674 772
1067 1272 1349 1429 1753 1778 1785 1833 1879 191 2336 2768 2891 2929 3110 3186 33 3306 3727 3942 4201 4261 4274 4402 4679 4720 4776 559 880 896
1126 1410 1470 1602 1666 1671 2332 2357 2813 2869 3016 3125 3184 3367 3544 3595 3617 3739 4253 4375 4629 534 864 923
1115 1568 1624 1926 2903 3020 3283 3622 4363 4468 4520 4758 499 856 991 992
1042 1061 1437 1471 2079 2369 2436 2853 2879 2886 297 3129 3430 3475 3522 3546 3616 3691 3957 4177 4370 4614 4623 4769 4862 4905 610 79 993
1033 1228 1441 1494 1758 1843 27 3035 3493 3729 388 4054 4057 4158 4246 4285 4368 4852 537 960
1308 1394 1594 1649 1655 1715 1723 1865 1892 1990 2056 2124 2269 2387 2504 2887 3184 3241 3443 3622 37 3904 4 4092 4317 4547 4588 4618 4713 4899 517 583 70 976 985
2004 2742 2977 3333 3485 402 4320 4364 4583 4909 506 605 909
1086 1204 1499 1528 1697 1790 2042 2149 2205 2311 2457 2589 2726 2911 2926 294 2980 2988 3012 3015 3371 340 3443 3464 3616 3705 3751 3762 3768 3955 3971 4001 4227 433 4438 444 4495 4570 4573 460 467 4835 4935 547 599 791 956 970
1381 1542 1673 1722 1932 2018 2039 2110 225 2378 2403 2423 2472 2699 2761 2793 2840 2890 3052 3126 3266 3457 3567 3641 3850 3881 3905 3987 4162 4167 4311 4357 4424 4507 4762 4808 4883 4887 4929 4967 584 639 660 827 923
1255 1428 1743 1876 1921 1990 2009 3113 3200 3524 4326 4748 4818 4959 519 570 911
1022 1115 1116 1453 1721 185 1914 1992 251 3261 3339 3533 366 3791 4237 4604 484 804 809
1776 1815 1908 2072 3111 3864 4271 497 4996 595 826
1195 1357 1364 1376 1465 149 1570 1684 179 1855 1906 1938 1958 2074 2541 2620 2678 3193 3196 3228 327 3662 3744 3793 3911 3964 4127 4620 4693 4769 4995 710 79 826 90 961
1003 152 160 1645 1703 2124 2265 2580 2588 27 2973 3297 3689 3745 3756 3763 3796 3904 3948 3994 4006 4185 4187 4245 4386 4448 4920 597 771 844 915
1124 1917 240 2521 2849 2977 3520 3736 4291 469 524 947
1027 1046 1217 1514 1675 272 3014 3389 341 3508 3857 4221 4653
1049 1114 1117 1290 1362 1415 1440 1450 1481 1748 1861 2105 2142 2419 2490 2549 2637 2677 2717 2832 2849 2976 3014 3056 3192 3707 3715 3754 3766 4024 4136 4263 4437 4486 4515 4554 4654 4661 4726 4765 4809 4831 4945 579 868 911
1062 1424 1830 2504 2546 2714 2717 2806 2839 2952 2966 3235 3449 3689 3855 4989 587 884
1137 1347 1398 1631 1854 2204 2232 2278 2583 2675 2709 2940 3257 3356 3458 405 4106 4108 411 4142 4195 4313 4403 4411 4416 4559 4606 4946 732 83 85
1225 1525 233 2632 2807 3571 381 3816 3957 4336 4398 472 825 844
1290 1460 1521 1814 1818 1921 251 2639 3483 3688 4678 4708 4953 4985 619
1002 1125 1272 14 1642 1677 1800 1911 2124 2291 2334 2389 2421 2440 300 3136 3165 3217 3227 3246 3275 3352 3519 3797 3852 3899 4020 4216 4266 4540 4630 470 4840 509 526 567 618 645 802 868 886
1365 1395 1687 1723 1800 2007 2073 2404 241 2450 2684 2702 3138 3310 373 378 4036 4148 4196 4418 443 4598 4978 548 900 903
1009 1201 1430 1431 1603 1812 1828 1991 2352 2449 294 3155 334 3375 4220 4447 4569 690
1044 1133 1156 1260 1912 2069 2332 2385 2615 2635 2881 2903 320 3364 3477 3763 381 391 3993 4411 4550 4579 578 915
1147 1591 1630 2003 2368 321 3261 3377 3742 3949 4034 4075 4352 4484 4544 4641 4665 4889 4931 885
1024 1293 157 1688 1970 2163 2231 2329 2386 2393 2661 3032 3055 3148 3151 321 3218 3406 3456 3471 3562 3672 3673 3710 3907 392 4013 4134 4140 4181 433 4345 4423 4498 4713 4921 4978 525 556 609 697 883 892
1135 1252 1330 1909 2025 2173 2318 2325 2340 2350 2388 2427 2473 2486 2504 2614 2647 2770 2956 3011 3088 3455 3621 3638 3676 3693 3726 3931 3956 4065 4107 4204 4303 4443 4447 617 707 880
1541 1582 1763 1999 222 2311 2756 2815 3335 3388 3495 3749 3829 4291 4821 4834 690
1289 1561 171 2142 2312 2331 3247 3511 3669 750
1172 1186 124 1249 1453 1722 1882 230 2440 2907 3005 312 4054 4065 4319 4969 505 540 781 813 842 981
1013 1025 1060 1170 1173 118 1480 1488 1715 1750 1764 1869 1897 2001 211 216 218 2281 2308 2438 2594 2665 2696 2810 2862 3011 3132 3159 3373 3482 3698 3785 3909 3916 4053 4315 4711 4736 4834 4910 4939 526 568 654 692 773 920 977
1035 1100 1360 1695 1736 2006 2141 2487 2651 2812 3573 4063 4593
1127 12 150 2001 2893 3060 3177 3344 3680 3848 4009 4084 4136 4856 4966 57 793 823 885 907
14 2098 2211 2230 235 2384 2755 2830 3004 3067 3181 3401 3698 372 3891 3931 4030 4148 4552 4575 4615 4901
1206 1847 231 2398 2844 3348 4170 4268 4620 870
1007 1117 1234 139 14 2239 2351 2820 3021 337 3835 3889 3944 4174 4203 4212 4594 4662 4678 4767 586
126 1542 186 2190 362 3875 3987 4312 4783 4918 747 841
1012 1165 148 2165 2166 2478 3394 3594 3777 398 4194 4490 459 70 745 972
1026 1028 1066 1090 1218 1315 162 1993 2126 2187 2694 2866 3038 3246 3569 3650 375 3808 3986 438 4412 456 4628 464 4724 4730 4734 4991 556 59 638 902 917
1098 1161 1202 1406 1681 1712 2034 2560 2987 3017 3086 3243 3308 3413 3926 4074 4143 4148 4294 4406 4622 4682 905 960
1326 1378 1617 2013 2607 2668 2722 2815 289 3099 3142 3198 3234 3257 3260 3439 3939 3943 4446 4907 4937 594 682 749
1057 1165 1405 1501 1589 1604 1656 213 2136 2138 2172 2229 2257 228 2534 260 2686 2701 273 2785 2794 2880 2948 3082 3105 3152 3168 3496 3794 3997 4140 4197 4279 4381 4426 4438 4442 4642 4693 4742 4786 4973 4974 561 630 64 651 748 942 982
1065 1357 1565 1598 1755 2218 2304 270 3411 3770 3786 3937 4023 4029 4174 4429 4622 4813 4841
1002 1066 1793 2667 2699 2982 3075 3212 3378 3541 3633 3670 380 4402
1052 1126 1235 1436 2015 2246 2675 2704 2831 3021 3211 3709 3902 3997 4478 4728 756 847 94
1214 1277 1395 1443 1503 1752 2139 2317 2973 3210 3354 3497 3532 3715 3750 4082 4220 4238 4252 4397 4400 4402 4526 4561 4583 4668 4699 508 684 700 848
1016 1122 1219 1423 1506 1683 1685 1695 1999 2029 2150 2230 2458 2698 2799 2838 2985 2991 3150 3288 3469 3658 3717 3791 3860 3876 4037 4059 4072 4163 4259 4599 4601 4613 4617 468 4896 4897 871 909
1012 1061 1350 1389 1498 1774 1783 1872 2084 2193 2201 2254 2314 2343 2353 2692 283 2848 2891 3023 3111 3158 3161 3174 32 3261 3442 3499 3505 3634 3755 4494 4623 4697 4803 4816 4837 4858 4942 496 4980 628 631 790 91 962 998
1141 1501 1652 1774 2894 3030 3059 3133 4034 4053 4082 4272 4680 4965 527 751 944
1257 1295 1320 1746 1982 1995 2296 2445 2448 3026 3069 3497 3593 3880 4536 4997 903
1003 1018 1701 1800 2132 2439 2979 3269 3546 4151 4983 602 820
1270 180 1876 1910 1923 1996 2084 2204 2574 2583 271 2813 2928 3029 3172 3279 3434 3453 3605 3676 3831 3837 3854 4260 4277 4471 4524 4707 4920 4951 4964
1000 1107 1168 1193 1203 1215 1261 1397 1465 1677 2002 223 2256 2301 2528 2752 2811 3130 3352 3447 3634 3823 3833 4060 4125 4139 4245 4277 4302 4378 4590 4634 467 4833 4847 757 769 813 850 866 975 989
1389 1409 161 1714 1734 1857 2515 2692 2713 3217 3352 3475 3854 3977 4044 4071 4358 4517 4621 4754 828
1041 1154 1640 1690 175 1852 2054 2314 2334 2835 3006 3173 3213 3309 3323 341 3496 3497 3640 3759 380 3907 3910 4233 4238 4287 4510 4536 4538 4824 4912
1486 1719 1901 2175 2902 2965 2973 3917 3988 4038 4156 4162 4415
1316 1341 1358 1523 1605 1942 2022 2138 2256 2518 2782 3689 3848 4670 4808 4843 914 985
1057 1366 1514 1516 1565 1993 2228 2507 2642 2651 2739 2852 2858 2999 3206 3242 3386 355 3584 3624 408 4379 4433 4457 4632 4818 4999 517 71 73 773 896 937 982
11 1106 180 2035 2420 2873 3974 4592 4809 773 80
1238 1267 1371 1922 2208 2527 268 2736 2987 3166 3514 3688 3889 3904 4066 4075
119 1656 180 2333 3217 361 4357 4458 4722 876 969
1013 1019 1025 1136 1215 1249 1329 1593 1744 1964 2070 2080 2107 2223 2235 2259 2324 2342 2429 2604 2688 2822 3074 3184 342 365 3705 4192 4311 432 4610 4631 4660 4762 4768 4775 4786 4789 480 4803 4950 4982 581 695 727 852 862
1384 2208 2723 2978 3563 3747 4372 4618 463 4891 4900
110 1195 1341 1440 1660 1704 1776 1812 1995 2118 2410 2413 2469 2592 3373 3672 398 4078 4582 4725 4748 788 858
112 1966 2030 2134 216 335 3717 3768 3893 4135 4140 4145 4211 4244 4288 4505 4519 4630 554 678 987
1017 1019 1028 1134 1233 1243 1268 1336 1428 1490 1635 1690 1866 1887 1975 2015 2032 2118 2260 2468 2546 2595 2681 2761 3055 3130 3134 3271 3433 3466 3605 3639 3708 3770 3943 4574 4586 4638 4640 4658 4668 4769 4796 4843 4973 4980 728 929
1119 1435 1504 2117 2213 2355 2512 2605 2713 2749 2935 2945 3279 3970 4110 4196 4323 4568 4650 4691 4791 4944 534 676 712 726 743 805 943 953 970 975 979
1252 129 1538 1658 1728 1815 1850 1888 2317 2338 2354 2394 2484 2521 2709 2948 2970 3103 3144 3179 324 3300 3457 349 3615 3619 3682 3775 3825 4025 4061 4115 4119 4221 4281 4313 4474 4672 4674 4726 506 692 833 850
1222 2242 2678 3039 3122 3214 3295 4125 4420 4690 480 653 768
1018 1085 1424 1736 2036 2063 2279 2288 2433 2486 2563 2684 2872 3243 3262 3568 3803 3888 3973 4038 4118 4282 4533 4671 4686 4728 4763 485 4870 685 700 748 793 8 992
1878 1916 2045 2430 2827 3315 3355 3938 4415 4906 504 682
1081 123 1423 2018 2592 2740 3028 34 3400 345 3539 3793 39 3978 4127 4142 4154 4376 4468 4484 4900 51 832
1070 131 136 1432 1515 1906 2008 2262 23 2546 2680 2737 2934 3290 3364 3371 3656 3778 3807 4024 420 4272 4741 4809 822
1696 1987 2026 222 3291 3692 4378 4471 4641 475 4763
1120 1341 1429 1458 1462 1831 1923 2562 2563 2667 2673 2851 3260 3261 3430 3572 3847 4016 4226 4326 4335 4532 4569 461 4982 523 630 887 896
123 1405 1523 1546 1592 168 1682 1755 2044 2471 2970 3009 3022 3038 3110 3169 3349 3416 3449 3488 3653 3724 3864 4009 4024 4042 4043 4353 4423 4617 4680 4838 4909 4946 4967 4971 55 596 755 795 973
1253 1550 1716 232 2359 2770 2845 2877 3105 3120 3772 4077 4412 4605 4797 733 777
1054 1148 129 13 1363 1523 2060 232 2449 2485 2832 3098 3202 3208 3312 3983 4045 4237 4287 4303 4428 4525 4540 4596 4621 4744 4848 60 683
1011 1246 1447 192 2016 215 2356 2379 2380 2592 2761 2847 2923 3232 3393 3429 4056 4161 4607 4649 4759 4906 4954 701 79
1004 1338 1637 1847 2096 2157 2279 241 2547 2565 2733 2765 2780 281 2820 292 2968 299 3067 307 3263 3476 3676 3687 3748 3783 3823 3944 4023 4066 4079 4271 4512 4555 4570 4633 4847 4868 49 4958 4999 557 720 731 989
1627 1784 205 22 2314 2393 2483 2543 256 2583 2954 3076 3080 3103 3128 3290 3360 3391 3421 3431 3498 3760 3803 3825 3875 42 4248 4287 4412 4430 4657 4729 4896 4967 503 518 675 81 861
118 1588 1632 2 2303 2448 2546 2569 2614 2799 2918 3144 3619 372 41 4268 428 4455 4603 4738 4770 4808
103 1170 1189 1342 1414 1640 2586 2710 2739 2900 3262 329 4147 4224 4585 4840 556 582 619 669
1104 1141 1178 1249 1366 1606 1823 1904 2159 252 2789 3566 3650 3706 3710 3935 4030 4303 4531 4796 4940 61 753
1380 1502 2001 202 3051 3839 435 4821 4950 957
133 1485 1773 1856 2216 2293 260 2898 3045 332 3366 3440 3579 3692 3946 3988 4140 4396 4624 763 842
11 1232 1361 1394 145 1757 1944 2078 2184 2231 2760 3201 336 3517 3715 3860 4383 4582 4801 4975 658
1918 2167 2332 2749 3038 3992 4364 4488 740 888 978
1 102 1205 1215 1321 1434 1441 1463 1482 1716 2018 2319 2497 2575 2597 2768 2838 2964 2995 3197 355 3585 3803 3902 3958 4061 4380 4424 4585 4887 4928 4962 840 866 880
1508 1654 1672 1743 1820 2041 226 2568 2721 3612 3927 4040 4320 4518 854 903
1035 1136 15 1500 1537 1667 1984 2039 2362 2465 2910 297 302 3131 3204 3216 3432 4346 4704 4713 4832 621 965
1192 1450 1657 1984 2117 2188 26 2661 2670 2747 2780 2817 2909 3241 3320 3370 3666 3773 3784 3894 4242 4404 4951 566 885
1021 1034 1082 1231 1543 3390 3426 3673 4263 4588 584
1038 1039 1245 1249 1744 18 1854 206 2476 2650 2760 2803 3104 3180 321 3272 3543 3556 3577 3584 3644 3722 3833 3867 3894 3999 4055 4057 4272 4295 4369 4467 4595 4897 4919 4957 598 606 784 931
1077 1282 1336 1934 1985 2087 2316 2605 2784 2941 2962 3447 3461 3495 3811 4089 4293 4460 4618 610
1148 1150 16 2500 2578 2704 2751 3225 3477 365 4133 4164 4593 4656 4694 4806 4956 5000 832 859
1017 1339 1460 172 2325 2536 3095 3161 4751 4827
1178 1595 2379 2670 2695 3144 3368 3691 3905 4263 431 4946 648 873
1155 1201 1346 1490 1518 1913 1967 2158 2185 2290 2358 2466 2714 2960 3512 389 3938 4022 4062 4072 4238 4387 4746 4754 4812 4856 4865 4868 4902 4923 4938 553 776 809 86 943 953
1090 1154 1200 1241 130 1439 1601 163 1683 1823 197 2068 2170 2230 2270 2274 2387 2416 2646 2651 275 2910 3047 3328 3346 3510 3597 3636 3930 4060 407 4330 4375 4548 4768 612 949
1290 1862 1878 2437 3290 3343 3868 3988 4566 4593 4617 4733
102 1146 1235 130 1321 1540 1721 1746 201 2225 223 2249 2286 2344 2354 2413 2458 2609 2668 270 2754 298 299 3215 3368 346 3496 3535 3576 3678 3766 3896 4086 4107 426 429 4537 4594 470 4735 495 665
1822 2451 2539 2898 2944 3230 355 3907 3974 4455 4539 498 946
1025 1062 1138 1913 2024 223 2344 2435 2449 248 2489 2548 26 275 2944 3200 3380 3506 3576 3603 3967 3997 4199 4222 4243 4328 439 4642 4681 4976 558 755 764
1170 1517 1734 1864 244 2579 292 2957 328 3674 3829 3852 4051 4521 4600 928
1447 2184 2622 2846 2938 3036 3160 3616 3646 4326
1672 1713 1732 2071 2204 2405 3914 473 474 4923
1060 1957 2047 2339 2423 2445 2613 2740 2780 2915 2967 3148 3656 3664 3973 4214 4512 4991 631 652 882
1607 1833 284 2861 3014 3439 3994 4014 4203 535 559 69 870
10 1104 1307 1323 1390 1512 1622 1689 1821 1854 1875 1905 1947 2093 2164 2247 2376 2408 241 2469 2517 2629 2666 3082 3171 3172 3239 3363 3555 361 3612 3773 3797 3849 3974 4307 4318 4387 449 4542 4671 4832 4956 4995 582 654 836 872
1024 1149 115 1224 1273 1389 1483 1533 1534 1537 1693 1763 1878 1900 1979 2011 2132 2286 2316 236 2370 2427 2470 2825 2863 3065 3247 3264 3390 3704 3717 3811 3921 4251 4289 4336 4361 4470 4472 4591 464 4663 4722 4800 4847 485 4920 4921 58 625
1045 1057 1097 11 1195 1361 146 1580 1698 1893 19 1900 1925 2011 2044 2054 2166 2189 2280 2287 2309 2371 2531 262 2806 2856 2857 2884 2892 2906 2987 3194 3618 3640 3701 391 3953 418 4233 4247 4502 4586 4753 4823 4888 4917 546 583 59 599
1015 1197 1450 1679 2041 224 3256 3733 3795 3824 3991 4242 4610 4738 4780 799
1088 1298 1627 2336 2959 3346 3469 3784 3830 4966 698 846 96
1180 12 1466 1811 1930 2099 2161 219 2277 2334 2337 2585 2600 2624 2963 3039 365 3696 3716 4179 4216 4378 4484 4687 4832 4917 4971 602 897 911
1103 1130 1309 1759 19 1987 2070 2188 336 3390 3592 3629 4272 4358 4435 4733 975
1110 1386 2479 2637 2835 2923 2925 3004 3116 333 3639 4321 594 959
1029 1049 1221 1223 1410 1629 2038 2196 2405 2582 2701 2705 2738 2826 307 3243 3329 334 3404 3617 3658 3690 3781 3937 3981 4002 4044 4074 4099 4138 431 435 4389 4504 4524 4590 4656 4669 550 666
1003 1656 1731 1820 19 1964 211 2250 228 2325 2821 2886 2893 2924 3880 3922 4115 4141 4583 4644 4652 4679 473 4978 836 879 913
1022 1060 1108 1297 1496 1611 1663 1666 1715 1830 1854 19 1941 2036 2170 235 2462 2701 2711 2773 2815 2834 2955 3017 3127 3210 333 3336 3415 3688 381 4079 4108 4295 4358 4447 4448 4597 4627 4678 4711 472 4727 4836 4904 501 614 777 843 942
2406 3003 3020 3026 3225 3947 4242 433 4545 4922 979 999
1002 1088 11 1177 123 1347 1423 1494 1713 1721 1751 1759 1786 1988 2044 2213 2237 2441 2476 2490 2505 2506 2746 2962 2975 3029 3176 3274 3413 3533 3653 3671 3739 3963 3980 4196 4338 4369 4431 4482 4490 4516 4520 4673 471 4828 4846 662 849 892
1146 1156 12 1294 1407 1427 1668 1670 1706 216 2160 2219 2566 2595 2752 2788 291 3103 3156 3175 3250 3333 3487 4009 4115 418 4428 4490 4762 4846 489 514 732 813
1179 1273 1283 1581 1749 1750 1994 2022 2068 2247 2466 2706 2746 2782 2841 3396 3755 380 4051 4428 4484 4542 4645 4921 625 93
126 1329 1459 1784 2569 2933 3020 3242 3740 4020 4237 4460 4640 47 4718 4872 4970 536 758
1107 1126 1189 1555 1598 161 2078 2082 2092 2243 2570 2767 2951 297 3028 3176 3247 3355 3464 3484 3496 3500 3626 3710 3737 3957 4056 406 4224 4236 4301 4464 4571 4846 4854 4884 4892 542 55 913 967
1062 1432 1951 2252 2457 2600 2619 2763 3195 3476 4862
1275 1543 1576 1736 1844 1933 2160 2357 2382 2580 2916 2979 3056 3382 3638 3767 4155 4301 434 4458 4459 4578 49 766 885 997
1403 1629 2097 2657 3324 3946 4483 4611 4883 4977 57
1399 1927 2514 2674 3035 3595 3759 3773 3986 45 4918 4924 861
1018 1297 1754 228 2520 2613 2652 3023 3263 3669 4291 4503 4559 4764 4870 700 720 996
2305 2495 2522 2810 3086 3129 3473 3837 4167 4200 4540 4603 4723 4817 761 85 891
1382 147 1653 1693 2221 2586 2747 2749 3166 366 3838 4059 4897 948
1440 1460 1658 1807 2015 2436 2531 2705 3331 364 3791 3906 4293 43 4866 733
1295 1296 2299 2416 2785 2903 3034 3303 3643 4198 4434 4738 4795 582
1026 1502 1598 1688 17 1709 1852 1987 2432 2507 2697 2698 2742 278 2885 2961 3391 3399 3522 3529 3701 3732 376 3836 3841 3844 3931 4003 4288 4356 4387 4497 4572 470 4759 4787 4817 4859 493 4955 539 835 840 843 92
105 1143 1387 1620 1677 1847 2720 2851 3071 3093 3137 3265 3297 3654 3692 3803 3903 3913 4035 4267 4557 4600 4659 4858 4995 831 905 92
1349 1397 1921 2178 2291 2429 2587 2768 3420 3447 3475 350 3594 3760 4003 4900 658 853 90 939
1019 1365 1581 201 2065 2928 3041 3373 3781 4466 75 821
1464 155 1823 2185 224 314 3233 3285 3562 3783 3922 3999 4295 4358 4473 549 635
1360 1676 2092 2748 2793 3360 3362 3502 3722 3836 4227 4952
1261 1374 1460 1619 1734 2330 2748 2905 3660 3672 3924 4090 4216 4241 4549 4552 4562 4599 4680 4690 4929 548
1177 1499 1549 1986 2625 2704 2795 294 3119 3307 4386 4577 4599 606
1107 113 1180 164 1720 2 227 2346 2603 2748 3142 3249 343 3435 3725 428 4438 4565 573
1276 1408 1695 1865 2217 242 2675 2869 3271 3367 403 4262 595 942
112 1298 1398 1557 1613 1723 1805 221 2261 2514 31 3148 3279 3305 3334 3965 4046 4081 4166 4338 4435 445 4530 4555 4605 4698 612 923
1191 1193 1872 192 2126 22 2535 3327 4396 838
2792 3272 3342 3423 3740 3876 4783 4856 4987 706 810 902
1387 1989 2060 2161 2182 2271 2542 3590 3902 3975 4064 450 597 604
1446 1573 1727 1904 2074 2355 275 2802 3363 3428 343 360 4202 4298 4417 4635 4934 642 649
1035 1082 1179 1703 194 2225 2470 2492 2835 2999 3 336 3631 4142 4174 4189 4399 447 4475 4714 4721 4767 4872 4891 4905 4907 775 818 919 939
1167 1704 2117 2177 2812 3464 3611 3656 3663 4263 4416 760
1168 1349 1405 1482 1752 1930 2378 2455 2605 2675 2876 3148 3221 3239 3437 3977 4267 4384 4541 4689 4690 4809 4870 4966 862 981 983
1041 1326 144 1505 1516 2039 2102 2470 2614 278 2940 2963 3147 3374 3407 3425 3663 3856 3870 3873 3912 4038 4097 4203 4210 4260 4382 4517 4630 4761 4871 4878 594 649 658 763 841
1235 168 1832 1884 2283 2380 2423 2765 2818 2916 3239 3244 3289 3596 3646 3965 4132 4645 4806 742
1 1302 133 1484 1529 1594 1862 2022 2127 2193 2264 2338 239 2423 2656 2659 2784 2832 2988 2996 2998 3133 3338 3416 3484 3946 4018 403 4105 4344 4354 4916 4943 4985 569 605 671 682 797 812 824
1085 126 1284 1291 1748 1800 1874 1963 1978 2046 2125 2624 2625 2961 3105 3608 395 4885 79 940
1071 116 1561 166 1666 176 1860 2033 2193 2282 2367 2446 2607 2638 264 2752 2772 2775 2821 2853 2882 2967 2976 2978 321 3235 3333 3421 3485 359 3677 3722 3816 3832 3839 3849 4153 4204 4568 4738 4748 4757 4815 4914 630 673 787 883
1034 1194 1574 2208 2319 2409 250 3271 3438 3558 3918 3919 4156 4662 4752 930
1109 1400 1569 2107 225 2655 2656 3456 4717 964
1023 1196 2033 2360 2416 248 2590 2757 2908 3029 3165 3530 4173 724
1763 1889 2037 210 2147 2448 3559 3616 3666 3849 4544 539 770
1023 1186 1274 1877 1949 1993 1995 2078 2162 2175 2306 2637 2664 2807 2927 3029 3167 3216 3265 3300 3370 3568 3895 3922 3988 4049 4179 4213 4234 4312 4403 4609 4630 4670 472 486 859 898 941
1244 1509 1550 1628 1659 1799 1816 1841 1851 1871 1903 2095 2162 2249 2301 2369 2411 2429 2595 2794 2824 283 2899 2934 3111 3150 3262 3289 3420 3422 345 3647 3736 3800 4068 426 4291 431 4523 4547 4605 4725 4822 4845 4860 4911 4928 502 893
1074 1125 1335 1786 1820 2498 276 303 3175 3244 3371 3533 3569 3720 4026 4081 4277 4441 4754 485 4857 4989 55 647 856 971
115 1630 1822 2258 2350 2603 3322 4906 600 633 89 959
1670 1758 1961 2029 211 2214 236 2391 2502 2656 2792 3008 3320 3338 3451 3462 3606 3714 3727 383 3836 3914 3999 4197 420 4335 437 4433 4491 4612 4650 4770 4774 4806 4892 4950 4974 50 580 768 857 861 979
1383 1988 2013 2254 2264 2523 2784 3785 3791 3899 4055 4205 4463 500 521 670 694 841 994
1157 1159 1287 1430 1968 2063 2959 3994 434 4379 684 724 806
1010 1112 1170 1370 1539 1566 1582 1624 1764 1779 1936 1946 2132 2293 2759 2852 2879 29 2933 2984 3245 3274 3288 3466 355 3698 3742 392 3961 3978 4005 4169 4172 425 4299 4420 4422 4432 4435 4565 4994 4996 529 581 677 871 936
1079 1396 1512 1726 1814 2061 2063 2937 3009 3077 3652 3850 4403 4545 4562 4615 71 841
1150 1264 1311 1346 1573 1629 1744 1867 2003 239 2907 3159 3183 3205 3347 3371 3494 3517 3958 3970 4090 4419 446 4628 4709 4740 490 549 900 965
1208 1289 1375 1434 1666 1786 1861 1999 207 247 2572 2657 2838 3052 3118 3274 3305 3548 3840 3976 4665 4894
1061 1869 1949 2096 2206 2231 2538 2709 2892 3056 3474 3483 3513 3870 3995 455 4705 4759 496
1087 1123 1230 1359 1484 1780 1982 2077 2270 2297 2340 2354 2377 2468 2697 2772 2795 2910 2917 3004 3046 3060 3241 343 3451 3491 3527 4041 4043 4066 4079 4379 4426 4580 4607 4655 4702 4792 54 631 705 713 729 931 935 990
1012 1014 1092 1242 1504 1533 1755 2136 225 2301 2498 274 2773 295 3036 3104 3462 3479 3537 363 3653 371 3778 3995 4010 4079 4163 4212 4276 4361 4468 4492 4521 4699 725 980
1013 1044 1116 1385 154 1581 1631 1774 1876 1897 251 2531 2633 3204 3224 3228 3248 3484 3642 4052 4058 4125 4335 4368 4456 4481 4843 4987 645 780 847 901 977 995
1121 1392 1414 1537 1646 1816 1896 1912 1952 2217 2261 2387 2405 2486 2563 2796 2828 2834 294 3053 3112 3131 3137 331 3400 3402 3478 3534 3646 3827 3848 3856 3870 3938 4126 418 4258 4855 4998 546 790 959 970
1265 1373 1438 1472 1936 2336 2696 2698 2764 2816 285 313 3231 3248 3315 3404 3452 3489 3668 3736 3792 3950 4335 4343 4589 4705 4854 4954 534 595 733 921 954
1031 1420 1653 170 1741 2213 2369 2744 2930 3182 3201 3218 3353 3478 3492 3510 3523 3644 3867 3958 3985 472 4744 4768 4940 4942 584 730
1121 1354 1715 2049 2362 2936 2951 3060 3490 3627 4486 590
1742 2530 2539 2774 3246 34 3477 3644 4139 4253 4633
1028 1148 1350 1504 1801 1952 2036 2292 2317 2414 2439 2748 2840 2869 3096 3604 3808 4012 4080 4410 605 717
114 1174 1205 1271 1331 1367 1771 2135 2363 2512 2670 2725 3144 3450 4965
156 1773 1870 1889 2045 235 2560 2674 2744 283 3205 3245 358 3604 3718 3985 4502 4811 4845 9
1125 1180 1207 1341 1567 1719 1938 2212 2517 2533 2769 3322 3411 3458 3475 3586 3874 4108 4763 4784 849 916
1069 1291 1472 1473 1959 2221 3143 3215 3254 360 3787 4139 4600 4827 784
1260 1510 1730 1894 1923 2407 2417 2497 2598 2783 3011 338 3614 3688 4209 4360 4914 770 773 916
149 1600 1797 252 2687 2891 2909 3608 3678 3879 4190 4424 4481 748 809
108 1260 1312 1367 139 1530 1576 1679 1822 1880 2349 2510 2615 2757 2983 3010 3334 3434 3469 3494 3680 3739 3841 3898 4011 4082 4147 4158 4421 4679 4735 4751 4770 4875 4984 537 800 95 953
1062 1301 1562 2028 2187 2231 2494 3008 3082 3790 3798 3975 4127 4370 4552 4891 503 87
1187 1560 1651 2033 2785 3130 3611 4018 407 654 71
1115 135 1447 1504 1557 1638 1919 1992 28 2909 3094 3233 3321 3421 3572 3737 3921 4338 4663 4963 727 945
1054 162 2222 325 3944 466 4706 4717 666 784 837
1000 1093 1275 1621 1716 1815 2097 2156 2201 2206 2286 2390 2484 2498 2532 257 2617 2896 3155 3238 3271 3364 371 3773 3877 4191 432 4355 4498 4599 46 4627 4783 4786 4915 4926 4940 4944 527 678 691 720 94 975
1197 1867 2398 2833 2879 2885 3326 3408 3587 3599 3920 4305 4396 4401 4761 4841 862
114 1303 1428 1496 1636 1835 1887 1898 1949 2013 2023 2027 206 2115 2128 2341 2484 2535 2586 2791 28 2935 307 3094 3130 3505 3741 3942 4021 4090 4163 4301 4723 4802 4803 4820 4836 4850 4903 529 636 811 819 966
1248 1300 1365 1456 1565 1839 2319 3208 3636 3654 3740 4235 4391 4977 588 64 765 832
1675 1944 3357 3781 4280 4463 4594 4745 4765 4902
1131 1329 158 3074 3669 3758 396 4361 4755 4858 4927 4970 662 905
1140 1346 1562 1614 1708 2573 2744 3157 3265 3308 3487 3500 3703 3863 4119 426 4594 4613 956
1168 1210 1965 2682 2818 2885 3201 3444 3583 3895 4582 4584 4627 4720 4960 748 820
1010 1209 1376 1443 2268 2451 2537 2584 2626 2652 2785 2865 2898 3000 3291 3297 3608 3723 4271 4768 4886 547 653 775 872 928 939
106 121 1281 1366 1526 1608 1680 1683 1699 1983 1995 2032 2102 2175 2355 2376 2913 3074 3134 3440 3452 3550 3894 4111 4480 4498 4605 4888 4928 494 523 589 590 604 636
1086 1472 1481 280 2800 3168 3176 345 3562 3667 3875 4077 4868 587 610 711 957
1131 1156 1394 1455 1528 1580 2179 2582 2623 2699 3298 3652 4048 4499 4533 4554 4577 4613 4697 4737 4819 4857 4872 4965 56 654 770 881
1016 2297 2415 2523 2964 3209 3242 3297 3338 4353 4915 873
1022 1149 118 168 1703 1746 1756 2003 2004 2107 2613 2676 2713 2826 316 3383 344 3620 3863 3933 3977 4168 4225 4259 4280 4375 4591 4682 4807 736 755 912
1002 1324 1742 1975 2333 2428 2763 297 3036 4102 4930 4962 507 866 927
1021 1294 1299 1300 1366 1667 1884 1890 2138 2150 3214 341 3947 4170 4474 4694
1009 133 1664 252 2641 3206 3387 3644 3647 3754 4043 4085 4898
1014 1048 1057 1212 1382 1530 1537 1779 1955 2105 2212 2625 3022 3079 3118 3326 3333 3345 3466 3494 3605 3881 4598 4726 4801 4883 637 68 833 90
1094 1252 2018 2262 2446 2490 2498 270 2818 3370 3377 3392 353 3761 4020 4123 4220 4496 4752 627 628 682 960
1567 1579 1675 1729 2135 2304 2352 2357 2361 2584 2665 2752 3027 3031 3062 3947 407 409 4116 4154 4177 4413 4579 4597 4624 4645 4714 4848 4857 4953 509 818 876
1217 2105 2378 245 2815 2981 3096 3244 3288 4383 4910 775 928 941
1008 1009 1021 103 1114 1122 1377 1434 1468 1593 1690 1695 1733 1910 1939 1967 203 2092 2263 2482 2753 276 2914 2927 2997 3041 3102 3186 3195 3431 3592 36 3806 4051 4094 4151 419 4652 4747 4845 523 635 647 651 776 868
1278 135 2200 26 2739 281 3000 3454 3628 398 4059 4153 4585 4608 465 529 546 785
1131 1132 120 1229 1675 1866 2055 2113 2379 2634 3119 4158 4176 4244 4719 4772 4877 4878 637 734
115 1184 1746 1762 1829 2277 2449 2545 261 2817 3229 3392 3525 3545 3658 4013 4028 4061 4434 4889 4898 745 883
1146 1245 1247 1415 1452 1476 1542 1605 1659 2116 22 2326 2350 2416 2453 2535 2777 2805 2841 2852 289 2914 296 2976 3051 312 3159 3276 3289 3346 3451 3477 3667 3734 3828 3966 4016 4099 4170 4474 4528 4578 4641 4661 4716 614 790 867 92
1028 1090 1221 1308 1522 1552 1742 2115 2154 2398 2664 2874 2893 3443 3591 3918 3937 4227 4247 4297 434 4440 47 4780 638 837
1419 1421 1694 2294 2590 2747 3345 3404 447 4541 532 715 886 967
1017 1032 1086 1320 1351 1555 1615 1745 184 2014 2226 2333 2515 2532 2543 2601 2826 3317 3345 3409 3594 3691 3854 4062 4347 4363 4677 570 63 652 668 940 959
101 1095 1731 2412 2740 328 3325 3580 3611 3910 4072 4333 4342 4411 4666 532 647 70 847
1616 200 2107 2111 2523 2605 2645 274 2921 2948 2994 302 3105 3387 3576 3625 4000 4350 4384 4398 4550 4678 4692 4746 4817 4870 4990 629 660 688 721 745 787 888 900 915
1073 1373 1478 151 1536 1582 1614 1991 2004 2064 2095 2300 2465 2501 2757 2818 2863 3338 3374 3452 3456 361 383 4011 4206 4270 4469 4613 4691 4815
1049 1072 1099 1586 1680 1835 1950 2097 2137 2238 2380 2436 2715 2961 3199 3674 4275 4322 4366 4367 532 591 699 734 98
1007 1155 1175 1233 1388 1389 1479 1513 1903 1922 1953 1984 1996 2492 2520 2761 2768 2832 2878 2992 2999 3092 3210 3440 3531 3921 4205 4274 4293 4465 4541 4563 4578 4653 4676 4765 4793 4826 4856 4873 4955 4959 503 606 668 850 914 96
1019 1416 1453 1492 1552 1591 1626 1722 1752 1789 2193 2338 2414 2442 2667 2838 3082 3191 3256 3459 3540 3673 3863 4022 4087 4150 4184 4519 4598 4604 4627 4639 4640 4662 4681 4758 4785 4851 4885 4935 657 799 836 953 958
1673 1728 1822 2054 2120 2187 2379 2663 3001 3073 3430 3556 3743 3869 3928 4061 4065 4169 4416 4502 4508 4648 4709 4749 4831 4969 504 56 599 718
1670 189 1928 2025 2141 2327 2694 2804 2856 2909 32 3212 337 3722 3776 3986 417 4176 4220 4470 4486 4497 4545 4747 4859 4920 637 776 829
1104 1407 1846 2424 2475 2508 3137 4674 4969 600
1129 1592 1891 2091 2126 2543 3000 343 4360 4831 4915 622
101 1198 1227 1401 1429 1455 1474 193 2325 240 2401 2538 2575 2604 262 2663 2679 2782 2894 2977 30 3028 3047 3106 3173 3268 328 3421 3424 3439 3538 3667 3776 3887 3943 440 4552 478 533 536 721 799 856 87 870 875 979
1025 129 1573 1586 1686 2386 2405 2514 265 27 2727 2739 3465 3875 4699 515 583
1166 1198 1230 146 1536 1541 1729 2 2032 2034 216 2363 2375 2524 2698 2796 2944 3226 3301 3363 3503 351 3573 3917 3987 4577 4615 4655 473 482 4829 4878 4909 760 940
1106 1121 1302 149 1536 1751 1971 1973 2098 2162 2196 2297 2395 2583 2584 2591 2645 2750 2829 283 285 2935 2962 3060 3191 3212 3304 3342 3400 3420 3425 3488 3583 3755 3954 4089 4253 4482 4590 471 4879 4917 4972 4988 577 783 822
1273 1386 1483 173 1734 178 1850 1871 2160 2256 2382 2492 3234 3322 3542 3651 3694 3718 3776 3801 3821 3985 4442 4467 4836 4869 4887 493 623 843
1747 203 2736 3030 3163 3357 3678 3799 4109 4463 4584 4802
1301 2670 2801 3016 3021 3267 3679 3782 4137 4332 4665 4943 4980 73 763
1311 1452 1482 1872 2214 2241 2324 2422 2651 2728 2773 3213 3423 3575 3989 4225 4391 4485 4859 965
1334 1495 1556 1620 1654 1655 1805 2519 3128 3195 32 3337 3698 3842 407 4077 4104 4137 4254 4371 4454 4532 4584 4652 95
1365 1493 1516 1618 1756 1776 1974 1988 2353 2474 2491 2567 2888 3019 3210 3403 3569 359 3735 3798 4034 4069 4104 4114 4168 4503 4586 4587 4598 4799 4927 4954 721 809
1258 1415 2145 2650 2766 2813 2852 3453 3706 3892 4034 4133 4309 4311 480 4901 4975 670 977
1073 1091 1094 1159 1201 1230 1447 1615 1658 1716 1767 1793 195 2002 2030 2255 237 2392 2492 2572 2588 2619 2640 2669 2677 268 2692 2792 2879 3250 3428 3567 3577 3798 387 3943 4105 4171 4331 4523 4782 4801 4901 4919 4930 834 91 916
1435 1615 2223 2521 270 2894 3164 3208 3590 387 4067 4215 4477 4977 4982 512 526 660
1130 1384 1921 2662 3240 3272 3318 4668 4687 4914 887
1371 1379 1565 1713 1808 1973 201 2051 2100 2142 2303 233 2535 2695 2707 2723 2724 2870 2947 3196 3213 3462 3550 372 380 3835 391 3940 4049 4092 4097 4604 4654 4671 468 4717 4731 481 4866 4914 606 900 961
1065 1262 1589 1654 1680 2029 2083 2142 2184 2279 2298 3552 3683 3941 3942 3977 4064 4213 4225 4569 4691 4706 521 647 686 703 753 94 954
1183 1197 1263 1752 2113 2846 3061 3096 3577 3655 4286 4607 4649 518 710 859 882
103 1210 166 171 1911 1970 2041 2477 2517 2685 2771 3201 376 4000 4007 4157 4520 457 4571 4826 4827 513 539
112 1222 1259 151 1950 253 2798 2918 3249 3583 3849 403 4168 4483 850 940
1055 1340 1627 1670 1671 1858 1861 192 1982 205 2050 2115 2170 2412 248 2615 2995 3212 3573 4036 4279 4500 553 692
1507 2226 253 2601 2969 3360 3790 3840 3841 4282 4741 4889 799
1448 197 2078 2128 2150 2180 2333 2478 3151 3375 3478 35 3758 3972 4031 4303 4312 4371 4414 4433 4604 4898 4944 4955 538 672 849 897 998
1082 1100 1145 1177 1688 1836 1982 2 228 2357 2496 2607 2671 2907 3086 3200 3319 339 3670 3687 3721 3746 4223 4262 4363 4398 4454 4712 4743 4784 4861 4957 503 611 758 8 989
1079 1106 1135 1599 2555 2888 3057 3263 3730 4081 4372 4877 4979
135 1561 165 3325 3457 3760 3841 422 4247 574
1203 1212 1497 1513 1667 1871 2397 2477 2655 2674 2826 2853 2988 3062 3107 3310 3348 3413 3456 3633 3908 4016 4083 4192 4387 4429 4442 4835 4880 4893 4913 4924 625 634 653 767 775
1012 106 1422 1437 1441 1442 1448 195 232 2512 2631 2696 2749 2819 2821 292 2967 3088 3285 33 3313 3365 3368 3465 3486 3511 3815 3830 3992 4043 414 4200 4422 4483 4507 4697 4771 4781 4912 4933 4946 4981 616 736 777 85
115 1235 221 2396 278 2780 2979 3424 3444 3705 3886 4198 4287 798 826 916
1594 1730 1841 1952 2453 255 262 308 3162 3581 3784 3955 3973 4030 4116 4238 4608 568 604
102 1382 1484 15 1816 1848 2183 2424 2569 2735 2817 2819 3025 3048 3103 3233 3247 3259 3361 3372 3896 3911 3947 4036 4077 4085 4119 4130 4455 4479 456 4720 4748 4811 4842 4915 4919 4949 934
1075 1256 1260 1773 2001 2267 2706 2917 2928 3162 3652 3821 3879 3941 3970 4281 4937 562 833 896 918 943
1436 1477 1975 2367 2469 2566 4372 4409 4424 4669 4804 731 910 951
1053 1089 1286 1553 1667 1742 181 1882 1928 2219 2311 2412 2625 2820 3099 3346 3447 3605 3656 3710 3938 4162 4165 4319 44 4508 4849 4975 583 669 670 698 789
1094 1297 1753 183 2095 2102 2458 2684 2729 2901 3199 3250 3374 3434 3899 394 889
122 1379 1404 1665 1991 236 2421 2633 327 3405 3548 3799 3889 4103 4107 4233 4518 4635 4682 4706 4910 639 824
100 1058 1088 127 1289 1355 1437 2004 2464 2475 2614 2639 2662 3094 3123 3320 3607 3759 3942 4044 4062 4082 4275 4326 4439 4700 496 547 62 697 802 860
1438 1624 1723 1772 1953 2148 2184 2260 2340 2428 2444 2660 2674 2809 2841 3074 3116 3587 3778 3825 3840 4092 4142 4176 4177 4364 4401 4406 4409 4467 4661 4702 4736 4739 4803 4893 4997 6 67 679
110 1172 1383 1455 1467 1579 1745 1764 1792 1869 1872 193 2292 2310 2577 2778 2798 2871 29 3317 3374 3377 3522 3741 3857 4134 4170 4186 4284 4306 4308 4344 4606 4695 4697 4779 537 599 617 790 923
1139 1205 1233 1474 1538 1674 178 1832 1850 1867 1912 1957 2194 2201 2319 2479 2635 268 2695 2715 2765 2770 2806 2812 3114 3285 3707 3830 3881 39 4083 4088 4128 4321 4477 4508 4576 4581 4641 4730 4797 661 674 774 795 857 905 907 908
1021 106 1360 2303 2560 3030 3088 3525 3638 4001 403 4075
1090 114 1494 1505 1711 1736 1867 1878 2051 2062 2202 2230 2232 2760 2974 3080 3111 347 3480 3918 3955 4063 4766 4896 496 4995 645 66 723
1281 1454 1560 1791 2079 2128 2157 2316 2566 2667 2787 2864 3056 3161 3539 3718 3870 3925 4527 4585 644
1079 1116 1192 1442 1454 193 2114 2151 3403 3723 4668 999
1050 1309 1518 2421 2871 3310 3390 3948 3978 4134 4409 4576 4669 4950 877 985
1127 1257 1645 1669 1747 1750 1751 2006 2115 238 244 2540 2697 288 2897 2948 2959 3078 3099 3199 3289 3325 3487 3727 3816 3939 4370 4426 4827 671 710
1233 1495 178 204 2106 2153 2229 2448 3162 3202 3457 3647 4384 4530 660 745
1582 2123 2531 3084 3219 3444 3561 3788 3821 4414 447
1882 2292 3055 3122 3175 3642 4119 4227 4961 4973
1547 1838 1873 1884 2306 3026 3460 3910 4158 4855 4945 914
1106 117 1197 1203 137 1377 141 1453 1481 1728 1858 203 2090 2157 2267 2466 2502 2596 2755 2756 2859 3305 3403 3505 3919 4114 4375 439 4448 4470 4518 4622 4628 4712 4927 4968 661 768 908
1044 1081 1084 1252 1305 1549 1658 1808 2129 2208 221 2306 2857 3053 3189 3260 353 4497 4559 4582 4707 4795 4894 4930 4938 4945 4969 558 791 918
1096 1158 1432 1483 1567 1637 1747 1784 1874 1899 1911 2000 2161 2332 2337 2408 246 3150 336 3417 3549 3797 3815 4024 4058 4089 4116 4203 4265 4310 4522 4523 471 4747 4814 4866 4918 541 649 70 778 920 932 98
1047 1137 1637 2390 2813 2990 3399 3706 3880 410 4151 459 831 890
1023 1169 1398 2986 4256 428 4336 4962 952 982
1397 1438 1488 1569 1739 1832 1910 2002 257 2650 3050 357 4325 4798 708 742
1236 1322 1377 1487 1655 1738 2143 2148 2206 2220 312 3173 3304 344 390 428 4332 4712 4893 4960 602 619
1108 1212 1336 1448 1498 199 2068 2376 2728 2784 2800 292 2925 3047 3054 307 3179 3186 3228 3436 3525 3645 3909 3917 3927 3949 3955 4007 4058 4212 4256 4708 4885 4934 4964 4977 4998 543 67 677 729 774 794 83 865 920 967
1049 1189 1381 1891 2134 2494 2527 2630 2738 290 2953 3522 3619 3905 3954 4342 4361 4463 4649 4878 6 892
1761 1945 2084 2363 2573 258 2580 2701 3080 3178 3204 3635 4719 4730 88
1064 1114 1295 1732 1846 1936 2200 2236 2444 2708 2885 2988 3446 363 4112 4451 4578 4662 4764 4806 4985 646 760
117 1433 2003 2734 2770 3133 359 375 3862 4053 4113 4225 4440 700 831
1448 1514 1566 1876 1948 2942 3367 3728 4003 4243 4707 4971 4984 4985 907 986
1162 1464 1630 2217 2264 2478 2554 4412 445 4728 656 67 902
1136 1224 126 1301 1383 1731 186 2090 2174 2178 2224 2421 2456 375 3828 3836 4252 4301 4462 4633 4989 526 602 9
1216 2083 2830 3017 3474 3853 4348 4923 521 547
1044 1063 1128 1373 1953 2006 4938 558 77 934 956
1258 1513 1618 1628 1700 1756 2051 2223 2253 2371 2639 277 289 29 2907 30 3037 3047 348 3596 3659 3767 3781 3799 3960 4011 4097 41 4105 4192 4362 4485 4544 5000 703 845
1016 1693 1790 1976 249 2683 2932 3340 3494 3572 3805 3911 4528 453 4948 559 668 760
1287 1346 1998 2472 3107 3278 3812 3962 4409 4538 4583 460 4632 4649 571 698 902 966
1054 1238 2863 330 3424 3479 3733 401 4205 4378 4521 4869 553 607
146 1560 1606 1861 190 1920 2408 2523 2835 3326 3601 4754 628
1027 1066 1127 1316 1327 1384 1400 1472 1712 173 2058 2096 2139 2159 2245 2260 2293 2569 2601 2631 2881 2940 3066 3177 3215 3291 3562 3717 3745 383 4007 4021 4023 4060 4175 4306 4308 4319 4458 4461 456 4653 4722 4851 553 567 634 764
1330 1530 1656 1673 1696 1745 1913 2020 2140 2198 2226 225 2260 2278 2381 240 2527 254 2773 29 3191 3277 3300 34 3530 3630 3739 3749 3866 3945 4055 4081 4280 4329 4473 4529 4539 4548 4590 4646 4691 4761 4853 4867 549 703 794 8 87 961
1268 1360 1433 1545 1557 1563 1788 1883 1891 2314 2453 2576 2687 2743 2825 2916 3208 3331 3405 3414 342 3695 3863 4125 4308 4626 4733 658 670 723 870 943 944
1359 1964 2166 2427 2617 3013 3129 3263 3302 3707 379 3837 4576 702
1377 1554 1575 1579 1664 1753 1904 1912 1938 1962 2017 2060 2072 2102 2176 2178 2337 271 274 2747 2926 3299 3484 3504 3808 3872 3888 4013 4154 4316 4324 4365 4568 4616 4681 4724 4750 4961 4975 4980 4988 558 58 619 661 711 735 876 894 95
1041 1068 1130 144 1499 1557 1705 2051 2136 2367 2657 2746 3026 318 3302 3479 3515 3890 3994 4155 4377 542 593
161 1677 1779 2392 3033 3934 4420 455 466 506 732 886
1070 1125 1200 1240 1466 1481 1484 1704 1814 1869 1953 205 206 2125 2355 2439 2470 257 2573 2602 2626 2730 3058 3260 3291 3332 3458 3548 3575 3793 3969 4016 4104 4258 4277 4370 4414 4506 4744 4805 4888 4899 4902 4928 637 731 872 931 954
1117 1227 1457 1470 1679 1719 1847 1997 2110 2330 2446 2916 3621 3790 3920 3931 4393 4418 452 4629 4683 4708 4813 4848 4899 787 818
1006 1294 175 1805 2059 2510 2860 3428 3928 4429 4688 667 733 774
101 2324 2525 2653 3036 3122 3140 3368 3572 40 4129 4206 4269 4447 4592 4623 486 862
1333 1465 1802 244 3091 3104 3160 3686 4877 4890 976
1004 1071 1189 1257 1288 1334 1561 1580 1585 1630 1678 2141 25 2938 3062 3200 3375 3384 3623 3861 4074 4342 4402 4520 4893 753 812 981
1071 1347 1348 1371 1498 2002 2383 253 2850 2935 3400 354 3567 3759 3888 4386 714 724
1200 1372 1464 1772 1887 1902 2083 2289 2363 2441 2938 2985 3038 312 3176 3375 4229 4342 468 506 570 956
1018 1081 1200 1284 1430 1435 1489 1613 1813 1931 2041 2113 222 233 2413 2515 2550 2694 2745 2796 2883 2939 2980 3186 3236 330 3355 34 3568 3592 3939 398 4148 4250 4288 4714 4831 4882 49
1154 1156 1761 1767 1920 2005 2188 2342 2390 2627 2700 2796 3249 3288 3327 3816 3980 4341 4620 4654 4711 4723 4766 4855 486 4968 890 94
1301 1308 1414 1530 2063 2119 236 3032 3533 3552 3741 376 3769 3784 4355 4516 4805 4905 520 694
1524 1621 1714 1949 1967 2096 2192 24 302 304 3151 3204 3471 3608 3614 3826 3880 3946 4169 4643 4651 4690 4850 4851 4892 4921 954
1181 1317 1330 1361 1808 1870 1973 2828 2955 3133 3315 3385 3485 353 3853 3876 4206 4262 4275 4454 4519 4521 4536 4687 47 4772 4988 531 620 727 84
1222 1424 2084 2367 3325 3369 4310 4351 4783 664
1009 1211 1407 1473 1521 1835 2385 2800 3170 357 3813 3877 3957 4029 4099 417 4275 4352 4735 492 4959 596 918
1004 1584 1628 1691 1711 1737 1756 1759 1952 2475 2494 2599 2668 2923 2961 3227 3509 3521 3815 3819 3895 4107 4208 4271 4334 4420 4542 4564 4567 458 4655 4705 4706 4766 697 887 895 907
129 1473 1551 2185 3062 3357 3740 3973 4114 4332 4503 4931 567
1425 1623 2132 2154 2155 2170 2382 2896 3307 4075 4621 4912 680
1000 1564 1937 1969 232 2446 2502 2574 2647 2657 2658 2728 2995 3005 3085 3110 3509 3560 3568 3600 3696 3808 3876 4133 4169 419 4249 4355 4528 4543 4715 655 736 762
1280 1381 1529 1731 1977 2133 2235 2478 2520 3044 3220 3229 3241 3886 4213 4308 4570 4661 4713 4725 4949 4990 883
1728 2362 2511 2689 3253 3714 3733 4200 4281 493 844
151 1641 1755 212 3209 3239 3250 36 3612 3634 3711 3992 4000 4486 4554 4907 4955 4956 662 815 911
1177 1538 1748 1772 2327 3395 3706 707 826 967
1080 1482 1496 1516 1665 1760 178 1795 1943 2403 2465 2468 2588 2845 2966 2979 3127 330 3322 3451 3673 3689 3792 3921 4127 4257 4629 4707 4785 4799 480 568 780 859
1030 1059 106 1280 1591 1635 1645 197 2034 2723 2759 2856 2926 2980 2994 3299 3388 3433 3512 3551 36 3701 3814 3995 4085 417 4304 4426 4477 4538 4593 4699 4745 4929 4961 546 786 812 872
1056 1073 1308 1359 1441 1443 1566 1580 1610 1612 1672 211 2126 2160 2330 2428 2509 2612 2652 2795 2994 3102 3185 3199 3245 3327 3657 4064 4109 4136 4422 4528 4620 4623 464 4739 4765 487 4883 624 784 926 96 983
1185 1990 2109 2175 2557 311 3115 3543 4642 802
1285 1407 1413 1461 1758 2225 2709 2955 3034 3089 3510 3556 3661 3666 385 4221 4313 4405 4752 4790 4850 4900 495 4979 823 849
1033 1041 1410 2030 2484 2758 2776 3016 3147 33 3308 3438 349 3575 3879 4260 4610 483 58
1464 1635 1688 1784 1845 186 2343 2711 2855 2958 3315 3360 3676 3714 3920 4442 4455 4466 4635 4651 473 855 874
1010 1076 1137 1240 1313 1620 1679 2015 2272 2631 2943 3245 3466 3767 3911 41 4187 4274 4369 4899 4990 608 723 947 963
1029 1154 1387 1473 1614 1655 1740 18 1805 1812 1874 2053 2224 2247 2759 2842 289 2933 2963 3081 3189 3430 3578 3650 3758 3944 3997 4095 4348 4369 4391 4471 4487 4502 4511 4517 4544 4773 4811 4916 4922 4956 822 830 98 999
1130 1227 1265 203 2161 2295 2893 2938 3251 3331 3552 371 3928 4053 4156 4547 459 464 671
1023 1029 1238 1286 1367 1488 1490 1495 1518 1521 1900 2249 2431 2443 2469 2565 2579 2593 2613 2697 32 3287 3406 3513 3547 3768 3811 3909 431 4609 4665 4778 4895 523
1027 1298 1469 171 173 1766 1795 2052 2094 2403 2499 2504 2579 2602 2706 2759 2792 2868 3052 3171 3231 3278 3323 3367 3388 3509 3543 3558 3640 3833 3949 4042 4406 4407 4456 4482 451 4609 4712 4784 4804 4874 4932 568 793 882
1036 1169 2647 2886 3552 3622 3839 4374 4418 915
1302 1376 1429 1887 2197 252 2573 2645 2947 2995 3536 3588 3589 3595 4371 6 820 908
1625 2019 2105 2110 3215 3304 3418 3439 3859 4086 4311
1198 1281 1521 1607 2649 2717 2949 2950 3021 31 3187 3412 857 949
1544 2204 2254 2386 2772 2881 3209 3229 3357 3771 3987 4611 52 590 663
1470 2057 3775 4104 4374 4655 469 4971 4974 668
1034 1386 1751 1864 2021 2574 2604 3213 3392 3705 3714 4021 4049 4098 4163 4230 4461 4997 576 873 914
1034 1096 1116 1186 1237 1344 1391 1501 1605 1635 1758 1881 1967 1971 1985 2229 2242 2424 2572 280 2834 2857 2920 2924 3041 3156 3302 3640 3649 38 4066 4072 4325 4516 4693 4821 4836 4838 4908 4941 684 998
