1189 1300 1420 1536 1584 2129 2146 2254 2355 32 3549 3640 3712 3848 3905 3978 402 4067 4219 4289 4415 4529 50 54 642 723 
114 1465 1621 177 1879 2091 2117 2123 2187 2313 2375 2415 2697 2721 2850 2881 3137 3240 3266 334 3420 3578 3658 3861 4025 4073 4086 4225 4292 4327 4538 4666 4671 4856 4909 4937 4950 4958 58 644 750 753 765
1008 1073 1195 1227 1256 127 1315 1521 1546 1556 1594 1749 1806 1920 1924 2283 2830 2920 2976 3114 3580 3610 3863 3943 4339 4372 4685 4745 516 526 700 705 72 870
1089 1146 1160 1295 1333 160 167 1737 1844 2499 2566 2646 2740 2805 2822 2867 3008 3161 398 401 4042 4144 4315 4382 4556 480 499 558 694 86 950
1175 1225 1368 1419 1476 1517 2291 2445 2482 2567 2906 3154 3192 3260 3613 3707 3799 4112 4323 434 4483 4498 4560 4563 4884 539 995
1043 1104 113 1177 1255 1383 1431 1595 1739 1772 2 2220 2295 232 2435 2551 2646 2701 278 2857 305 3058 3350 3411 3709 3923 4291 434 441 4497 4750 4762 4844 4870 4871 490 601 663 676 94 942 958
1024 1173 1253 1660 1758 1766 1866 1919 2003 2021 2066 2227 231 2438 2550 2580 2604 2609 2643 2795 2831 3140 3473 3597 3740 3772 3871 3909 4010 4064 4100 4101 4184 4264 4290 4352 4416 4637 4852 4866 4950 4963 758 856
1139 1218 1373 1432 1463 1531 1600 1742 1837 2103 2161 2288 2403 2425 2565 2604 2612 2742 280 2902 355 3554 3624 3639 3928 4017 409 4102 4237 4255 4278 4578 4817 529 710 898
1046 1097 1173 1397 1771 178 1797 213 2139 2430 2493 2639 2652 2669 314 3156 3275 3401 3531 3865 3989 4063 4230 4436 4600 4658 4712 540 549 656 70 951 955 960
106 1232 1282 1500 1530 1694 1784 1805 2303 2798 284 2964 2987 3149 3155 3163 3302 3668 3790 4309 439 4472 4516 4852 4984 624 980
124 1329 15 1702 1789 1929 2034 2077 212 2130 2155 2169 2262 2264 2473 2575 2674 2770 2848 2905 2994 3007 3108 3205 3249 3448 3451 3757 3844 3924 3936 3943 406 4186 4324 4342 4443 4493 458 4605 4619 4634 4779 541 61 683 812 821 833
1062 1137 1379 1641 1758 1797 1932 1942 1983 2193 2405 2816 2864 3014 3083 3316 3324 3329 335 4288 801 819 919 952
1195 1221 1237 1250 1495 1589 1748 1883 1897 1940 1957 199 1998 2000 2048 2049 2064 2112 2127 2137 2157 2165 2185 2188 2223 2459 2506 2619 2634 2671 2704 2726 2792 2802 2842 2861 29 2929 2980 3034 3115 3241 3303 3374 3423 3459 3474 355 3802 3810 382 3968 4014 4079 4123 4175 4244 4302 4397 4462 4478 4605 4632 468 4701 4737 4792 4870 4959 4984 526 574 748 805 873 945
1000 1033 1052 1071 1090 1092 1151 1197 1265 1384 1415 1627 1635 1864 2013 2014 2067 2317 2539 2644 2647 2854 2863 2913 2954 3021 3144 3168 3178 3180 3276 3330 3453 3511 3539 3560 3582 3666 367 3771 3787 3919 3930 417 4355 4431 4470 4730 4759 4793 489 4930 4939 4977 531 55 565 570 571 7 719 815 845 858 930 940
1083 1102 1124 1142 1146 1149 1164 1180 1183 1220 1231 1244 1262 1382 1385 1434 1438 1447 1449 1460 1543 1739 1808 1810 183 1861 1921 1947 1958 2012 2146 2181 2189 2220 2320 2321 2347 2467 2470 2481 2556 2668 2748 2825 2849 2882 291 2921 2962 3 3097 3284 3338 3388 3478 3494 36 3628 3657 3663 37 3708 3811 3835 3874 3900 3999 4038 404 4069 4120 4268 4358 436 4388 4406 4431 4558 4696 4724 4749 4757 4770 4801 4814 4818 583 631 641 745 810 832 833 928 964 977
1208 137 1490 1533 1539 162 1625 1733 1861 191 2086 2340 2529 2543 2553 257 2677 2696 2753 2822 2857 2871 2887 2914 2948 2957 296 2988 3040 3200 323 3301 3558 3571 3706 3729 3819 3847 3885 3899 3947 4193 4235 4241 4415 4599 4615 4653 4670 4787 4905 4929 497 4979 530 602 630 733 909
1058 108 1093 1204 1228 1239 1288 1329 1353 1363 1451 1555 1641 1664 1786 1835 1916 1949 197 1981 1988 2177 2276 2357 2406 2457 2523 2576 2596 2655 2659 2782 2824 2859 2886 2922 3020 3194 3283 3286 3291 3299 3558 3572 3599 3734 3800 3842 3867 3925 3951 4004 4068 4180 4277 4321 4504 4544 4616 4805 4968 4996 614 842 866 96 970
1372 1388 1418 1553 1677 1701 1786 1851 2113 2121 2271 2367 2410 2556 2564 2767 2819 2828 3012 3139 3466 3518 3551 3638 3777 4057 4097 4143 4211 4245 4252 4383 4527 485 4869 487 4961 4999 536 563 615 924 959
1059 1138 115 1274 1285 1312 1351 1700 1774 1777 1785 179 1795 1830 1831 1874 1950 2011 2081 2082 2123 2141 2214 230 2306 2310 2349 2416 2478 2555 2572 2663 2698 2709 2774 2878 2901 2929 2936 2963 3023 305 3078 3080 3117 3159 3267 3403 3467 3574 3713 3826 3865 3931 3960 4007 4072 4083 4178 4214 4285 4377 4474 4510 4641 4723 4784 4803 4808 4863 4936 504 509 520 556 612 651 718 981
1012 1111 1823 2398 2947 3082 32 3271 3322 3594 3703 3824 4076 4082 4164 4259 4302 4312 4438 4685 4755 784
1078 1180 1192 1348 1360 1381 1462 1484 1487 1686 1744 1827 1864 1888 1914 1932 2078 2145 2154 2199 2215 2274 230 2300 2307 2365 2370 2428 2483 250 2552 2560 2578 2586 2757 277 2775 2828 2840 2917 2973 300 3049 3082 3083 3191 3230 326 3386 3439 3451 3544 3592 364 3707 3761 3805 3818 385 3921 3980 3997 402 4116 4141 4154 4163 4199 42 4213 4243 4341 4364 4409 4475 448 4485 4523 4672 4754 4816 4857 4881 4910 4919 4998 542 607 660 673 799 801 855 860 885 899 909 978
119 1328 1450 1628 1656 1716 177 1834 2050 2311 2413 2525 2563 2569 3001 3103 3414 3597 3636 3818 4208 4346 4373 4983
1063 1072 1154 1276 13 1321 1332 1499 1519 174 1878 1880 2159 216 217 2374 2440 2543 2869 2923 3010 3109 3471 3734 3950 4040 442 4731
1042 1842 1997 2308 248 3095 3445 3450 3509 365 3663 3801 3938 3978 4185 4426 4446 4500 53 633
1036 1108 1141 1330 1829 1970 2633 2741 2927 3055 3096 3524 3552 4108 4639 472 4972 4982 510 546
1047 1148 1522 1543 1803 1951 20 2168 217 2191 2201 2326 234 2358 286 3111 319 33 3549 3948 3956 4145 4266 455 503
1233 1331 1623 1938 2022 2092 220 2488 2739 2891 295 3048 3054 3964 436 4829 4927 768 907 937 998
1019 1045 1234 1347 1567 1590 1607 1637 1764 1867 189 1960 2076 2135 2242 272 2940 3000 3101 3192 3234 3249 3600 3623 363 395 4 4187 4272 4275 4665 4669 469 4766 4791 4810 4854 4858 4899 4916 551 676 754 861 986
119 1326 1394 1445 1508 1695 2402 2605 2691 2952 3044 3229 3379 3470 3733 3855 4008 4301 4499 4697 553
1001 1010 1140 115 117 1182 1318 1327 1358 1388 1393 1395 1455 1551 1559 1570 1579 1685 1852 202 2096 2097 2158 2183 2206 2214 2282 2297 2371 2404 2486 2552 2598 2619 2731 2885 3043 3110 3112 3118 3185 3333 3377 340 3440 3494 3521 3529 3557 3647 3678 3693 3854 3957 4009 4060 4127 4131 4154 4156 420 4204 4260 4261 4306 431 4316 4318 4509 4512 4551 467 4683 4716 4771 4793 4815 4969 4981 513 514 559 612 650 728 806 856 91 979
1038 1043 1057 1111 1120 1270 1551 1559 185 1876 190 1965 198 1985 2005 2018 204 2079 2226 2344 2424 259 2678 2751 2823 2870 2883 2907 2932 2984 2991 3028 3098 3134 316 3238 3337 3344 3360 3415 3450 3539 3716 3800 3850 3928 4006 4155 4224 4229 4260 4273 4310 440 4421 4426 4469 4476 450 4526 4627 4681 4698 4736 4906 4917 502 513 638 643 646 689 841 867 915
1041 1091 1432 1496 1622 1640 1804 21 2108 2187 2343 2419 258 2738 2748 2930 2953 3037 317 3251 3332 3400 3484 3536 3588 3722 4093 4105 4250 4321 4484 4604 477 4816 4888 4991 645 696 767 847 917 958
1176 120 1275 1358 1377 1655 1767 1926 1944 2029 2137 2180 2200 2342 2396 2457 2712 2759 2805 329 3402 3507 3823 4051 4168 4369 4408 452 4559 461 4614 466 481 4949 560 58 629 644 71 759 814 818 860 971
1020 1078 1134 1219 1222 123 1324 1332 1482 1495 1501 1536 1561 1723 1800 1928 1958 1972 2032 206 208 2100 2285 2306 2308 2353 2371 2373 238 242 2599 2601 2624 2656 2793 2827 2877 2909 3212 3232 3263 3285 3296 3347 3373 3473 3548 357 359 3596 371 3728 3959 4035 4162 4166 4213 4253 4378 4455 4482 4536 4569 4654 477 4803 4817 4941 4963 4977 4982 597 610 62 650 66 78 839 867 936
1040 1161 1367 1500 1523 1598 169 1737 1798 194 2051 2183 2219 2487 2492 2773 2789 299 301 311 321 3294 3305 3504 3684 3766 3777 3785 3916 3921 4005 4099 4208 4248 4270 4295 437 4602 4618 4644 4961 996
1 1466 1514 1710 1772 1845 2372 2601 2631 3208 3311 3426 3484 3769 4065 4322 4537 4540 462 4623 4894 599 969
1089 1263 156 1768 1821 1868 2233 2246 2452 3148 3262 3366 352 3569 3655 3790 389 3951 4074 4201 4423 4504 4573 466 4713 550 716 739 930
103 1149 1272 1383 1417 1471 1504 1601 1634 1687 1693 1724 1773 1826 1850 1884 1887 1962 202 2041 2054 2091 2174 2186 2196 2205 2210 222 2290 2328 2361 2433 2434 2542 2559 2642 2706 2747 2795 2799 2854 2873 2961 2971 3031 3050 3060 3088 315 3190 3196 338 3383 3423 3425 3428 3447 3492 3525 3587 3647 3685 3687 3757 3791 3799 3884 3918 3933 4003 4040 4084 4121 4161 4237 4270 4324 4401 4420 465 473 4751 4824 4895 4904 4980 622 693 699 727 741 748 881 896 989
1018 1031 1049 112 127 1302 1437 1614 1624 1698 2141 2166 2238 2785 3255 3265 3503 3518 3606 3742 3785 3795 3804 388 4015 4058 4343 4843 594 986 994
1063 1457 1802 1874 196 2348 253 2683 2778 2874 3384 3390 3528 3704 4088 4250 4263 4655 76 903
105 1254 1313 1337 1390 1479 1577 1633 1659 1663 1720 1763 1803 1848 1937 2038 2234 2260 2279 2321 2390 2476 2713 2781 2791 2815 2880 290 2964 2996 307 311 3132 3170 3175 3201 3216 3499 3532 361 3616 3629 3636 369 3802 3851 3853 3887 3903 3966 3982 4107 4130 4135 4161 4354 4361 4362 4407 4444 4466 447 4550 4576 4613 4645 47 4897 4967 4999 6 616 800 872
1030 1037 1179 1398 1444 1916 2180 2648 2876 2995 3091 3247 3840 4047 4374 4398 4514 586 83 830 917 95
1074 1153 1196 1365 1430 1569 1639 1669 1709 1816 1982 2007 2116 2197 2346 2399 2464 2469 2537 2756 2868 2903 2996 3009 3092 3127 3136 3219 3259 3352 350 3581 36 3605 3657 3666 3694 3862 3910 3935 3973 4022 4131 4162 4307 4391 4418 4488 4542 4733 4886 4887 4925 4928 60 648 690 747 780 871
1069 124 1271 1396 157 1587 172 1736 1855 1927 1930 1961 1999 2161 2166 2254 2286 2330 2393 2394 2425 2527 2584 2610 2685 3172 3197 3433 3534 3590 3674 3696 3699 3827 3830 394 4054 4114 4145 4304 4329 4449 454 4640 4652 4898 4937 4993 578 729 88
100 1002 1029 112 1234 1281 130 1305 1313 1353 1355 1401 1414 1458 1662 1668 1672 1710 1800 1853 1903 1978 2131 2238 2245 2267 2273 2345 2420 2421 2432 2443 2538 2574 2593 260 2689 2714 2895 2902 296 2966 303 3085 3100 3264 3277 3289 3362 3368 3383 340 3418 3428 345 3502 3587 3673 3764 3917 3942 3983 40 4057 4082 4148 4262 433 4337 4353 4376 4383 4419 4453 4469 449 4620 4649 4655 4717 4746 4774 4822 4855 4867 4954 4971 588 662 667 675 712 713 781 809 880 931
1001 1201 1237 1425 144 1453 1568 1583 1610 1658 1684 1860 2070 2148 2213 2241 2255 2329 2449 245 2464 251 2521 2610 2671 2735 2776 2786 2877 2950 2960 304 3164 3228 3254 33 3327 3447 3460 3493 3594 3616 3645 3752 3796 3805 3874 3934 3975 4112 4128 4215 4296 4340 4480 4499 4514 4560 4678 4747 4790 4827 4828 4834 4902 4908 4925 4935 4975 504 617 769 87 927 950 969 982 989
10 126 1354 1814 1817 1862 1934 2053 2095 2096 2164 2177 2336 2391 2440 2706 2931 2945 298 3363 3591 3617 3630 3761 3964 4297 433 4351 4358 4641 4656 4755 523 920
1347 1586 1591 1619 1638 1647 1663 1801 2075 2097 2119 2231 2484 25 2602 2678 3176 3820 3858 3950 4065 4283 4288 4411 4477 512 52 655 826 888 927
1165 1166 1391 1412 1464 165 1707 1732 1829 1857 1933 1993 214 2142 2152 2170 2208 2381 2415 2438 2501 2631 2638 2641 2732 2743 2800 2817 3028 3038 3102 3171 3221 3276 3614 3643 3717 3751 384 3857 3926 4 4034 4058 4085 4165 4196 429 4293 4319 4442 4506 4515 4530 4545 4638 4891 4913 597 603 635 898 925
1239 1254 1280 1357 1440 1510 1511 1545 1672 1692 1695 1783 1849 1889 1999 2033 2186 2381 2447 258 2681 2715 2761 2947 3013 3024 3098 3099 3128 3167 3183 3239 3389 3420 3545 3613 3649 368 3706 3710 3753 3803 386 3911 4020 4038 4150 4209 4228 4306 4343 4365 4393 4422 4548 4660 4695 4734 4859 4877 4951 674 738 749 773 786 823 828 894 954
1084 1242 1338 1343 1456 1531 1581 1621 2026 2179 2259 226 2315 251 2707 2826 3094 31 3125 322 3306 3320 3358 3393 3448 3458 3469 35 3736 3946 4024 4229 4257 432 4760 4800 859 865
1222 125 1410 1428 1487 1719 2 2082 210 2268 2354 2554 2657 3033 3146 3191 3361 3368 3430 3678 3682 3784 3920 3922 3958 3989 4020 407 4109 4113 4140 4309 4801 4839 501 598 67 894
101 1016 1168 1205 1238 1240 1255 1307 1344 1362 1517 1538 1615 1675 1685 1736 1930 1935 1973 1991 204 2099 2102 2173 2203 221 2239 2316 2324 2334 2350 2368 2398 2408 2541 2572 2624 2760 2779 2808 2860 2911 2934 2981 3061 3063 3093 3129 3211 3364 3408 3436 3441 3476 365 3763 3816 3888 3941 3977 4062 4070 4104 4124 4167 4176 4180 4181 4199 4227 4275 4305 4338 4352 4392 4453 4459 4474 4525 4580 4727 4763 490 4900 4931 4955 4969 4974 525 54 663 670 68 717 751 777 807 82 997
1400 1422 1498 159 1605 1651 1659 1753 190 1968 2232 2418 2724 2821 2927 3406 3618 3967 409 4157 421 4240 4332 4357 4394 4899 960
1091 1124 1135 1193 1261 1304 1366 1485 1709 173 18 1834 1984 2000 2101 2132 2192 2209 2240 2247 2296 2403 2540 2546 2549 2551 2561 2589 2664 2683 2736 2812 2855 293 2939 2956 3036 3048 3081 3200 3232 3245 3281 3475 3492 3505 3572 3574 3584 3586 3589 362 3675 3676 3726 3730 3778 3845 3878 3892 3897 3940 4023 4088 4133 4146 4218 428 429 4374 4502 4540 4678 487 4917 4988 63 674 678 771 808
1005 1018 105 118 1298 1322 1404 1409 1415 1462 1497 1565 1566 1612 1779 180 1813 1833 1843 1879 1885 193 2004 2079 2216 2228 233 2450 246 2474 2530 2558 2600 264 2733 2751 2788 2955 3004 3066 313 3160 3309 3378 3399 3514 3573 360 3669 3841 4036 406 410 4141 4182 4252 430 4378 4443 4478 4479 4481 4490 4590 4657 4677 4720 4739 4769 4778 4790 4834 4945 501 519 564 59 625 684 714 736 828 895 900 949 962
1060 1167 1181 12 1323 1482 1616 1820 1884 1925 2041 2054 2083 2088 2313 2583 2613 2700 2786 2841 2963 3016 3051 3103 3123 3162 3181 3265 3335 3349 3407 3456 3500 39 4189 430 4392 4435 4697 4788 495 4955 499 509 669 69 755 766 779 831 848
1034 1121 1133 1183 1211 1303 1362 14 1428 1477 1525 1636 1649 1673 1704 1757 1799 1917 195 2265 2366 2471 2514 2573 2583 2618 286 2888 3036 306 3187 3330 3487 3489 3551 3565 3577 3684 385 3895 4134 4152 423 4248 427 4396 4471 4661 4690 4701 4722 4728 4740 4742 484 4868 4889 4997 528 555 586 743 816 851 868 934
138 1413 1431 1576 1661 167 1769 1841 19 2061 2162 2191 2302 2411 2514 2555 26 2783 2801 3011 3018 3244 3274 3319 3483 3630 3642 3700 3737 388 3892 3906 3962 401 4111 4132 416 4234 4350 437 4402 4555 4661 4667 4673 4688 4709 593 767
1006 1015 1022 122 1248 132 1387 1461 1488 1561 1597 1613 1704 1708 175 1807 1895 1986 2004 2147 2174 220 2294 2372 2402 2417 2429 2650 2686 2756 2838 3059 3084 3210 343 3432 3477 3603 361 3611 3627 3679 3719 3946 3981 4030 419 4347 4407 4473 4738 4768 4829 4841 4855 4879 558 63 678 793 886 9 923
1009 1059 1181 1246 1279 128 1399 1407 1491 1512 1764 1776 1910 1967 1992 209 228 2299 2382 2388 2485 2496 2508 2749 2777 2790 28 3046 3070 3131 3141 3153 3207 327 3318 3434 3519 3524 3538 3637 3712 372 3731 3735 3741 3773 3780 3890 4012 4114 4230 4413 4566 4611 4696 4711 4774 4812 4857 4893 4894 4985 596 618 621 629 734 754 763 814 853 863
1101 1272 1571 1592 1762 1962 1995 2136 2292 2449 2520 2729 2911 331 3350 3479 3517 3745 38 3873 3891 3901 3996 414 4339 4567 4635 4698 4904
1070 1107 1390 1488 1700 1979 2006 215 2170 2194 2236 2255 2294 2322 2410 2597 2632 264 266 2673 2843 2899 3116 3160 3259 3293 3381 3472 3542 3645 368 3774 3779 4011 405 4118 4497 4520 4581 473 4994 4998 508 563 605 626 685 785 89 890 97
1155 133 1556 1747 1896 2068 2260 2304 2315 2357 2359 2379 2422 2455 2456 25 2542 2567 2727 2762 2890 2891 2930 2997 3199 3257 346 3495 3639 3764 3834 3850 3864 3879 3953 3986 4041 4190 4242 4371 4454 4484 4507 4532 4550 4658 4796 4807 4873 502 537 554 575 643 666 691 80 81 810 844 869 963 967
1083 1116 1273 1755 1909 2269 273 2908 304 3221 3585 3607 3628 3721 3767 3882 4575 465 4851 4901 566 737 840
1153 1186 1439 1461 1465 1525 1540 1886 1892 1966 2059 2124 2212 2229 2235 2244 2277 2319 2355 2376 2475 2536 2690 2766 2878 2898 3042 3046 3119 3148 320 3225 3362 3392 347 3487 3515 3527 3617 3624 3629 3687 3820 3909 3933 4095 4327 4366 438 4465 4494 45 451 457 4585 4809 4850 492 512 617 634 635 651 730 772 811 838
1112 1217 164 1696 1915 1933 2084 2130 2135 2182 2338 2441 2479 2537 2592 267 2709 2767 2784 3068 3072 3099 318 3559 3623 3729 3762 3769 393 4356 4455 449 4606 538
1130 1349 1539 1661 2101 2346 2658 2694 2764 3245 3297 3387 3454 3485 3644 3661 3727 3851 3868 4039 4096 4291 4308 4411 4457 4487 4789 4918 529 627
100 1038 1134 1157 1158 1168 1207 1355 1403 1425 1498 1580 1623 1751 176 1794 2039 2062 2087 2244 234 2364 2383 2406 2414 2427 2547 2615 2628 2754 2814 2906 3196 3206 3227 3284 337 3376 3405 3431 3468 3523 353 360 3671 3753 3782 3877 3913 3995 4016 4033 4045 4337 4361 4364 4380 4395 4491 4556 4612 4640 4872 606 692 723 761 825 832 835 98
1069 1178 1557 1599 1642 1810 2133 2167 27 2974 3022 3027 3029 3444 3525 358 3683 3778 4045 443 4464 4591 4953 517 677
1067 1167 1169 1199 1200 1236 1243 1249 1277 130 1340 1343 1479 1515 1580 168 1796 1877 1911 1936 2025 2086 2111 2154 22 2243 2326 2497 2641 2759 2779 2781 2806 2813 2922 2990 3084 3133 3173 3190 3198 322 3279 3288 3376 3438 3529 3532 3620 3626 3643 3745 3746 3759 3817 3972 3991 4025 4027 42 4205 4227 4238 4285 4390 4417 4492 4580 4610 4643 4802 4842 4846 493 4934 4989 507 531 611 658 692 721 955
1048 1080 1086 1095 116 134 1399 1450 1505 1548 1550 1607 1706 1802 2031 2035 2074 2122 2152 2215 2290 2545 2576 2588 2603 2758 2827 2959 3051 3071 3145 3346 3402 3488 3497 3541 3608 3632 3780 3828 4075 4087 4147 4169 4192 4202 421 4370 4413 4603 470 481 4837 4992 51 552 749 760 911
1219 1299 1420 1549 1618 1631 1703 1964 2081 2224 2645 2851 3149 3527 3772 3858 395 539 792 796 829 864 883 9
111 1150 1170 1240 1684 1730 2023 2048 2055 2246 2342 2545 277 2953 3007 3024 3033 3078 3179 3186 3250 3334 3394 3510 3609 374 4043 4142 416 4178 4188 4410 4522 4682 4775 4785 4797 4833 688 794 797 938
1081 111 1135 1188 1214 1252 1258 13 1441 1547 1606 1630 1760 1881 1963 2102 2145 2386 249 2495 2850 2853 2968 3087 3182 3204 3215 327 3382 3397 3435 3459 3506 3531 3704 3713 391 3974 4002 4094 4281 4282 4437 4592 552 619 620 875
1021 1185 1191 1214 123 1262 1409 1646 1707 225 2494 2520 2635 2661 2730 2743 2819 3026 3206 3337 3356 3364 3396 3506 3697 3879 396 419 4222 4249 4254 4379 4470 4570 468 4721 4758 4772 4978 609 658 74 780 798 913 922
1039 1094 1113 1212 1297 1400 1518 1871 1946 2105 2300 2377 2468 2489 2523 2676 2695 2717 276 2941 3693 4167 4356 4753 4915 936
1105 1137 1230 1268 14 1405 1552 1608 184 1886 1951 2151 2230 2405 2452 2737 2916 2917 3241 3266 3564 3807 3815 4014 4404 4448 4566 4594 4689 4743 4879 553 683
1066 1155 1162 1330 1575 158 16 1681 1749 1780 1789 1868 1911 1913 1968 2008 2156 2185 2282 2407 2618 2620 2656 2714 2846 2855 2965 297 3006 3032 3308 3313 3391 3610 383 3937 3963 4286 4325 4418 4584 4684 4780 4845 4928 537 562 755 836
1019 107 1084 1138 1151 1202 125 1320 1349 1421 1522 1602 1781 1819 1823 2002 2060 2118 2263 236 2378 2407 2417 244 2498 2505 2507 2577 2655 2704 2710 2730 2872 2912 2925 293 3014 3049 3074 3111 3263 3382 3397 3437 3526 3602 3633 3662 3685 3806 3889 3942 3965 4276 4386 4389 4555 4571 4642 4647 4657 4663 4700 4703 4747 4838 485 4896 534 548 606 632 724 732 741 774 803 901 944 948 993
1142 1364 1370 151 1527 1573 1617 1624 1712 1721 2065 2110 2278 229 235 241 2498 2509 2513 2569 2847 2868 2896 3018 302 3094 3213 351 3590 3727 3913 4066 4110 4118 4170 4633 4636 757 949
1114 1165 1404 1423 1666 1720 1792 1859 222 224 2248 2335 2466 2468 2578 2617 2661 2665 2711 2783 2789 2844 2897 2966 3039 3065 3181 3285 3286 3312 336 3427 3519 3561 3595 3831 3897 3973 4029 4233 4342 4368 4456 4630 4795 4820 4848 4864 557 561 759 766 817 896 905
1016 1118 1287 141 1435 1454 1484 1679 1687 1712 1716 1776 1961 2040 2149 2369 2411 2462 276 2771 2772 2975 2977 3064 3086 3136 324 3255 3271 3279 3464 3530 3611 3622 3788 3789 380 3837 3869 3901 3934 4194 4206 422 4494 4508 4517 4648 4720 4831 4876 4885 4895 4962 4966 4973 649 661 672 722 745 83
1061 1123 1296 1373 1396 1429 1437 1441 1454 147 1507 1524 1526 156 1604 1647 1650 1652 1654 1683 1686 1696 1945 1972 2010 2258 2266 2275 2373 240 2471 252 2606 2608 2647 2676 2938 2979 30 3019 3090 3310 3318 3431 3460 3461 3589 3702 3776 3798 3809 3835 3844 3880 4084 4236 424 425 4400 4412 446 447 4513 453 4538 4553 4568 4583 4588 4613 4624 4675 4704 4705 4737 4826 4837 4914 4993 517 534 662 681 693 794 824 981 993
1004 1052 1056 1186 1282 1317 139 142 1504 1529 1738 181 1811 1850 1922 1971 1976 1982 2019 2072 216 2198 2284 2462 2466 248 2480 2485 2511 257 2591 2625 2635 265 2718 2818 2836 2885 2946 2986 3025 3079 3089 3110 3116 3133 3151 3152 3195 3237 3292 3400 3415 3476 349 3510 3622 3679 3690 371 3877 3895 3940 3960 3987 4013 4034 4061 4156 4280 4317 4326 4359 4401 4637 4764 4804 4823 4847 4880 4901 4976 4995 528 584 654 677 684 702 715 746
1253 1281 1503 1602 1629 1753 1997 2208 2285 2856 3005 330 3680 379 3893 4051 4115 4393 4414 4589 4607 4694 831 918 921
1088 1170 1226 1497 1594 1858 2061 2506 2570 2643 2720 3455 3836 4130 4177 4279 4433 4460 4609 4786 505 59 591 66 875 988
1007 1143 1148 1451 1501 1731 1860 2069 2080 2217 2221 2225 2301 2305 2380 2540 2548 2603 2629 2845 2992 3170 3194 3246 3353 3371 3381 3404 3452 3481 3660 369 3691 3759 3762 3774 3812 3954 4035 4055 4176 4300 438 4422 4436 4439 4501 4547 4558 4570 459 4731 4732 4907 4990 638 722 967 999
1045 114 1244 1286 1392 1588 1614 1791 1890 1891 2277 2332 2426 2436 2460 2484 2563 300 3011 3012 3152 3258 3396 341 3582 3583 3667 375 3786 3822 3930 4265 4314 435 4375 4448 4525 4547 4562 4765 4806 488 4933 4947 4990 519 556 680 707 878 976 984
1042 1051 110 1123 1193 1248 1269 1291 131 1310 1337 1352 1541 1564 1593 1626 1675 1689 1831 1854 1904 1983 1989 2275 2384 2667 2733 2734 2755 3 3031 3351 3556 3566 3698 3775 3881 390 4159 4173 4256 4281 4467 4500 4524 4628 4653 4668 4800 4842 4903 4911 4912 515 560 602 639 640 666 691 71 751 822 834 971
10 1026 1027 1298 150 1542 1691 18 1912 2120 2160 2660 2904 307 3143 3177 3417 4158 4247 4249 4307 4318 4441 450 4557 462 4940 542 744 877 939
1099 1114 1300 1321 143 1683 17 1705 1870 1903 1940 2557 2682 2746 2809 29 2978 3104 3165 3222 3231 3427 3537 3567 362 3860 3870 39 4044 4106 4434 460 4621 4892 4992 720 730 8 87 929 97
1171 1267 1339 1538 1576 158 1650 1956 2184 2198 243 2731 2780 2893 2999 318 3243 3321 3550 3592 3863 4056 4166 4172 4486 4692 471 4910 4918 518 548 876
1191 1333 1544 1814 1816 1853 1863 1921 219 2251 2331 2503 2633 269 2728 3881 4026 4107 823 94
1003 1076 1256 1267 144 1467 1965 2392 2515 2528 2573 2636 2770 2832 2875 3615 3758 3826 41 4183 4269 4666 500 73 86 902 928 943 98
102 1023 1217 1223 1481 1809 255 2697 2707 2734 2750 2995 3126 3314 3961 4125 4310 4784 4840 4923 522 827
1172 1307 1346 1406 1854 1907 1928 2479 2599 2617 2687 2949 2965 3268 3317 3445 3601 3876 3902 3914 3952 3976 4006 4244 4267 4427 4743 4753 4840 652 703 775
1079 1131 1231 1274 1303 1632 1865 1914 2008 2110 2116 2256 2269 2287 2367 2454 2461 2559 2761 287 2900 3093 3208 342 3526 3635 3723 3748 3878 4179 4450 4644 4719 503 57 580 999
1003 1017 110 1746 1832 192 2553 3004 3293 3352 3776 3837 4372 443 4465 470 48 527 668 75 786
1090 1339 164 1657 1953 2058 2098 2228 2253 2399 2780 2838 3069 3282 3811 398 3980 4386 4403 907 963
1068 1150 118 1301 1486 1554 1562 1759 1898 1956 2038 2072 2276 2644 2848 3015 3045 3201 3355 3701 3739 3937 4027 4078 4408 4496 4546 4671 4680 4705 4765 4775 488 4967 580 783 839 987
1367 1526 1553 159 1713 1724 187 1882 2040 2045 2094 2100 2156 2322 2380 2493 2568 2650 2859 2870 2884 2926 3041 3073 310 313 3155 3209 34 3499 3578 3580 3650 3716 3722 3742 3773 389 3957 4031 4037 4077 4171 4283 4502 4503 4509 4622 4681 4683 4761 478 4841 4912 4953 514 555 608 64 657 747 806 862 879 887
1044 1056 1057 1075 1087 109 1302 1314 1326 1342 1475 1528 1532 1560 169 1827 1847 1901 2179 226 2401 2448 2476 2657 2719 2842 2918 2925 2972 3065 3090 3097 3215 332 339 3563 3619 3652 3683 3692 3766 3814 3846 4001 418 4189 4564 4620 4622 4646 4674 4742 4905 609 623 93 939 980
1574 1627 1631 1658 1730 1761 1894 1902 192 2090 2138 2248 2261 2444 2515 2725 274 275 2865 3385 3641 3768 3794 3827 3985 412 4221 4330 4424 4552 4571 4647 4726 4947 4952 4956 496 4971 637 842 899 946 99
1068 1380 1384 1529 1593 1705 1824 1869 1918 1988 2085 2289 246 2544 2654 2685 2762 2833 2860 2943 3227 3321 3671 4031 408 4091 4129 4403 4412 4459 4460 4668 4819 4847 4887 4962 5 538 584 592 653 908 95
1014 1109 1286 1306 1341 1405 1505 1541 1583 1765 1782 1795 1796 2314 2496 2667 2768 2894 3053 3076 3211 3272 3311 3485 353 370 3898 3911 3956 3971 4046 4235 4279 4353 4493 4518 4679 4754 4924 4952 547 74 750 835 843 906
1014 1189 1203 1216 1336 1459 1584 1587 1620 1645 1766 1815 1830 1887 1908 1991 2027 2067 2095 2106 2273 2323 2345 2423 2481 2557 2688 2692 2723 2806 2866 3105 3278 3287 3323 3365 3497 3534 3565 3571 3634 3654 3708 3731 3797 3830 4017 4039 4123 4160 4172 4219 4245 4251 4273 4287 4328 4577 4586 4633 4659 474 4828 4862 4882 491 4960 4985 505 522 571 664 672 694 752 854 865
1205 1216 1393 1899 1926 2125 2293 2325 2431 2465 2612 2632 2840 2897 3274 3503 3664 3695 3720 376 3816 3822 4090 4184 4648 4786 4850 569 791 809
1106 1261 1436 1660 2036 2075 2104 2134 2148 2181 2517 2811 2879 3130 3142 3813 43 4394 4557 4616 4621 4843 4949 4995 740 984
1000 1212 1301 1424 1513 1578 1601 1639 1731 1846 1910 2153 2329 2340 2388 2400 2412 2419 2420 2482 2502 2517 2797 2941 2980 3122 3137 316 3177 3210 3217 3224 336 3498 3626 3701 3718 3724 3817 4059 4148 4212 4224 4282 4429 4452 4537 4601 4629 4729 4740 4787 482 4884 4932 70 704 756 782 812 848 951 968 990
1293 1643 180 2132 2426 243 2915 3119 317 3326 3477 3681 3967 4001 4024 4061 4311 4626 4865 701
1082 1087 1104 1206 1207 1213 1276 1308 134 1359 1476 1533 1549 1570 1665 194 200 2069 2143 2354 239 2463 2490 2640 2682 271 2866 2914 2928 3064 3075 314 3167 3180 3218 3222 3230 3301 3339 3367 3541 3705 3783 3819 3852 387 3939 3986 4000 4195 4207 4256 4313 4399 4451 4495 4519 4543 4554 4591 4832 4883 4973 561 613 633 706 711 81 852 922 932 933
1159 1352 1407 1948 2046 2278 2280 2919 3047 3067 3242 3244 3300 3665 3806 4019 4333 4402 4534 4680 4885 788 892 994
1129 135 149 1649 2202 2259 2272 2351 2389 2480 254 2579 2626 3429 3465 3621 3849 3904 3982 4126 432 4435 4463 4466 4520 456 4781 847 966 985
101 1034 1064 1070 1076 1095 1289 1316 1318 1445 1511 1558 1582 1611 1648 1670 1680 1770 1778 1794 1896 1939 196 1994 2052 2066 2115 2221 2292 2317 2549 2679 2908 291 2933 2937 3101 3124 3240 3283 3343 3370 3465 348 3516 3573 3593 3654 3698 3700 3737 378 3825 3832 3833 3859 3884 392 399 3996 4021 4085 4119 414 4336 4598 4686 4691 4874 4878 532 572 588 589 596 604 64 665 789 805 819 977 992
1060 1139 1184 1264 1323 1443 1475 1477 1586 1644 1908 201 211 2178 2413 2590 2672 27 2892 2932 2954 3085 3102 3113 3166 3513 3648 3653 3711 3859 4186 420 4259 4264 4305 4359 4387 4572 4708 4721 4768 4799 484 486 4931 511 915 953 973
1 1033 1046 1054 1077 1448 1478 1571 1775 1790 2387 2422 2531 2533 2534 2585 2609 2670 2708 274 2939 2983 3002 3108 3295 3331 3354 3482 3508 3523 3581 3749 3755 3770 4011 4099 4296 4836 577 668 845
1006 1118 1125 1306 1312 1320 1402 1597 1626 1633 171 1770 1895 2077 2149 2327 2339 2370 2376 2531 2653 2665 2703 2719 282 3017 3022 3068 3117 3176 3199 3290 3361 3373 338 34 3409 3442 347 3490 3520 3545 3659 3751 3781 3896 3907 3908 391 3959 4012 4080 4151 4174 4194 4203 4212 4294 4377 444 4501 4626 4706 4717 4718 4752 4811 4927 4940 4986 541 587 742 82 837 877 910 926 943 961
1176 129 1293 1564 1595 1893 2039 2094 2140 227 2944 2989 3203 3251 354 3566 3670 3743 4198 4348 4432 4565 976
1174 1374 1452 148 161 1653 1728 2150 2172 2281 2716 3006 3112 3213 325 3336 3449 3491 3655 4617 4728 4758 4773 491 4945 573 582 795 895
1156 1177 1184 1224 1229 1294 1311 1342 1480 1537 155 1585 1651 1674 1740 1742 1822 1828 1915 1952 1959 1971 2098 2218 2268 2303 2337 2351 2393 2637 2675 2708 2765 2835 2864 2884 294 2971 3057 3171 3202 3214 324 3292 3342 3349 3493 3557 356 3562 3575 3646 372 373 3765 3845 3914 3927 4032 4139 4160 4200 4203 4284 4385 4452 4511 4548 4604 4675 4707 4710 4734 4744 4788 4794 4883 4938 4964 4965 53 535 544 559 567 619 65 667 713 769 78 889 935
1026 1065 1107 1196 1386 1433 1453 1563 1609 1699 1735 1791 181 1862 2109 2155 2165 218 2235 2247 2299 2447 2486 2518 2582 2662 2778 2796 3121 3183 3223 3295 3298 3443 3563 3839 3886 3907 4136 4164 4338 4349 4450 4638 4656 4865 4891 4897 492 4920 498 574 669 695 726 742 840 852
1071 1110 1115 1126 1127 1158 1199 1210 1215 1387 1391 1513 153 1578 1676 1725 1808 2012 2047 2073 208 2107 215 2204 2205 2222 2252 2472 2490 2562 263 2699 2942 3092 3138 3277 328 3359 344 3458 3554 3723 3752 3894 3904 3948 4554 4561 4596 4664 4822 49 4939 524 565 600 985
1198 1581 1688 174 1807 1978 2026 2089 2453 2541 2844 3216 3343 3424 3501 3543 3547 3591 3656 3990 4054 4087 4129 4457 4664 4839 765 802 897
1013 108 1096 1145 1166 1190 1213 1283 1364 140 1554 1637 1793 1876 1923 1977 2134 2175 2204 2239 242 2613 2653 2699 2718 28 2829 3032 3178 3304 3457 3464 3469 366 3719 3788 3796 3840 3872 3987 4258 4345 4410 4440 4480 4489 4528 4541 4769 523 562 61 866
1032 1103 1356 1433 1470 1652 1727 1747 178 1837 1986 2047 2050 2171 2190 2229 2318 2341 2352 2500 2627 2722 2725 2796 2798 2873 2910 294 2958 3197 3309 3413 3419 3463 3488 3682 3688 3976 4053 4136 4179 4312 4381 44 4428 4440 4444 448 4523 4531 4652 4659 4748 4756 4767 4808 4835 4851 4900 4970 532 696 762 808 818 975
146 1694 1885 1941 203 2201 225 2363 2494 2675 281 2875 3056 3212 3273 3298 3480 3829 4043 4098 4216 4539 4597 636 770 924 990
1194 121 1283 1366 1472 1474 152 1721 1722 1754 2212 2851 292 3812 3843 3961 4059 4524 46 576 708
1010 106 1159 1198 1238 1241 1311 1360 1474 1483 149 1492 1562 1596 1605 1613 1657 1666 1711 172 1726 182 1856 1889 1966 1974 1987 2017 2024 2128 2195 2250 241 2433 2522 2589 2595 2616 2652 2882 3235 3280 3325 3398 3422 3462 3486 3528 3537 3579 3710 3725 377 3783 381 3872 3958 4021 418 424 4277 4461 4561 4631 464 48 495 4997 515 572 579 591 621 659 671 726 731 764 787 846 893 929 937 991
1023 1028 104 1055 1119 1335 1350 136 1427 1612 1667 1994 2298 2309 2630 2816 3052 3159 3204 3248 3336 3640 4097 4103 4475 4739 698 776 854 947
103 1050 1117 1131 1144 1266 1285 1296 132 1416 1473 1489 1492 1493 1632 1691 1726 188 1919 1935 2042 2287 2442 2450 2451 2470 2477 2566 2776 2791 2803 2810 2834 2931 3126 3269 3512 3604 3715 3730 3834 384 3883 3885 3926 3998 411 4138 4150 4185 4246 426 4271 4286 4334 4406 441 4511 4528 4549 463 4725 4813 4849 4948 545 611 627 697 709 716 762 79 795 938 965
1136 1250 1344 1572 1855 2105 2113 2128 2507 308 3163 3252 3261 3500 3546 3756 4092 413 4159 4293 4398 4468 4513 4530 4573 4826 483 778 861 872
1085 1241 1295 1309 1496 1635 1890 2023 2063 2147 2839 3135 3290 3374 3410 3508 3847 3866 3949 4331 4428 446 4485 4625 4748 857
1187 1235 1319 1376 1521 1671 1715 1717 2001 2016 2175 2223 2335 2662 2670 3060 3270 3625 3733 4304 4370 4430 4639 467 4867 511 714
1004 1009 1725 2224 2442 2649 3062 3533 3555 3662 3674 3755 3944 4048 4081 4220 4344 4405 4416 4434 4533 4574 4863
1012 1103 113 1132 1147 1194 1208 1233 1259 1275 1411 142 1473 1552 1567 1664 1665 1743 1812 1851 188 1974 1975 2037 2163 219 2360 2439 2453 2478 2571 262 2636 2672 2680 2721 2737 2772 2815 2858 289 2959 2967 2982 2985 3003 3107 3193 3270 3312 3313 3422 3438 3467 3472 3553 3576 3621 3669 3747 3899 4089 4221 4232 4332 4367 4454 4498 4516 47 4782 4875 4893 4922 4944 585 712 757 76 778 790 804 85 878 882 968 978
1025 1053 1171 1340 1368 1436 1442 145 1464 1528 1618 163 1674 1678 1727 1750 176 1781 1825 1927 1943 2020 209 218 2293 2307 2394 2602 2614 2623 2625 2651 268 2735 2814 2951 3063 3077 3147 3157 3189 323 3243 3246 3248 3272 3421 3433 3434 3496 3546 356 3568 3686 3689 3697 3808 3823 3912 3922 3929 3932 4046 4083 4231 4298 4299 4458 4521 4579 461 4628 4662 479 4791 4814 4825 4844 4880 4890 4954 521 568 569 581 6 626 639 709 788 815 84 849 874 888 912 941
1098 1108 1110 1206 1277 1370 1468 1540 1656 1740 1813 1906 1913 1955 1985 2043 2057 2099 2139 2502 2596 2693 2694 2769 2787 2889 290 3209 3267 3307 3340 3389 3416 3452 3675 3692 3728 3768 3849 3898 3984 403 4052 4071 4109 4201 4239 445 4716 506 598 641 768 820 970 983
1049 1100 1122 1152 1163 1174 1280 1288 1345 1416 1523 1534 1606 1692 1729 1787 1788 1867 189 1900 1990 2071 2109 2117 2119 2176 2194 2199 2253 2359 2368 2395 2446 247 2505 2512 2519 256 2575 2587 2664 2689 2698 270 2703 2715 2820 2856 2867 2894 2973 312 3229 3236 3258 334 3346 3348 335 3375 3403 3446 3482 3607 3714 3744 3749 3767 3938 3975 400 4079 4170 4191 4271 4280 4303 4320 4445 4687 4776 4866 4926 4965 4987 55 595 636 727 775 821 868 870 90 953 974
1290 1292 1469 1485 1585 1698 1756 1980 2015 2056 2126 2195 2211 2526 2614 2705 2739 2744 2794 292 2924 2969 2998 3134 3189 3275 333 3412 3598 3672 3875 3953 400 4122 4582 4642 4694 4767 4811 4878 4924 4934 4938 4943 732 964
1062 1209 1245 1251 1269 1310 1361 1375 1408 1439 1470 1519 1588 1603 1677 1680 1822 1836 1842 1883 1893 1924 2125 2160 2227 2296 2312 2385 2397 2516 2532 2581 2666 2696 2804 2829 2880 3053 3132 3141 3161 3188 3395 3502 3517 3540 3735 3754 3833 3979 4165 4197 4617 4673 4699 4942 4974 4979 5 516 544 550 56 628 646 687 69 720 790 802 807
1048 1061 12 1204 1215 1263 1325 133 1389 1619 1673 1693 1745 1752 1872 1905 2090 2114 2150 223 2234 2257 2319 2325 2333 2356 237 2437 2463 249 2491 2607 2626 2684 2747 2764 2765 2865 288 2895 2969 2978 3088 3105 3120 3140 319 3217 3233 3317 3344 345 3498 3522 3681 3686 3709 3993 4000 4042 4072 4117 4149 4192 4217 4301 4384 4385 4432 4462 4519 4676 4693 4724 4726 4735 4736 4773 4778 4782 4785 4798 4872 4877 4911 4942 4983 4991 56 587 67 735 957
1284 160 2571 2742 2970 2999 3010 3020 321 3375 3501 3631 3738 3760 3988 3992 4049 4387 475 4919 776 89 916
1162 1334 1481 1516 2080 2752 2825 2967 3017 3075 3184 3345 3414 3475 3893 4018 4116 4158 4521 4856 648 699 857 906 92 947
1031 1112 1402 1555 1644 2237 2245 2645 2668 271 2726 2745 2920 3003 3086 3341 3603 3870 4113 415 431 4447 4702 4915 5000 689 779 904
1011 1102 121 1247 1278 1315 1378 1392 143 1452 1494 17 1769 1852 1873 1931 2005 2053 2093 214 2270 2330 2436 2558 261 2763 2773 279 2852 299 3013 3106 3118 3223 3315 3320 3335 3405 341 3479 3507 3651 3677 3689 373 3758 3927 4010 425 4360 46 4654 4712 4783 4821 4830 4853 4923 493 494 719 77 797 850
1160 1225 1257 1385 1463 1509 155 1682 1839 1990 2009 2025 2044 205 2055 2207 2216 2435 2504 2535 2536 2956 3253 3268 3297 3739 3760 3831 3969 413 4153 4190 4215 4246 4425 4531 4593 4601 4609 4670 4709 4861
1178 1346 1371 1591 1697 1840 186 1970 2019 2093 2249 2324 3100 3417 3535 3670 3680 4226 4349 4362 4674 479 4796 590 610 853 972
11 1128 1361 139 1718 1954 2028 2030 2056 2057 2104 2219 23 2375 2437 2594 270 2807 283 3042 3228 3300 3357 348 3505 3560 3775 378 3793 3856 3862 3900 3916 4093 4535 4625 4651 469 4715 476 4946 4957 50 647 652 679 956
1053 1187 1289 1290 1520 1535 1589 1714 1741 1856 1993 2027 2272 2318 2362 2458 2510 2530 2546 2554 2606 2621 278 2830 2847 285 3174 3380 3480 3552 3567 3570 3593 3612 3668 3694 3791 38 3821 3829 3888 3929 4274 4476 4505 4563 4650 4699 4706 4715 4741 4783 4830 4875 4881 4898 4972 520 664 686 710 725 784 824 851 962 966
102 1067 1374 1542 170 1818 1923 1996 2071 2124 2409 2524 2587 2841 2935 2961 2993 3030 3150 3169 3658 383 3970 4220 4242 4363 4367 4608 4714 498 510 813 836 914
1094 1369 1446 1506 153 154 1728 1756 1967 2007 2136 2301 2473 26 2686 2826 3026 3157 3328 3516 3792 4048 4062 4223 4239 4335 4389 4587 475 4988 830 942
1035 1221 1909 207 2122 2144 24 2428 3080 3158 3256 3379 3699 3732 380 3915 4050 4191 758 884 891
1002 1073 1096 1105 1117 1172 1247 1260 1322 1381 141 1426 1502 166 1688 1717 1734 1898 1906 1969 2142 2207 2341 2350 2363 245 2492 2622 2702 2802 2900 298 3035 3054 3059 3087 309 3169 3174 3220 325 3369 3372 3395 3406 3496 3656 3711 3748 3750 3784 3843 3891 3955 397 4008 4018 4037 4119 4137 4193 4210 4253 4255 4360 4447 4532 4595 460 4619 4752 4764 4804 5000 640 718
1101 1164 1185 1264 1615 1690 1773 1838 1875 1989 2218 2338 235 2395 2611 2768 2837 2862 2904 3187 3226 3327 377 3838 3841 3945 3994 4028 4473 4777 4781 4813 4845 4860 4921 4941 508 533 543 545 634 682 73 843 863 910
