1454 1878 2090 2195 22 2221 2268 2269 2503 2544 2689 2692 3559 3588 3628 3632 3633 3642 3930 3976 4328 4531 4606 4721 4810 4813 
1014 1464 1483 1491 1495 1577 2110 2365 2386 2411 2421 2588 2638 2658 3091 3094 3119 3123 3168 3327 3390 3580 3672 3759 3776 3943 4029 4158 4262 4346 4411 4513 4559 4653 4952 521 53 611 631 691 748 806 89
1373 1408 1409 1714 1930 1941 1965 1975 200 2157 2468 2471 2634 2921 302 305 3051 3137 3264 3362 3620 4030 4172 4230 4354 4400 4423 4630 4834 4838 4873 4887 6 670
10 1010 1196 1243 1427 1492 1689 172 1832 1850 2054 23 2576 2734 277 3385 3459 3615 378 389 4003 4013 4164 4277 4481 56 564 591 615 622 772
1068 112 1270 1327 1358 1373 1398 1465 1466 1529 1589 162 1716 1800 19 2038 2092 2159 2199 2209 2223 2259 2294 2309 2372 2415 2551 2557 2579 2589 2658 27 2730 2744 2777 2818 283 2832 2841 2872 2898 2954 3063 3101 3108 3207 322 3243 3294 3304 3342 3395 3457 3512 3652 3708 3709 3736 3741 375 3761 3769 3782 3811 3831 3869 3901 3905 3923 3952 4033 4067 4083 4226 423 4311 4316 4341 4345 4347 4412 4468 4469 4474 4486 4487 4561 4562 4800 492 4954 4966 4975 4988 523 640 641 7 728 869 871 882 891 902 935 974
1008 1035 1333 1530 1701 2451 2461 2487 2546 2641 2786 2876 291 2997 3013 3087 314 3192 3212 330 3412 3492 3557 3635 3836 4001 4011 4221 4251 440 4479 4650 4823 4825 4841 4938 4964 498 595 67 752 930
1086 1152 1218 14 1635 1722 1877 2005 2094 211 2136 2175 2271 2293 2343 2415 2443 2499 258 2755 303 3165 3248 3551 3605 3614 3957 415 4180 4363 4448 4508 4812 4816 4862 4907 4928 4932 58 620 697 743 81 811
1067 1177 1506 1762 187 1914 2102 2597 2598 265 2735 2740 2762 281 3352 3359 3366 343 3440 3479 3623 3692 3815 4096 4357 443 4488 4521 4763 4851 488 579 61 777 787 823
1052 1141 1143 1321 1594 1670 182 1842 2177 2208 2402 257 2845 2855 3228 3415 3459 3465 3474 3475 3680 3791 4119 4279 4319 455 4695 4856 49 4975 673 696 884 956
1134 1191 1322 1902 1904 1926 1982 2031 208 2185 2188 2245 2250 2527 2791 2884 3276 3613 3932 3934 4037 4587 4608 4640 4744 808 928
1034 1042 1056 1112 1339 1418 1501 1548 1605 1656 1849 1873 1906 1979 2039 2202 2244 232 2634 2697 2814 2949 2958 3160 3176 3200 3203 3438 3567 3581 3677 3771 3865 4059 4266 4291 4321 4325 4465 4498 478 4793 5000 688 701 888 889 972 992
1078 1164 1208 1340 1352 1758 1949 2390 2683 2812 289 3194 3249 3490 3578 4102 4330 4352 4472 45 4511 4838 50 765
1088 1115 1133 114 1181 1212 1216 1279 1284 1332 1361 1439 1472 1496 1509 151 1526 1527 1558 1617 1653 1657 1819 1926 1929 1942 1948 199 2173 2233 2276 2283 2520 2637 2680 276 288 2971 3070 3098 3125 335 3537 3729 3783 3794 3875 3893 3912 3982 4001 4042 4045 4050 4156 4200 4222 4224 4393 4435 4576 4590 4594 4605 4656 4657 4741 4851 4853 4861 4891 4947 495 526 662 678
1061 1144 1178 1179 1251 1265 1404 1485 1512 1711 1763 1779 1824 1825 1867 1898 1924 1939 1998 2009 2014 2065 2149 2213 2219 2252 2394 2401 2518 2622 2635 2701 2822 2849 3024 3301 3321 3437 3496 3531 3543 3849 3941 3954 3994 4000 4110 4165 4202 4266 4275 429 4297 4514 4599 4641 4724 4807 4855 4861 4917 497 636 672 803 887
1005 1194 1283 1285 1370 1379 1475 152 1520 1525 1564 1580 1584 1647 1691 1730 1771 1784 1788 1840 1916 2001 2004 2031 2058 2065 2094 2173 2188 2382 2413 2429 2439 2495 2531 2568 2631 2679 2690 2833 284 2856 287 2939 2951 2962 2982 3021 3047 3089 3133 3185 3190 3222 3236 3272 3382 3463 3546 3689 3788 3818 3889 4077 4085 4117 4119 4174 4182 4208 4351 4392 4461 447 4484 4552 4647 4713 4750 4765 4839 4958 4959 4980 519 533 573 600 615 64 690 794 9 928 930 982
1022 1039 1213 1268 129 139 1573 168 1805 1833 1850 1960 2243 2283 2316 2318 2428 249 2619 2628 2649 266 2823 2890 2904 2932 2948 2961 3215 3226 3312 3450 3462 3641 3649 3727 3749 3771 3826 3878 4157 4296 4349 4406 4509 4607 481 4948 504 53 622 661 685 718 721 772 852 892 968
1057 113 123 1350 1397 1402 1490 1504 1613 164 174 1749 1891 2022 205 2060 2115 2135 2165 2216 2285 2398 2426 2491 2545 2775 2856 2925 3051 3082 3134 3152 3405 3425 3436 3439 3458 3557 3647 3831 391 3971 4049 4093 4103 4268 438 4434 4463 4500 4580 4627 4629 4670 4699 4741 4858 4926 4981 507 519 600 691 692 756 915 950
122 1257 137 1822 1905 1949 1971 2067 2068 2308 2368 2422 2456 251 2792 3095 3230 3252 3308 3388 3502 37 3713 3739 3862 3896 3995 4208 4236 4303 4540 465 4740 476 477 4866 4897 528 549 694 77 783 907
1094 1139 1145 116 1177 1192 1288 1310 1357 1383 1495 1507 1657 1680 1697 1738 1752 1757 1788 1909 1932 1987 1997 2047 2074 2240 2289 2371 2400 2616 2749 2767 2786 2836 2929 2977 2980 3041 3063 3069 3261 3370 3432 3468 3509 3550 3608 3687 3696 3771 3880 3895 3969 4026 4056 4123 4154 4171 4418 451 4528 4555 456 484 4849 4864 4947 508 62 644 697 790 801 852 856 887 902 928 973
126 1343 1443 1686 170 183 1885 1980 2042 218 2373 2767 3008 3048 3317 3721 3951 4129 4459 4685 75 970
1041 1075 1118 1175 1186 1197 1234 1247 1249 127 135 1416 1440 1462 1696 180 1801 1869 1911 1914 2026 2047 2082 216 2167 218 2194 2212 2265 2277 2318 2319 2361 2512 2530 2664 2690 2723 2800 2857 288 2895 3002 3023 3045 3066 3133 3163 3167 3233 3351 3422 3618 3645 3652 3664 3675 3693 3828 3835 3847 3873 3887 3903 3915 4041 412 4140 4153 4165 4278 4348 4461 4494 4499 450 4537 4570 4649 4704 4729 4772 4784 4843 4870 4927 493 500 57 595 678 7 792 805 808 930 962 991
1184 1478 1772 1812 1870 1888 2095 2379 2469 2696 2864 2961 3275 3529 3535 369 3721 381 4571 4804 4820 4889 560 807
1039 1162 1560 1596 1645 1829 1908 1956 2391 2423 3065 3103 3114 3225 3297 3653 3663 3759 4050 4074 4079 4159 4211 4404 4435 4591 658 987
1058 1106 1628 1686 1832 2176 2196 2509 252 2778 3151 3306 3357 3646 412 4502 4626 609 639 981
1002 105 1135 1260 1413 1590 2462 2726 2795 3071 3217 3377 3563 3906 392 3938 3986 4069 4503 535
1154 138 1534 1559 1588 2040 2121 2159 219 2941 2953 2988 3030 3407 365 3673 3747 3756 395 4114 4247 4591 845 940 994
1037 1069 1221 1675 2204 2730 2968 3337 3352 3378 3956 3983 4199 448 4527 490 4964 544 559 630 659
1006 1019 1033 1335 1562 1611 1663 169 1831 1973 2001 2012 2021 2125 2137 2594 2869 2960 3048 3270 3429 3503 352 3591 3820 3884 3894 395 4017 4135 4184 4237 4252 4255 4382 4523 4637 4733 4771 4777 4916 714 754 797 853
1337 1374 1395 1503 1820 211 2139 2190 316 3375 3576 3775 3845 3872 3926 4443 4444 4496 4561 525 833
103 1060 1101 112 1209 1277 1310 1369 1371 1501 1523 1623 167 1871 1912 2017 2062 2071 2100 2134 2150 2246 2318 2367 2445 2507 2566 2702 2731 2765 2839 2940 2956 297 2970 3 3052 3072 31 3174 3219 3281 3290 3328 3396 3453 3485 3609 3626 3633 3790 3796 3841 3902 401 4137 4189 4210 4248 4271 4290 4421 4499 4542 4547 4591 4666 4679 4709 4733 481 4831 4872 489 4936 4943 4946 63 652 7 769 799 831 880 899 930 934 94 948
1093 1099 1121 1149 1168 1190 1347 1473 1614 1652 1823 1918 1921 2036 2056 2077 2159 2209 2244 2285 2415 2490 2497 2528 2548 2565 2630 2653 268 2681 2789 289 2994 3048 3069 3087 317 3214 325 3292 33 3303 3347 3460 3504 3548 3678 3683 3691 374 3787 3791 3864 3882 3908 4007 4096 4220 4237 4314 4358 4416 4482 4567 4597 4607 4808 4900 4930 496 513 586 822 878 934
1177 1316 1328 143 1543 1600 1662 1690 1726 1809 1826 1900 1950 2021 2191 2247 2325 2361 2508 2543 2555 2647 2745 2910 2940 308 3253 348 3514 3737 3745 3934 4064 4178 4210 4601 4833 4844 785 854 880 928
1047 1119 1199 1302 1323 1395 1739 1985 233 2338 2339 2392 2449 2511 2643 2747 2968 2991 3175 3361 348 3527 3583 3717 3723 4015 4052 4067 4099 412 4157 4213 438 4381 4447 4452 4525 4595 4751 4773 4944 565 780 952
1017 1089 1246 1261 1314 1346 1359 1515 1608 1729 1795 1892 1989 2013 2065 2106 2187 2197 2279 2284 2310 2320 2327 2436 2454 2572 2609 2659 2691 2709 2733 2937 3063 3097 3167 3291 3322 3345 344 3541 3590 3615 3621 3653 3688 3743 396 4005 402 406 4126 4249 4335 4401 4441 4461 4520 4559 4914 4916 4970 593 597 60 641 648 668 684 695 721 741 750 758 791 837 883 913 918 933 942
112 1320 1458 1544 1551 1664 1776 1777 2019 2117 2369 2397 2410 269 289 3167 339 342 3549 3562 3657 3880 3905 3935 3992 420 4233 4355 4466 4529 4624 4632 4773 4834 4835 4931 4997 511 66 883 980 986
1253 1562 1658 170 1874 1910 2295 2359 240 2414 2950 3012 3016 3855 3891 430 4403 4495 4781 4843 568 646 812
1021 1113 1226 1448 1501 1556 170 190 200 2127 2395 24 2406 2432 2573 279 2912 3051 310 3139 3142 3415 3900 3919 4072 4366 4419 4673 670
100 1038 1095 1134 1176 1569 1598 1677 1698 1706 1715 1735 1773 1785 1863 1882 1937 2028 2072 2090 2344 2484 2532 2550 2569 2663 2687 2711 2720 2737 2739 2907 2919 2928 2989 3000 3020 3034 3144 3213 3225 3366 3376 3420 3449 3466 3499 3574 3665 3676 3696 3719 3780 3824 3833 3843 3972 3996 4 4034 4073 4116 4121 4159 4288 4329 4330 4334 4339 4382 4442 4486 4499 4708 4717 4807 4834 4870 4974 509 516 526 540 582 608 625 633 646 692 770 820 828 85 971 990
1076 1082 1263 130 1429 1844 1947 212 2155 2179 2396 2716 3133 3141 3161 3231 3410 344 3546 3812 3838 4034 4192 4275 4434 4455 4687 4703 4879 628 782
1365 1521 1719 1748 2001 2205 2667 3131 3171 3182 3224 3728 3864 3966 4189 4559 545 651 699 771
1042 1167 1177 1258 1315 1360 1526 1545 159 1718 1768 1796 1905 2011 2049 2065 207 2109 2146 2193 2194 2335 2352 2362 2446 2500 2595 2699 2703 2722 2874 3239 3266 3387 34 3659 3757 3839 3905 395 3958 3962 3997 4 4036 4063 4127 4191 4287 4426 4453 4465 4504 4526 4538 4680 4696 4717 4755 4854 4855 4871 4994 513 52 520 575 578 601 670 7 734 884 906
102 119 1236 1684 1861 2076 2226 2419 247 2525 2908 3032 334 3600 376 3864 4369 4944 606 652 76 876
1002 1004 1022 1282 1308 1422 1531 1566 1590 1611 1682 1824 1880 1942 2076 213 2214 2258 231 2312 2492 2579 2644 265 2810 2817 2834 285 3077 3140 3207 3280 3351 3402 344 3478 3510 3602 362 3703 3724 3760 3772 3934 403 4086 4197 4247 438 4388 4479 4549 4726 4786 4906 632 649 660 762 832
1180 1193 1406 1433 1440 1526 1550 1576 1651 1669 1675 18 1901 204 2081 210 2272 2673 2946 2967 3028 3264 3533 3586 3624 3746 406 411 4135 4138 4181 4188 4216 4218 4451 4568 4616 4619 4678 4725 473 4951 4970 4976 580 60 614 767 854 881 97
110 1157 1169 1175 1178 1189 1294 1356 1395 140 141 1432 1481 1514 1615 1696 1767 1806 182 1830 1975 2000 2218 2249 2255 2278 2346 2538 2583 262 2675 2722 2724 2743 2786 285 2868 2915 2940 2944 3017 3030 3038 3046 307 3087 3132 3149 3188 3267 3280 331 3343 3353 3359 3428 3456 3523 3530 3551 3579 3630 3646 3651 3716 3802 3849 4038 4141 4166 4228 4589 467 4757 4779 4823 4842 486 4872 4908 4950 4968 4975 4984 4988 518 519 527 54 572 573 660 668 772 860 904 970
1069 1180 1202 1306 1437 1445 1459 1517 1627 1642 1729 1811 1913 1914 1981 2058 2079 2096 2222 2291 2432 253 2542 2552 2627 2824 2837 2855 2891 2911 298 3069 3145 3172 3210 3247 3251 3354 3372 3538 3554 3588 3666 3706 3760 3816 3899 3976 4090 4159 4346 4361 4396 4464 4479 4508 4535 4561 4623 4734 4746 4855 4867 4892 4911 4922 515 53 534 668 76 775 864 887 905 917 960 966
1078 108 1117 1146 1233 1317 1690 1834 1850 2006 2095 2138 2658 3010 3093 3384 3486 3546 3588 364 384 3977 4019 4173 4240 4256 4320 4372 445 4746 4915 514 625 82
1155 1301 1428 163 1903 1977 2006 2033 2182 2441 2763 2847 2893 3155 3196 3466 3626 3777 3864 4205 4264 4275 4373 4375 4486 4666 4874 4880 898 93 953
1036 1133 1217 1231 1244 1422 1478 1482 1541 167 1687 1701 1723 1788 2040 2050 2159 2337 2342 2361 2387 2490 2496 2502 2526 2617 2618 2677 2722 2754 2766 2809 3082 319 3315 3359 3518 3670 3686 3692 3807 3975 408 4127 4190 4273 4379 4432 4561 4602 468 4691 4783 4838 4894 4992 523 647 766 883 894 964 988
1027 1106 1175 1185 1211 1219 1268 1280 1325 1341 1453 1570 158 1603 1607 1627 1666 1736 1815 1829 1841 1850 1866 2008 2136 2160 2211 244 2475 254 2702 2871 2882 2888 3062 3086 3274 3285 340 3400 341 3452 35 3596 3700 3814 3880 3959 4189 4242 4327 4377 4610 4613 4618 4667 4700 4766 4769 4798 4859 4865 4947 642 68 707 723 725 92 99
1030 1353 1648 1649 1897 2090 2107 2227 2304 2355 243 2446 2516 2541 2612 2719 294 3019 3120 3459 3536 3547 3572 394 4111 4452 4519 452 4737 4758 4806 4846 493 499 4998 610 803 979
1393 1407 1744 1748 1765 1786 1961 1962 201 2021 2330 2669 2816 2820 3246 3325 3360 3402 3459 3566 3629 3942 404 4206 4238 4337 4615 4659 4664 4690 4868 4912 4921 525 716 902 937 959
1002 1007 1024 1079 1136 1219 1296 1362 1366 1378 1385 1420 1421 1468 1488 150 1642 1660 1686 1694 1705 1792 1813 1868 1893 1912 2141 2170 2173 2404 2429 2534 2585 2602 270 2721 2765 2812 282 2844 2860 2913 2914 2915 2990 3035 3046 3087 3129 3153 3271 328 3609 3615 3724 3765 3807 3857 3870 3909 4062 4210 4215 4233 4275 4302 4340 4357 4418 4480 4508 4517 4521 4532 4575 4589 461 4664 4702 472 4764 4807 481 4819 4826 493 4971 525 605 619 646 682 731 768 793 798 800 808 985
1002 1392 1422 1928 1946 2086 2827 2866 2905 2993 3076 3356 3363 3678 3829 3916 4056 439 4505 4658 4666 4921 529 552 789 808 834
1065 1130 1133 1289 1302 1336 1619 1638 1733 1737 1859 1889 1945 1978 1990 2046 206 208 2114 2138 2166 2169 2354 2447 2494 25 2546 2549 2567 2607 2662 2678 273 288 2914 2940 3207 3274 332 337 3415 3467 3468 3491 355 3606 3666 3674 3748 3778 3849 385 3978 3989 4020 4031 406 4061 4077 410 4136 4143 4148 438 4381 4384 4719 4762 4850 4957 4965 4967 568 697 724 730 776 813 817 824 923
1031 1151 1376 1386 1395 1434 1505 1575 1613 1646 1657 1659 1670 1735 1901 1958 2057 2095 2143 2201 2242 2298 234 2370 2383 2437 2480 2514 2535 2669 2870 2904 2915 2955 2983 3095 3198 320 3234 3295 3404 3492 3615 363 3717 3720 3767 3782 388 3913 4021 4022 4100 4141 4145 4159 4168 4187 4239 4258 4269 4374 4438 4475 4482 4533 457 4652 466 4684 4889 4918 4922 4953 531 558 584 606 686 739 788 852 883 885 931 980
1090 1132 1142 1311 1578 1609 198 20 2002 2021 2274 2410 2685 2767 2840 2863 2975 2989 3029 3039 3159 3341 3553 3555 3592 3757 379 3798 3892 3985 4146 4175 4350 4367 4399 4433 4490 4510 4589 462 4669 4738 4815 4944 4979 583 8 95 972 976 980
1009 1066 1161 1213 1245 1300 1375 1472 1487 1581 1633 1642 1657 1667 1688 170 171 1741 179 1797 1799 1926 1957 1975 2133 2145 2176 2218 223 2302 2326 2426 2574 2769 2805 2917 3069 3122 3201 3280 3352 3409 3419 3611 3740 3773 3782 3795 4067 413 4157 4237 4286 4360 4424 4612 4669 475 4797 4823 563 634 635 692 737 870
1025 1048 1134 1173 1180 1273 1291 1351 1384 141 1476 1500 1695 1752 189 1905 202 2030 2089 2281 2323 2345 2460 2623 2739 2793 2818 2923 2984 323 3593 372 3741 3752 3790 4002 4013 409 4118 4119 4170 4267 434 4520 4905 513 585 773 922
1235 1250 1286 1410 1460 1590 1696 1742 1775 179 1821 1838 1868 1871 1879 1949 2053 2075 2093 2307 2435 2639 2646 2808 286 2879 3164 3262 3289 3292 3305 3410 3481 3492 3517 3637 3907 4066 4076 4084 4091 4234 4254 4306 4387 4389 4539 4778 4791 4817 4830 4860 4987 600 622 641 721 75 806 813 851 934 965
102 1021 1091 1127 1153 1165 1396 1571 1642 173 1735 1752 1778 1862 1876 1884 1957 1972 1983 2061 211 2171 2182 2478 2579 2584 2783 2867 2877 3006 3090 3131 3278 3298 3338 3450 3507 3511 3641 367 3681 369 3721 3759 3830 3834 3976 4001 4111 4132 4266 4289 43 4371 4458 4548 4556 4710 4843 4852 4921 4985 503 568 719 813 843 879 884 899 921 943
1052 1302 1342 1574 1595 1712 1932 2058 2358 2399 2458 2815 2892 3240 3430 3609 4012 4161 4282 4380 4385 4706 4824 4848 4884 4964 591 73 827
102 1074 1096 1206 1319 1442 1470 1650 1791 185 1999 2015 208 2180 2356 2466 2485 2506 2677 2861 2934 3053 3154 3178 3329 3351 3406 3528 3568 3575 3866 390 4065 4131 4196 4322 4365 4378 4545 4637 4785 4831 554 574 588 875 900 941 947 957 980
1073 124 1241 1267 1310 1349 1364 1388 1391 141 1479 1540 1617 1668 1748 2040 2313 2378 2388 2416 2426 2429 2474 2490 2528 2560 2582 2763 2794 2912 308 3146 3166 3269 3371 3392 3454 3482 3582 365 3696 3701 3786 3871 3927 3950 4376 4512 4520 4550 4604 469 471 4745 4746 4802 4828 4889 4932 4937 610 778 954
1463 1465 1804 1872 2184 2218 2786 3268 3291 3631 3712 3777 3888 419 4223 4298 4332 4521 4554 4796 4872 513 665
1069 1120 1240 1324 1344 1498 1508 1511 1554 1631 1636 1681 1755 1800 188 1926 2047 2129 2140 2198 2285 2424 2434 2457 2524 2632 2633 2686 2909 2914 2918 3068 3082 3187 3254 3401 3487 354 3626 3679 3699 3735 378 3822 39 3931 3965 3973 3981 4 4056 4087 4119 4203 4304 4364 4508 4582 4622 4823 4988 637 693 697 705 796 849
1071 1124 1201 1264 1377 1535 1561 1587 1709 1728 2162 2476 2739 2855 3052 3115 3116 3398 3805 4261 4346 4368 4529 4586 4611 4671 4742 4775 4916 72 826 835 96 975
1153 1279 1399 1486 1704 1727 193 2636 2773 2812 2835 2873 3011 3751 380 4056 4134 4141 4233 427 4281 4307 4697 4735 491 650 772 78 854 94
1011 1070 1224 133 1387 1400 1451 1478 1480 1567 1644 1692 1835 1901 1905 1910 1915 202 2099 2111 2136 2154 2176 2409 2601 2671 2704 2712 2715 2798 2803 306 3189 3197 3205 3444 3455 3678 3689 3705 3919 3955 398 4067 4211 425 4297 4309 4404 442 4583 4594 4603 4648 4681 4682 4685 4756 4794 48 4964 570 571 594 617 627 652 822 874 929 963
1275 1630 1713 1766 1871 2415 2587 267 275 285 3118 3443 3589 368 3827 4357 4362 4435 4663 4685 55 825 859 880 884
1003 1081 1147 1195 1239 1255 1302 1309 142 1456 1470 1510 1528 1604 164 1721 1748 1798 1920 1931 2098 2128 2151 2266 2285 2322 2352 2384 2403 2600 2604 2669 2759 2812 2831 2916 3033 3068 309 3107 3296 3319 3434 3477 348 3566 3648 3660 3789 3817 3840 3898 4028 4034 4113 4195 4297 4330 4383 4398 4402 4436 4501 4609 4674 4717 4869 4870 4893 4923 4996 580 635 667 675 692 709 803 816 830 831 885 983
1045 1114 1131 1220 1256 131 1477 1707 1745 179 1853 2188 2241 2248 2329 2333 2374 2385 2389 2432 2433 2547 2575 2612 2622 2658 2690 2782 2843 2884 2893 2989 3211 3349 3413 3598 3604 3808 3880 400 4097 4185 4284 4300 4336 4437 444 4507 4897 4925 594 615 621 674 712 738 813 868 920
1092 1153 1204 1222 1252 1258 1412 1611 1759 1845 1901 2288 2482 300 3117 345 4211 422 4560 4594 4736 4851 818 945
1237 144 1502 161 1829 1908 1910 1943 196 2076 2138 2144 2610 2615 2654 2737 2867 2886 2897 3207 3352 3420 3540 3627 3755 3763 3770 3849 3927 41 4112 4203 4346 4422 4669 4799 4840 4978 576 717 905 972
1021 1069 1161 1417 1450 165 1693 1925 2040 2063 2091 2164 2173 2188 2209 2264 2348 2467 2672 2746 2771 2801 2920 2989 3078 3219 3260 3324 3336 3351 3493 3497 3634 3711 3717 4054 4308 432 4397 4553 464 4655 4821 487 581 841 890 908
1013 1026 1105 1253 1334 1942 1951 2064 2070 209 2108 2275 2717 2760 2858 2952 3044 3083 3169 3181 3255 3402 3445 3473 3505 3508 3522 3626 3807 3810 3953 4089 412 4204 4357 4382 4394 4549 4773 4832 4882 4989 53 779 919 926
102 1022 1034 1055 1362 1423 1563 166 1661 1836 2432 2517 2622 2698 295 3692 3774 3791 3871 4620 4646 4768 4870 4889 566 700
1054 1368 1436 2018 2172 2614 2682 274 2799 2867 2893 2902 2904 3130 3307 3311 3489 3524 3569 3607 3666 3731 4217 4449 4461 4471 4782 4819 606 657 763 840 846
1072 1112 1158 1215 128 1284 1326 1470 1489 1605 1717 1731 1828 1896 2122 226 2283 2367 2554 2745 2781 2909 2914 3080 3191 3265 3314 3394 3512 3552 3557 3596 3641 3710 3790 3905 4165 4219 4414 4415 4418 4634 4715 4720 4977 530 694 795 842
1187 1214 1243 1355 1362 1452 1484 1510 1526 1605 1641 1671 1683 1686 1818 1846 1857 1865 1871 1936 1967 2045 205 2058 2084 2123 2147 2254 2280 2296 2349 2515 2533 2642 2660 2689 2765 2855 2896 3054 3077 3147 3178 32 3263 3277 3386 3466 3597 3690 3777 4 4130 414 4232 4247 4286 4317 4431 444 4456 4479 4565 458 4732 4747 4807 482 4831 4886 4904 542 603 604 626 681 687 703 822 94 976
1207 1345 1430 1494 1679 1740 1846 2016 2073 2290 2341 2498 2559 2651 2756 288 2972 3005 3029 315 3326 3335 3435 3470 3753 3974 4006 4211 4326 4583 4618 4741 4899 4924 4973 538 624 625 69
1109 1219 1253 1374 1474 1499 1827 1912 1996 202 2031 215 2442 2562 261 2612 2656 2748 2859 29 292 2943 298 2985 3084 3284 3348 3383 3418 3594 3646 3685 3948 4070 4088 4160 417 4342 4408 4486 4621 4728 4898 4961 4988 580 595 800 885 893 90 91 927 933 936
1242 1259 1272 1313 148 155 1582 1627 1732 1800 1843 1942 2 2003 2029 2085 2153 2217 2361 2404 248 2486 2690 2848 285 2885 296 2981 3052 3079 3136 3369 3423 3551 3616 3715 3718 3867 4018 4050 4104 4120 4208 4257 4283 4333 4367 4580 4705 4722 4733 4947 4975 553 590 618 710 715 732 76 961 989
1028 1039 1080 1098 1261 1292 136 1394 1422 1444 1555 156 1604 1624 1734 1851 1872 1881 192 2020 2094 2124 2163 2265 2350 2352 2381 2453 2523 2536 2571 2572 2578 260 2738 2751 2761 2806 2944 2959 2968 2999 3029 3058 3075 3109 311 3115 3186 3288 329 3513 3516 3561 3609 3707 3771 3799 3800 3813 3851 4058 4152 4198 421 4241 4286 4359 4409 4517 4536 4583 4614 4662 4664 480 4888 4909 580 615 641 654 669 806 836 901 946 997
1016 1085 1137 1261 1269 1287 134 1363 1403 141 1440 1441 1476 1606 1643 1720 1856 1907 1932 1934 1974 2003 2158 2253 229 2301 2334 2360 238 2490 2577 2586 259 2636 2661 2669 2708 272 2790 2807 2826 290 2966 3018 3026 3073 3074 3077 318 3227 3323 3506 3526 3681 3689 3782 3831 3868 3890 3924 3929 3933 3968 4004 4043 4046 4135 42 4272 4452 4604 4741 4774 4811 4836 4922 4935 4939 4950 526 542 606 643 679 683 686 70 742 866 899 933
1029 1279 1340 147 1621 1703 1927 203 2041 2045 2078 2200 2996 3050 308 3414 365 366 382 4301 4324 4390 4439 4485 459
117 1336 1538 1938 2225 2265 2280 2332 2431 2556 2881 2887 3027 304 3730 3738 3919 41 436 4370 4558 4780 4805 505 556 760
1077 1107 1126 1253 1431 1449 1627 182 1864 1923 2010 2113 22 2263 2324 2352 2404 2714 2936 2957 2965 298 3015 3058 3095 3184 3202 3296 346 3585 3650 3717 3804 3837 4014 4027 406 4077 4127 4186 4313 4325 4405 4457 4541 46 4618 4644 4940 555 595 635 800 802 831 862 865 938 970
104 1061 1331 1382 1532 1602 1654 186 1957 2003 211 2116 2178 2267 2377 2465 2593 2634 2652 2689 2737 2944 3030 3156 3313 3320 3415 3512 3542 3871 3961 4149 4165 4305 4404 4462 449 4566 4636 474 4775 4885 4969 4983 4995 546 594 598 671 740 809 84
1039 1063 107 1123 1156 1340 1553 164 1729 177 1846 1922 1976 202 2176 2230 2262 2270 2273 2288 2459 2528 2606 2666 2763 2818 2854 2900 2912 30 3036 3057 3099 3195 3300 3397 3408 3424 3483 3698 3856 387 3876 3881 4150 4227 4356 4368 4452 4572 4573 4761 4814 4903 4942 4970 4972 561 616 668 680 785 909 976 98
1023 1061 1268 1271 1295 1307 1425 1472 1574 181 2118 2120 255 2576 2640 2915 3096 3331 3431 3967 4025 4428 481 4910 501 557 587 660 735 764 899
1064 1112 1318 1735 1789 1837 1893 1988 2156 2183 2209 2215 2292 2314 2546 2732 2883 2893 2924 2986 3092 3221 3689 3853 3858 393 4044 4101 4293 4367 439 4594 4661 4770 4838 4949 4977 80 896 969 996
1106 1174 1284 1297 1440 15 2003 2027 2220 2624 2626 2655 2693 2851 2862 2995 3077 3309 3332 3476 350 359 3617 3636 3652 4237 4434 4499 460 4639 4896 567
1084 132 1438 1562 1770 1890 2148 2336 2364 2613 2830 2884 3014 3410 3927 3944 4243 4717 4950 838
1046 1258 1336 1405 195 245 2645 2737 2750 2825 3022 3274 3364 3421 3725 3757 3791 3860 3910 3984 4184 4214 4382 4416 4472 4686 4697 663 872
1012 1097 1476 1658 179 1824 2256 2909 3043 324 3534 3595 3654 371 3922 4010 4106 4125 4386 4776 570 873
101 1134 1546 1549 1793 2048 237 2493 2625 2784 3124 3173 3340 3391 3464 3560 3666 3760 377 3813 3863 4001 4013 4521 4688 4872 4970 524 71 815 958 970
1018 1278 1299 1312 1329 1374 1461 1519 1599 1613 1790 1872 2189 2210 227 2621 2787 3223 3282 3283 3385 3484 3603 365 4176 4235 4344 4367 4557 4604 4643 4759 483 660 709 726 79
1220 1539 160 1724 1780 1917 2087 224 2875 2964 3162 3704 3911 4081 431 4516 4518 4677 727 829 839
1051 1150 1340 1617 164 1886 1968 2035 2088 2700 3225 3235 3601 3764 3947 4184 439 4660 4861 622 638
1161 1210 1232 1258 1640 1814 200 2112 241 2426 2768 298 3059 3446 3678 3781 3803 3809 395 4057 407 4122 4203 4229 4280 439 4483 4491 4497 4574 47 4752 485 4902 678 746 895 944
1021 1034 1078 1125 1183 1198 1435 1524 1788 1824 1832 1854 1899 2282 2351 242 2479 250 2522 2539 2605 2668 2674 2753 2757 2800 2804 2856 3009 3100 3105 3250 3291 3551 3571 3584 361 3622 3684 3768 3850 3877 3897 3925 397 4127 4368 4425 4454 4529 4569 4578 4697 4760 4795 4829 4859 4916 607 676 711 757 861 976 978
1061 1111 1248 1279 1372 1467 1501 1579 1637 1729 1754 1912 194 2043 2103 2130 218 2280 2288 2367 2429 2576 2702 2776 2780 2969 3068 308 327 3286 3451 3658 3692 3754 38 3813 3886 3928 3945 3979 4142 4144 4246 4270 4467 4482 4934 4986 502 526 600 653 75 76 819 886 903 967
1032 1050 109 1112 1148 1220 1298 1457 1565 1574 1959 1963 2023 2097 2126 2505 2650 2774 2785 2853 300 3030 3115 3256 3441 3468 3520 4092 4141 4325 454 4580 463 4842 4956 523 542 65 720 74 753 914 932
1083 1116 1117 1140 1178 1228 1281 1414 145 1471 1518 1542 1847 1957 2101 2237 2367 2489 2572 265 2802 2850 2942 3058 3178 3410 3427 3570 3587 369 3850 4128 4155 4651 4655 4693 551 555 591 645 686 694 736
1053 1138 1161 1188 1381 1401 1585 1601 1632 1753 1906 2407 2430 2510 2576 2729 299 300 3138 3170 3222 3287 3293 3417 36 3644 386 399 4051 4318 435 4470 4524 4581 4598 4617 4665 4677 4698 4727 4753 4876 4878 536 905 911
1034 1052 1106 112 1336 1373 1419 1470 1493 1590 1858 1992 1993 2025 205 2051 2142 2239 2306 2444 2450 2455 2529 2580 2592 2765 2800 2819 2821 3060 3115 3241 326 3420 3461 3495 3515 356 3577 373 3732 3807 3823 3844 3934 3940 4050 4068 4183 4207 4263 4294 4388 4413 4416 4440 4445 4529 4588 4618 4666 4667 4669 4711 4793 4843 4857 4890 613 623 691 751 785 848 902 977 993
1547 1605 1625 1932 2303 2311 2483 2599 2706 2788 28 2824 2842 3374 348 3917 4179 4381 4398 444 446 4739 4827 4877 493 569 678 698 781 934
1087 115 1178 1213 1229 1510 1539 1604 167 1800 1908 200 2234 2473 2931 3344 3646 3987 4133 4266 4338 4353 4420 4564 4801 547
1001 1102 1205 1390 1497 1516 1537 1539 176 1852 1895 1940 1975 2001 2037 2044 2181 2182 22 2224 2288 2410 2446 2488 2563 2603 263 2657 2811 2856 3031 3106 3204 3318 3359 3448 357 3661 3667 3694 3722 3874 4008 4035 4105 4111 4139 4167 4231 4260 4295 4323 4407 4534 4628 4847 5 510 706 806 850 855 87 995
1223 1290 1783 1954 2090 2231 2705 2865 3131 3150 3206 3365 3498 3682 369 4585 4607 589 721 936
1042 1122 1163 1238 1411 1465 1469 1586 1617 1675 1725 178 2066 2104 2261 2328 2340 2408 2412 2420 2452 2513 2553 2636 2772 2969 2987 3004 3046 3049 3068 3095 3111 3127 3291 3323 3445 3466 3519 3599 3610 3980 3990 40 4013 4016 4107 4292 4297 4310 4388 4473 4577 4579 4638 470 4809 4897 4929 494 4945 4962 4999 522 543 548 592 612 664 691 722 804 821
1043 1752 1868 1952 2235 2909 2912 2947 2961 3177 3316 3633 3653 4048 4124 4476 4517 4600 470 4842 689 747 910 939
1103 1243 1266 1472 1533 182 184 1894 218 2207 2363 2730 2906 3003 3056 3178 3259 3296 3411 3442 3471 3494 3681 3883 3885 3937 4589 4668 656 94
1040 1100 1175 1304 1350 1354 1415 1424 149 1513 1591 167 1747 175 1781 1817 1914 1955 2034 2055 2059 2131 2152 2265 236 2404 2427 2440 2472 2596 2745 2824 2838 2903 293 2969 3037 3216 3219 333 3333 3381 3385 3416 3420 3426 3450 3492 3501 3546 3564 3695 3785 3832 3859 3879 4032 4082 4201 428 4299 433 4429 453 4580 4625 4631 4655 4675 4676 4716 4875 4941 4993 51 512 570 573 602 858 880 887 949
1 1261 1348 1426 1522 1626 1672 1685 1743 1883 1906 1919 197 2031 2136 2244 2347 2537 2725 2728 2739 2763 280 2814 2818 2998 3025 3157 3179 3180 3292 347 3545 3671 3742 4060 4071 4244 437 4520 4697 470 4712 4748 4819 523 577 729 749
1015 1203 1268 1276 1764 1860 2286 2393 256 2622 2677 2702 2889 2938 3055 3088 313 3135 3222 3244 3273 3366 338 358 3668 3842 4098 4115 4147 418 4203 424 4398 4551 4667 4743 4749 4822 709 713 857
1104 1166 1170 12 125 1350 1374 153 1610 1612 1616 1618 1658 1670 17 1964 1966 2232 2236 2244 225 2260 2418 2425 2477 2519 264 2707 271 2718 2745 2814 2880 2894 2926 2944 2979 3040 3081 3121 3158 3280 3310 344 349 3500 3525 3565 3588 3596 3734 3744 3750 4040 4184 4285 4417 4477 4489 4544 4559 4596 4667 4730 4731 4803 4845 4859 4977 550 555 60 733 745 75 885 916 924 936 955
1044 1062 1807 2045 2280 2591 2927 3167 3218 3264 336 3393 3399 3512 3819 4047 4312 4416 4672 4733 4775 4789 912
1020 1022 1172 1262 1284 1690 1991 220 221 2257 2318 2438 2540 2590 2620 2973 3126 3366 3433 3762 3793 3936 4055 4194 4404 4506 4689 4901 686
120 1219 1227 1243 1324 1465 1552 157 1592 1613 1620 1658 1665 1756 1906 1986 2032 2052 2119 2132 2161 2203 2206 2299 2300 2353 2380 246 2572 2581 2676 2684 2695 2736 2742 2796 2800 2828 2899 2930 2969 3052 3209 3219 3229 3245 3323 3368 3373 3681 370 3702 3741 3760 3813 3831 3850 3904 3939 4024 405 41 4210 4253 426 4265 4315 4395 44 4465 4472 4482 4654 4664 4677 4692 4718 4723 4763 4842 4863 4913 4919 4920 4932 4960 4963 541 599 60 610 666 933
1200 146 1676 1935 1953 2024 2094 2182 222 2410 2464 2612 2752 2758 2976 3001 3048 3085 3102 321 3232 3302 3358 3472 3558 3566 3573 3641 3721 3726 3852 3919 3946 3949 3963 3998 4096 4109 4331 4430 4460 4493 4515 4642 4645 4677 4694 4763 4897 4955 4977 537 570 591 635 755 86 925
1059 1180 1181 1305 1310 1362 1367 154 1568 1597 16 1604 1629 1634 1675 191 1994 2006 2218 228 2470 2504 2741 2963 2968 3061 3238 3274 3445 3556 3633 3639 3825 3960 3964 4095 4111 4151 4162 4450 4543 4549 4583 4683 4701 4793 4819 4851 4861 4881 4991 519 525 532 542 810 831
1110 1133 1593 1710 1782 1887 1995 205 2168 2710 2813 2852 2901 3257 3350 3532 3596 3777 3848 4078 4225 4398 444 4637 506 568 652 702 864
1159 1303 1324 1539 1678 1751 1769 1802 1810 1875 1893 1910 2069 2073 208 2608 2770 2797 2814 2867 2922 3029 3042 3112 3183 3193 3208 3237 3403 3480 351 3566 3655 3696 3733 3759 3854 3991 4094 4169 4212 4247 4250 4325 4435 4635 4788 4793 4982 864 867 905 951
1128 118 1181 1182 1213 1324 1455 1495 1696 1832 1969 2073 2229 2315 2463 2481 2528 2558 2564 2722 2730 2884 289 2961 3046 3064 3113 312 3131 3220 3296 3299 3323 3521 353 3640 3656 3669 3724 3758 3779 3784 3846 3993 4009 41 4233 4259 4472 4593 4633 4773 4837 4895 4944 517 539 655 694 774 800 844 847 854 877 936
121 1447 1611 1639 1655 1670 1808 1893 22 2405 2648 2665 2878 2992 3133 3148 3199 3379 383 3976 4080 4177 4286 4492 4746 4790 863
1117 1129 1230 1254 1350 1389 1848 2007 2045 21 2611 2935 2974 301 3058 3612 3643 3757 4530 594 814
1042 11 1117 1160 1220 1293 1446 1478 1536 1572 1673 1708 1750 1761 1839 1846 1872 1970 2076 2105 2174 2186 2194 2287 2305 2317 2366 2375 239 2446 2501 2546 26 2634 2677 2689 2694 2713 2779 278 2904 2978 3063 3110 3222 3258 3334 3339 3367 3445 3544 3638 3652 3697 3724 3792 3861 3918 3920 3988 4023 4034 416 4189 4208 4209 4276 4388 4418 4465 4604 4763 4834 4932 573 629 670 677 761 864 972 984 998 999
1274 13 1380 1622 1702 1760 2073 230 2331 2767 3067 3082 3225 3330 3385 3539 3714 3850 3999 4108 4517 4563 4584 4591 4775 4831 4859 4883 784 803
1000 1049 1078 1108 1225 1330 1338 1476 1583 1674 1700 1701 1746 1774 1787 1794 1816 1868 1933 1944 1984 2047 2095 2138 217 2192 2194 2321 2376 2417 2448 2521 2570 2629 2670 2688 2764 2829 2945 300 3007 3051 3104 3128 3264 3279 3355 3447 3488 3557 360 3619 378 3797 3821 3871 4053 4157 4193 4368 4446 4546 4637 4655 4685 4754 4792 4921 4933 4950 4990 562 59 709 744 88
1171 1562 1690 1701 1829 1855 2083 214 2251 2283 235 3292 3380 3389 3469 3741 3766 378 3921 3927 3970 4077 4096 4245 4478 4522 4818 625 704 759
1052 1153 1373 1510 1574 1803 1949 2579 2727 3143 3468 3653 3790 4039 4075 4391 4427 4434 4592 4607 4707 479 4922 708 785 786
106 1495 1908 2006 2080 2228 2238 2561 2824 2933 3242 3346 3402 3662 3801 3914 4135 4163 4330 4381 4549 4714 4767 4855 610 646 83
111 1181 1557 1699 2297 2357 2636 265 2846 3450 3625 3806 4274 4343 441 4410 470 4787 555 596 822 852 897
