129 1408 1564 1574 1637 3109 3190 4011 4368 4832 4872 817 843 
1138 1228 1249 1333 1692 1708 195 201 2669 2839 3032 3044 3077 3173 3387 3501 4413 4502 587 776 985
1069 1075 1159 1675 1737 2371 2470 2657 2730 2987 3079 3514 387 4 4317 4404 743
1047 1236 1650 2621 2682 2893 2920 3610 3733 4147 4502 4515 4742 4869 528
1 1070 1360 1565 2100 2258 2320 2633 2801 2813 3047 3366 3425 3579 3638 3706 3880 3916 4013 4143 4169 4258 4460 4468 4568 4847 887 917
1074 1132 1272 141 1932 2068 2235 2324 2447 3024 3630 3718 375 3800 4038 4179 4368 4498 4581 503 64
1091 113 1227 1328 1756 1993 225 2406 2433 3601 3622 3631 3663 3680 3703 3879 3959 4427 4439 4476 4539 4826
1422 1590 2076 2273 2636 2772 2874 336 3396 3449 3595 4033 4362 4515 4718 4899 657 969
1198 1244 1492 1763 245 2664 2759 2871 3216 3612 3803 3809 3952 4945 4969 552 6
1050 1139 117 1637 2427 3001 3786 3813 4294 462 4767 904 946
1003 1056 1161 188 201 2021 2144 2335 238 323 3351 3609 3663 3740 3750 3831 399 4089 4317 4336 4359 46 4625 570
1064 1225 219 2266 2443 2589 2703 3619 3698 3889 545 571
1180 1197 1553 1560 1667 1812 1877 2068 2085 229 2404 2426 2493 2530 2585 2748 2983 3111 3197 3475 3588 3596 3601 3647 3672 3776 3782 3900 4152 4173 4186 429 4344 4362 4869 4992 615 958
1018 1227 1307 1516 1677 1728 18 2072 2148 2550 2610 2657 2683 2760 2942 3095 3329 3458 3541 3720 3979 4034 4201 4375 4397 4434 4625 4717 547 549 584 666 922
109 1342 1643 1692 2004 2020 2083 214 2188 22 2403 2430 2481 2502 2572 2619 2624 2641 2682 2774 2870 2882 2931 2940 2983 3211 328 3514 3610 3719 3904 3969 4085 4150 4300 4623 4853 4867 4918 4983 4984 4988 4994 564 629 630 672 928
10 1824 1963 2056 2263 2281 2302 2315 2398 256 2902 2924 2971 323 3333 3346 3450 3519 3624 3647 4288 4530 4599 4612 4630 473 4983 510 690 751
1154 1219 1341 1506 1617 1695 1821 1897 1931 2088 2282 2428 2714 2772 2843 339 3486 3635 3734 4092 4107 4261 4362 4433 4688 4755 4780 4881 532 537 554 698 703
1400 1737 1798 190 2203 2223 2756 3319 3700 3785 3807 3843 397 4143 4172 4266 4475 4528 4647 4958 611 938
15 1833 1843 1988 2044 2121 2259 2301 2493 2599 2761 2997 3096 3207 33 3383 3436 3627 3710 3950 4001 4069 4143 4239 426 4384 4524 4706 4783 4802 4868 500 654 656 722 794 872 878 913
1393 1669 1688 1689 2610 2766 3018 3697 4563 4879 957
1019 1200 1277 1385 144 1590 1661 1698 1727 1730 1914 212 2188 2279 2347 2385 2429 2788 3125 3256 3304 3330 3456 3666 3706 3796 3805 4031 4127 4455 4509 4568 4587 4589 4630 4707 4717 4797 4824 4857 4884 4905 4934 4967 4999 634 85 890 91
1092 1264 1515 1803 1914 2543 2821 3089 3640 3909 469 731
1035 1643 1747 2028 2264 2354 2408 2470 2734 4327 749 76 881 941
160 1603 1936 2512 2613 3413 3512 3560 4380 4649
100 176 2171 2219 297 4067 4783 667 718 930
1098 1595 1842 2361 3398 3661 3702 4197 4632 4959 84 914
1248 2766 2869 2966 3196 3327 4181 4431 570 615
1001 1016 1343 1644 1684 1945 2037 2175 2417 2510 2680 2888 3267 3281 3433 3556 4014 4057 4298 4502 4545 606
140 1582 1895 2665 275 2978 2981 3484 3529 4702
1170 1248 1587 1604 1628 1634 1687 1720 1834 1903 1927 2015 2016 2159 2201 2282 2445 2447 2480 2550 2575 2932 298 3059 3444 3602 3772 3860 3890 3953 4086 4177 4348 4396 4397 4446 4519 4533 467 4711 476 4764 4916 4971 669
1084 1463 1468 1606 1907 1920 2016 2072 2114 2330 2361 2674 2736 2857 29 2942 323 3798 3931 4071 4135 4162 4356 4511 4555 4583 4625 4659 4724 4958 4981 610 707 797 84 881 908 989
1687 2054 2391 2688 2809 2872 2965 2969 3053 316 3285 3756 4139 4500 46 548 553 635 666 908 91
1750 2079 2128 2215 2392 272 3007 3178 3761 4027 4095 4181 4291 4325 4369 4412 4918 749 837 877 903 966
1118 1396 1429 1446 1501 1658 1659 177 2013 2162 22 2345 2385 2427 2482 2522 2689 2703 3011 303 3238 349 36 3686 3746 3775 3791 3965 4021 4158 4460 4510 4698 4784 486 4874 4935 541 635 643
1285 2137 2152 2299 2355 2417 2644 2712 2880 3590 3689 385 4458 4485 4516 4924 4964 515 624 639 911
1131 1241 146 157 2746 2815 3444 3706 41 796 888
1796 1883 2020 2528 2611 3505 3756 4001 415 55 635 850 906 946
1014 1032 1213 1282 1377 1584 17 1834 187 1997 2008 2356 2493 2719 2809 2833 2896 2939 3401 3416 344 3512 3514 3576 3787 3812 3856 4056 4278 4348 4417 4454 4482 4509 4524 4535 4546 4808 4925 4968 4996 526 576 641 669 761 815 97
1096 1326 1418 1530 1767 2212 2581 2772 2861 3833 3839 4998 580 812 864
1108 1125 1293 1467 1556 1958 2297 4509 4692 562
113 1688 186 1860 1978 2030 2062 2073 2127 2366 2509 2511 2805 2807 2828 2834 31 3130 3452 372 3813 3860 4032 4234 429 4293 4326 4327 4397 4478 4613 4822 4850 717 746 77 813
1307 1799 1908 2374 238 2554 2677 3300 3333 4557 885
1197 1252 1429 1448 1488 1590 2110 2142 2311 2315 2441 2485 2559 2660 2740 3357 3377 3600 3654 3663 431 449 4493 4532 4788 48 4924 4963 734 922
1142 1326 1555 2039 2303 2481 2550 2596 2626 2796 2874 3276 3590 3855 3933 4079 4153 4234 4360 4421 451 4684 4976 756 825
1198 1272 1374 1480 1500 1505 1549 1618 1670 1791 1821 1859 1914 2166 2405 246 2622 2636 292 3 3060 3125 3411 3592 3666 3899 390 3908 3987 409 4461 4469 4475 4563 4604 4646 4652 4653 4675 4727 4777 4893 4932 4936 4962 514 705 726 886
1007 1197 1384 1713 205 2051 2236 2294 2365 2409 2446 2495 2719 3130 3466 359 3669 3800 3813 3841 3958 4 4049 4127 420 4300 4351 4505 4534 456 4745 4826 4842 4929 500 609 613 755 803
1243 1247 1450 1780 1926 1958 2343 2526 3045 3183 3210 3333 3621 46 659 814
1159 1834 2108 2597 3078 3146 3247 3569 4050 4136 4222 4812 723 803 881
1100 113 1279 1325 1834 1923 2066 2068 2097 2330 2419 2475 2481 2572 2636 2828 3317 3453 3622 3698 3703 3778 3861 4177 4192 4252 4502 4645 489 4952 70
1061 1221 1224 1366 1521 1624 1894 1974 2177 2203 2313 2485 2518 2546 2571 2667 2678 3346 3359 3377 3821 3874 4285 4308 4343 4433 465 4763 4765 4869 4972 560 57 59 656
1094 1137 1644 1848 2070 2168 22 2282 2451 2695 348 3493 3797 4281 4320 437 4458 470 4702
1115 1570 1923 1925 2240 2322 2400 2416 2480 2500 2660 3870 407 4125 4298 4526 4901 531 735
1095 1143 1285 1375 1623 1627 1863 2082 209 2246 2361 2481 2535 2563 2569 2680 2719 2872 2964 3099 3130 3138 3160 3182 3243 3338 335 3377 3480 3487 3532 36 3868 3936 4070 4131 4424 4474 4513 4637 4662 4674 4764 4793 4798 481 4858 4859 4880 498
1474 1743 185 1912 2282 2489 2784 3269 3394 3512 4177 926 948
1068 1165 1305 1460 1567 1569 1952 1960 217 2292 2575 2754 2923 2945 2946 302 3085 3235 3292 3491 3502 3550 36 3982 4065 4167 422 4285 4355 4368 4445 4782 4814 4820 4906 4915 4928 4999 794 869
1261 1296 1485 1664 1684 1714 1846 2001 2027 2292 2330 2403 2607 2716 3050 3222 342 3468 3473 3506 3546 3590 3624 3913 4057 406 4158 4250 4411 4460 464 4643 4702 4713 4772 479 557 609 771 810 825 922 934
1167 1453 1622 1695 1789 1867 1941 212 2178 2292 2755 2762 279 2806 2817 2921 3072 3355 3531 4310 446 4549 462 4902 508 91
1026 1215 1531 163 1723 208 2157 2186 2415 2427 2640 3081 3223 36 3737 378 4036 4150 4178 4332 4376 4566 4616 4626 4744 4794 4832 4834 662 709 777 840 979
124 1654 1656 1737 1907 1934 196 2112 2359 2402 266 3080 3176 3391 3526 3695 3895 3917 4019 4156 4177 4359 4783 4992
100 1014 1145 1195 123 1360 1821 1851 1938 2068 2096 2225 2312 2344 249 2501 2563 2615 27 2940 3085 3658 3742 3965 4291 433 438 4581 4586 732 758
1008 1361 1441 1619 1828 198 2060 2215 2275 2378 2680 3125 3470 3520 3702 3756 3783 3965 3991 4090 4138 4229 4247 425 4434 4476 4527 4544 4561 4750 4756 4783 4803 4805 4854 885
1135 1158 1266 238 2393 2723 3734 3781 4002 4101 4110 4194 461 493
1135 1187 1464 1524 2276 2308 2641 2767 2946 3435 3702 3747 385 3874 3926 4145 4365 4488 4505 452 4523 4647 4875 586 656 881
1149 1571 1687 1872 2043 2121 2157 2169 2193 2290 2442 2867 2887 3324 3634 3674 3732 3790 404 4067 4150 4452 4555 4605 4651 4972 511 552 666 776 801
1473 2039 232 2550 2726 2842 3094 3768 3903 4925 983
1061 1204 1752 1781 1860 2052 2470 265 2728 2775 2990 3084 323 3417 3457 3566 3769 3852 3882 4132 4135 4194 4200 4476 4493 4515 4706 4771 4878 4958 660 686 892 923
1272 1492 1654 2061 2128 3174 3248 3670 385 4037 4171 4233 4241 4397 4475 762 766
1249 168 1692 224 2316 2636 3011 3309 3415 377 4502 4940 518 937 942
1004 1135 1243 1311 170 1726 1737 1772 1781 182 1830 1956 2124 2342 2450 2523 2608 2619 2707 3197 3301 3497 3767 3785 3853 4486 4556 4568 4933 530 547 666 766 79 94
1274 1498 1896 2241 2561 4278 4515 4519 4526 4588 4826 81
1067 1100 1190 1201 1239 1243 1285 1292 1360 144 1509 1561 22 2520 2661 2699 2770 3371 3439 3761 3903 3972 4334 4346 4359 4398 4441 4494 46 4624 4689 4717 4721 4733 4742 4779 4877 4881 4891 55 609 612
1105 1447 1584 1636 1729 1742 1851 1958 2049 2103 2200 2412 2466 2877 3061 3086 3414 3872 4157 4341 4553 4674 4689 4691 4776 4899 668 717 84
1080 1143 1268 1692 2549 2702 2741 300 3197 401 4972 500
159 1602 1942 2032 2121 2227 2283 2566 257 2608 3415 4 4132 4196 4395 4399 4481 4563 4879 4969 929
1499 155 1821 1853 1857 2562 2785 2853 2926 2985 3113 3157 320 3415 3549 4393 4431 445 4451 4510 4593 4692 821 960
1191 1196 1601 2039 2131 2201 2516 2680 2967 297 3237 3242 3322 3423 3464 3607 3829 4103 4245 445 459 665 966
148 1599 1740 1879 2470 263 3403 3546 4014 4510 794 895
1106 1210 1481 2808 2886 30 3168 3708 4245 4258 4712 529 574 623 882 89
1090 1263 1430 1609 1885 2248 2304 2476 2606 2630 2946 3128 3150 3647 3796 3922 3968 4461 4633 4654 475 589 765 825
113 1198 1249 1256 1496 1753 2120 2185 2347 2368 2403 2515 258 262 2798 2942 3011 3196 3209 3228 3426 3475 3495 3544 4278 45 4603 4619 4671 468 4680 4770 4892 4963 4964 4981 717 800 831 879
1033 1055 1622 2014 2579 2672 2751 2778 2844 297 3136 3246 3624 3775 3957 4212 4400 4510 712
1110 1149 1248 1376 1411 1458 1503 1635 2050 2206 2600 2688 2872 3167 3234 3925 4062 4132 4202 4306 4461 4473 4476 449 4519 805 986
103 111 1144 1352 1507 1679 1806 2335 261 2672 278 2809 283 3044 3116 3155 3351 3541 3604 3679 3981 4029 4105 4111 4289 4290 4398 4540 4577 458 4774
102 1284 1429 1547 1738 1783 1855 1926 1964 201 2085 2128 2491 2693 2712 2777 2796 2833 3063 3117 3184 3845 4026 4072 4125 4181 4193 4208 4224 4463 451 4524 4541 4594 4665 4673 4719 478 4843 4913 4973 966 988 993
1101 1126 143 1624 1867 1880 2172 2368 2410 2553 2619 2719 2776 2942 2950 3093 3197 3422 3427 3601 3674 3801 4085 4097 4158 4176 4297 4492 4592 47 4750 4751 4760 4915 4922 4948 4981 4993 608 612 643 668 794 841 924 979
1099 1854 1924 22 2293 3507 3624 384 4327 4775 643 646
1242 1358 190 2481 3075 3231 3736 379 3965 443 4712 776 959
1286 1312 1911 1971 2020 223 2309 2492 2606 261 2610 2745 3280 3359 3386 3757 3902 3912 4186 4311 4440 4458 4627 4735 4758 4946 4956 4983 775
1251 1388 1438 144 1681 1765 2000 2033 2187 2267 2403 2434 2539 2785 3271 3538 4161 4377 4467 4468 4472 4512 4742 4992 753 990
103 127 1413 1532 1745 1795 1861 2025 2060 2158 2335 2583 2708 2715 2717 2747 2961 3027 4039 4060 4211 4223 4232 4354 4465 4655 4800 4809 4899 4945 4946 687
1109 1697 2231 2385 2388 3034 3146 3884 4278 4867 4976 509 601 681 693
1124 178 1878 2020 2109 2127 2750 280 3170 3286 3331 3366 3775 4098 4391 4480 4924 4956 51 674
1079 1545 1821 2099 2101 2663 2843 2928 3472 3754 3758 3973 3984 4243 781
1939 203 26 3204 3443 3478 4 4380 4519 588
115 1283 1654 1958 2156 266 3453 3546 3632 4093 4380 4461 725 768
110 1171 1202 1491 2067 2946 3685 429 4688 873 989
1305 1580 1640 2444 2703 2712 280 2916 3196 3486 3556 361 3666 3800 410 4151
1182 1422 278 2829 2836 3131 3225 3287 3429 3459 3659 3827 4085 4100 4290 448 4647 894
1179 1259 1392 1705 3514 3603 3674 4404 826 85
1128 1707 2992 412 4201 455 582 740 751 855
1629 1816 2387 2523 3400 3784 3939 4014 4158 418 4218 4364 4365 457 4588 4946 569 730 843
1199 1338 1355 1485 1692 1907 261 268 2685 2846 34 3562 36 3701 3807 4067 4127 4234 4314 4428 4548 4560 4712 4750 4767 4791 4893 638 648 74 827 904
1017 1041 1424 1516 1533 1642 1752 2128 2130 2649 2737 2828 3038 315 3219 3360 3447 3709 381 3873 3909 411 4128 4217 4225 4521 453 4649 877
1130 1188 1535 1923 1992 2379 266 2849 2854 2940 3196 3280 3874 4370 4513 4542 4557 4764 63 789 946
1040 1646 1847 1919 2083 215 2550 2910 3454 3880 4014 4277 4361 4630 4832 4872 491 711 904 908 973
1197 1374 1665 2060 23 2326 2374 3040 3128 3167 3169 3217 3474 3690 3866 4143 4194 4322 4436 4576 4953 4958 715
1085 1551 1914 2120 2161 222 23 236 2649 2696 278 2855 2859 3197 3270 333 3566 3714 3796 3894 3945 4130 4141 4215 4279 4292 4318 434 4341 4379 4443 4458 4518 4543 4684 740 828 980
1135 1365 1437 1483 2120 2320 2619 2850 4027 4044 4091 4104 4223 4332 4518
1061 1211 1318 2081 252 2809 3240 4314 4317 451 4677 541 858
1055 1221 1275 135 1465 1588 1613 190 1914 1920 1995 2043 224 2362 2464 2560 2685 2812 3389 3876 3935 4271 428 4488 4526 4676 4754 4887 4969 752 871 922
1002 1426 15 1990 2379 3291 3958 535 581 597
1015 1039 1116 1360 1755 1834 1926 2072 2218 2314 2523 2956 3019 3283 3422 3475 3479 3514 3762 3775 3892 3995 405 4053 4108 4341 4641 4686 4746 4777 488 4887 833 838 86 91
1696 1875 2313 2883 3016 3160 3408 3507 3702 4089 565 890
1422 158 1637 2368 2548 2897 3345 3512 3663 3664 3756 4017 4918 4999 683
1061 1134 1189 1428 1558 1575 1608 1622 183 2011 2043 224 2320 2575 260 2838 2856 3012 3062 3067 3127 3236 3290 3470 3543 3813 3909 4367 4426 4444 4578 4606 4736 4895 4952 4959 4992 631 648 736 751
1260 1360 1485 2084 2159 220 2444 2448 2605 2789 2975 3091 3196 3463 3606 3703 39 4028 4219 430 4388 4614 4887 780
2116 2320 2358 2374 250 2685 2946 3282 3442 3668 3761 4262 4339 4869 4949 4998 686 72 899 966
1005 1019 1027 1057 1470 1568 1712 1949 1964 2284 2666 289 3188 3273 3279 3406 3683 3785 3880 4041 4127 4234 4299 4344 439 4476 4509 4596 4615 4664 4696 4697 4709 4743 4801 4933 55 751 877 987
1386 2220 2385 288 2934 3068 3146 3541 4057 4956 87
105 1149 1245 1612 2016 2184 2486 3128 3759 394 4300 578 688 881
1598 1734 1777 1781 1792 2018 2514 2703 2743 2744 2758 2841 3088 3196 3321 3453 3785 3860 4202 4245 4265 4288 4298 4431 4483 4520 4532 4581 4730 4812 4830 4856 4865 4902 4944 4959 4980 4997 500 521 686 749 803 85 896 940
1209 1717 1752 1837 1983 2042 2095 2204 2205 2453 2469 287 3051 306 3334 3402 3707 3751 4002 4145 4330 4484 4574 474 4872 4918 4972 4976 788
1082 1370 1497 1519 1543 1704 174 191 2086 2091 2245 2255 261 2983 3394 3451 3728 3735 3761 3854 4004 4154 4234 4314 4434 4453 4518 4946 680
1719 1741 1835 1915 202 2038 2163 2294 238 2500 2862 3895 4847 774
1023 1253 1436 1497 1596 1668 1996 2292 2558 2833 2881 3039 3066 3128 3318 3729 3874 4488 4692 4750 55 556 599 7 78 98
1227 1374 1383 165 1703 1718 1735 1815 1858 1911 1973 2147 234 2645 2656 3028 3033 35 3721 3760 3886 3985 4002 4195 4343 4727 4762 4825 4963 503 892 91 970
1181 1377 172 226 2706 2970 3685 3825 4237 4341 454 552 854
1049 1826 2092 2593 3155 3312 3573 4633 524 82
103 1038 1063 1078 1100 128 15 1605 166 1976 199 2039 2290 242 2468 2485 2490 2533 2574 280 3180 353 3764 3876 4184 4294 4324 4429 450 4503 4633 4670 4710 4737 4767 4921 494 58 685 720 767 890
1492 1598 1758 1964 2030 2391 2599 2688 3054 3295 3307 3379 3785 3857 3937
1020 1176 1371 15 1643 1651 1706 1827 1889 1914 1940 1958 2041 2457 2814 3280 3380 3421 3444 3714 3860 4015 4081 4127 4280 4288 4433 451 4622 4628 4632 4679 4753 4811 4846 543 638 862
1785 201 2351 244 2786 290 2986 3199 3859 4290 4579 4706 4869 552 905
1542 1573 3118 3341 343 3698 3954 4027 4468 4981 540 889 965
1306 1382 1637 1768 2036 2461 2727 3299 357 3911 445 4488 648
1379 1870 2200 2386 2578 2852 3023 3122 3351 3614 742
1055 1135 1166 1187 1440 1513 2064 2131 2233 2234 2336 2413 261 3428 3567 3580 3582 3605 3639 3717 3724 3840 3867 3940 4003 4024 4202 4223 4237 4431 4488 4493 4525 4529 4579 4588 4649 4714 4778 4795 4900 80 954 962
1107 1234 1249 1337 1377 1476 1522 1663 1787 190 2127 2138 2323 2452 2636 2657 2691 2709 278 2843 291 2948 3025 3387 3597 3610 3765 3837 4035 4057 4119 418 4240 4264 4285 4294 4570 4622 4625 4715 4718 4883 4937 4957 4992 567 868 874 907
1478 1684 1821 1831 2128 2200 2203 2209 2627 2660 2682 2851 334 347 3586 364 3644 3715 4046 4074 4223 4314 4328 4385 4601 4610 857 904
1198 1291 1360 1525 153 1544 1683 1860 1918 1926 2043 212 2156 2191 2200 227 2455 2512 2523 2598 2679 2682 2787 2979 3145 3230 3233 3706 3795 3846 388 3934 3983 4155 4177 4397 4557 4805 4815 4875 4885 498 666 766 776 867 885 927
1381 1416 1446 149 1563 2251 230 2447 2643 3200 3351 3444 3874 3887 403 4197 4460 462 503 821 902 922 981
1156 132 1443 1674 2188 2268 2385 2556 2608 2658 2872 3205 3226 3377 3422 3509 3530 3532 3691 3796 4134 4237 4312 4461 4513 4625 4630 4735 480 4812 4849 4883 4935 85 967
1031 1229 134 144 1516 1676 1687 1749 1781 1911 2131 2176 2215 2563 2576 2606 280 2845 3070 3336 3629 3666 3685 3756 3763 3804 3958 4137 4206 4245 4321 4404 4434 4488 4597 462 4701 4907 4920 4926 4953 4974 570 648 772 825 85
1401 1552 1964 2070 2211 2290 3483 3696 3799 4563 4579
1159 1887 2196 2213 2374 2563 3667 4143 445 4777 636 649 919
1030 1045 1062 1233 1732 2330 2496 2710 3177 368 400 418 4718 670
1100 1261 1288 1487 1518 1684 1832 2479 2571 3020 3160 3280 3354 3394 3397 3777 4089 4168 4187 4203 4386 4409 4563 4650 4688 4935 4940 4956 501 668 73 804
1097 1113 1446 1923 2009 2200 2277 2831 2858 2915 3469 3556 396 4163 4329 4677 4767 4974 605 750 998
1164 1333 1516 1644 2072 2809 3044 3218 4653 4893 4918 823 843
1321 1391 1657 2313 2369 2454 2481 2983 3146 3254 3547 3725 3794 3807 4016 4058 4076 4174 418 4933 5 519 615
1227 1776 2156 2210 2250 2267 2478 2524 2536 2649 2819 3201 3206 3653 3828 3860 4210 4301 4304 4398 4471 4534 4590 462 4647 4687 4902 4918 4963 656 849 935 989
1089 1243 1412 1639 2156 2195 2500 2690 3144 3160 3874 3951 402 4519 4526 4555 91
1024 1082 1133 118 1590 1871 2367 2649 3120 3263 3342 3727 4362 4653 4964 84
1025 1112 1332 2374 321 3326 3475 3580 3958 4348
1082 1307 1442 1511 1654 1694 1950 20 2005 2253 23 2333 2357 2444 2447 2487 2619 2672 2771 2809 3000 3461 3556 3583 3590 3840 3996 4059 4555 4935 527 563 612 728 885 892 931 996
1589 1624 1702 1907 1923 2160 2396 2512 253 2980 3245 3494 3504 3974 4007 4569 4717 4742 694 751 759 821 832
1148 1195 1643 1766 2129 2315 2394 262 3382 3522 3682 3895 3897 3898 3961 4712 538
1053 1346 2094 2540 266 3121 3346 3513 3756 3962 3971 4133 4214 4216 4343 4425 462 4677 4980 979
130 1305 1309 1407 1835 1911 194 1962 2121 2133 2228 2681 2756 295 3224 3394 341 3453 3512 3637 3650 3806 3817 4052 4082 4124 4242 4331 449 4513 4588 4748 4819 4859 4873 4889 490 4970 583 615 669 766 908
119 1191 1485 1590 1644 1724 192 2106 2190 2447 2735 2791 2843 2918 2949 3106 3490 351 3587 3685 3789 3807 3838 4268 4419 4458 4531 4565 628 679
1226 1310 152 1585 2026 2031 243 2542 2603 3130 3344 3455 3541 3651 4030 4126 4468 4581 502 764 803 821 920 921
1088 1195 1348 1701 1779 181 1829 1835 2012 2891 2947 2983 3311 3678 4205 513
1081 1485 1579 1920 1953 2157 2376 2444 2599 2731 2972 3108 3128 319 3390 3464 3481 3594 36 4009 413 4332 44 4437 4621 4658 4949 627 668
1359 1422 1781 1923 2068 2105 2401 2824 3037 3535 3666 4009 4349 4366 4684 4812 517 62 933 963
1071 1214 1336 142 1452 1620 1818 1907 2070 224 2265 2320 2442 2500 274 276 2797 2864 3328 3437 3499 3824 3878 3880 4135 4226 4335 4341 4519 4581 4742 4848 533 541 859
1029 2181 2551 2865 2901 2960 2962 3065 3284 3647 3834 4141 4194
1122 116 1218 1272 1475 1492 1637 1679 1744 204 2043 2059 224 2417 261 2840 3043 3055 3175 3340 3359 344 3516 3566 3642 3730 3906 3992 4234 4291 4392 4499 4510 4515 4571 4656 4708 4855 4875 4943 4945 4959 4974 4989 4995 793 908 953
1183 1197 1262 1331 1333 1367 1486 1540 1598 1622 1644 1679 1707 1784 2048 2083 2247 2497 2514 267 2697 2722 2756 2937 3015 3318 3539 3921 4199 4202 4567 4653 4759 4787 4832 4879 4914 4941 4965 4976 4978 710 781 877 995
1339 1930 2156 2334 2468 2533 2682 2684 2802 2874 2954 3250 3541 3678 40 4727 92
1102 1221 1497 1979 2254 2368 2379 2685 2783 2820 2994 3350 3410 4078 4625 4826 4883 4952 843
133 1349 1584 2019 2045 3002 424 4677 485 523 892
1019 1163 1333 1820 2192 2328 235 2391 2609 2796 2912 3297 3305 3419 3422 3518 3698 3702 3876 4027 4143 4347 4398 4507 4611 4688 4704 4717 4750 4839 4952 4964 550 591 637 877
1096 1129 1410 1592 1631 1645 2016 2132 2320 2483 2552 2619 310 3369 3581 3641 3731 3785 3818 4246 4248 4267 4283 4302 4435 4622 4636 4945 4959 4998 808
1096 1221 1369 1638 1678 1706 2668 3160 4314 4775 794 944
1072 1172 1415 1868 2002 221 236 2442 3156 3575 3723 3918 596
1032 1184 1363 1554 1851 1920 212 2131 2347 2373 2470 2493 2628 2632 266 2720 2721 2768 2799 2892 2940 2995 3394 3485 3561 362 3674 3761 3775 383 4288 4382 4431 4433 4580 4681 4740 4832 4933 4966 4979 4999 656 724 890 945
15 1822 1899 2070 2455 2588 2983 3159 3432 3486 3525 3706 3864 4080 4094 4238 447 4689
1191 1248 1471 1489 1536 1684 1920 1947 2030 2055 2343 2399 2418 2705 3073 3107 3142 323 3303 3593 374 3774 382 3930 3944 4190 46 4786 786 856 946
1061 1216 1967 2338 2379 2601 2698 3155 3647 3889 4043 4175 816 897
1335 1586 2017 2493 2507 2959 2977 3252 3302 3674 3698 4674 4949 56 809
1096 113 1250 1255 1290 1862 1965 2065 2156 2159 2183 2203 2252 2282 2547 273 2823 2960 3003 3134 3349 3761 3848 3850 4083 4194 4284 4305 4340 4447 4591 4638 4749 4807 4911 503 547 577 643 714 918
1009 1135 1147 1445 1625 1641 1860 2024 2030 2043 2119 2189 2766 3098 338 3615 392 3999 4014 4431 4551 4572 4645 691 699 704
1157 1212 1591 1839 1874 2117 2230 236 2431 2533 2868 3620 4434 4576 4702 4925 803 820
1289 1295 1994 2179 2228 2564 2756 2843 3044 3083 3125 3359 3409 3580 3594 4120 4160 4181 4245 4332 4475 4925 500 880
1149 1261 1347 1672 1722 1964 2085 2139 2327 2942 3041 3489 3610 4410 4532 4958 516 530 544 939
1174 1187 1223 1237 1257 144 1446 16 1695 1706 1998 2040 2188 2315 2349 2442 2514 2529 2571 2662 2703 2763 282 2963 3511 3636 3813 3871 3905 4008 4014 4224 4303 4588 4775 4826 4860 4883 4886 4930 4950 706 966
1143 1187 150 1615 1630 1835 1851 1860 2078 2269 2280 2330 2494 2616 266 2682 2739 2964 3031 3110 3147 3198 3358 3418 3540 3722 3796 3869 4150 4434 4827 4901 4917 547 618 701 749 766
1285 1287 1301 1492 1494 1850 2010 2818 3288 3393 3532 3770 3964 3976 42 4555 4576
1060 1953 2435 2474 255 3373 3377 4368 4493 807
1270 1345 1508 1633 169 1898 1911 2127 2194 2257 2439 2974 2993 3074 3085 4077 4285 4474 4496 4826 4935 622
1058 1330 1581 1759 1801 190 1906 2 206 2120 2238 2249 2364 2383 2403 2468 2606 2753 2772 2866 2996 3128 3152 3160 3268 3486 3507 3646 3681 3840 3978 4333 4342 4358 4717 4732 4747 4789 4870 4909 4912 530 534 638 668 836 936 946
1327 1647 2480 2623 2641 2837 2927 3132 3514 3802 3909 3960 541
1096 1378 1421 1643 1685 1695 1819 22 239 3215 3347 3534 3674 3942 4201 4380 505 55 915 943
1395 1422 1429 1462 1598 1611 1660 2121 2157 262 277 2833 3212 3265 3524 3713 4198 4588 4692 4775 539 615
1281 1307 1823 3135 3146 3903 4057 4145 4576 4647
1054 1313 1351 1484 1804 1810 1845 2282 2612 2660 2781 3022 3367 3566 3889 4258 4374 4404 4972 4998 999
1261 2151 2321 2833 2894 3142 3260 3388 3496 3536 3885 419
1557 1881 2208 224 2368 2572 2604 3103 365 3819 3823 4009 4524 4859 769 784
1120 1423 1455 1461 1516 1817 1926 1966 2072 215 2391 2651 2686 2872 3011 3346 3678 3909 4164 4204 4237 4504 4690 4729 4757 4821 485 4949 552 561 658 819 85
1019 2229 2411 2485 2512 2606 285 2900 3114 3274 3374 3633 3667 369 3716 3832 4275 4477 4718 4727 4969 572 733 842
1221 1825 1865 1867 201 2361 2391 2440 2480 2572 2796 2899 3167 3656 3822 4055 4085 4296 4313 4432 4958 4981 65 740
1032 1273 138 1687 1692 184 1969 1989 2165 2215 2331 2463 2500 251 2563 2591 271 2874 2906 3010 3029 3030 3042 3052 3142 3580 3617 376 3865 4135 4228 4344 4345 4372 4402 4631 4657 4661 4700 4790 4817 4901 4923 4982 570 612 669 754 885 922
1195 1326 1374 1459 2294 2672 2700 2712 3438 3460 3875 4263 4300 4450 4872 4980 626 745 904
1160 1323 1436 1688 1968 248 313 3195 3625 4365 485 4972 643 829
1021 108 126 1954 201 2047 2120 2385 2692 2701 331 3375 3503 3704 3876 43 4406 844 910
1191 1492 1504 1614 1944 2200 2203 2332 2541 2582 2608 2610 2625 2795 28 2826 2885 3130 3208 340 3445 3773 4015 440 4620 4632 4644 4952 593 702 751
1103 1104 112 1149 1402 1435 1624 1981 1987 2016 2070 2159 2182 2237 2290 2432 2534 2712 278 3181 3616 3665 3671 3910 408 418 4398 4517 4694 4734 4769 4831 4838 4847 740 779 822 84 877 916
1319 1350 1357 1362 137 1548 1584 1751 1893 2228 2319 238 2514 2614 2725 2816 3115 3125 3162 3306 3320 3420 3434 3528 3662 4150 4159 4197 4201 4294 4323 4327 4344 449 4576 4741 4915 4947 4991 4992 500 633 638 669 747 821 997
1563 2131 2444 2648 2649 269 2811 2911 3021 3167 3557 3734 4341 4557 4622 713 884
1073 1194 1374 1434 2532 2764 3146 4182 429 4581 463 4767 4812 4935 4940 846 881
1076 1307 139 1721 1964 2164 2330 2673 3362 4127 647 811 956
1055 1192 1377 147 1654 1725 2089 2140 2290 2343 2379 2414 2455 2514 2595 2833 297 3035 3564 3585 3667 3862 4123 4185 4298 4579 4735 4792 4829 818 892
1037 1059 1221 1265 1403 1520 1695 1733 2016 2188 2341 237 2525 2756 2796 2935 3056 3069 3155 3191 3387 3415 3422 3462 3568 3649 3706 3726 3788 4001 4276 444 4669 4692 4777 4813 4882 4902 4951 496 788 905
106 1790 2020 2127 2296 2340 2618 2769 2933 296 3989 3994 4202 4258 4270 4456 4474 487 4998 600 729
1096 1436 1539 1626 1686 1691 1693 1901 2075 2455 2641 2653 3085 3101 3164 3293 3366 3507 3563 3734 3932 4002 4025 4148 4645 4689 4872 4983 503 620 671
1013 1231 1305 1707 1849 2262 2305 2876 3444 3820 3840 4067 950
1006 103 1276 1594 2207 2267 2271 2289 2550 2654 2991 3517 3847 3889 4116 4290 4371 4557
1014 1087 1153 1198 1429 15 1688 1982 212 2602 262 2638 2646 2649 297 2976 3167 3318 3628 3780 3998 4089 4362 4373 4524 4600 4685 4796 4810 4863 66 760 84 852
1227 2180 2594 3057 324 3377 4278 4684 4783 609 773
103 1032 1100 1317 1446 2023 2155 2346 2713 3130 3185 380 485 4969 682 890
1061 1159 1303 1472 1737 1959 2174 259 4632 4633 625
1197 1307 1340 1436 144 1622 1624 2157 2159 236 2442 2498 2533 2572 2641 2766 2909 2955 3187 3227 3318 3412 3477 3532 3626 3748 4067 4227 4363 4365 4397 4509 4518 4538 4558 4635 4684 4722 4764 4766 485 4875 4879 4960 536 763 88
1014 12 1451 1813 2307 2639 3313 3840 4224 4899 824
1377 1420 1666 1836 1892 2294 2442 2584 2989 3370 4027 4063 4121 4258 4337 4420 4505 4735 482 4915 607 890 976
1186 1485 179 1802 2267 2427 2468 2500 317 3453 3470 3546 4109 421 4390 4404 4532 4875 686 825 909
1136 1191 1304 1398 1835 2006 2060 2083 2085 2214 2455 2599 262 2657 2672 2680 2793 2796 3046 3203 3470 3537 3622 3663 3694 37 3775 3849 3851 3896 3903 4015 4064 4088 4191 4272 4416 4464 4468 451 4663 4678 4841 4924 4990 542 547 697
1248 1479 1538 1800 238 2573 2590 2610 3124 3158 3165 3308 3315 3470 373 3816 3977 4073 4118 4158 4186 4231 4350 4357 4365 4491 4712 4725 4785 4828 4956 912 96
1177 1374 1390 1409 1497 1621 1808 1890 1900 2093 2244 2291 2544 2545 270 2712 2766 2835 2973 2982 3262 3333 3346 3488 3645 3675 4010 4197 4207 4236 4237 4259 4403 46 4668 4720 4847 4888 4897 4910 4939 4949 4985 790
1014 1285 1356 1975 2077 2890 3424 3532 3643 398 4150 4475 570
122 1280 131 1399 1436 1541 1643 1904 1916 1953 2053 2058 215 2260 2368 2449 2523 2671 2785 2898 3026 3259 3566 370 3808 3924 4462 4532 4579 4674 4864 4893 4925 612 901
1014 1083 1864 1917 3100 3139 363 3743 3800 4 4458 4940
1193 1299 1711 21 2221 2425 2688 2847 2999 3009 344 3523 3601 3699 3830 4112 4470 4490 4647 4677 782 785 900
1254 1417 1449 1577 1679 1695 2159 2350 3155 3343 3541 3678 3687 3949 3997 4048 4526 4585 4632 4902 4924 617 650 847 989
1456 1775 2470 2790 3014 3591 3685 3711 3714 4278 4294
1036 1043 1044 1155 1308 1495 1867 1891 1951 2083 2380 2531 2563 2685 2832 2919 2960 305 3097 3220 3384 3678 4018 4237 4368 4563 4945 621 686
1168 1207 1297 1334 1354 1563 164 1926 2104 2143 2228 2568 2586 2634 2660 2749 3221 3333 358 3598 3673 385 3895 3923 4068 4532 4568 4584 4622 4629 4726 4727 4799 4845 4883 604 655 727 749 821 951
1320 1454 1706 1760 1884 1911 213 2286 2473 2756 280 2827 3133 3280 3813 4085 4290
1175 1294 1537 1559 1598 1655 1706 1716 1851 2020 2090 2372 247 2946 323 3448 3611 3622 371 3836 4067 4132 4149 4158 4617 4706 4781 4940 686
1195 1322 1598 1653 1706 1834 1955 2068 23 3044 3137 337 3507 354 3622 3880 389 4142 4186 4352 4805 4872 55 744 904
1019 1121 1173 1238 1285 1431 1649 1690 1851 1856 1869 2167 2243 2267 2274 2360 2480 2676 2694 2703 2828 3085 3105 3167 3364 3464 3475 3594 3618 3647 3666 3692 4202 4518 4702 4861 4869 4961 520 612 669 794 851 893 977
13 1457 161 1707 1709 1770 1852 1921 2030 2074 2131 2361 2455 2465 2635 2672 2960 3082 312 3123 3141 3249 3278 3332 3584 3677 3919 4047 4380 4602 4622 4712 4852 4879 4903 4969 498 525 566
1444 189 2170 2201 2913 3013 309 3163 3657 3660 3752 4114 4125 4343 441 449 472 4777 4933 4999 848 989
1042 1687 1757 2029 2134 2278 2503 2533 2537 2608 2719 2960 346 4132 4140 4343 4474 4867 4980 692
120 1261 1405 1761 1867 1943 2217 2381 2391 2427 2523 2538 2879 2940 3104 3685 4495 4902 52 555 806 870 947
1159 1920 2063 307 3566 3599 4145 436 484 594
1117 1258 1624 1700 1886 1972 2803 3372 3542 3766 3815 4009 4255 4459 4677 4949 61 640 781 788 863
1249 1805 1811 207 2085 2121 23 2572 2960 3189 3339 356 4180 4183 4438 4506 4526 4568 4706 616 825
1957 2377 2647 2704 2738 281 3193 330 3814 4524 615
1046 121 1368 1469 154 1736 175 1781 1807 2113 2173 2272 2292 2306 2363 2657 2822 2848 3126 3676 3684 4089 4253 4475 4522 4559 4633 4682 4804 4836 522 541 568 684 788
125 1771 2085 2154 2828 3264 3385 3486 3594 3941 3967 4115 4510 4688 696 949
100 101 1835 1991 2347 2361 2424 2752 294 3239 3294 3378 3395 3590 3749 4113 4254 4258 4288 4555 4564 4674 798
1316 1422 1425 1648 1910 2499 2517 2650 2889 2936 3399 3467 3565 3624 3800 3807 4201 4316 4348 4408 4430 4476 4974 551 644
1206 2215 2719 3316 3558 3698 3965 4089 4317 4775 9
1032 1246 1249 173 2577 2742 2773 2943 3092 3153 3310 3351 355 3577 3594 3608 3734 3779 395 4061 4144 4181 4221 429 4315 4327 4343 4466 4489 4508 4515 4582 4705 4735 4859 4876 4901 708 860 866
1958 211 218 2198 2504 2571 2636 2794 3346 3353 4287 4327 4389 4479 4946 4959 499 530 802 875
1497 1928 2035 2343 2488 2930 311 3351 3655 3753 4223 4368 4901 4956 4976 498 4998 666 905 964
1010 1185 1590 1786 2083 2941 3275 3298 3361 4197
107 1169 1178 1644 2226 2353 2382 2505 2512 3272 427 4359 885 992
1019 1119 114 1198 1516 1563 1764 1778 1977 236 2375 2514 2810 2957 3149 3192 3559 3571 3667 393 4129 4285 4359 4394 4401 4534 4575 4598 4639 4835 4953 498 595 663 676 689 739
100 1127 1737 1867 2126 2315 2335 2436 2447 2485 2592 2599 3244 3333 3492 3570 3578 3648 3965 4020 4045 4096 4132 4165 432 4460 4534 4547 4640 4660 4925 4952 573 673 740 946 978
1300 1466 1873 2659 2670 3090 3381 3404 3903 504 770 971
1123 1769 1794 1902 1948 2118 228 2294 2347 2379 2929 3017 3142 3214 326 3365 3366 3500 3507 3508 3551 3880 3889 3963 4145 4186 4213 4433 4474 4487 4493 4501 4775 4805 4837 4881 4887 4890 4953 661 668 776
1032 1373 1377 1610 2072 215 2555 2914 3172 3738 3946 4001 619
100 1326 136 1387 1429 1477 1527 1953 2087 2188 2224 2329 2395 2533 2557 3076 3241 3296 3325 3356 3405 344 3527 3546 4235 4317 4365 4576 4645 4739 495 75 830
1111 1688 171 2222 2232 2370 2460 2785 297 3359 3555 3714 3914 3915 4513 4859
1404 1797 1986 2046 2905 2964 3155 38 4632 799
104 1048 113 2060 2352 2438 2571 3129 3702 471
1419 1427 1710 2003 2039 2335 2348 2423 2456 2567 2729 3049 3142 3545 366 4122 4224 4497 4552 4867 4881
1980 2120 2288 3335 3348 3601 3895 391 4474 4893 4915 4953 652
1011 1143 145 1482 1752 1793 1985 2034 2111 212 2122 2145 2468 2606 2874 3161 322 344 3453 3486 3792 3835 3901 3907 4042 4135 4220 4298 435 4380 4387 4468 4502 4554 4579 4595 4642 4649 4731 4773 4896 4927 4954 54 570 675 717 788
1055 1086 1152 1235 1278 1414 151 1563 1652 180 1860 2127 2202 25 2513 2964 318 3289 3318 332 3498 3622 3903 3975 4001 4106 4181 4194 4256 4309 4353 4568 4630 4649 4689 4723 4761 4768 4823 4833 4844 4931 4963 4977 4987 5000 638 653 99 991
1205 1261 1439 1572 1844 2201 2228 2315 2467 2641 2779 2884 3102 3166 3352 3363 3394 3613 3667 3800 385 3920 3929 3966 3993 4009 4117 4170 4224 4414 4550 4562 4666 4699 4764 4859 4867 4881 4893 4894 4904 4908 4938 4986 547 635 8 905 961 979
100 1305 1512 1782 19 2080 210 3119 3229 3881 445 541 678 757 839 892
1222 1433 2437 2444 2468 2527 2687 308 3258 3876 4015 4887 95
1052 1203 1272 1329 1353 1394 1510 1739 2149 2565 2878 2964 3011 3125 3251 3703 3840 3955 3970 4224 4269 4378 4608 4667 497 498 530 656 972 982
1065 1140 1688 2256 262 2984 2988 301 3387 3470 3476 3703 4006 4881 4983 638 787
1298 1593 1929 2150 2199 3734 3796 3947 4002 4085 4887 741 843 975
1149 1150 1191 1324 1529 1707 1754 1762 215 2313 2390 24 2772 2860 2953 3008 3148 3277 3444 4314 4332 4405 4422 4457 451 4649 4718 4862 4871 4963 552 60 635 648 717 740 905 93 952 966
1051 1305 1546 1637 1671 2384 2766 2780 2958 2998 3011 3154 3253 3407 345 3464 386 3948 4001 4054 4285 4317 4398 4461 49 737 776
1012 1100 1143 1380 1397 1497 1616 1682 1953 2071 2098 2285 2290 2313 2427 2477 2688 280 2872 2908 2952 3005 3112 3143 3318 3441 3515 3556 3810 3842 3858 3883 4022 4051 4188 4290 4291 4295 445 4716 4818 4840 4919 4942 50 664 695 908 979 984
1432 1490 1584 1913 2620 3440 3744 4141 4348 4433 4764 925
1028 1151 1208 1227 1364 1563 1584 1673 1680 1774 1788 1866 1876 1905 2128 2228 236 2587 278 2874 3085 3151 3213 3261 3314 3415 3422 3510 3548 3863 3943 4015 4057 4249 4381 4442 4648 4688 4693 4695 4738 4898 4981 598 643 861 891 90 955 979
1232 14 1502 1746 190 1999 2242 233 2374 2519 2599 264 2772 2782 286 2925 3004 3194 3703 3811 4102 4186 4201 4630 4653 4703 4805 4964 546 677 69 781 843 905
1141 1271 1314 1597 2141 2239 2310 2580 2655 2680 2685 3064 3071 3430 350 3512 3688 3705 4000 4505 4557 4718 4742 4899 632 994
103 1066 1248 1344 1907 2300 2407 2642 2922 2968 3359 3446 4125 4135 4505 4706 4847 4875 4924
1195 1243 1679 1809 1841 2146 241 2575 2610 2652 2765 2785 2792 284 3186 3572 3594 3958 4 4141 4145 4146 4257 4282 429 4298 4513 4534 4537 4634 4728 4752 4777 4806 4851 4866 4953 4955 4983 716 835
1326 1528 2337 2629 2830 385 416 4901 507 609 778
1082 1946 197 200 2060 2070 2733 2804 2873 2917 304 32 3552 3553 3601 3877 3958 4015 4141 4300 4404 4449 4607 4645 4805 4899
1082 1240 2261 2512 2828 414 466 506 749 766 898
1000 1326 2317 2420 2938 3058 3142 3554 3741 4125 4141 4767 781
1267 156 1622 1961 2069 2102 2417 2570 3888 3909 4125 4230 4291 4344 4493 585 719 989
1055 1333 1600 1752 1838 1840 2107 2201 2421 254 2895 3376 3876 3956 3988 460 512
1187 1230 1243 1436 1632 1882 1937 231 2660 3255 3714 4084 4883 4974
2459 2472 2800 3337 3368 3465 352 3574 3693 3745 4002 4023 4189 4518 53 788
1607 1953 2267 2287 2575 2718 4362 477 4946 614 67 700 781 974
1034 1143 1187 1269 1814 2125 216 23 2313 2347 2417 2493 2521 2571 2711 2863 3044 3580 3589 3610 3714 3980 4087 4244 4251 4338 4407 4672 4683 4702 4812 4816 4847 4915 4964 4975 530 592 602 648 721 83 834 853 883
1159 1514 1526 1707 1752 1922 215 2339 2343 2471 2485 2608 2657 2903 2964 3006 314 327 3464 3556 4307 4534 4689 4750 4783 558 575 932
11 1217 1272 1576 1662 2007 2631 2944 3140 329 3387 3482 3580 3938 4332 4344 4509 483 4832 865
1082 1446 1583 1684 2022 2039 240 293 3532 3860 3889 4012
1302 1406 1562 2294 2462 3087 3323 3533 3712 3771 3895 4005 4027 4286 4288 4867 635
1566 1909 1933 2197 2215 2904 3202 4291 4505 4933 559 783
1146 2201 2270 2389 2480 2875 299 3048 3366 344 3475 3624 3652 3986 423 4415 4448 4609 4645 4735 791 845
1333 1493 1731 2343 2484 3197 3739 3793 3891 4075 4223 4940 590 645
1093 1114 1517 167 2030 2216 2318 2325 3610 3663 3844 3928 4066 4099 4177 4460 4674 4999 642
1315 1699 1748 2724 2907 3036 3171 3415 4040 4359 4633 4692 485 738
1077 1578 1888 1935 2135 2422 2506 2617 2940 3280 3392 3471 3667 3755 4166 418 4245 4260 4273 4418 4423 449 4536 4618 4684 4727 4879 4980
162 2637 2675 2843 325 3266 367 4009 4300 717
1523 1715 1984 2458 2508 2688 3232 3257 3366 3893 603 795
2057 2115 2298 2785 3179 3431 3678 3826 4197 492 4974 4976 503 792
1022 1220 1534 1550 1654 1773 2157 2292 2295 2335 2397 2575 2951 3990 4294 442 4653 71 968
1162 1372 1679 193 1970 2136 2153 2203 2732 2757 2942 3387 3464 3521 360 3807 3927 417 4209 4274 4319 4348 4383 4514 4573 4980 609 68 748 803
1389 2123 2403 2417 2825 3546 3590 3623 4945 579 651 876
