1097 1219 1355 1367 1420 1468 1704 1871 2023 2083 2261 2580 2729 3080 31 3260 3287 3851 4144 4169 4222 4352 446 4602 4698 752 
1040 1254 1401 1412 1416 1561 1639 1775 1905 1927 1948 2050 2163 2193 2232 2324 2427 2443 2498 2695 2697 2737 3013 3209 3263 3359 3469 3507 3515 3539 3777 3782 4383 4468 4602 4655 4683 4933 683 755 855 870 963
1208 1231 1543 1927 1957 198 2137 2324 2328 2467 2499 2538 2616 2850 3313 3445 3477 3478 3559 3653 3782 3886 3911 4022 41 4305 4327 4399 4512 4544 4760 4853 512 643
1001 1007 1044 1087 1091 1130 1194 1415 1565 1665 1872 1905 1958 1981 2243 2940 2999 3529 3539 3630 3696 4205 4769 4811 4921 602 733 83 89 890 913
1028 1146 1237 1240 1278 129 1510 1674 1761 1785 1893 1896 1963 1983 2097 2130 2154 2228 2381 2703 28 2962 3082 3087 3117 3124 3152 3239 3355 3403 3507 3545 359 3653 3654 3681 3790 3911 3933 3958 3979 4089 4125 4168 4355 4462 4478 4722 4810 4895 4919 4930 554 575 604 643 678 679 765 821 890 913
113 1161 1194 1236 1251 160 1674 1793 1893 1903 1940 1991 2298 2348 240 2504 259 2724 2730 2967 2974 3012 3544 3592 3624 3763 391 4108 4271 441 4443 4581 4683 4883 4957 50 505 592 681 796 809 992
1007 1010 1401 1449 1626 1670 1885 2124 2196 2637 2679 2750 2853 2936 2942 2967 2969 3011 3454 3673 3704 3861 3871 3873 39 4014 4099 410 4326 4352 4387 4429 457 4619 4782 4790 4797 4801 59 645 656 747 753 818
1194 1297 1328 1347 1602 1842 1921 2036 2061 2355 2524 2611 2723 275 2885 3056 3263 3329 3419 3627 3749 3861 4050 4102 4185 423 4433 4707 4801 4813 4832 487 67 755 801 95
1 1070 1130 1220 1421 1480 149 1491 1575 1704 1714 1856 2074 243 2467 2566 2890 3020 3194 3195 3271 3666 3789 3807 3849 4014 4170 4304 4440 4786 4801 4835 80 9
1082 1374 1533 1542 155 1864 1920 2096 2285 2475 2954 3005 3054 329 358 3653 3849 3883 3950 4232 4437 4521 4693 762 799 915 946
1041 1115 1179 1222 1357 1374 154 1773 213 2146 216 2245 2299 2335 236 2476 252 2521 2683 271 2967 2999 3096 3323 3526 3616 3705 3862 3935 3998 4095 416 4236 4244 4421 4602 4607 4705 4785 4855 4859 4883 4931 4936 597 689 755 835 991
1077 1093 1097 1127 1136 1236 1414 1816 1832 2204 2291 2637 3259 346 356 3629 376 3792 3830 4049 4312 4630 4993 644
1045 1122 1137 1235 1237 1308 1414 1430 1475 1543 1617 1647 1773 1826 183 1907 1952 1979 1995 2036 2061 210 211 2157 2175 2288 2355 2415 2455 2522 2595 2616 2623 2887 3006 3036 3145 3166 3194 3239 3438 3501 3507 3525 3529 3539 3579 3637 3659 3763 3766 3841 3886 3890 3961 4140 416 4164 422 4258 432 4340 4445 447 4580 4676 4792 4829 4855 4994 609 710 739 874 897 913
1036 1055 1124 1158 1328 1425 1493 1539 1553 1575 1685 177 1832 1961 1974 198 1981 2007 2022 2036 2069 2172 2273 2364 2452 2487 2577 2637 2821 2851 288 2896 3041 3145 3167 3196 3500 3652 3811 3910 3944 3975 4009 4013 4077 4266 4285 4473 4525 4572 4613 4752 477 4785 4906 4925 4988 550 6 679 703 704 710 714 80 838
1026 1180 1186 1262 1331 1351 1374 1390 1427 148 153 1614 1621 1637 1662 169 1785 1793 18 1843 1860 188 1979 2001 213 221 2213 2268 2269 2327 2364 2781 2825 2867 2933 3038 3051 3109 3292 3311 3334 3360 3367 3370 347 3489 35 3510 3525 3580 359 3627 3658 3659 3667 370 3771 3868 3884 3893 3902 4003 4009 4130 4151 4221 4271 4297 4322 4336 4451 4502 4563 457 463 4665 4729 4736 4763 4838 4841 4945 504 546 561 574 627 679 685 695 86 870 911 958 969 992
1007 1194 1249 1251 1404 1429 1445 1462 162 1683 173 1785 1901 2095 2204 2256 229 2354 2377 2422 2801 3005 3322 3355 339 3447 3496 356 363 3644 3735 3779 3871 3995 4026 4149 4280 4287 4352 4387 4397 443 4475 4517 4535 457 4589 4634 4835 4965 4993 596 654 657 750 861 883 946 962
1000 1032 120 1225 1334 1344 1346 1394 1404 1414 1421 1674 1684 1692 1745 2021 2146 220 2246 236 2567 26 2703 2795 2805 3000 3058 3163 3254 3388 3469 3618 3634 3635 3695 3782 3789 3859 4070 4080 412 4352 4365 4366 4415 4442 4455 4501 4507 4654 4658 4661 473 4761 4858 4890 4964 4975 4976 4993 613 636 685 695 748 767 855
1092 124 1302 1329 1399 1441 1542 1732 1814 1880 194 1957 1975 1983 2068 2245 2247 2298 2302 2330 2551 2856 2866 3049 3088 313 3314 3398 3482 3525 3597 3632 4102 4383 4456 4709 4808 4895 511 646 683 946 995
1005 1046 1054 1088 1106 1180 1362 1363 1428 1494 1694 1997 2039 206 2069 2109 2120 2147 227 2404 2415 2443 2592 2791 2805 2830 2887 2897 2904 3047 309 3147 3160 3190 3233 3298 345 3517 3595 3606 3725 3742 3743 3782 3801 3812 3822 3843 3889 4090 4165 4177 4242 4278 4351 4376 4436 444 4531 4641 4752 4829 489 4918 493 4950 4952 4962 4983 581 632 710 720 749 753 755 808 835 914
1418 2008 2198 2243 2275 2279 2419 2433 2443 2637 2673 2834 3018 3223 3404 3719 429 4658 496 53 764 909
1005 1055 1078 1278 1303 1350 1388 140 1468 1475 1516 1521 1533 1558 1598 1665 1677 1699 1776 1785 1808 1849 1894 1919 1927 1959 2071 2134 2205 2259 2261 2265 2279 2289 2356 2404 2459 2515 2526 2548 2713 2718 2816 2848 3002 3063 3118 3135 3140 3219 3239 3241 3259 333 3331 3333 3383 3391 3455 3473 3505 3526 3544 3546 3560 3587 3591 3628 3663 3752 3757 3789 4102 4186 4343 438 442 444 4482 4501 4573 4612 4710 4713 4717 4736 4752 4820 4824 4883 4888 4928 517 559 630 807 877 915
1313 1591 1856 2090 2472 2746 2930 3239 327 3318 3762 3945 4068 4167 4271 4404 4606 4659 468 4683 649 695 752 962
1138 1194 1348 1959 209 2183 2212 2428 2649 2941 3219 3303 3360 3384 34 3554 3581 3618 370 3797 4186 4392 447 695 726 731 978 997
1205 1346 1403 1663 1990 2387 2638 2688 2845 3105 3108 4053 4157 444 4655 4925 698 753 763 923
139 1555 1580 1761 2183 2184 2339 2391 2437 2522 3152 3541 3556 3828 3933 4027 4383 4589 605 918
1001 1032 1217 1575 1714 1837 1977 1979 2024 2072 2074 2134 3388 346 3469 3516 3797 4040 4078 4247 4345 4763 4769 590 970
1424 1515 1576 1616 1806 2157 2252 2331 2931 3036 3045 3259 3524 3700 4055 4435 4467 451 658 738 752
1128 1143 134 1455 1628 1630 1696 1780 1933 1940 197 2275 2279 2548 2637 2655 2837 3068 3187 3244 3251 3404 3431 3575 3588 3628 3664 3675 38 4123 4154 4211 4243 4335 4387 4501 4630 4708 4829 4937 4960 550 623 716 908
1152 1465 1607 1803 1980 2065 2261 2494 2568 2811 3147 342 3749 4085 4221 4337 4786 485 4925 635 746
101 1109 1169 1176 1216 1253 1278 1314 1416 1419 1457 1560 1642 1653 1695 175 176 1793 1815 185 1870 1872 1981 1988 1993 2074 2088 2124 2139 2161 2199 2204 2223 2240 2264 2282 2346 2375 2486 2538 2567 2711 2781 2883 2886 2919 2921 2943 301 3077 3126 316 3171 3252 3255 327 3323 3384 340 3416 3628 3737 3835 3844 3905 4116 4170 4210 4350 4399 4512 4516 4554 4570 4583 4762 4831 4870 4883 570 606 608 616 633 739 88 915 932 958
1182 1210 1219 122 1320 1480 1520 1522 1556 1563 1648 165 1663 1704 1778 1823 1856 1896 213 2157 2174 229 2315 2353 2387 245 2501 2567 2575 2592 2701 2755 2760 2808 3017 3117 3122 3130 3228 3236 3268 3274 3321 3330 3450 3587 3653 3797 3838 3853 391 3918 4008 4197 4236 4345 46 4712 483 4925 4950 497 535 552 553 590 593 687 689 719 80 874 92 94 945
1014 1117 1164 1194 1221 1486 1530 1775 1973 2204 2369 2470 2522 2684 3147 3457 3544 3596 3611 3647 3760 3860 3870 3959 3974 4000 4006 4020 4102 4272 4446 4464 4501 4519 4726 4761 4921 498 504 63 685 697
102 1054 1092 1112 1175 1237 1333 1588 1673 171 1825 1918 196 1973 1981 2081 2106 2351 2413 2467 2496 2794 2863 2991 3012 324 3309 3526 3856 3869 3966 4087 4173 4336 4345 4527 4895 4937 5 635 739 803 819 911
1028 1150 1160 1220 1244 1467 152 1697 176 1866 1927 1966 1991 1998 2061 2086 2110 2127 2137 224 2297 2494 2513 257 2676 268 2765 2767 2873 2875 2983 3012 3016 3085 3196 3199 3202 327 3271 3273 328 3299 3394 3564 370 3719 380 3951 4009 4069 4095 4177 4243 4255 427 4288 4303 4399 4408 4465 447 454 4547 4595 4772 4835 4859 4896 519 578 60 620 629 678 721 819 870 88 92 945
1217 1252 1293 1369 1701 2125 2291 2467 2483 2554 2575 2690 2871 2931 3038 3068 3182 3225 3271 3273 3326 3443 3488 3605 3659 3664 374 3847 3870 3903 4279 4342 4399 4439 4482 4538 4564 4619 472 610 752 988
1515 1526 1761 1925 2575 2617 2699 3003 3038 3164 3183 3192 3341 346 3659 3664 3724 4019 4493 455 678 700 782
1071 136 1481 1731 1779 1897 1908 2024 2124 2146 2276 2330 2518 2588 2658 2802 2972 3081 3136 3261 3354 3525 3633 3976 4102 4753 4765 582 993
1127 1163 1186 119 1237 1299 1357 1374 1400 1401 1402 1404 1454 1475 1502 1545 1669 1714 173 1786 1940 1992 1996 2095 2125 2134 2144 2245 2335 2415 2429 2614 2630 2668 2678 2724 2733 2785 2795 2804 2837 2887 294 2965 3008 303 3117 3147 3214 3228 3297 3323 3327 3359 3456 3473 3660 3772 3785 3843 3861 3876 3908 3911 3933 4141 4156 4206 4243 427 4304 4342 4353 4366 4373 4382 4456 4525 4532 458 4742 4817 4835 4847 4928 4971 4974 631 66 663 820 898 921 941 984
1011 1060 1090 1194 1245 1404 1427 1440 1604 1942 1967 1983 2383 2438 2476 2526 2758 2796 285 2873 2881 3206 3228 3371 3774 388 4069 4166 539 881 967
1130 1363 2047 210 2195 2768 2775 2820 3046 3773 3789 391 4216 4271 4295 440 4490 472 4965 710
1004 1041 1060 111 1129 1186 1220 1251 130 1322 1359 1411 1414 1480 1507 1522 162 1714 1827 1949 1962 2275 2333 2392 2536 2601 2602 2619 2700 2722 2747 2757 2868 2903 3117 3151 3171 3351 3359 339 3426 3450 356 3566 3587 3682 3686 370 3728 3743 3746 3895 3985 4000 4086 4166 4315 4332 461 4751 4763 4767 525 608 626 628 656 739 766 84 855 873 931 958
1007 1032 1043 1169 1237 1417 2061 2397 2567 2647 2767 2776 2847 2928 3209 332 3891 3934 4000 429 444 4652
1013 1034 105 1074 1211 1416 1614 1638 1691 1771 1905 1910 198 1982 1983 2004 2078 2080 2180 2262 2309 2389 2455 2464 2526 2664 2671 2687 2831 292 2962 2971 3068 3384 3450 3525 3529 3653 3672 3739 3815 3980 4068 4139 4256 4380 4414 4525 4683 4732 4773 4792 4858 4965 4993 525 539 685 945 947
1005 1060 1156 1346 1416 1538 1668 1700 1769 1817 1832 190 1913 2186 2224 2266 2298 2319 2454 259 2648 2815 2972 3043 3114 3149 3287 331 3468 3532 4070 4109 4153 4166 427 4304 4469 4476 4495 4655 4798 4855 4957 4987 573 587 6 653 691 8 879
1017 1030 1052 1154 1176 1325 1351 136 143 1443 1484 1533 1542 1678 1707 1735 1751 1775 1785 2052 2092 214 2144 2157 2203 2243 2275 2355 2357 2526 2539 2564 2639 2647 2666 301 3045 3076 3146 3147 3148 317 3182 3196 3240 3256 3273 3283 335 3355 3375 3408 346 3481 3525 3529 3539 3659 3676 3719 3825 3832 3885 3911 392 3928 4113 4190 4221 4244 4365 4383 4409 4414 4433 4504 4512 4648 4685 4736 478 4790 4887 4913 4960 4991 519 567 678 689 69 718 817 855 890 92 976
1021 1042 1121 1127 1175 1515 1615 1632 1675 1850 1962 2023 2042 2124 2134 2150 2239 2261 227 2583 2745 2761 2823 2849 2862 2906 2951 296 2968 305 3080 3175 3207 3247 3259 326 3358 3384 3394 3432 3439 3449 3470 3511 3513 3545 3618 3651 3692 3747 3825 3843 3870 3904 3907 3987 4009 4194 4224 4321 4487 4725 4761 4809 4835 4926 524 591 664 693 784 810 841 871 874 932 933 934
1036 1166 1468 1680 1753 1885 1898 1983 2182 2191 2261 2517 2583 2889 3310 3789 3932 3961 3969 4014 4153 457 4729 4751 4774 4785 4790 4806 4859 4860 670 756 834 835
1089 1180 1366 1785 1798 189 2032 2243 2542 2702 2753 2873 294 2962 3508 3759 3939 3944 4038 4131 428 4366 4409 4436 4449 4560 4658 498 600 93 955
1000 1060 1184 1280 1327 1543 1595 162 1658 1762 1793 1896 195 2024 2079 214 2332 2335 238 2441 2450 2576 2656 27 2713 2722 2809 2813 2837 2901 2940 2953 3066 3125 320 3200 3202 3275 3404 346 3513 3537 3539 3589 3825 4009 4132 4354 4424 4458 4571 4661 4931 4979 4993 504 518 611 683 745 833 835 996
1006 1036 1049 1079 1081 1149 1195 1200 136 1453 1476 1667 1726 1740 1793 1794 1836 1874 191 1940 1991 2036 2136 2194 236 2406 2409 2427 2455 2535 2643 2724 2845 2924 2984 3220 3256 3271 3305 3342 3379 3466 3507 3545 360 3665 368 3829 3867 391 4102 4118 4193 4198 4387 4629 4695 4736 4788 4858 4957 4965 4966 55 57 574 649 678 806 870
1064 1172 1325 1334 1480 1501 158 2166 229 2335 2714 2773 2873 2876 3038 304 3287 3335 3504 3506 3581 3591 3627 3740 3941 3951 4156 4248 4322 4528 4663 4680 4791 4830 4908 574 683 983
1032 1325 1409 1512 1515 162 1659 1760 1787 1872 1897 231 2398 2427 2538 2544 2586 2715 2717 2795 297 3090 3202 3280 3338 3404 3567 3825 3961 4047 4153 4387 448 4763 4792 4878 488 4917
1052 1067 1092 117 1213 1251 1307 1325 1334 1380 1474 151 1575 1578 1684 1691 1763 1809 1818 1865 1915 1940 1968 1987 2033 2048 2070 2074 2085 2247 2261 2360 2361 2363 2424 2439 2470 2538 2541 2722 2939 2946 2966 2999 3063 3117 3171 3182 3194 3204 3247 3266 3326 3413 3414 3542 3591 3600 3683 3758 3789 3849 3864 3865 3871 3876 3886 3968 4014 4105 4166 42 4205 4345 4422 4436 4439 4497 4512 4619 4635 4655 4679 4704 472 4758 4780 4823 4829 4931 4946 4965 4980 530 624 648 80 821 836
1219 1298 1449 1553 1704 1896 1984 2377 2452 2713 2855 3060 3198 3219 3226 3366 3961 4033 4060 4152 4579 4617 4785 4870 722 922 949
1053 1071 1194 1272 1276 1318 1427 1449 1566 1577 1609 1654 1695 1781 1872 1894 2009 2029 2355 2399 2400 2431 2441 2467 2543 2562 2693 2805 2843 2845 2884 2966 297 3014 302 3168 3171 3185 3196 3250 3256 3323 3523 3534 3552 3653 3756 3916 3949 4000 4007 403 4061 4089 414 4153 4204 4235 436 4365 4369 4423 4473 4485 4525 4683 4844 492 4960 4981 4986 550 596 6 656 689 799 8 811 852 88
101 1031 1058 1075 1201 1313 1361 1391 1404 1461 1497 1531 1534 1701 1884 1927 1988 2059 2072 2084 2095 2108 2112 2164 2183 2189 2296 2318 2335 2349 2416 25 2584 2608 261 2686 2805 2821 2967 297 3040 3059 321 3262 3271 3276 3326 3359 339 3416 3549 3684 3749 3758 378 3816 3840 3870 4031 4068 4138 4156 430 4316 4356 4414 4578 4638 4650 4758 4816 4880 4912 4958 595 608 666 672 72 733 798 8 835 892 906 966
1033 115 1282 1479 1483 1489 1558 1574 1659 1704 1744 1832 2045 2396 2470 2555 2631 2743 2772 2789 2821 2837 2859 2937 2940 2972 3005 301 3021 3064 3111 3467 3499 3578 3763 3818 4066 4178 425 4414 4541 4593 4602 467 4690 4931 503 54 766 92 945
1019 1059 1073 1211 1220 1294 1353 146 1463 1468 147 1631 1664 187 1872 1983 2002 2044 208 2120 214 2225 2228 2298 2312 2326 2357 2387 2546 2704 2724 2767 2952 3065 3080 3145 3266 3292 3293 341 3417 3423 3628 3645 3677 3721 4065 4081 411 4301 4728 4748 4785 4804 4874 4935 4939 4950 51 551 558 689 69 728 845 928
1000 1240 138 1432 1659 1894 19 1930 1959 2009 2046 213 2281 2440 2444 2478 259 2717 300 3039 3091 3217 3235 3424 3430 3469 3529 3659 3869 3887 4091 4261 4266 431 4342 4383 4586 4588 4649 4746 509 545 584 599 733 794 847 864 965
1028 1041 1071 1086 1155 1191 1219 1325 1451 1673 1725 1824 1894 1939 2114 2249 2324 2428 2494 2695 2710 2717 2835 2908 2947 3027 3033 3038 3045 3052 3137 3202 3259 3277 3377 3427 3461 3513 3667 385 4000 4127 4166 4227 4236 4266 45 4550 466 4758 4854 4858 4859 4883 4916 4957 4973 6 633 727 855 882 959
1028 1289 1401 1528 1601 1614 167 17 1720 1874 1959 2069 2120 214 2263 2298 2378 2395 2506 2522 259 2592 2713 2795 2817 2821 2900 3033 3178 3236 3239 3248 3287 3382 3441 3572 3626 3714 3748 3763 3791 3876 4029 4045 4073 4092 4095 4096 4135 4186 4191 4427 4526 4543 4594 4602 4646 465 4849 4868 491 4950 4957 590 604 711 739 842 896 958 98 999
1313 1314 1410 1503 1822 1896 2307 2443 2557 2587 2591 2767 3044 3082 3162 3538 3951 4143 4264 4313 452 4960 550 635 692 802 911 92 932
1167 1217 1278 1281 1384 1557 1575 1672 173 1742 1759 1929 2120 2145 2148 217 2178 2261 2291 2292 23 2316 2356 2404 2532 2635 2703 3057 3384 3613 3627 3628 3639 3642 3730 3846 3876 4175 4246 4268 4336 4439 4605 4692 4726 500 58 647 753 81 977
1159 1198 1220 1278 133 1351 1374 1570 1663 176 1775 1831 1971 2009 2072 2146 2168 2228 243 2449 2571 2874 2922 2929 2931 2984 301 3078 3080 3139 3176 3219 3239 3257 3387 3404 3473 3558 369 3767 3901 4129 4292 4363 4438 4518 4564 4603 464 4644 4658 4719 4750 4786 4827 4837 4901 504 64 653 739 752 88
146 1593 162 2173 2206 2330 2415 2516 2620 2669 3266 3769 391 4018 4083 4111 4192 4403 4433 4470 4898 69 799
1036 1037 1097 1334 1480 1620 1684 1702 1953 1991 203 2059 2098 2134 2144 2177 2204 2355 2356 2373 2417 2458 259 2873 290 2972 3033 3101 322 327 3288 3398 3416 3545 3569 359 3598 370 3709 375 3758 3789 3869 3944 3989 4244 4304 4316 4433 4482 4582 4711 4716 4735 4755 4801 4884 4898 4942 498 5000 539 549 621 649 725 775
1130 1139 1169 1237 1309 1357 1414 1421 1611 1660 1665 1871 1904 200 2095 2120 2388 2592 2751 2931 3029 3191 371 4 4014 408 4244 4372 4544 4655 4738 4790 640 700
1314 1508 1652 1673 1761 179 1799 1867 1877 2285 2410 244 2603 2621 2972 2996 3070 3259 3326 3395 3493 3691 4284 4342 4501 4556 4655 608 679 800
1000 1007 1028 1067 107 108 1135 1211 1217 1356 1357 1618 1640 1714 1810 1819 1868 1973 1981 199 2058 2077 2105 2412 2427 2548 2569 259 2607 2637 2950 2992 3200 3219 3269 3290 3504 3583 3612 3643 3673 3861 3876 3933 3954 4100 4174 4314 4329 4364 4371 4409 4441 4489 4511 4524 4634 4652 4751 4781 4870 4936 4941 4952 4970 724 732 75 760 855 944
1000 1378 1466 1475 1484 1543 1721 2441 2538 2616 2767 3038 3143 3284 3420 3601 3747 377 4472 4652 4716 4726 507 805 913
1025 1047 1171 1187 1278 1289 1357 146 1522 1542 1566 164 1773 1872 1893 1896 1922 2100 2165 2183 219 227 229 2526 2540 2576 2585 2605 2647 2703 2788 2799 2814 2854 2872 2888 2902 306 3082 310 3102 3127 3129 3236 3249 3326 3388 3410 3507 3585 3664 3679 3698 3782 3855 3912 3986 4145 4172 4202 4212 4328 4378 4426 4446 4459 4492 4564 4631 4637 4869 4871 4950 523 543 549 651 656 689 69 766 778 926
1032 1067 1168 1206 1300 1313 1397 1401 1405 1423 1438 1663 1893 1967 2009 2020 2144 2287 2322 2428 2860 297 3001 3024 327 3271 3291 3296 339 3497 3529 3544 359 3664 3755 3782 3797 3825 3924 3929 400 4146 4183 4237 4257 4348 4395 4446 4867 4894 4955 522 555 585 619 633 761 837 973
101 1132 1893 1897 1981 2428 243 2430 247 2548 2873 3009 3053 3504 3670 3827 3861 3920 399 4393 4477 4751 508 617
1084 1120 1313 1455 1488 1490 1534 1553 159 1600 1761 1881 198 2064 2137 2271 2325 2364 2461 2647 2691 3080 3290 3507 3648 3689 3763 3780 3788 3843 3931 4263 4265 4320 4544 608 641 673 69 85 854 915
1071 1342 1518 1927 2061 2117 212 2520 2612 2647 2672 2870 2961 3005 3063 3169 318 32 3290 3463 3526 3570 3587 3602 3693 3707 3776 3843 3953 4100 4157 4214 4310 4319 4384 4589 4590 4630 4694 4770 4956 525 590 653 659 710 835 890
1127 1187 1247 1448 1449 1656 1691 173 1761 1768 1784 1905 2146 2171 236 2526 2691 2926 30 3005 3213 3425 3428 3484 3531 3591 3629 3764 4000 4176 4213 4221 4279 4294 4383 447 4508 47 506 515 604 625 662 70 790 980
1209 1211 1478 1691 1973 2143 2317 2407 2435 2567 2606 2756 2822 3177 3191 3544 3662 3703 3731 3747 4000 4054 4361 4936 529 773
1001 1054 1414 1455 1909 2059 214 2144 2160 2247 2365 2476 2578 2706 2717 2722 2887 2909 2966 2984 3110 3247 3323 3754 3803 3806 4205 4352 4829 4858 607 776 821
1001 101 1028 1240 1416 1570 1661 1695 1709 1856 1885 1936 2055 2124 214 2303 2445 2523 2561 2713 2873 3063 3263 3529 372 3749 3810 3852 3876 391 3913 3955 4266 4289 4433 4439 4475 4482 4610 4730 4777 479 4792 4958 791 8 912 913 946
1028 1092 1136 1203 1316 1328 1354 1437 1533 1553 1679 1691 1717 1793 1832 1871 1957 2118 2245 2247 232 2324 239 2508 2546 2575 2589 2674 2689 2703 2727 2781 2787 2852 2887 294 2978 3145 3152 3316 3355 3364 3418 346 3533 3697 3787 3836 3886 391 3933 4035 4036 4100 4128 4304 4357 4387 4473 4626 4716 4726 4752 4825 4834 4852 4921 4937 4952 4977 549 550 596 6 635 653 71 815 885 91 932
101 1127 1199 1360 1480 1619 1649 1666 1673 173 1915 1973 1974 1988 201 2072 2119 2647 2654 2844 294 3033 3100 3247 336 3388 3390 3892 4100 4117 4548 4658 4768 4833 547 661 733 835 927
1020 1028 1370 1551 1553 1627 1758 1773 1852 1891 1895 2089 21 2125 2298 2423 2448 2703 2741 3197 3216 3266 3273 35 361 3668 367 3720 373 3782 3886 4074 4093 4102 4239 4339 4433 444 447 4505 4520 4530 4751 4841 4881 4924 4936 494 591 596 598 715 729 755 819
1052 1067 1071 1092 1169 1215 1314 1357 1388 1395 1599 1718 174 1772 1793 1897 1944 1959 2009 2075 2095 218 2238 2272 2279 2280 2377 2411 2474 2548 270 2966 3005 3142 3157 357 359 3765 3946 3994 4189 4208 4240 4381 4414 4589 459 4642 4653 4661 4729 4761 4793 4803 4875 574 604 643 752 812 874 975
1001 1016 1060 1065 109 1176 1239 1240 1346 1404 1433 1499 1522 1634 1682 1684 1695 1704 1790 1858 1889 1897 1919 1959 2023 2059 2072 2467 2493 2565 2616 2647 2695 2769 2780 2818 2833 2927 2972 3025 3045 3084 3171 3195 3200 3245 3256 3380 3388 3406 3469 3617 3638 3664 3710 3723 3751 3825 3858 3945 4150 4159 4196 4299 4338 4367 4396 4452 452 4589 4591 472 4729 475 4752 4786 4822 4882 4891 588 591 655 69 710 742 813 860 945
1148 1186 1187 1196 1251 1314 1414 1455 1542 1568 1606 1635 1711 1841 1959 1962 1974 2009 2027 2104 2149 2230 227 2285 2330 2404 2427 2447 2452 2481 2491 250 2659 2777 2962 3133 3145 3193 3196 3200 3231 3290 3307 334 3356 3411 350 3529 3561 3581 3610 3763 3794 3798 3799 3849 389 3965 4068 4134 4316 4334 4461 4475 4501 4513 4608 4661 4699 470 4720 4752 4786 4795 4845 4870 4899 4940 4950 4963 4993 534 539 574 590 643 649 685 700 840 853
1039 1111 1447 1704 1733 1915 198 2069 2200 2477 3089 3271 3394 3820 3880 4032 4095 4186 4253 4664 4683 596 7 888 911
1009 1104 116 1260 1427 1493 1837 1970 2126 214 2237 2352 2393 2428 2558 2559 2981 3368 3539 4004 4095 4225 4250 4952 519 786
1036 1220 1228 1289 1455 1458 1462 1533 1543 1553 1562 1566 176 1902 2060 210 2107 2120 2207 2295 2428 2466 2509 2931 3004 3031 3083 3094 3236 3253 3326 3343 3435 3487 3527 3719 3933 3993 4056 4069 4070 4279 4336 4503 4512 4574 4602 4616 4657 4794 4836 4842 4855 734 781 872 890 953 957
1130 1238 1242 1407 1493 1537 1695 1974 2059 2061 2217 2285 2441 2443 246 248 2519 2522 2546 2573 2691 2698 2845 2913 2957 3045 3068 3152 3263 33 3492 3522 3744 3814 391 4095 4324 4414 4539 4634 4748 4779 4925 4928 4953 700 752 775 839 88 946 96
1023 1052 1211 1261 1295 1408 1449 1460 1622 1687 172 1957 1962 1979 1988 1994 2024 2082 2099 2176 2245 2553 2576 2583 2731 2980 2987 3033 3034 3145 3209 3212 3219 3320 3360 3398 3404 3526 3576 3694 3850 3857 3917 393 4068 4107 4430 4446 4501 4569 4736 4748 4859 4893 4921 4949 4960 649 733 740 775 799 911 915 962
1000 1180 1251 1564 1727 205 2382 2692 2721 2932 3062 3180 3194 3289 339 3416 356 359 3699 3702 3819 3937 4100 4352 4389 4652 4761 4799 4960 4983 766
1052 1060 1062 1071 1114 1187 1517 1535 1629 1643 1674 178 1835 1981 2009 2120 2357 2592 2622 297 3171 3306 344 3545 3667 3886 4089 4166 4238 4399 4416 4737 4748 4778 48 4870 4886 633 843 857 901
1066 1175 1177 1269 1328 1651 1663 1673 1674 182 1973 2251 2356 2538 2576 2691 2810 3055 323 3551 3775 3797 4186 429 4399 447 4486 452 590 608 671 775
1052 1950 1973 2069 2347 2661 2726 2744 2752 2845 3033 3128 3465 3871 4014 4170 4418 4619 574 952
1323 1590 166 1665 1698 173 1800 191 2157 2179 2243 2335 2364 2415 2428 2455 2646 2713 2795 3353 3543 3878 4009 4273 4385 4471 4727 4763 639
1832 1866 2705 2770 3273 3421 3473 3758 3786 3826 4034 4044 4270 4456 472 4883 4957 4965 4983 519 789 99
1036 1072 1492 1553 1571 1876 2125 2364 2670 2713 273 287 2894 2899 2986 3027 3028 3038 3191 3286 3287 3300 3591 3825 3992 401 4630 4683 4937 678 753 855
1005 1052 1127 1236 1317 1468 1962 1964 1967 2095 223 2490 2527 2548 2826 283 2940 3067 3272 3360 3436 3452 3653 3795 3834 3944 413 4596 4618 4661 4769 4771 525 633 695 777 880
1248 1546 1716 1805 1859 1894 2275 235 2838 2997 3821 3922 4121 4177 4221 429 498 520 779 900 962
1145 1240 1575 1691 1792 2192 2245 2314 2476 2511 262 2694 277 3015 3202 4205 4244 445 4456 4883 946
112 1123 136 1374 162 1885 1962 210 2113 2144 2158 2291 2462 2531 2575 2609 2680 2713 2748 3027 3045 3156 3263 3404 3629 3951 4136 4475 4661 4790 4902 4910 498 689 705 766 904 951
1001 1204 1246 1279 1290 1325 135 146 1462 1515 1587 16 1690 1701 1882 227 2279 2336 2370 2427 2547 2626 2735 29 2918 2984 3186 3189 3202 3285 330 3315 3324 35 3563 3571 3615 3629 387 3896 3911 398 4009 4010 4158 4166 4177 4220 4331 4446 4473 4634 4702 4716 474 4751 4787 504 635 660 739 769 80 895 937
1000 1068 11 1110 1126 13 136 1363 1371 1388 1657 1773 1789 1807 1928 1946 1957 2036 2137 2377 2470 2657 2781 2962 2994 3012 3165 3171 3182 3247 338 3398 3763 3781 3782 3870 3871 3951 3983 4070 4170 4181 4226 4236 427 4279 4446 4479 4577 4634 4715 4828 4904 4997 586 851 932 979
1240 1421 1515 1534 1764 1911 1927 2036 2125 213 2275 2377 2415 2640 2667 269 2725 3 3068 3267 3312 3398 3485 3568 370 3823 3837 3962 4043 4069 4286 4304 4402 4558 4739 4743 4892 4928 550 775 80 968 992
1130 1186 1475 1543 1558 1566 1614 1919 1991 2072 2137 2144 2476 2507 2590 2597 2604 2920 3005 3181 3236 3422 3587 3802 390 3925 416 4291 4409 4411 4562 457 4633 4658 4928 549 608 787 821 915 964 986 994
1144 1188 1287 1336 1387 1388 1701 1730 1871 2067 2125 2128 2245 2356 2434 2476 2489 2717 2962 3038 3117 3145 3292 3460 3476 3582 3673 3745 3872 3961 3967 3999 4069 4182 4187 4203 4243 4322 4417 4506 4622 4731 4749 4989 788 939
1000 1142 1319 1351 1475 1493 1558 1581 1597 1673 1674 1684 1688 1703 1728 1755 1777 1856 1878 1905 191 1917 1954 2023 2024 2076 2134 2308 2362 2451 2505 2598 2740 2887 297 3082 3184 3263 3323 3394 3440 3473 3507 3513 3535 3687 3717 3719 3871 3882 3921 4028 4084 416 4205 4279 4308 4322 4434 4482 4510 4598 4619 4621 4647 4656 4733 4748 4841 519 539 653 678 683 701 739 869
1055 1404 1434 1485 1543 1559 1956 2470 2563 2846 3119 3172 3218 3266 3340 3513 3618 3861 3866 3926 3990 4001 4070 444 4473 4537 4748 4789 4925 992
1108 1357 1358 1646 1650 1988 2275 266 2691 2819 2842 3234 3400 3544 3604 3733 3861 4068 4170 4336 4365 4446 4652 65 708 958
1095 110 1147 1176 1219 1266 1449 1525 1533 1596 165 1701 1739 1873 1885 1897 1905 1979 198 210 2188 2222 2247 2290 2356 2390 2641 2877 2905 2914 3035 3209 3224 3292 3513 3618 3719 4002 4046 4095 4188 4200 4209 4266 4345 4564 4565 4619 4640 4846 4848 4855 4915 4950 4965 498 590 614 669 675 683 700 717 913
1352 1871 2227 2243 2313 2357 2898 3027 3236 3256 3581 3940 3951 4015 4017 4221 4228 4316 4898 712
1054 1055 1097 1099 1313 1334 1343 1500 1522 1529 1532 1603 1738 1856 1915 1916 1945 1957 1962 2066 2124 2181 2183 227 2337 234 2421 2452 2724 3036 3098 3116 314 3195 3200 3211 3228 3279 3292 3332 3384 3526 3591 3848 3871 3898 3933 3938 3948 396 4063 4124 429 4316 435 4390 4525 4585 4615 4634 4785 486 4900 4960 531 550 6 695 752 804 821 858 87
1032 1401 1879 2040 2069 213 225 2274 2356 2526 2592 2691 281 2925 3182 3209 3398 3450 3618 383 4316 450 4729 4855
1257 132 146 150 1586 1715 1988 2124 2323 2330 2682 2764 2858 2955 3191 3608 3747 3973 4114 4163 43 4316 4322 4436 4619 4748 4796 4936 958 971
1005 1015 1025 1054 1119 1136 1197 1283 1376 1470 1673 1713 1847 191 2135 2204 2226 2229 2350 2371 2436 2441 2467 2494 2500 2546 2570 2592 2594 2613 2618 2709 2724 2940 3010 3071 3079 3082 3115 3171 3194 3209 3230 3290 3469 3525 353 3732 3750 3758 382 3849 3875 3951 3960 4089 4094 4311 4318 4394 4400 4428 4453 452 4564 4566 4592 4623 4716 4785 4835 4925 4968 560 6 680 690 741 819 855 88 894 960
1097 1180 1267 1427 1495 1511 1674 1684 1837 1941 2235 2270 2285 2291 2356 2452 2471 2546 260 2722 2767 2781 279 2972 3208 3229 3264 337 3416 3513 359 3620 3747 3749 3849 3897 3936 3977 415 4342 4399 4473 4533 4671 4936 519 577 668 774
1076 1237 1313 146 1614 1749 1923 2028 2073 2120 2285 2293 2446 2514 2583 2762 3228 3266 3475 3784 381 3919 3961 3991 4089 4157 4236 4266 4475 4584 4609 4611 4745 527 549 684 754 821 829 849 887
1001 1038 1173 1175 1234 1339 1363 1431 1462 1504 1659 1673 1830 1898 1943 1967 198 1981 2183 2284 2291 2468 2469 2494 2575 2583 2634 2645 2691 2717 2807 2873 2882 2911 3032 3179 3191 3228 3239 3359 3378 3388 3442 3451 3473 3526 3545 3562 3587 3636 3659 3874 3971 4025 4156 421 4251 427 4276 429 4349 4425 4525 4661 4716 4757 4805 4841 4925 4928 653 735 799 827 874 907 930 987 989 998
1032 1178 1275 136 1449 1522 1608 1866 204 2576 2993 3121 3147 3247 3281 3716 3945 406 4153 4223 533 755 8
1041 1067 1096 1165 1236 1665 1820 1837 1967 2037 2125 2443 2972 2984 3012 308 3117 3239 3271 3618 3625 3927 4792 633 700 733 80 856 974
1005 101 1092 12 1289 1332 1334 1416 1455 1513 1522 1641 168 1693 1695 1845 1914 1919 1974 2041 2156 2209 2279 2338 2359 236 2441 2443 2574 2583 2695 2717 2824 284 2857 2912 2973 2990 3027 3074 3131 3132 3138 3147 3152 3256 3325 3469 3530 3627 3628 3778 3843 3870 3876 3957 3961 4067 4260 4271 4279 4360 4379 4406 4439 4444 4456 4463 4475 4484 4544 4630 4658 4764 4769 4776 484 4855 4865 4889 4938 4952 4996 514 557 656 8 816 821 831 870 985 990
10 1041 1097 1101 1116 1202 1226 1236 1315 141 1533 1625 1714 1773 1892 1947 1957 1967 1974 2023 2069 2306 2335 2805 2984 3033 3159 3196 3200 3304 3377 3502 36 3655 3944 3945 3947 4058 416 4162 4243 4244 4307 4359 4383 4557 4589 4661 4783 4914 4934 4958 4995 568 674 679 799 844
1025 104 1052 1097 1175 1192 1277 1547 1614 1671 1736 1896 1937 1972 1991 2014 2043 2063 2242 2260 2334 2357 2364 2366 2387 2522 255 2628 2841 2845 2879 299 3072 339 35 3545 3804 394 3945 4014 4030 4316 4466 4494 4545 4568 4675 4748 4761 4763 4877 4936 4957 4969 583 866 88
1136 1175 1389 1496 1554 1701 1722 1748 1900 1969 210 2124 2231 2324 2583 2596 2652 2749 2839 3416 3688 3713 3831 4070 4155 4184 56 596 889
1217 1416 142 1681 1746 181 1885 1924 1988 2094 2095 2311 242 2426 2470 2525 2576 2642 2651 2837 2935 2949 301 3145 3155 3228 3273 3295 3359 3365 3450 35 3526 3817 3915 4041 4070 4100 4126 4157 4229 426 4271 4448 4619 4630 4903 501 594 676 878 92 932
1024 1105 1134 1136 1170 1187 1227 1289 1341 1351 1388 1414 1468 1472 1534 1566 1636 1663 1898 191 2010 2030 2036 2072 2236 226 2291 2579 2616 263 2766 295 2962 2967 2999 3023 3063 3068 325 3385 3394 3398 3667 3669 3727 3839 395 405 4068 4120 4156 4221 4374 4555 462 4911 4921 4957 4992 526 683 755 766 775 792 915
101 1169 1311 1346 1644 165 1659 1887 198 2197 2279 2408 2455 2767 2865 297 3290 3446 3584 3640 3680 404 4342 4602 634 635 911
1273 1695 1734 1871 1894 1951 2404 243 2497 3045 3402 3894 4088 4266 4271 4365 4366 4729 4983 502 92
1005 1054 1067 1153 1185 1251 1314 1324 1372 1398 1421 1444 1493 1542 1558 1566 1583 1612 1614 1633 1832 213 2185 2257 227 2401 2530 258 2583 259 2722 2781 2793 2805 2832 2837 2878 2887 2931 3036 3256 3317 3360 3381 3591 362 3629 3674 3743 3763 3911 397 4014 4057 4071 4097 4153 420 4205 4249 4366 4409 444 4645 4655 4668 4714 472 4721 4729 4734 4758 4786 4815 4858 4897 4947 4958 4984 695 758 832 954 982
1018 1054 1421 1439 1462 1468 1886 1905 1912 1915 2059 2062 2103 2134 2233 2470 289 2960 2989 3152 3302 3363 351 3539 3743 3876 3961 4052 4512 4775
1187 1232 1285 1310 1328 1351 1422 1487 1534 1544 1575 1659 1743 180 1866 1898 1960 2137 2183 2187 2210 2372 2387 2453 2467 2470 2476 2484 2494 2534 2593 2644 2708 2754 2821 297 2999 3048 311 3266 327 3525 3667 3997 4075 4095 4100 4234 4296 4322 4341 4370 4432 4483 4529 4544 4667 4729 4807 4814 4829 4870 4898 4928 4936 4982 519 536 601 608 653 656 679 696 793 924
1048 1480 1493 1708 1885 1940 2074 2368 2522 2650 2739 2821 2837 3092 3112 3144 3191 3202 3377 3734 4217 4282 433 4534 4544 4747 4792 678 679 919
1174 1312 1482 1541 1701 1857 1976 2038 2057 215 2330 2600 267 3068 3150 3287 3377 3448 349 366 4221 4281 4456 504 686 917
1050 127 1346 1374 1689 1874 1927 2017 2253 2488 2533 2798 2806 3191 3228 3386 346 3539 3886 3964 3982 3984 4678 4921 4960 819 870
1373 1427 1572 1701 1737 2061 2341 2427 2695 2940 2999 3282 3486 3809 3869 3911 3978 4407 4758 499 689 902 903
1136 1193 121 1218 1243 1250 1271 1326 137 1382 146 1509 1542 1570 1613 1659 1714 1729 176 1761 1782 1890 1893 1915 1935 2034 2102 228 230 2329 2404 2576 2625 2653 2923 294 2984 3012 3182 3191 3195 3210 3292 3357 3360 3404 3479 3504 3548 3586 3628 3673 3824 3849 3944 3981 3988 416 4218 429 4298 4322 437 4405 447 4553 456 4652 4673 4687 4706 471 4726 4758 4858 4931 4937 569 580 591 615 643 649 667 783 870 932
106 1130 1175 1181 1186 1207 1237 1351 1357 1392 1426 1493 1553 1566 161 1623 165 1665 1741 1754 1775 1802 1821 186 1896 1898 2215 2228 2285 2324 2330 2357 2455 2494 2572 2575 2624 2695 2786 2797 291 2944 3027 3113 3134 3158 3161 3196 3247 3339 3346 3347 3355 339 3394 3401 3407 3409 365 3673 3708 3747 3768 3783 3869 3963 4069 407 4089 4177 4180 4201 4377 4391 4433 4523 4525 4552 4658 4662 4677 4684 4766 482 4861 4937 504 516 596 604 62 677 68 82 88 890 962
1003 1012 1025 1055 1071 1080 1374 1471 1515 165 1691 1750 1812 1938 1940 1983 207 2141 2220 2277 2330 2357 2376 253 2581 2734 2736 276 2967 3050 3095 3308 3369 3377 3618 3653 4112 4157 4473 4488 4549 4602 4620 4652 4660 4736 4758 4785 4862 4879 4993 710 737 751 79 890
1041 1127 1136 1162 1180 1289 1313 1328 1406 144 1449 145 1477 1522 1589 1783 1833 1898 1905 1915 1979 1986 2072 210 2121 2228 229 2342 2355 241 2425 2428 2452 2526 2528 2556 2567 2675 2864 2895 2910 2966 3036 3209 3326 3336 3337 3384 343 3555 3581 3614 3719 3753 3797 3943 4024 4064 4104 4166 418 4236 4262 429 4293 4336 4342 4352 4383 4398 4401 4409 4431 4475 4500 4512 4600 4674 4761 4790 4856 4870 4920 4951 4952 638 656 700 706 74 76 799 822 865 915 940
1032 1212 1219 1368 1534 1540 1570 173 1862 1866 1940 2013 2093 2157 2343 236 2837 2967 3061 3256 3326 339 3450 3474 3495 3504 3513 3649 3664 3711 3845 3869 4070 4142 4345 4362 453 4542 4634 4898 4937 604 695 814 867 874
1055 1057 1092 1100 1176 1328 1335 1401 1462 1475 1659 1775 1828 1837 1888 1906 1919 1959 2133 2167 2190 2202 2214 2216 2245 2278 229 2291 2298 2324 2405 251 2546 2627 2663 2827 2915 2940 2959 301 3196 3237 3349 3355 3359 3396 3471 379 3888 3911 3996 4039 4252 4259 4388 4419 4515 4544 4628 4636 4723 476 4819 49 4922 4961 510 525 540 591 799
1007 103 1055 1060 1085 1169 1187 1268 1278 1288 1314 1404 1480 1655 1684 1774 1791 1851 1855 1861 1871 1915 1934 1957 1967 2134 2153 222 2228 2234 2261 2377 2380 2387 2495 2537 2538 259 2636 272 286 2891 2917 2948 2964 2966 3194 3372 3392 3412 3458 3490 3504 3557 3599 3603 37 370 3736 3861 3944 4009 4156 4170 4323 4365 4491 452 460 4614 4681 4691 4696 4756 4812 4829 4841 4843 4859 4866 4876 4895 4921 4931 4967 4993 549 759 77 785 846 92 935
1113 1259 1450 1484 1874 1955 1989 2101 2567 2778 3073 3547 356 4330 4454 4473 4564 4950 538 604 702 884 913
1025 1220 1363 1446 1534 1570 165 1770 184 2286 2386 294 3075 3202 3246 3701 3729 4100 4153 4186 4439 452 4769 4792 481 4965
1041 1103 1130 1240 126 1263 1645 2012 2053 2275 2719 2869 2977 301 3099 3399 3405 3577 3619 3869 4076 4156 4170 4482 4758 4898 830 850
1067 1224 1363 1464 1605 1767 1856 1883 1885 1897 2015 2131 2146 2301 2394 2567 2685 2703 2784 2805 2931 2966 2984 3045 3103 3117 315 3259 3393 3429 346 3491 35 364 3671 3743 3797 3869 3945 4069 4133 4230 4244 4245 4267 4300 434 4366 4439 4670 4672 4689 4769 4841 4898 495 537 563 591 683 753 925 946 948
1063 1140 1175 1219 1421 1837 1854 2049 2155 2169 2201 2250 2304 2455 2560 2771 2783 2893 294 3036 3063 3292 3328 3359 3667 3715 3944 4103 4157 4177 4231 4336 4501 4632 4666 4835 519 525 635 649 723 8
1035 1236 1550 1723 1967 2023 210 2157 2418 243 2677 2681 2795 293 3195 3833 3923 4102 4199 4205 4512 4686 4703 4752 4855 685 819
1036 1102 1233 1265 1334 1558 157 1705 1765 1866 1893 2009 2024 2247 2267 2404 2610 2845 2988 3027 3153 3170 3416 3504 352 3528 3544 3629 3657 3743 3849 3881 3942 4021 419 4241 4254 4336 449 4546 4589 4790 4851 775 835 891 962
101 1051 1217 1286 1379 1473 1533 1534 1548 1592 1691 1919 1931 1991 2054 2144 2248 2255 2377 2441 2512 254 2592 2616 2632 2716 2728 2821 3019 3080 3174 3182 3238 3287 3344 348 35 3627 3659 3673 370 3747 3863 3871 3879 3900 3930 4042 4089 4106 4333 4352 4597 4643 4784 4786 4870 4895 4983 504 556 566 643 710 780 899 945
1061 1169 1291 1381 1427 1498 1506 165 176 1793 1839 2204 2720 2845 2934 3033 3042 3270 3355 3377 3789 4156 4243 4375 4414 4683 469 4697 472 4736 772 910 958 97
1094 1872 1974 2056 2219 2244 2285 243 2549 2763 2861 3106 3205 3352 3374 3565 3574 3656 3870 44 4525 4669 4724 4744 4790 4800 4958 591 753 770 771 911
1133 1256 1296 1306 1346 1756 214 2377 2479 2480 3068 3209 3259 355 3631 4279 4309 4346 4931 824 962
1005 1007 1029 1131 118 1217 1251 1278 1292 1334 1337 1386 1456 176 1898 1919 1991 2061 2146 2151 2157 22 2204 2298 2340 2355 2374 2552 2647 2782 2931 2962 2967 3022 3026 3194 3232 3243 3266 3398 3433 3462 35 3509 3519 3544 3573 3622 384 4059 4089 4147 4177 4236 4269 4277 4345 4420 4457 4496 4601 4639 4761 4769 4972 498 4983 542 652 69 73 730 80 886 890 920
1098 1169 1180 131 1314 1321 1349 1393 1442 15 1524 1714 1871 1897 2019 2111 2183 2615 2616 2887 3037 3082 3104 3247 3273 3394 3494 3520 3609 3738 3743 3749 3842 3854 4215 4447 4754 4759 480 4898 766 874 936 942 945 992
1223 1304 136 1388 1579 1676 1837 1866 1979 229 2379 2441 2463 2691 282 294 3188 3236 3242 3376 3550 3553 3593 3621 3628 3741 3749 386 4244 4279 4655 4688 4821 4931 596
1097 1211 1305 1484 1775 1837 2016 2069 2152 2335 2456 2616 265 2662 2966 3195 3319 3434 3473 3540 3886 4195 4317 4322 4481 4726 4859 4954 52 539 571 574 591 713 768 821 874 943 956 962 972
1025 1107 1127 1217 125 1289 1345 1365 14 1421 1452 1455 146 156 1570 1610 1773 1785 1866 1874 2026 2051 2115 2132 2228 2243 2279 2294 233 2452 2503 2529 2546 2576 2660 2724 2767 2836 2916 2958 2982 3097 3141 3388 3416 3503 356 3581 3594 3690 3808 4110 4171 4243 4275 4302 4306 4345 4347 4412 4436 4475 4482 4498 4514 457 4741 4802 4826 4829 4839 4841 490 4905 4909 4959 513 6 61 612 622 643 679 757 828
1008 1092 1157 1176 1388 1493 1594 1712 2 2006 2011 2024 2035 2059 2074 213 2140 2247 2258 236 2420 2476 2482 2502 2582 2633 2732 274 2742 2792 2795 2999 3027 3036 3063 3093 3147 3194 3201 3292 3301 3415 3480 356 3581 3627 3661 3800 4005 4062 4205 4409 4436 447 498 564 589 699 859
1136 1190 1255 1325 1340 1552 1558 1573 1761 1801 1874 191 1974 2000 2018 2129 2364 2414 2415 2465 2629 2722 2821 312 3587 3758 3770 4079 4119 4153 4160 4266 4366 4436 4446 4482 4540 4630 4801 4883 548 550 590 649 665 743 775 797
1007 1220 1364 1427 1542 192 2003 2345 2696 2717 2976 3265 3507 3521 3629 3706 3825 3952 4068 416 4456 4564 4567 4701 4751 4983 572 574 643 653 733 876
1176 1219 1236 1330 1338 1346 1375 1388 1523 162 1785 1856 2005 2137 2283 2402 264 2665 2695 2970 301 3152 3195 3215 3397 3444 3512 3623 3667 3805 3813 3945 4157 417 4219 4233 4499 4536 4544 4551 4716 4801 4857 4872 4885 4978 4983 4999 528 539 544 576 694 744 766 795 819 911 992
1054 1241 1270 1328 1401 1543 1795 191 1985 2137 2247 2320 2384 2387 2695 298 3173 3222 3236 3287 3384 3453 3587 3685 3951 4011 409 4115 4342 4386 4450 4561 457 4624 4625 4792 4835 4895 579 755
100 1027 1060 1067 1071 1125 114 1176 1211 1230 1264 1274 1301 1383 1416 1435 1484 1515 1570 1665 170 1797 1853 1874 2023 2024 2305 2367 2387 2432 2442 2443 2457 2460 2473 2546 2774 2779 280 2800 2892 3069 3080 3355 3389 3483 3504 3629 3747 3758 3877 4012 402 4177 4186 4236 427 4304 4358 4387 4456 4522 4923 4952 4958 549 637 685 709 875
1229 1484 1527 1536 1674 1766 1863 2310 2805 2945 2975 327 3388 356 3673 3793 3870 4387 4409 457 4587 4958 549 650 913 950
1036 1284 1325 1363 1462 1484 1558 1567 1569 1584 1614 162 1663 1724 173 1752 1757 1775 1846 1848 1874 1899 1962 1965 2031 2208 229 2321 2358 2403 2427 2452 2637 2812 2840 2880 2963 3005 3012 3123 3195 3200 3203 3227 3258 3273 3278 3290 3360 3377 3473 3514 3518 3591 3607 3646 3664 3719 3758 3761 3797 3945 4023 4037 4048 4122 4271 4365 4366 4410 4474 4480 452 4599 4634 4652 4718 4726 4751 4752 4786 4858 4864 4873 4929 4937 4943 4990 521 541 562 604 826 938 945 946
1041 1118 1151 1180 1186 1187 1236 1240 1289 136 1455 1462 1468 1505 1514 1519 1570 1575 1624 1829 1832 1834 1894 1926 202 2074 2091 2123 2138 2159 2162 2221 2300 2344 2355 2357 236 237 243 249 2522 2548 2599 2722 2759 278 307 319 3200 327 3290 3323 3345 3348 3361 3362 3377 3394 3437 3450 359 3641 3749 3899 3906 3956 4148 4161 424 4365 4413 4433 444 4682 4716 4840 4895 4921 4927 4948 4952 4985 4998 525 633 635 848 862 863 870
1002 1056 1141 123 1385 1459 1469 1566 1704 1706 1773 1869 1898 2023 2074 2170 2492 2538 2548 3082 3154 3263 3472 3536 3796 3843 3970 4101 4564 4763 4958 707 753 893 905
1025 1351 1396 1549 176 1788 1893 1919 193 1973 1978 2122 2211 2241 2243 24 243 2712 2724 2781 2998 3086 3373 3459 3464 3469 3933 4098 4170 4304 4414 4575 4651 4841 539 565 603 932 992
1083 128 1377 1413 1804 1813 2116 2228 2485 2803 2829 3120 3152 3221 3545 3712 3909 4157 4439 4559 472 4895 642
1001 1183 1186 1189 1214 1258 163 165 1710 1838 1875 1932 1999 20 2095 2125 2254 227 2364 2404 2415 256 2637 2707 2781 2795 2938 2979 3030 3036 3080 3107 3294 3360 3450 3581 3627 3726 3743 3914 4000 4072 4137 416 4186 427 4274 4283 4368 4436 4509 452 4589 4627 4736 4740 4763 4801 4859 4907 4928 4932 633 656 685 688 78 8 823 868 90 961
1022 1055 1069 1475 1484 1663 1665 1684 1686 1747 1796 1811 1840 1872 1894 191 1988 2025 2036 2059 2087 2142 2146 2218 2455 2545 2940 2985 2995 2999 3007 3063 3082 3182 3219 3590 3650 3678 3722 3843 4016 4051 4069 4207 4243 427 4290 439 4460 4576 4630 4700 4769 4801 4818 4850 4863 4944 525 682 69 736 929
1211 1363 1582 1585 1695 1719 1844 1983 2324 2790 2828 2956 3498 40 4179 4604 4726 532 700 733 825 916 958 981 992
1025 1436 1979 2385 2494 2510 2550 2575 2703 2738 2907 3012 3219 3263 3323 3350 354 3667 3673 3718 3972 4082 4325 4344 4399 618 819
