1273 1362 1430 1512 1602 1625 1657 1907 2350 241 2457 2602 3493 4008 4051 4100 4219 4604 4626 4667 4690 4708 4873 539 715 801 
1341 1361 1529 1595 1616 1640 1679 1755 176 1826 189 1985 2021 2230 2354 2384 2498 2557 269 3152 3418 3442 3538 3637 3783 3974 4070 4076 4083 4227 4323 4368 4438 4470 4691 4805 4952 501 665 727 901 938 976
1100 1163 14 1486 1627 1804 1882 2009 2233 2278 2509 26 2737 3107 3173 3381 3431 3598 3655 3697 3796 3992 4129 4132 4138 4732 4740 50 584 634 88 898 900 913
1009 1027 113 1220 1706 1745 1786 1791 1861 190 1900 2088 2635 271 2809 2834 292 3756 4017 4037 4558 4576 4661 4715 4938 4998 545 555 747 810 949
1038 1045 1229 1292 1422 1439 1448 156 1769 1802 1807 1825 1829 1851 2017 2174 2179 2394 2500 2595 263 2632 2818 2849 2895 3001 3094 3106 3208 3257 3308 3342 3431 3491 3494 3619 3663 3935 3946 4047 4093 4179 4222 4513 458 473 4791 491 4916 4921 574 773 833 859 887 906
1012 1507 1556 1666 1668 197 1996 2104 2187 2400 2418 2455 248 254 2596 2912 2959 3046 3050 3158 3392 3429 3592 361 3871 3969 4113 416 4246 4321 4338 4452 4489 4563 4594 4638 4905 4945 519 796 835 858
1107 1253 1298 1302 1363 1513 1546 1704 1719 1738 1740 1791 1944 1946 2054 2106 2158 216 2282 2395 2550 2582 260 2629 2748 2778 295 3116 3174 327 3420 3525 3681 4262 430 4302 4373 441 4424 4537 4935 561 810 953
1256 1264 1323 1345 1411 1464 1525 1570 1665 2018 2150 2210 2221 238 243 2614 2640 3122 3284 3300 335 350 3626 3634 3932 4005 4008 4145 4181 4465 4753 4764 4778 587 603 864
1084 1156 1493 1582 1585 1708 1744 1758 1846 1858 1955 2169 2488 2557 2602 261 274 2845 2914 3147 3418 3508 3792 3864 404 4503 4560 4643 4796 507 597 610 633 821
1279 1295 1438 1823 2193 2241 2344 2442 25 2572 2674 288 2914 31 315 3220 3510 3715 3857 3962 4041 4356 4479 505 626 752 970
1016 1130 1317 1339 1345 145 1567 1573 1645 1697 1823 1973 2023 2028 2085 2155 2159 2291 2312 2503 2841 292 2950 3093 3604 372 3720 375 3803 3858 3924 3941 4059 4243 4434 4567 4577 458 4640 4849 4891 554 661 698 730 75 904 943 984
1542 1669 1805 2103 2251 2322 2369 2401 2689 2691 2769 2935 2989 3025 3159 3490 3541 4211 4714 637 681 738 754 995
1042 1048 109 1120 1142 118 1182 1214 1255 1290 1364 1388 1538 1570 166 1806 1827 1906 2073 2102 2120 2178 2284 2364 239 2463 2536 2609 2706 3098 3212 3223 3281 3308 3357 3497 3580 362 3644 3675 370 3817 3974 404 4042 4111 4181 4186 4261 4298 433 4331 4483 4591 4633 4647 472 4754 4837 4897 4909 543 548 603 673 675 701 820 861 862 870 89 923 937 984 996
1189 1209 1319 1350 1361 1390 1419 1455 1467 1709 1762 1851 1874 1985 2006 2075 2241 2546 2686 2710 2786 2853 2882 3149 3286 3353 3412 3495 3660 370 3724 3795 3816 382 3822 3854 3855 3931 4024 4032 4131 4139 4196 439 4401 4448 4487 4500 451 4528 4632 4672 474 4789 4799 4842 4851 504 600 609 685 7 733 882 92 987
1057 1127 1225 1292 1349 1362 140 1435 1629 1767 1792 1824 1826 1851 1857 1975 203 2032 2107 2118 2183 2184 2216 2249 2254 2320 2414 2442 2581 2590 2597 2603 268 2736 2771 2811 2860 2871 2944 303 3030 3079 3170 3273 3382 3398 3434 3458 3462 3508 3519 3539 3604 3702 3707 3715 376 3848 3938 3946 3954 3998 4007 4017 403 416 4197 4227 4274 4359 4370 4377 4397 4398 4446 4498 4521 4671 4688 4717 4733 4756 4795 4977 539 556 578 592 624 628 639 684 740 891 98 997
1014 1036 1084 118 125 1408 1534 1567 1666 1701 1729 1960 1978 1994 2056 2059 2087 2136 2182 2207 2220 2223 2234 2369 2462 2479 2563 2699 2735 283 2861 3077 314 316 3388 3414 3446 3478 3667 3668 3760 380 3823 3917 3999 4226 441 4454 4560 4716 4760 4824 527 541 636 802 828 83 91
101 1020 1028 105 1069 1081 1228 1298 1393 147 1470 1505 1614 1776 1855 1936 2047 2128 2153 2220 2277 2323 2343 2349 242 2483 2493 25 2589 2632 2643 265 2807 2819 289 2974 3109 3134 3171 3199 3423 3448 3521 3647 3707 3727 3770 3868 4004 4171 4247 4293 4346 4398 4437 4652 4737 4767 4841 4899 4909 4933 513 640 657 897 90
1235 1273 1390 1395 1489 1694 176 1976 2117 2361 2363 2374 2486 2543 2868 3119 3199 3208 3249 3268 3349 3357 344 3463 3607 3751 3934 4184 4186 4330 4425 4477 4506 4532 4566 4611 4618 4660 4731 4744 4814 4979 838
1073 1133 118 1233 1261 130 1370 1404 1418 1462 1470 1528 1593 1727 1751 1846 1910 1972 2023 2088 2129 2141 215 2189 2238 2277 228 2293 23 2305 2371 2593 2648 2715 2718 2724 2744 2755 2783 2793 2931 3002 3036 3085 313 3425 36 362 3620 3688 3765 3774 3790 3881 3991 3998 4012 4022 4029 4041 4159 4178 4204 4295 4416 4431 4448 4604 4607 4613 462 4776 4820 4860 4960 5000 544 549 992
1104 1353 1483 2 2362 2766 2974 3095 3265 336 3532 3569 4358 4370 4442 4503 460 4667 590 654 861 902
1129 1139 1145 1228 126 1278 1287 1306 1335 1374 1383 1613 1636 1659 169 1756 1832 1844 1846 1867 2014 2019 2098 2241 226 2286 2326 2377 2432 2536 2547 2598 2659 268 2740 2752 2761 2845 2903 2942 2954 3000 3004 3075 3111 3132 3174 3305 3335 3340 3352 3398 3402 350 3530 3539 3542 3552 3578 360 3604 3608 3653 3663 3791 392 4050 4082 4104 4219 4227 4271 4385 4392 4393 445 4505 451 4563 4684 4685 4805 4833 4930 4986 4989 50 631 672 678 706 771 785 807 829 831 838 997
1040 1172 1612 1705 1919 227 2351 2394 2405 2538 2642 2684 2850 3117 3386 349 3797 3983 4167 4824 693 732 759 998
1057 1065 1146 1230 1308 1462 1530 1595 1798 1823 1931 1968 2191 2425 2889 3142 3150 345 3543 3874 3903 4022 4110 4193 4380 4571 4729 930
124 1311 1322 1363 1369 1721 1790 1955 2136 2305 2745 2925 2943 3012 3233 3255 3710 3998 4099 4692
1362 1673 18 220 2204 2343 2697 2953 3136 3149 3617 3742 3845 4118 4309 447 4856 4906 4923 585
1048 1178 1272 1398 1670 1690 1907 2213 2787 2827 2871 306 3154 362 413 4152 4164 4243 4288 4315 545 549 752 867 938
1166 1214 1340 1507 1601 1802 1811 2035 2194 2800 2914 2997 3017 3064 3344 3356 3457 4185 4287 4428 4591
1226 1286 1350 1377 1431 1553 1778 2071 2113 23 2327 2435 2482 2569 2676 277 2880 2932 3029 3041 3060 3112 3124 3297 3432 354 359 3660 3700 3871 3975 3994 4060 4077 4156 4275 4281 4344 4384 4388 4436 4559 4817 531 740
1232 1283 1758 1797 1842 2319 2523 2576 2879 3010 3097 3512 382 3846 3985 4415 4495 4747 4950 4991 986
1022 1064 1227 1247 1323 1383 1499 1521 1531 1596 1600 1659 1676 1708 1709 1717 1815 1854 1877 1932 2048 2063 2255 2268 227 23 2353 2463 2465 2566 2600 2631 2756 2765 277 2779 280 2822 2861 2873 3024 3032 3049 3109 3169 3321 3415 3466 3475 3577 360 3627 3685 371 4025 406 4130 4136 421 4293 443 4463 4621 4674 4726 4736 4749 4769 4783 4805 4848 4917 4932 4953 4982 642 686 689 691 721 771 786 829 835 841 882 928 942 962
1011 1040 1091 112 1172 1226 1318 1383 1391 1432 1440 150 1566 1604 1698 1707 1726 1755 1783 1848 1857 1913 1959 2028 2160 2321 2352 2379 2435 2517 2545 2813 2933 2939 2986 3004 3128 326 33 3415 3438 3569 3648 3750 4005 4025 4272 4344 445 4513 455 4611 4632 4659 4756 4762 4818 4894 4917 4950 4957 4983 502 569 587 609 658 693 721 723 724 817 895 909 915
12 1252 1320 1582 1587 1612 1741 1767 1897 2178 2181 2231 2519 2700 2839 2924 3023 3042 3142 3153 3156 3322 3331 3349 3821 3899 405 4241 4308 4395 4748 4812 4837 4914 4928 4982 540 634 67 870 948 973
1070 1405 1422 1586 1625 1906 1910 1951 2059 2132 2421 2512 2625 263 2765 2787 2836 2970 3088 3139 314 3208 3533 3562 370 3717 3759 3780 3782 3832 4145 4334 4359 4418 4460 4587 4682 4792 4854 4932 4994 78 862 990
1092 1138 122 1289 1299 1377 1386 1426 1498 1639 1713 1841 1866 193 1932 195 1986 2018 2025 2121 2164 2193 2195 2241 2242 2272 2296 2323 2371 2413 2582 261 2689 2695 2908 3023 306 3092 3195 3244 3271 3288 3347 3376 3387 3406 3418 3521 3566 3589 3643 370 3775 3844 3882 4085 4105 4127 4150 419 4244 4373 4403 4477 4569 474 4774 4857 487 4902 51 550 603 619 620 683 699 712 918 950
1183 1406 1451 1557 1767 1802 1842 1965 2109 2159 2234 2265 2336 2425 2521 2547 2569 2815 2956 304 3417 3786 3852 3878 3909 3953 4137 4191 4216 4567 4599 4639 4721 4797 4912 4941 565 587 635 794 96 971
1183 1375 1597 1965 208 2229 2517 2957 2958 3504 367 3703 3807 4056 4161 4221 4297 4311 4355 4457 4599 725 916
1167 1470 1591 1843 2069 2096 2341 27 2888 3068 3279 3306 346 3745 3782 3794 3962 4059 4081 4261 4420 4473 463 486 4894 647 686 705 883
1025 1037 1103 1215 1247 1258 128 129 1299 1347 1362 1367 1371 1394 1422 1683 1692 1752 1753 1960 1969 1970 2053 2056 2129 2163 2184 2212 2268 232 2498 2504 2656 2706 2766 2788 2813 2939 2950 2986 3126 3247 3307 333 3365 3380 3402 3412 3419 3451 3518 353 3603 3626 3736 3792 3857 3883 3890 4019 4075 4098 4218 422 4321 4328 4431 4442 4508 4543 4589 4614 4628 4674 468 4755 4762 479 4794 4885 4937 4961 522 61 619 686 701 72 724 743 85 859 874 90 935
1284 143 1791 2023 2293 2527 2881 2905 2977 3008 3033 3051 3213 3448 3512 3584 3614 3764 3814 3847 3960 4447 4540 4712 4831 4873 575 64 779 935 961
1063 1144 1735 1761 1991 2054 2707 3082 3266 3468 3614 3867 4007 4137 430 435 4643 4819 724 837
1016 1027 1029 1053 1107 1300 1347 1358 1374 1390 1433 1445 146 1467 1575 1642 1751 1792 1831 1925 2046 217 2247 2321 2352 2375 2434 2540 2549 2627 2661 2707 2760 2812 2927 3053 3066 3161 3320 3494 3552 3566 365 4004 4076 4093 4241 4265 4337 4367 4424 4438 4442 4483 4644 4697 4795 4874 4876 4896 491 4917 4965 4997 550 589 598 618 636 695 769 855 882 901
1011 124 1417 1659 1861 1867 201 2410 2808 2870 3245 3842 4181 4397 4433 4504 4521 4875 603 743 773 951
1006 1127 1142 117 1463 1468 155 1559 1571 1592 179 1822 1835 1905 2077 2347 2372 2400 2416 2566 2594 2651 2663 2674 2775 2872 3013 3146 3147 3181 3183 3273 3369 3462 3500 3746 3750 3836 4005 4125 4352 4412 4433 4457 4541 4545 4546 4603 4870 4904 589 605 607 617 65 781 881 891 90 945
1033 1269 1461 1523 1559 1573 1583 1652 1730 1801 1827 1830 206 2187 223 2321 2389 2490 2581 2693 2871 2938 299 3083 3123 3196 3238 3332 3440 3485 352 3622 3817 3902 4172 4289 4317 4469 4592 4673 4689 4769 597 63 667 689 751 829 835 920 939
1110 1132 1308 1367 1368 1390 1433 1484 1523 1564 163 1659 1723 1738 1810 1818 182 1841 1893 1983 203 2056 2059 212 2124 2164 2188 2190 220 2319 2421 2482 2494 2659 268 2707 2751 2755 2773 2779 2820 2833 2930 2951 2954 2991 2997 3129 3158 3167 3260 3366 3427 3465 3470 3543 3553 3579 3685 3761 3772 3815 3820 3827 4017 4104 4109 4235 4270 4331 4432 4457 4516 4541 4581 4681 473 4779 4782 4837 4874 488 4911 4966 4977 64 736 775 78 783 815 821 827 828 868 900 958
1003 1014 1047 1048 1176 1270 1342 1394 1398 1460 1487 1557 1660 1713 1752 1753 179 1839 1841 1890 1968 1988 2031 2116 2171 2182 2194 2205 2230 2245 2309 2361 2408 2465 2654 2674 2682 2823 2844 2930 2956 3076 3189 3241 3325 336 3412 3518 3542 3552 3588 3623 3715 3726 3770 3806 3863 392 4049 4073 4190 421 4263 440 4423 4453 447 459 4606 4733 4853 4927 4979 498 564 819 970 987
1302 1331 1546 1720 1784 1803 1894 2 2341 2458 252 2626 2720 2771 2962 3177 3339 3435 3464 3738 3914 4285 4427 4520 4610 4895 549 57 60 737 772 921 962 999
103 1209 1247 1260 133 1634 1715 199 2534 2645 300 315 34 3673 3778 3831 3924 3976 4163 4483 453 4572 4621 4726 4967 50 650 665 716 812 858
1047 1055 1105 1201 1222 1240 1335 1459 1581 16 1645 1748 1850 1861 1876 1937 194 1973 2100 2140 2308 2442 2538 2749 2792 2896 2899 2936 2943 2981 3017 3189 3196 3447 3450 3609 3830 384 3869 3925 3934 4106 4241 4401 4447 4462 4535 4587 4614 4667 4688 4803 4852 4886 4896 4961 597 767 780 807 855 859 932
1057 1059 1079 109 1113 1200 1227 1321 158 1712 1753 1973 2002 2036 2267 2344 2401 2497 2545 2559 2582 2618 2757 2795 2888 2916 293 2936 2966 2972 3046 3118 3213 3327 3369 3554 359 3605 3615 37 3908 3928 3937 3941 4033 4049 408 415 42 4223 424 4443 4479 4504 4537 4585 4637 464 4901 523 549 609 64 640 654 749 80 865 943 949
1122 129 1364 1496 1553 1656 1771 2136 2192 2195 2322 2334 239 2718 2720 2757 2799 2810 2893 2917 2989 3023 3096 313 3252 3273 3520 3793 3855 3982 4318 4643 4665 511 514 520 614 692
1008 1861 191 1952 1959 1982 1986 2050 2151 2172 2180 2588 2623 2774 2782 2798 2834 2869 3144 3557 3683 3722 4238 4294 4601 4604 4684 4691 4857 4995 4996 505 57 588 740 758 946 982
1017 1103 1116 1129 1145 1220 1242 1250 1277 1296 1347 1412 1500 1521 1536 1557 1601 1643 1830 1850 1857 1876 1904 1959 2085 2115 2126 2128 2138 2175 2189 2243 231 2472 2496 2516 2517 2532 2616 2630 2677 268 2739 2741 2756 2815 2845 2894 2937 2975 3075 3111 3152 3154 3159 3196 3244 3248 3256 3271 340 3599 3625 3725 3782 3787 3915 3926 4002 4141 4235 4323 438 4462 4480 449 4513 452 4556 4578 4601 4654 4724 4776 4910 4949 4970 506 545 580 600 618 732 796 873 876 893 974 984
1244 1349 1396 1475 1487 1721 1724 189 2005 2143 2205 2221 2223 2491 2832 3134 3178 382 3820 4109 4323 4494 4524 575 656 691 764
1019 1059 113 1130 1237 1246 1307 1314 1344 1353 1357 1393 1487 1662 177 1785 1871 1979 1992 2212 2292 2308 2364 2411 2461 2533 2546 2549 2553 257 2582 2729 2751 276 2788 28 2806 2838 2949 2975 3016 3085 3095 3142 3229 3264 3306 338 3433 3512 3578 3617 3627 3629 3645 3675 3694 3711 3714 3724 3757 3886 3923 3997 4216 4420 4450 4587 4597 4693 4865 4922 4984 600 681 683 783 798 886 928 949
1080 1169 1219 1222 1296 1365 1413 1485 151 1585 1598 1617 1619 173 1757 1764 1781 1895 2002 2055 2154 2170 2302 2356 2414 2424 2457 2462 2596 2616 2618 2646 2710 2715 2734 2749 2916 2924 2972 3062 3108 3123 3145 3278 3326 3327 3435 3555 3658 3664 3753 3827 3873 3879 3900 3908 3913 3917 3925 4248 4288 4312 4336 4354 4372 4397 4459 4545 4713 4759 476 4778 4799 4807 514 557 587 654 691 820 831 870 904 910 979 990
1002 1003 1046 1158 1299 1314 1567 1619 1818 1854 1904 1978 2314 2373 2470 2549 2562 2566 2572 272 2800 2803 2901 2932 3072 3075 3091 330 3342 3346 3417 3580 3768 4001 4040 4110 4157 4311 4452 4505 451 4533 466 47 4708 4747 484 4852 5000 782 826
1071 1088 1175 1195 1246 1260 1408 1418 1458 1476 148 1522 1641 165 173 1809 1989 2001 2087 2138 2212 2256 2285 2403 241 2700 2749 2771 2829 2869 2935 295 3033 3167 3313 3509 367 3672 3810 3839 3907 4108 4116 4365 4390 4403 4487 4489 4507 4566 4710 4747 4760 4811 4843 4944 4966 4984 636 776 848 85 93 934 974 983
1057 110 1156 1192 1282 1384 141 143 1508 1773 1926 2 2059 2280 2293 232 2549 2557 2592 2593 264 2657 2700 2744 2757 2779 2898 295 2981 3113 3118 3223 329 3313 3341 3342 3454 3476 3697 3718 3816 3900 4093 4201 4295 4880 608 804 950
1042 1096 1103 1140 1349 1391 1450 151 1737 1811 185 1860 1914 194 20 2027 2130 2191 2202 2270 2285 2290 2352 2362 2363 2441 2480 2581 2816 2818 2906 3077 3191 3273 3352 3355 3442 3460 3499 3575 3605 3856 3933 3952 3967 4050 408 410 412 4284 4360 465 4760 4800 4936 4979 4993 517 536 778 804 810 954
1007 1029 104 1063 1137 1153 1251 1265 128 1319 146 1492 1525 1831 1994 2124 2141 2181 2214 2215 2357 2516 2542 2568 2641 2672 273 2802 2900 2906 291 2990 3017 3255 3259 3312 3345 3382 3544 3598 3645 3670 3770 4021 4041 406 4134 416 4313 4392 4427 4491 4721 473 476 4799 4812 4826 4837 4856 4920 4933 4980 4986 4991 555 614 765 807 849 855 953
1346 1432 158 198 2099 2155 2454 2493 2528 2699 272 2834 2857 2940 2944 3007 3118 3156 3295 3569 4029 4557 4688 4851 683 854 931 965 972
1044 125 1341 138 1451 1604 1720 1728 1795 2049 2281 2320 2404 2492 2577 2822 2904 2905 2995 3215 3264 335 3352 3374 3504 3581 3631 364 3668 3669 3785 3811 3974 398 402 4073 4406 4427 456 4586 4797 4821 4839 4990 558 570 717 767 854 937 967
100 1114 1164 1273 1274 1371 1383 1430 1435 1500 1548 1550 1604 1730 1732 1942 1965 2050 2085 2097 211 2257 2343 2361 2403 2877 2887 301 3018 3046 312 3177 319 3268 338 3386 3399 3459 347 3495 3600 3691 3871 3910 3958 396 4080 417 4260 4266 4515 4656 4776 4777 4784 4799 4929 530 572 637 821 896 905
1241 1572 1702 2214 2559 2650 2680 2723 2750 3092 3225 3237 3361 3592 3918 3991 4302 4691 4814 4985 521 653 700
1028 1107 1548 1673 1863 1999 2014 2026 2032 2074 2122 2176 2246 234 2380 2565 2585 2641 2682 2688 2908 2922 3004 3011 3243 33 3355 3378 3381 339 3445 3508 3515 3580 3620 3702 3717 3858 3884 3922 3933 3936 4129 4144 4162 4329 4360 440 441 4435 4495 4646 4757 4777 4845 4953 510 517 527 531 55 550 655 751 799 803 92
1272 1280 1314 164 1777 1976 2226 2469 2828 2956 2994 3009 318 3294 341 3523 3638 3925 4046 4060 4402 4454 4494 4527 4602 4692 4733 4804 4923 605 703 720 732 849
1374 142 1651 1715 1792 2050 2223 2458 2573 2591 2756 2837 3047 3091 3158 3205 3833 4003 423 4240 4330 4339 4413 4583 4594 502 564 725 863 935
1144 1181 1467 1576 1596 1762 1798 1814 186 191 1984 2012 2189 2203 2234 2253 2316 2327 2342 2356 2395 2413 2422 2517 2536 2544 2548 260 2628 2641 2660 2848 2857 287 2983 3039 3099 312 3217 3388 3438 3533 3561 3671 3712 3721 3775 398 4006 4111 4130 4133 4198 4355 4501 4561 4700 4765 494 4977 527 543 570 669 678 68 682 710 848 862 919
126 1674 1801 1819 2004 2120 2151 2296 2675 2864 2936 31 3256 3391 3825 4051 4115 4510 4717 4749 52 725 729 763 877
1002 1066 1071 1078 1190 143 1452 1539 1573 1576 1687 1775 1801 1878 188 1999 2107 2132 2179 2196 2211 2309 2332 2382 2464 2491 2626 2673 2679 2724 2776 2837 2852 3021 3038 3088 3150 3162 3173 3234 3325 3362 3368 3377 34 3435 3450 3461 3520 3590 3814 3995 3996 3999 4097 4243 4431 4450 4484 4511 4516 4557 4602 4652 4661 4733 4754 4797 484 4858 4876 4887 4942 4943 599 610 627 709 866 888 942 945 999
1118 1220 1231 1380 1448 1735 1752 1793 1806 1952 1998 2030 2052 2053 2058 2063 2126 2151 2207 2239 2253 2419 2495 2553 2569 2640 2689 274 2851 309 3113 322 3390 34 3424 3486 3559 3710 3748 385 406 4083 4221 4247 4316 4334 4392 4415 444 4479 4609 4724 586 628 800 91 953 986 995
1186 130 1426 1536 1673 1749 1953 2074 2103 2302 2648 2671 2697 3180 3404 3550 3755 3809 3901 3926 4351 4697 4930 4995
1069 1366 1415 1793 1890 19 1955 2034 2117 2300 2597 2861 293 2945 2981 3026 3029 3140 3396 3492 3576 3666 3734 3753 3802 3816 3817 3821 3879 4484 4607 4704 4975 5 553 567 691 711 764 915 917 972
1026 1059 1334 1500 1517 1575 1727 1813 19 1931 1962 2191 2266 2379 2433 244 2510 2603 272 2726 2758 2806 2848 2870 3229 3301 3494 3591 3709 3765 3766 3832 3958 4037 4086 4161 4229 4251 4331 4421 4462 4467 4502 4550 4853 4928 846 95
1047 1130 1176 1423 147 148 1585 1682 1827 2019 2084 2174 2232 2257 2376 2685 2755 2813 2899 2998 3085 3087 3306 3375 3703 3713 377 4024 4040 4140 4305 4423 4440 4459 4657 4769 4802 488 4893 4934 4947 4970 501 658 902 95
1358 148 1908 1992 2015 2313 2361 2415 2618 2626 271 2734 2736 2931 35 3643 3686 3992 4142 4520 4600 4819 482 57 809 903
1179 1257 135 1407 1658 2060 2109 2187 2215 2548 2686 2947 3189 3334 3335 3346 3648 3664 3665 3798 4230 4353 4569 4620 472 4778 491 510 532 613 741 945 955
101 1208 1230 1286 13 1324 1399 160 1660 1848 1983 2042 209 2381 2539 2573 2656 2823 293 2950 3127 3144 3198 3264 3269 3309 3433 3481 3519 3672 3732 3863 3893 4132 4223 4247 4333 446 4476 4618 4658 4685 4855 4874 565 589 628 836 895
1007 1054 1106 1124 1263 1280 1319 1381 1513 1574 1613 1668 1820 1838 1872 1892 1949 2017 2185 225 2357 2392 2668 2713 2744 2796 282 2834 2844 2866 2868 2925 2945 3029 3047 315 3248 3372 348 3532 3640 366 3715 3762 3843 3854 3923 3950 3985 3986 3992 4048 4079 4105 414 4233 4279 4356 4360 4436 4452 4512 4685 4720 4727 4779 4789 4820 4825 4835 4843 4886 4904 4935 4996 514 541 643 78 895 98
10 1034 1165 1216 125 1338 1340 163 173 1787 1800 2157 2210 2304 2522 2616 2662 2818 2863 2943 3121 3409 3472 3600 3841 4 4246 4271 435 4562 4642 4647 4863 4879 4956 4974 58 6 861
1025 1068 1098 1179 1205 1320 1350 1511 1754 1851 1858 1927 1966 2073 2163 2486 260 2694 2742 2783 2787 2828 3081 3164 3239 3261 3432 3729 3814 3821 3949 3976 4007 4097 4234 4290 4317 4374 4433 4516 4721 4724 4729 4792 4842 4900 5 617 643 647 823 846 891 98 992
1017 1108 114 1234 1235 1261 1340 1759 1895 1900 1957 2065 2186 2220 2234 227 2285 2294 2299 2345 2412 2459 2469 26 2600 2613 2633 2644 2738 2745 277 2810 2892 2923 3020 3201 3330 3384 3427 3453 3458 3535 3752 3794 4 4008 4068 4077 4179 4268 4535 4545 4565 46 4655 4675 4728 4742 4942 4946 521 545
1003 1006 1017 1052 1053 116 1234 1319 1476 1552 1691 1698 1747 1757 1835 1836 185 1990 2124 2219 2224 2284 2322 2448 2486 2588 2687 2759 2765 2790 2806 2910 2914 3004 3134 3173 3259 3277 3296 3303 341 3447 3492 352 3612 368 3713 3736 3770 3772 3822 3863 3880 401 4105 4123 4149 4225 4245 4265 4277 4285 4318 436 4439 4449 448 4588 4699 4840 4886 49 4901 4908 4922 504 510 512 526 558 613 624 633 646 694 701 9 992
1045 1117 1136 1153 1214 1230 1275 1387 1504 1537 154 1550 1588 1662 1678 1689 188 1919 1931 1943 204 2053 2072 218 223 227 2284 2292 235 2367 2394 2425 247 2488 2544 2559 2595 2643 2713 2792 2820 2884 2906 2959 3212 3272 3476 3486 3488 3490 3609 3784 3807 3846 3940 3966 3978 4003 4026 4059 4100 4151 420 4206 4213 4223 4240 4245 4265 4292 4400 4421 455 4573 4633 467 4681 4683 4724 474 4853 4864 4879 498 553 560 574 806 916 932 95
1061 1065 126 1560 1630 1850 190 1900 2339 2471 2697 2893 2957 2975 2986 3077 3457 386 3954 4296 4321 449 4578 471 821
101 1432 155 1627 1802 1830 1835 2014 2915 3249 3327 3450 3772 3851 3993 4024 4100 4215 4327 4348 4391 4495 4574 4644 556 767
1036 1066 1144 116 1170 1176 1424 1638 1677 1702 176 1785 181 2018 207 2108 2201 2226 235 2419 2421 2786 2894 3088 3188 3244 3307 3374 3431 3449 3516 3568 358 3629 3660 374 3876 4026 4063 4294 4334 4464 4628 463 4652 4721 4754 4789 4825 4887 572 579 581 611 840 844 877 912 961
1142 12 1202 126 1307 1310 1408 1505 1582 1732 1762 1896 1996 2117 222 2389 2441 2468 2473 2733 2908 3145 3159 3295 3400 3426 3546 3617 3641 3862 3878 3965 398 3981 4043 4045 4156 4176 4417 4473 4648 4651 4707 4714 4753 481 498 505 781 851 87 909
1019 125 1287 1440 15 151 1626 1646 1795 185 1863 1870 1928 2058 206 2129 2173 2228 2268 2342 2389 245 2557 2685 2803 281 2872 2899 2906 31 3147 3202 3222 3229 3236 3274 3372 340 3421 368 3727 3926 3943 3970 4060 4115 4116 4150 4153 4181 4219 4348 445 4623 468 476 4776 4795 4851 4887 646 663 692 718 778
1017 106 1076 1227 1298 1352 1364 1505 1821 1960 2104 2190 2206 2327 2368 260 2759 3090 3332 3348 3597 360 3671 3959 441 4780 4857 537 771 837 96
1010 1116 1148 1226 1283 1337 1393 1435 156 1569 1586 1634 1718 1727 1738 1769 1782 2183 2253 2428 2535 2679 3312 3357 3704 3812 3956 3971 3985 4074 4183 4189 4297 4387 4867 4908 4960 540 606 637 811
1122 1132 1195 1203 1397 1437 144 148 1818 2329 2358 2439 2440 2636 3040 3159 3223 3733 3763 3784 3942 4017 4153 4327 4522 4602 474 4803 4964 924 927 928
1438 1553 1824 1825 1870 2877 2989 299 3058 3274 3403 3717 396 4110 4406 4835 4860 788 908 993
1237 1250 1273 1408 1532 1968 2104 225 2299 2358 2781 3057 3414 3448 3603 3673 3741 3926 4018 4237 4326 4327 4505 4575 4602 4761 4895 4932 510
1241 1305 1317 1454 1531 1692 1706 2330 2710 2781 2795 292 2934 3328 3335 3435 3561 4965 518 554 657 949
1125 1172 1364 1402 1499 1567 1610 1855 187 1989 1997 2004 2115 2134 2536 2832 2931 3418 3452 3765 3781 3978 4356 4498 4678 4742 4804 610 639 76 790 849
1131 115 1163 1305 1550 1868 2041 2136 2298 2321 2348 2438 2631 264 271 2777 2840 2879 2885 2912 3035 3317 3343 3360 3601 3614 3626 3735 3785 3832 4156 423 4320 4892 659 709 942
1262 1307 1385 1601 1805 2243 2429 2796 2810 2837 2986 3131 3802 3933 3986 3991 415 4255 4344 559 76
1201 1210 1556 1814 2134 2387 2804 2835 3198 3216 3750 4180 4244 4278 4519 453 47 4709 489 792 858
1012 104 1060 1202 1203 1225 1251 1380 1478 1490 2002 2023 207 2162 2203 2514 2714 29 2963 3080 3204 3440 3467 3606 3673 384 4051 4225 4236 4357 4423 4544 4576 4957 4973 677 944 994
1015 1027 103 1167 1173 1306 131 1396 1583 1617 1653 1838 1874 1920 2042 2154 2249 2333 2357 238 2418 2434 2481 2500 2711 2724 2764 2827 2835 2838 2885 294 3058 3251 3312 3344 337 3430 3480 3490 3493 3552 3727 3842 4012 4064 4169 419 4427 449 4526 4613 4632 4735 4765 489 4908 493 4948 496 4995 513 750 758 768
1064 1091 1180 1203 1432 1540 1561 1690 174 1744 1903 206 2086 2162 219 2591 2626 279 2797 280 2825 2859 2949 2953 324 3246 3275 3483 3507 3539 3580 3662 368 3723 3851 3878 401 4175 4226 434 4458 451 4526 4592 4609 4752 4765 4906 4998 537 687 72 788 792 881 907 963 983
1012 114 1178 1215 1511 1983 2130 2195 2388 2538 2654 2729 2892 3071 3129 3432 3495 350 3548 3749 378 3790 3800 3977 4029 4111 4128 4132 4151 4171 4296 430 4310 4434 4591 4629 4642 4700 4920 4955 537 600 957
106 1235 1279 1347 1527 1791 1865 1922 2066 2152 2222 2246 2516 2539 2782 2917 3170 3253 352 3525 3538 363 3643 3705 3774 3787 3869 3911 4169 424 4404 4467 461 482 4978 508 529 536 562 570 6 692 886
1132 1234 1366 1463 1525 162 1727 1838 1961 2021 2037 2314 2402 2570 2605 2607 2759 2910 3130 3149 3152 3550 3607 3846 3870 3900 4160 4167 4180 4205 4214 4256 43 4420 4560 4644 4901 4943 4970 54 561 819 822 866 981 985
1000 1178 1179 1227 1228 1296 1470 1500 1555 1642 171 1711 2001 2156 2164 2227 2252 2611 2642 2665 2707 2715 2777 2797 2869 3019 3123 3163 3189 3270 3348 3349 3454 3493 3723 3734 3750 3802 3855 3859 3886 3917 392 3960 399 4090 4093 4227 4239 426 4339 4381 4395 4397 440 4405 4424 4590 4644 4697 47 471 4786 4920 4974 586 618 646 724 759 762 88 892 936 958 961 99
104 1179 1189 1402 1426 1428 1819 1866 2132 2153 2289 2878 2925 2928 2962 313 3180 333 345 3691 3787 3814 4006 4350 4471 4804 4853 493 502 608
1067 1311 1320 1625 1766 1894 2262 2670 2686 2704 2747 2876 3113 3243 3417 3533 3583 3767 3942 4077 4307 4603 4735 4796 4893 4978
1114 114 1210 1218 1305 1313 1314 1401 1416 1460 1495 1667 1859 1864 1905 1936 1962 2058 207 2283 2318 2334 2344 2415 244 2576 2767 2774 281 299 3087 3105 3112 3125 3144 3211 3253 3395 3543 3554 3711 3713 3831 3892 400 4383 4411 4570 4590 4611 4642 4750 4751 4826 4842 4934 4970 546 584 617 707 770 792 926
1253 1263 1471 1858 1904 1920 2039 2550 26 2936 2938 3157 320 3318 3797 3838 4115 4446 4566 630
1000 1159 1281 1318 134 1363 1391 1407 1447 1484 1494 1548 1558 1665 1669 1676 1713 1733 1823 1949 1988 2163 2169 2193 2238 2350 2387 2611 2654 2800 2848 2850 3128 3168 3248 3258 3260 3271 3371 3397 3425 3442 3560 3584 3677 3758 3780 3795 3856 3893 3920 3973 4033 4054 4236 427 4316 4326 4334 4489 4514 4519 4611 4618 4657 4767 4791 4923 589 742 758 783 923
1089 1208 1692 1717 1800 2464 2535 2593 2649 2673 295 3022 3135 3385 343 350 3741 3748 3766 3908 4410 453 4791 869
124 147 1556 1753 2168 221 2218 2265 2694 2731 2788 2794 2854 2888 2945 3129 3150 3283 3541 4229 4489 4492 4607 4710 4729 4798 4825 590 640 836
1096 1161 1240 1339 1345 1356 1368 1417 1418 146 1502 1605 1710 1742 1745 2010 2112 2153 2196 2275 2414 2507 251 2592 2594 2610 2640 2685 2782 2822 2945 3116 3121 3153 3191 3315 3365 3369 341 346 3521 3638 3714 3747 3761 3856 3872 3905 3918 3924 4035 408 4100 4120 4132 4145 4211 4283 4313 4373 4411 4506 4555 4613 462 4658 4771 4823 488 49 4910 4916 4919 4942 561 588 60 635 709 728 910 912 973
1063 1166 1194 1238 1336 1697 1709 1842 1849 2134 2155 2198 224 229 2303 2323 2351 2593 2843 2885 3047 3101 318 3206 3256 337 3431 354 3707 3732 3804 3921 3990 3994 4030 4319 4727 4893 492 4943 4964 4966 53 579 638 814 852 932 988
107 1157 1232 1309 1335 1411 1513 1559 2100 2201 2240 2343 2348 250 2859 2994 3010 3071 3095 3107 324 3274 3465 3518 3596 364 3663 3671 4068 4304 4337 4488 463 4632 4663 4764 4809 517 551 58 751
101 11 1203 1210 1233 1246 1254 1327 1376 1425 1455 1479 1550 1680 1833 1960 199 2213 2275 2345 242 2509 2585 2596 26 2635 2659 2790 2799 2863 29 3033 3044 3052 3068 3091 3128 314 3166 3177 3186 3205 3244 3317 3329 3388 3459 3532 3589 3614 3772 3833 3856 3909 3933 3950 3957 4016 4061 4063 4120 4216 4225 4282 430 4341 4460 4584 4757 4876 4890 4940 4964 508 639 698 778 789 857 94
1039 1058 114 1143 1354 1549 1570 1607 1679 1721 2145 2231 235 2689 3615 3627 381 3869 3879 3994 4244 4342 897
123 1279 243 2490 2611 2656 2660 3137 3321 3461 3476 3537 3695 3702 3854 3913 3928 403 4062 4422 4461 4508 4586 4624 471 4763 4795 499 903
1015 1056 1168 1201 1249 1332 1369 1371 1443 1451 1454 1507 1798 1897 2043 2070 2109 2117 2161 2168 2250 2297 2371 2483 25 2608 2678 275 2764 284 2921 2967 2974 3102 3126 3145 3167 3191 3223 3270 3296 3452 3521 3540 3589 3728 3766 377 3862 388 3948 3993 4075 4121 4180 4194 4195 4209 4278 4299 4357 4369 437 4432 4460 447 4531 4539 4551 4628 468 4701 4739 4746 479 484 4842 4860 488 4939 4946 4960 4981 71 735 74 788 80 85 90 930 947 999
1322 1442 1498 1503 1576 1665 1698 1757 1848 1870 1972 1992 2046 2078 2088 2244 2288 232 240 2418 2422 2623 2948 3011 3065 3340 3385 3597 3637 369 3713 3729 3734 3791 3912 3964 3999 4011 4129 4131 415 4223 4253 4332 4348 4438 4472 4598 4628 4770 515 592 709 719 751 827 909 961
1071 1133 1259 1342 1349 1460 1590 1748 179 1812 1905 1910 1954 1968 2198 2272 2503 2541 2625 2765 2806 2867 2868 2895 2932 3327 3353 3359 3373 3407 3488 3497 3559 3855 3858 3886 3887 3928 3958 4030 4033 4038 4091 4151 4229 4240 4293 4347 4401 4507 4693 4885 4908 4954 570 772 948
1372 1535 1748 1772 1832 1841 2090 2111 2669 2738 2775 3141 3308 354 364 3665 3854 4002 4153 420 4551 4624 4993 5 501 538 649 726 839
1062 1200 1207 1223 1237 1287 1306 1352 1402 1450 166 1885 2002 2167 2256 2394 2430 252 2520 2558 2667 2669 2764 2783 2894 294 3468 3480 3481 3540 3566 3568 3589 3668 3723 3801 4108 4133 4276 4419 4526 457 4617 4742 4761 4793 4843 4850 4868 580 770 846 899
106 127 1322 1428 1670 1686 1749 1819 1826 1941 1975 2028 2168 2184 2273 2277 2289 2292 2362 2386 2443 2546 2639 2676 2683 2722 2786 280 2854 2859 294 3066 3085 3102 331 3452 3729 377 3884 3968 3979 4084 4156 4160 4357 4408 4432 4433 4494 4559 4596 4667 4707 4717 4731 4760 4789 4824 615 642 658 800 854 9 942 986
1019 1090 1201 1371 1721 2081 2125 2716 2817 2871 2977 3366 3722 3774 3974 4022 4045 4049 4073 4109 4337 4501 4709 4746 853 894 959
1009 1331 1339 134 1386 1457 1504 151 2200 2357 2416 2930 3226 3376 374 3965 4050 4339 4621 4893 4910
1026 1030 1092 1114 1211 1215 1290 1298 1328 1335 1487 1488 1588 1670 1837 1926 2011 2280 2351 2457 2459 2501 2521 256 2619 2643 2718 273 2739 2774 280 2962 2977 3016 3032 3044 3307 335 3364 3443 3483 361 3632 3653 3734 3767 3791 3816 3850 3868 3891 3913 4039 4040 4058 4126 4140 4169 4309 4395 4406 4516 4568 4589 4592 462 4621 4710 4757 4810 4825 4856 4870 4949 590 598 659 682 739 763 794 824 845 989
1209 1226 134 1352 1373 1446 1525 1540 1595 1597 1654 1817 200 2021 2068 2559 3254 3419 3547 3822 3888 3895 4130 4228 4349 4467 4787 4885 4901 932
1023 1059 1211 1240 128 1333 1407 1546 1549 1580 1598 1707 1881 1882 1947 2017 2080 212 2281 2323 2337 2356 2539 255 2565 2585 2766 2811 2819 2840 2883 2890 2941 2952 2979 3112 3121 3233 338 3391 3440 3496 3534 361 3711 3717 3737 3841 391 3941 4094 41 4164 4316 448 4486 4512 4514 4550 4696 4786 4820 4846 4910 4918 4950 4963 553 622 8 832 838 856 912 94 980
1088 1108 1568 1853 1942 2007 2130 2654 273 2735 2737 3207 3250 3551 3710 3792 3818 3930 4069 4086 4274 4296 4370 4425 4626 4698 718 813 94 952
131 1805 1856 1887 1919 2121 2198 2202 2258 2278 2409 2822 3115 3372 3384 3528 3967 421 4444 4933 557 765 818 850 854 97
1005 1055 1112 1341 1404 1580 1639 1755 1976 2025 2042 2054 2334 2590 2772 3074 3303 3575 365 3768 3874 4097 4284 4619 4669 4763 978
1211 1280 1321 1395 1555 1656 1731 1768 219 2414 2647 3155 3353 3444 4349 4415 4468 4731 4812 4870 491 521 533
1001 1014 1025 1147 1197 1221 1233 1241 1265 1266 1353 138 1400 1422 1441 1446 1508 1511 1518 1540 1592 1602 1611 163 1672 1832 1957 196 211 2145 2196 2287 2295 2436 2463 2469 253 2531 2534 2594 2606 2616 2744 2754 2886 2927 2934 2971 3270 3280 3379 3444 3475 3481 354 36 3636 3650 3664 3880 4348 440 4450 4459 4463 4480 4486 4498 4499 4576 465 4873 4931 4998 608 73 749 759 793 852 892 905 937 958 972 991 996
1029 1051 1118 1129 1261 1263 127 1300 1437 1492 1589 1630 1642 1722 1789 1793 181 1905 1907 1920 1938 1957 1988 2079 2089 2115 213 2135 2180 2215 2238 2249 2262 2280 2315 2518 2534 2590 264 2655 2676 2691 2892 308 3150 32 322 3236 325 3293 3304 3425 3459 3481 3517 3525 3613 3645 3687 3724 3726 3766 3860 3902 3940 4027 4063 4138 4151 4248 4265 4337 4418 4428 4501 4505 458 4657 4741 4805 4813 4879 4904 4958 498 4984 512 522 527 675 679 8 833 840 849 881 943
1024 1030 113 1193 1233 1289 1460 1580 1794 18 1818 1847 1855 1935 1984 2047 219 2245 2262 2284 2404 2702 2764 2767 2782 2877 2979 3012 3267 336 3401 357 36 364 3689 3704 3757 3774 3834 3875 396 4021 4200 4204 4346 4425 4448 4666 4742 4930 4932 4990 619 741 777 884
1042 107 1085 1163 1205 1243 129 1492 1506 1509 1617 1637 1688 1706 1814 1825 1843 1996 1999 2008 2033 2046 2092 2169 2202 2205 2289 2314 236 2441 2469 2504 2529 2548 2673 2745 2749 2767 2793 2820 2847 2896 2902 2967 297 3029 3154 3173 3260 3284 3295 3328 3406 3451 3571 3627 368 3730 3866 409 411 4139 4150 4171 4190 4278 4280 4284 4326 4382 4444 4481 4493 4501 4509 4554 4641 4707 4717 4747 4753 479 4794 4944 4967 528 532 542 56 613 740 782 810 834 910 983
1001 1025 1238 132 1417 160 1630 1710 1797 1862 1893 1965 1995 2052 2175 2348 2554 2617 2694 2712 2824 2857 2859 2874 3016 335 3371 3399 3658 3792 3829 4044 4097 4295 4444 4510 4536 4639 4714 573 601 776 922 96 973 992
1013 1051 1093 1122 120 1331 1379 1454 161 1615 1677 1690 1853 1884 1974 2065 2087 2115 2269 230 2326 239 2476 2534 256 2640 2677 2679 2719 2824 2910 2996 3031 3109 3195 3383 3411 3419 346 3534 3560 3662 3716 3876 3964 406 4162 4178 4217 4321 4371 4536 4550 470 4725 4766 4780 4804 4845 4895 4928 602 606 66 763 770 799 800 806 889 907
1099 1100 1105 1205 128 1282 1334 1361 1388 1454 1463 1502 155 1555 1681 1714 1767 1806 1876 1880 1899 1970 1981 2081 2140 2186 22 2243 2324 2329 2351 2464 2509 2519 2572 2660 2690 270 2811 2916 2955 2963 2999 3014 3109 3195 3259 3325 3458 3461 3538 3607 381 3875 3884 3885 393 4120 4139 4169 4199 4266 4285 4289 4315 4317 4325 4426 4495 4518 4543 4620 4656 4695 4714 4718 4928 4976 4978 534 560 598 678 693 734 763 831 835 847 862 88 889 916
102 1062 1251 2479 2623 2777 2900 2926 3061 3363 3526 3710 4014 4024 4314 4590 4746 4753 641 643 728 879 901
1101 1268 1307 1358 169 1741 2179 2246 2311 2362 2705 3036 306 3185 3697 3795 3972 3982 4172 4411 4749 4921 63 830 843 91
1151 1317 1497 1520 175 1967 21 2205 2427 2479 2565 2669 2702 2811 2997 3060 3111 3148 3158 3294 4077 4179 4559 4580 477 530 794 972
1123 1191 1214 1260 1282 1302 1327 1350 1376 1894 1986 2132 2211 2249 2315 2387 2397 2434 2496 2527 2642 2646 2659 2821 2827 2851 2879 2941 3042 3143 3156 3164 3199 3310 3333 3373 3392 3413 3483 3538 4023 4315 4394 4442 445 4474 4592 4664 4681 4685 4693 4702 4743 483 493 4960 553 56 574 662 689 731 819 864
1053 1065 1094 1374 1477 1698 1751 1757 1897 195 2088 2098 2122 2292 2787 2903 2941 3067 3179 3451 359 3655 3703 3801 3813 3946 4036 419 429 450 4543 4568 4569 4624 4674 4749 49 666 667 749 758 906
1036 1092 1178 1225 1403 1491 1501 199 2143 2262 2398 261 2694 2813 3324 3527 3831 3867 3954 4023 4503 4691 4697 4894 4906 518 968
1028 1066 1111 1135 1225 1230 1276 130 1515 1547 164 1695 1761 1765 1878 2202 241 2449 2516 252 2669 2723 2975 3072 3262 3293 3321 336 3483 3588 3600 3645 3667 3672 3760 3775 3777 3886 4206 4530 4563 4809 514 557 564 630 811
1327 1341 1484 1496 150 164 1702 1726 1741 1797 1858 1974 2028 2052 2058 2121 2130 2275 2332 2473 2488 2525 2560 2608 2627 2630 281 2890 2980 3072 3240 3262 3293 3304 332 3349 349 3503 3541 3550 358 3680 3810 3904 3909 4068 4075 4146 4149 4271 4302 4304 4326 44 4626 4680 4845 4914 4944 513 654 690 729 784 885 910 957
1047 1150 1257 129 1449 1455 1781 1873 1980 2087 2120 2259 247 2511 2743 3426 3517 3575 3633 401 4061 4249 4355 4440 4600 4653 4847 4852 4860 4956 58 609 634 847
1174 1327 1492 1798 1895 2075 2352 2421 2652 277 3044 3084 3314 3403 3439 3482 3616 3622 3628 3701 3851 3884 392 3937 4050 4359 4378 4571 4737 4746 4973 852
113 1376 1761 1828 214 2154 23 2473 2648 2933 3560 3671 3940 4149 4410 465 4766 495 695 836 967
1053 108 1090 1096 1164 1320 1503 1516 153 1609 1627 1670 1822 1831 1843 1952 1974 2063 2094 2109 2140 2392 2467 2592 2842 2968 3010 315 3172 3249 325 3301 3328 3411 3465 3478 3493 3687 3692 3707 3736 3842 4018 4080 4083 4152 4183 4248 4335 4349 4366 4405 4409 4411 4450 4467 4478 4656 4727 4730 4756 4764 4784 4836 4925 525 616 715 743 760 776 825 852 858 917 989
1007 1035 1063 107 1182 1224 1317 1463 1476 1523 1546 1579 1716 1963 2403 2769 2878 2933 3135 3171 3212 3294 3465 3561 3714 3937 4229 424 4447 4497 4639 4723 4757 4835 4899 4950 4986 556 558 58 749 827 845 847 895 989
1016 1151 1218 1291 1334 1612 1693 1978 204 2250 2270 2329 2342 2477 2597 2621 2734 2786 2855 3157 3225 3239 3436 3691 3868 3896 3924 3925 4269 4361 4623 4784 4914 579 632
10 1032 111 1236 1303 1400 157 1884 1918 2107 2131 2156 2184 2340 2389 2503 2650 2791 2802 2938 3054 3079 3342 3786 3949 4068 4248 4388 4393 4512 4590 468 4719 4788 4934 4942 51 633 679 698 969
1020 1036 1076 1109 1151 1166 1215 1216 1251 1267 1279 1430 1451 1583 1596 1778 1862 1886 197 2003 2098 2119 2148 2175 2201 2264 2311 2401 2491 2574 2688 2706 2737 2802 2828 2835 2863 2927 2956 3206 3236 3248 3320 339 3391 3469 3494 3498 3588 3648 3653 3685 3686 3723 3732 3837 3867 3906 3923 3988 4009 4043 4087 4261 4385 4475 45 4657 466 4662 4679 4694 4716 4720 4788 4814 4968 532 591 623 695 745 772 804 847
1001 1104 1164 1168 12 1218 123 1291 1301 1333 1336 1480 1502 1519 1708 1808 1825 1920 194 2081 2379 2406 2583 2646 2706 2805 2849 2962 3286 3291 3299 3354 3549 38 3905 3944 4036 407 4259 4408 4595 460 4619 4620 4646 4659 4680 4727 4771 4948 4967 4996 503 516 554 586 625 967 976
1041 1088 144 1462 1486 1532 1563 1705 173 1786 1854 190 203 2221 2310 242 2752 29 296 3017 3056 306 3352 339 345 3480 3531 3595 3630 3692 3741 3803 4159 4341 4362 4389 4414 4519 4543 461 4666 4826 4931 4985 4987 4991 680 730
1 1160 1381 1456 1557 1665 1795 1800 192 2063 2347 2443 3506 351 3546 3637 3698 3735 3765 382 4175 4198 4415 4535 4766 4922 540 562 629 715 732 836
1147 121 1240 1245 1329 1420 155 1590 1596 1615 1685 1736 1785 1832 1862 1873 1949 1957 2000 2035 220 2315 2632 2790 2824 2905 2915 2966 3000 3284 3384 3662 3875 3915 3949 3978 4053 4147 4230 4421 4429 4486 4504 4514 4535 4645 4659 4739 4832 506 651 696 697 715 774 805 807 841 891
1008 1086 1609 1613 1882 1911 1962 1964 1993 206 2245 2260 2327 24 2406 2474 2527 2561 262 2729 2730 316 3177 3218 326 3427 3540 360 3740 3785 4075 4313 435 4482 4587 4686 480 4873 4967 789
10 1128 1244 1450 1471 1485 1564 1581 1690 170 1934 2038 2040 2080 2089 213 2154 2155 2212 2293 2360 2482 2483 2498 2641 2779 2802 2894 2905 309 3113 3298 3302 3315 3384 3400 3414 3495 3737 3753 3788 3841 3927 3949 4 4026 4152 4154 4161 4192 4204 4209 4219 4258 4410 4490 4550 4567 4635 4905 4948 4953 4993 4994 543 651 686 69 789 98
1049 1197 1476 1559 1580 2040 2080 2126 2137 2162 2190 2201 2353 3040 3313 3393 3658 3883 3923 4021 4336 4586 4698 613 647 886
1045 1076 1087 1122 1167 123 1278 132 1358 138 1405 1457 1472 1513 1581 1592 1617 1635 1760 1769 1780 1788 1842 1852 188 1930 2007 2019 2061 2168 2230 2296 2305 2413 2445 2484 2533 2598 2849 2885 2939 2963 297 299 3198 3231 3374 3422 3454 3456 3511 3551 356 3639 3693 374 3741 377 3879 4021 4031 4108 4116 4211 4241 4267 4273 4311 4345 4452 447 4506 4541 458 4601 4615 4658 4708 4735 4793 4794 4801 4881 4899 4946 4981 502 509 51 518 53 539 555 556 586 746
1100 1235 1377 1401 1508 1618 1734 1741 1744 1867 1928 194 1999 2047 207 2076 2122 2190 2195 2301 2370 2431 2490 2514 2521 2573 2607 273 2799 281 2835 2846 2895 2933 2934 297 3001 3050 3066 325 3263 3314 3315 3408 3410 3468 3470 3473 358 3594 3643 365 3656 3704 3778 3810 3838 387 3969 3985 4010 4080 419 4190 4198 4246 4254 4281 4341 4393 4434 4477 4540 4582 4620 4623 466 475 484 4855 4957 522 588 599 706 718 828 889 897 903
1012 1222 1345 2194 2203 2555 2599 2635 2819 3078 3114 3262 3268 3455 3504 3508 3626 3677 3873 39 3965 3967 4060 4105 4110 4113 4346 4519 4878 4899 554 665 752 799 943
1066 1116 1337 1400 1962 2128 2142 2185 2580 2652 2671 2783 2850 2953 3072 3385 339 3440 3469 3575 3690 3871 4140 4209 4235 4315 4454 4623 4716 4897 4962 592 635 667 708 752 804 880 929
112 1297 1367 1394 168 1839 1907 2792 2890 2911 3126 3229 337 3470 367 3819 3919 4080 4111 4155 4336 4447 4663
1062 1162 1249 1290 14 1446 1570 1584 1601 1656 1702 1792 1808 1834 1945 1988 2149 2165 2226 2383 2533 2603 2671 2698 2947 3079 3205 3322 3406 3428 3444 345 3561 3596 3735 3739 381 3822 3826 3862 3867 4073 4104 4230 4249 4257 4276 4395 4436 4456 4483 4542 4608 4624 467 4731 4762 4779 481 4884 4938 4943 519 61 651 729 820 88 900 911 915 923
1041 1092 1164 1182 1360 1401 1411 1437 1453 1469 1494 1514 1585 1631 1634 1839 1859 1873 1916 1952 2020 2191 2231 2325 2363 2465 2466 2652 2733 2994 3057 3296 3334 3366 3405 341 3463 3476 352 3525 3587 36 3719 3732 3760 3908 3955 3976 4113 4137 4158 4183 4204 4594 4615 4680 4917 4952 4956 4991 743 817 890
1015 109 1106 1213 1361 1516 1766 2025 2126 2508 261 3057 3125 3392 3565 3674 3794 38 3986 4174 4462 4819 4982 628 672
1232 1250 1275 1695 2385 2407 242 2473 2514 3369 3572 362 4278 4496 4503 4589 4661 4793 565 606 80 861 878 904 905 916 917
1009 1069 112 1141 116 1171 1183 1209 1211 1239 1304 1343 1411 1433 1444 1448 1466 1576 1643 1697 1778 1891 1956 2073 2153 2182 2194 2290 2335 2347 241 2441 2457 2513 2732 2771 2795 2893 290 2960 2980 3040 3067 31 323 3249 3321 3411 3415 3432 3584 3638 3640 3665 3679 3833 3939 4044 4092 4161 4186 4240 4318 4430 4463 4537 455 4552 469 4739 4778 4796 4866 4883 4886 4923 4925 4935 4948 4951 4994 561 574 599 617 72 767 814 819 826 934
1239 1333 1378 1381 1719 1778 1844 1933 2163 2225 2356 2425 2878 2883 2927 3174 3180 3185 3301 3404 384 3863 3873 3910 3994 4153 4158 4186 4305 439 4390 4521 4609 4741 599 833 964
1020 103 1134 1257 131 1434 1474 1507 1532 1548 1561 1575 1750 183 1926 2012 2075 2100 2113 2419 2537 2696 28 2893 2972 3027 3092 3346 3351 3374 3438 3457 3530 3661 3662 3729 3868 3929 4009 4058 4117 4148 416 4197 4245 4314 4604 4609 4716 4762 4845 4868 4992 4999 504 505 555 59 6 604 624 817
1237 1667 1682 1732 1854 2152 2213 2276 2338 2810 2957 3171 3175 33 3371 3415 3504 3700 3962 4175 4388 4405 4497 4538 4626 482 674 977
1026 1394 1410 1553 1660 2211 2344 2462 2613 264 3176 3296 3355 3586 3597 3605 361 3711 3827 3883 3902 3918 3967 4244 4410 4431 4540 4589 4756 841 906
1075 1147 1182 1195 12 1228 1250 132 1486 1503 1770 1811 191 1923 197 1987 2012 2017 202 204 2073 2169 2178 2255 2346 2358 2419 2555 2615 2733 2770 2780 2793 2844 2854 2883 2891 2892 2932 2953 2981 3001 309 322 3243 3534 3607 4 4004 4007 4008 4033 4113 4208 4221 4261 4266 4292 4388 4457 4469 448 4546 4560 4661 4704 4767 4791 4798 4822 4855 4898 4952 596 633 657 671 701 795 811 9 959
127 1285 1540 1625 166 1866 1882 1982 2004 2278 2350 2402 2567 257 2799 2819 2851 2872 2957 2959 309 3218 333 3371 3761 3960 4012 4160 4165 4167 4198 4210 4225 4496 4514 455 4639 4711 4843 4862 4939 4972 4998 547 63 672 682 730 801 820 84 840 999
1051 1155 1168 1202 1333 1407 1494 1496 163 1850 1870 1909 2081 2174 2186 2319 2331 2434 2458 2847 2850 2873 3144 3303 3858 3936 4061 4138 4440 4539 4540 4605 4798 713 78 897
1006 1129 1157 1187 138 1885 1926 2294 2302 2308 2418 2550 2575 2630 2681 2723 292 297 3089 3116 3209 3271 3286 346 3478 3551 3585 3703 3880 4052 4221 423 4230 4291 4392 4536 4603 4681 4698 4761 4857 4953 560 562 605 757 8 864 989
1114 1162 1274 1450 1615 2065 2101 2189 2227 244 2545 2579 2595 2722 2738 3000 3092 3107 3164 3196 3307 3365 3566 3685 3821 4125 4159 4242 4532 4533 4569 4653 4710 4752 4898 4905 4913 526 772 840 909
1055 1077 1084 1143 1202 127 1272 1290 1325 1398 1475 1504 1505 1541 1588 1590 1603 1632 1800 1864 1974 2035 2044 2064 2162 2208 2236 2314 239 2456 2489 2519 2594 2630 2635 272 2827 2916 2917 2920 2999 3015 3046 3227 3363 3366 3433 3443 3773 3779 3893 3902 4018 408 4096 4101 4293 4346 439 4439 4453 4477 4480 4521 4579 4700 4720 4777 4780 4797 4819 4827 4875 4888 489 4895 4988 592 681 784 806 837 841 948 974 984
104 1051 1115 1265 1271 1291 1339 134 1342 1363 1382 1404 1405 1462 1502 1671 169 1717 1755 1797 1902 2032 2095 211 2140 2177 2183 2337 2341 2360 2365 2464 2509 257 2581 2602 2642 2671 2699 2751 2763 2817 2828 2830 2832 2873 2925 2947 3022 3067 3268 3348 3382 3534 3861 3978 4091 4202 4233 424 4440 4487 479 4814 482 4823 4871 513 531 658 719 791 814 901 933 986
1105 1158 1278 1304 1348 1387 1643 1746 183 1982 2018 2145 2149 2185 2199 223 2271 234 2667 3151 3257 3340 3399 3443 3621 3785 4086 431 4603 4607 4680 698 782 799 966
1143 1216 1289 1531 1661 2550 2702 307 3191 3293 3358 3507 3689 3862 3991 4286 518 659 665 900
1205 1208 156 1564 1667 1730 178 2114 2529 2547 2604 2745 2759 2896 2938 3058 3512 3532 3588 3597 3687 3689 3790 385 3910 4009 4145 4232 4305 4355 4398 4487 4557 457 4634 4677 4745 4864 541 630 668 781 91 996
1030 1052 1098 1105 1130 1133 1173 1206 1265 1287 1308 1340 1387 1391 1396 1404 1409 1496 1532 158 1592 1700 1884 1930 1958 1975 1996 205 2090 2123 2180 2307 2337 2481 2526 2555 257 2598 2709 2883 3 3022 3030 3069 3131 3157 325 327 3304 333 3363 3381 3443 3448 3546 3578 3634 3665 3782 3789 3791 3906 391 3982 4000 4059 4206 4226 4304 4320 4413 4455 4588 4599 4601 4619 4676 472 4734 4788 4792 4809 4841 4844 4866 530 573 612 644 773 787 828 892 947 948 995
1031 1097 123 1336 1366 1663 2159 2278 2387 247 2475 2612 2657 2725 2795 3147 3208 3400 3820 4131 4155 4458 460 4803 4977 512
1007 1071 1283 1316 1369 1482 1583 1632 1679 1692 1715 1786 181 2214 2265 2334 2360 2399 2605 2608 274 2774 2788 2826 3001 318 3199 3290 3425 3640 3672 4076 428 4508 4576 4608 508 61 72 950 976
1062 1232 137 158 1619 1645 1707 1930 1989 225 2268 2272 2458 2481 2484 2653 2789 2797 2903 2935 3138 3225 3323 3559 3675 3735 3807 3817 3900 3917 3920 4043 4135 4137 4284 4479 4608 4614 4663 4687 4834 4974 711 728
1216 1662 1668 1940 1978 223 2250 2329 2696 2739 2989 311 3131 3365 359 3598 3687 421 4236 4438 4916
1323 1352 1473 156 1565 1630 1726 1795 2019 2127 2296 2332 2483 2551 2643 2804 2861 2944 3013 302 3156 3236 3363 3475 3596 3748 3784 3810 3964 4049 4095 4295 4297 4398 4568 4588 4665 4880 4887 506 53 959
1011 1088 1098 1351 1581 1735 1936 2032 2074 2231 2302 232 2443 2544 2713 2935 2943 2984 3602 4058 4203 4247 4765 519
1381 2053 2342 2691 2931 3073 3154 3212 3357 3402 3469 358 3611 3613 3675 3736 3846 4012 4030 4107 4243 4251 4375 4500 4568 4588 4840 4973 500 577 938 987
1033 1248 1283 1328 1510 1556 1598 1599 1622 1628 1867 2 2001 2103 2175 2196 2363 238 2500 2592 2601 2631 2797 28 2954 3030 3126 3152 3311 3331 3398 3450 3459 3542 3560 3598 3684 3722 3754 4002 4035 405 4066 4119 4125 4175 4197 425 4360 4373 4420 4424 4473 4484 457 4647 4653 4658 4707 4735 4771 4828 4995 51 531 689
1050 1098 1274 1294 1582 1602 1647 1720 1816 2075 2144 2192 2223 234 2484 2555 2595 2697 2708 2732 2792 286 2941 3011 3027 3110 312 3125 3256 3316 3332 337 3426 3800 3909 4030 4150 4263 4949 4963 539 706 755 769 838 866 957 996
1133 1244 1334 1554 1555 1578 1632 1650 1725 1859 1862 2013 2090 2238 2417 2556 2600 2620 2734 2855 2947 3 3032 3102 3118 3243 3314 3426 3569 3677 3883 3977 4016 4025 4109 4187 4192 4292 4444 4458 4512 4619 4665 4816 4882 4990 595 649 845
1003 1006 1076 1163 1177 118 1222 124 1275 1386 1393 1405 1441 1471 1475 150 1544 1668 1793 189 1901 1928 1997 204 205 2128 2179 2211 2245 2257 2299 2390 2533 255 2568 2584 263 2677 2696 2720 2796 2823 2854 2868 2899 2915 3055 3112 312 3239 3292 3301 3315 3414 3447 3474 3484 3658 3667 3802 3851 3893 390 3934 4037 4051 4088 4102 4127 420 4263 4273 4363 442 4453 4506 453 4533 4631 4692 4704 4737 4809 4812 4829 4838 4875 490 4911 4922 4959 4994 679 704 769 856 877 937 945
106 1083 1121 1275 1292 1427 1455 1745 2047 2180 2369 2735 2875 3068 3239 328 3604 3615 3635 3676 3677 3682 3767 385 3987 4020 4189 435 4370 4405 4856 4938 4975 580 608 645 675 82
1252 1328 1414 1533 1732 1844 1889 2305 2437 2873 3091 313 3188 3210 3348 3419 3832 4040 4045 4344 4418 4726 4739 4771 4964 711 76 806 902
1032 1104 1198 1304 1337 1440 1875 1929 1930 2185 2391 24 2400 2416 2597 2800 2912 3006 3192 3344 3373 3605 3649 3696 3757 3778 4091 4306 4393 4500 4537 4868 4915 4934 4965 64 659 959
1001 1018 1035 1106 1143 1272 1377 1508 1561 1571 1606 1667 1762 1808 1822 1864 1878 1911 2007 205 2056 2143 2198 2379 267 2670 2869 2929 2999 3011 3028 3040 3060 3070 3102 3226 324 3637 3689 3838 4009 4129 4316 4423 4476 463 4703 4766 4818 4826 4904 552 557 565 648 667 729 756 801 865 925
1065 1102 1118 1442 1480 1524 1588 1594 1682 1708 172 1735 1781 1873 1876 1893 1939 2050 2097 212 2141 2203 2279 2280 2328 2353 2404 243 2547 2548 2552 2566 2637 2667 2855 2903 2980 30 3003 3008 3058 3063 3153 3370 3373 3404 3462 3613 3622 3629 3808 384 3950 4043 423 4336 4428 448 4485 4536 4578 4768 4781 481 4872 4911 4931 4987 524 572 619 63 672 678 714 783 800 930 970
1000 1219 1300 1311 1433 1481 149 1516 1573 1604 166 1666 1699 1744 1799 1824 1921 1949 2009 2193 225 2285 2290 2299 2311 2364 2404 243 2490 2519 2576 2591 2603 2613 2623 2638 2701 2713 2720 2736 2762 2815 2818 2877 2913 2924 2982 3016 3086 3193 3205 321 3218 3233 3257 3286 3303 3329 3404 3471 3513 3657 3663 3726 3769 3799 3993 4005 4010 4013 4029 4276 4309 4387 4436 4494 454 4670 4815 4864 4921 4930 550 568 584 614 660 728 76 907 914 929 955 983
1033 1067 1090 1156 1286 1417 1446 1531 1985 2113 2246 2281 2320 2405 2504 2529 2994 3042 3066 322 3226 3340 3497 3554 3568 3593 4018 4115 4177 4245 4246 4523 4755 4777 526
1027 1041 1154 130 1769 2350 2450 2491 2552 2757 2847 2966 2976 2997 3 3048 3056 3308 3325 3655 3696 3906 403 404 4296 4311 4567 4591 4677 4704 4709 519 682 870 933
1217 1296 1494 1679 1717 2090 2488 2515 2527 2588 2897 3077 3088 3104 3214 3218 3334 3376 3700 3775 4179 4317 432 4500 4571 4684 489
1095 1108 1162 1220 1246 139 159 1811 1910 1912 2120 2133 2151 2181 2210 2213 2252 2270 2275 2306 2345 2393 2395 2453 2492 2544 2666 2703 2742 2796 2838 2963 2965 3013 3057 3163 3235 3329 3335 3446 3488 3507 3668 3673 3801 395 4167 4252 4407 4643 476 4874 4896 493 4985 540 583 855 930 935 974
1008 1035 1158 116 1252 1261 1330 1342 1480 1516 1543 1545 1719 1829 183 1830 1853 1863 1906 1937 1997 2040 2042 2046 2093 213 2152 2345 2417 2470 2484 2545 2552 2624 2722 2733 2781 293 2949 3135 338 3406 3573 3648 3691 3776 3787 3824 385 3916 3999 4037 4058 4061 4087 4162 4188 420 4281 4368 4385 4460 4486 4599 4741 4754 4790 4792 4824 4898 4993 535 575 579 590 597 598 764 765 776 789 886 929 940
1020 1293 1421 1536 1564 1743 1761 2012 2035 2095 2110 24 2422 2451 2461 2463 247 256 2573 2790 2909 2944 2949 3027 3226 3376 3546 3596 3609 3724 4044 4182 4532 4677 4885 4961 564 753 764 833 846 877 906
1021 1029 1035 1082 1212 1249 1253 1289 1318 1321 1359 1420 1484 1498 1624 1911 1950 201 2074 2089 2138 2146 2147 2181 2235 2426 249 259 2670 2688 2785 2803 2847 2895 2939 2977 3031 3079 3194 3295 3462 3480 349 3634 389 4166 4189 4235 4300 4454 47 4709 4785 4798 4909 4962 4965 642 744 817 837 990
1032 1084 1132 1277 1396 1430 1639 1814 2022 2089 2097 2139 2143 2392 2492 2496 2670 2824 2923 373 4206 4318 4625 4946 639 845 848
1395 14 1645 1739 1822 19 1994 2100 2197 2217 2423 2478 2529 2568 3027 3188 3441 3475 3478 3620 3708 391 4035 4249 4339 4385 4413 4508 4633 4897 506 517 625 784 848 958
1052 1157 1166 1204 1280 1315 1418 146 1549 1551 1713 1751 1900 1976 2091 2124 2265 2294 2311 2319 2607 2803 2912 2917 3103 3123 3257 3517 3533 3543 3620 3737 3803 3865 3874 3875 394 40 4016 4103 4266 4340 438 4401 4425 4526 4539 4557 4578 4612 4616 4666 4726 4775 4815 4818 4835 4868 4933 512 652 721 731 796 8 865 892 9 995
1055 1457 1586 1642 2040 2054 2105 212 2479 2618 2715 3005 3110 3185 3225 3976 4002 4463 4920 4963 688 987
1331 1368 144 1485 179 1806 2366 2400 2504 2578 2625 2682 2753 2840 3180 3190 3195 3253 3490 355 3805 3915 4428 4480 4563 4650 4763 4966 618 826 827 92 946
1102 1322 1676 1695 1866 188 1937 2502 2521 2617 2721 2739 2879 2934 2978 365 4125 4403 4532 4613 4647 868 970
1067 1090 1102 1119 1127 1173 1292 1306 1311 1321 1438 1504 1521 1575 1643 1677 17 1703 1853 1924 1932 1972 1977 201 2016 2083 2098 2230 2252 2294 2355 2406 2435 2465 25 2569 2585 2732 2738 2751 2817 2840 2855 2948 2979 3031 3131 3134 3320 3458 3479 349 3541 3556 3641 3889 3947 3950 4023 4072 4152 4172 4274 4304 4309 4320 4331 4356 438 4496 4525 4614 4653 4708 4808 4818 4830 4841 4866 4894 4952 4961 4975 4987 5000 594 614 683 771 788 889 915 95 976
1145 1336 1366 1749 1931 2263 2290 2564 2851 3125 3182 3314 3372 3391 3686 3744 3748 3800 3942 4767 4769 4973
1000 1144 1200 1288 1312 1353 1664 191 1984 2152 2182 235 2530 2535 2553 2650 2653 2849 2961 2973 2999 3044 3050 3312 3519 3841 391 397 4067 4087 4171 4233 4236 4289 4451 4548 4755 4786 4981 516 563 643 670 722 741 947 956
1244 1387 1763 1805 1846 1863 1874 195 2442 2500 2539 2611 2634 2682 2702 2801 2959 2972 3087 3110 3167 317 3317 3337 3403 3529 367 3876 3898 3992 4212 4476 4551 462 4741 4949 497 4975 508 526 630 938
1019 1043 1176 1189 1195 1252 1253 1291 1376 1465 1475 1521 1620 1623 1639 164 1669 1696 1726 1766 1829 1879 1911 1944 1948 1970 201 2045 205 2065 2099 2113 2221 2395 2405 2417 2459 2487 2503 2598 2602 2617 2728 2815 2817 2832 2919 2950 2980 3071 3149 3164 3468 3502 3559 3629 3651 3664 3714 3801 3878 3905 3951 3980 4010 4025 4035 4089 4140 4242 4263 4274 4313 4324 4343 4434 4448 4497 4517 4541 4551 4627 4630 4633 4677 4921 4963 536 640 646 702 725 761 831 955
1008 1026 1030 1067 1069 1103 1153 1247 1249 1330 144 1440 1621 1730 1738 1785 1801 1840 1932 2095 2097 2360 2486 2590 2727 2752 2755 2756 2775 2814 2838 2930 3037 3095 310 3213 3233 3260 3304 3386 3392 342 3699 3838 3873 4091 4133 415 4155 4170 4183 4200 4226 4294 460 461 4803 4840 4903 4907 4978 5 730 731 856 967 973
1072 1118 112 1241 1299 1323 1337 1436 152 1673 169 1695 1697 176 1843 1885 189 1919 1942 1944 2052 2099 2104 2207 2256 234 2406 2435 2492 2535 2576 2627 2648 2752 2767 2784 2804 2991 3121 3160 3184 3224 3264 3284 3313 3381 3389 3487 3522 3530 3584 3592 3696 3702 3743 3795 3874 3897 3920 4022 405 4108 4114 4149 4173 4224 4292 4330 4386 4549 4566 465 4700 472 4761 481 4840 49 4913 4971 4982 504 530 606 625 718 816 903
1944 1973 2099 210 2248 2326 2420 2969 3022 3030 3367 3497 3518 3520 3551 3768 3963 4063 4159 4925 588 61 634 649 866 907
1045 1064 109 1096 1145 1185 1219 1239 1388 1389 1426 1648 1649 1656 1676 1796 185 2062 2272 2353 2775 2837 2910 2948 2967 3008 3031 3110 3133 3163 3188 3213 3255 3285 3492 3520 3554 3603 3617 3780 3786 3794 3831 3849 3869 3936 3937 4004 401 4016 4172 4220 4288 4305 4359 4387 4507 4755 4763 485 4866 4870 4880 4889 4962 573 719 778 79 872 933
1238 1277 1380 1441 1898 1906 2164 2187 2605 2848 305 3170 3334 3403 3842 4023 4045 4138 439 4529 4752 584 797 811 928
1274 1435 1595 1598 1774 1786 1824 1959 197 1982 2001 2051 2129 2461 2506 2515 2622 2831 2924 3034 3060 3067 3203 3221 3370 3382 3402 3545 3700 3797 3998 4044 4076 4200 4403 4446 4649 4773 4823 4851 4909 4962 522 532 765 868
1104 1107 1168 1367 1485 1662 1675 1705 1709 1855 1885 2009 2026 2156 2186 2274 2337 2416 246 266 2691 274 2865 2946 2966 3036 3165 326 327 3276 3294 3332 3444 3447 3505 3539 3820 4034 4041 4303 4322 4593 4646 466 4911 4913 4986 571 651 975
1276 1282 1503 1511 1577 1619 1707 195 2255 2732 2863 3100 3111 3344 3446 3470 3578 3654 3958 4979 6 621
1002 1028 1197 1239 1302 1369 1634 1779 1808 1859 1869 1897 1904 2149 2166 2341 2358 2359 244 2524 2572 2653 2660 2781 2823 2858 3023 3200 3206 3353 340 3463 3592 3655 3767 3865 3934 3941 396 3986 4006 4139 4197 4289 4376 4413 4571 4600 461 4674 4698 4793 4823 4841 4969 572 610 904 905
1015 107 1074 1126 1189 1277 1300 1467 1632 1644 167 1720 1745 1781 18 1839 2024 2141 2226 2256 2378 2413 2422 2462 255 2625 2652 2664 2729 2737 2766 2857 2870 2900 2907 3012 3032 3043 3107 3170 3174 3230 324 3319 3331 3398 3433 3564 3568 3609 3797 3803 3835 3840 3964 3977 4164 4251 4264 4276 4341 4387 4439 4446 4469 4496 4706 4786 48 4913 4938 4944 56 605 664 693 695 731 801 85 86 917 941
1091 150 1602 1844 1928 2138 2255 2444 2686 2723 2878 2918 3013 3206 3317 3442 3558 3624 4133 4242 4432 467 4693 478 4796 4859 4939 4957 635 676 859 868 881 92 997
1042 1157 1210 1388 1428 18 1819 1894 190 1983 2156 2192 2220 2317 2332 2417 2496 2617 2656 2679 271 2710 2724 2793 2845 2923 294 3056 3087 3120 3232 3274 3322 3385 3394 3507 3582 3638 3660 3722 383 4036 4083 4349 4396 4520 4586 4608 4618 4688 4780 4788 4876 4877 53 759 766 990
1197 1257 1263 132 180 1864 219 2227 2252 2470 2515 2571 2613 2646 2820 2992 3000 3050 3185 3197 3329 334 34 3451 3650 3653 3800 3865 3961 398 3993 4127 4162 4207 4288 4379 4534 4545 4720 4722 4729 4764 57 582 62 741 748 934 950 953
1014 1016 1091 1153 119 1200 1304 1318 1380 14 1402 1442 147 1499 1523 1536 1857 1895 1942 1989 2014 2025 2122 2174 220 2277 2309 2320 233 2369 2371 2485 2498 2505 252 2553 256 2586 2657 2685 2769 2777 298 2988 2991 3012 3036 3068 3116 3228 3328 3388 3446 3501 3524 3550 3640 3828 3969 4010 4015 4116 4120 4143 4155 4158 4178 4285 4330 4408 4473 4484 4510 4666 4772 4815 4864 4896 4931 4984 516 575 719 769 80 814 882 902 923
1009 1032 1064 1151 1152 1156 1173 1308 1438 1442 1549 1590 1612 1655 1677 1684 1758 181 1835 1838 199 2085 2107 213 2159 2309 2347 238 24 2459 2493 2600 2632 2676 2735 2769 2804 2856 2896 2991 3 3033 3071 3171 3187 3477 3517 3530 3692 3760 3780 381 3910 3940 3945 3977 4086 4130 4160 4189 4209 4231 4273 4281 4302 438 4636 4668 471 4752 4806 4990 60 636 642 773 792 842 934
1011 1278 1305 131 1368 1400 1498 1597 1608 1615 1752 1936 2082 2270 2364 2446 2565 2631 2673 2900 2948 3198 3282 3417 3427 3454 3857 3915 3982 4003 4368 4390 4510 4705 4852 4926 4985 537 649 770 794 796 808 946 96
1106 1108 1715 1758 1827 1893 1985 2095 2443 2674 2742 2844 3047 3135 314 3486 3727 3737 3969 403 404 4057 4087 4390 4399 4406 4656 4684 4758 4861 4869 4905 4956 4981 501 573 624 721 829 864 955
1040 1199 1398 1429 1571 1706 1749 183 1972 1994 2121 2192 2209 2326 2392 2461 2482 2538 2587 263 2696 3306 3338 3386 3399 3489 3650 3678 3768 3865 3905 4124 4168 4320 4364 4418 4513 4615 5000 560 60 692 70 871 912 94
1100 1471 1890 2057 2149 2315 2348 237 2460 2481 3056 316 3731 4250 4314 4327 4925 536 56 562 576
1004 1033 1048 1184 1208 1219 1395 1441 1448 1480 1915 1937 2029 203 2237 2261 2447 2452 2552 2588 2979 3157 3219 3242 3370 3519 3563 3646 3697 3827 3913 3928 3954 4192 4421 4504 4547 4564 4646 4916 706 77 962
1052 1183 1276 1330 1420 1627 1719 1826 1829 1890 1955 2067 2215 2253 2402 2405 2546 2677 2699 2736 2862 2954 2985 316 3400 3412 3574 3667 3704 3706 3771 3778 4036 4158 4273 4692 4784 4880 4974 679 784 875
1666 1917 2021 2415 2888 3008 326 327 3355 3437 3461 3686 3790 3833 4071 4112 4180 4271 449 4987 856 860 947
10 103 1172 1234 1276 1286 1486 1571 1597 184 1878 1997 2026 2103 2145 2227 2250 2402 2514 2591 2607 2657 2658 2688 28 2908 2974 3010 3059 3075 3128 3163 3255 3457 3634 3641 3642 3692 3784 3853 3857 3876 405 4104 4127 4178 4200 4211 4251 4368 4459 4497 4520 4533 4615 4622 4652 4659 4855 4914 4924 4939 580 637 647 782 929 933 960
1002 1116 1218 1401 1562 1586 1660 1874 1883 2178 2322 2403 2493 2605 278 3142 3259 33 3336 3416 3962 4028 4065 4078 4357 4546 4559 4738 4820 50 521 657
1188 1238 1260 1328 1420 1609 1669 1705 1710 1831 1848 1888 1992 2026 2183 2308 2499 2627 3253 3289 3320 3331 3488 3600 3659 3696 3726 3880 3918 3946 3960 418 4294 4439 4466 4476 4507 457 4594 4663 4665 4737 4794 4935 558 593
1041 1147 1167 1355 136 1526 160 1613 1766 2210 2214 2257 2401 2596 2608 2650 2692 2717 2746 2768 2870 2872 3145 340 3469 3542 3570 3610 3613 3757 3786 379 3894 3936 3984 4003 4006 4164 4192 4242 4314 4323 4453 4553 473 4898 4906 675 946 957 997
1748 1970 1975 2004 2243 2396 255 258 2653 2700 2923 2964 3262 3270 3753 3942 4445 681 711 81 865 962
1040 1127 1142 1149 1158 1162 1196 1326 1330 1386 1428 143 1437 1457 1499 160 1633 1682 1845 1884 19 1971 1984 1986 2080 211 2207 2289 2415 2470 2515 2568 2718 2722 285 2890 2915 2967 2987 3045 318 3287 3322 3346 3350 3438 3452 3463 3492 3514 3536 3615 3618 3622 3641 374 3761 38 3906 3920 3965 3989 4055 4131 4190 4216 4249 4297 4301 4408 4441 4539 4600 4879 4897 4996 516 541 566 625 826
1102 1392 1561 1609 1710 2007 2009 2134 2281 2667 2742 29 2993 3042 3129 3153 3370 3411 3486 3540 3567 3603 3650 3652 38 3807 3877 4026 4122 4233 4458 4469 4498 4546 4642 467 4779 4815 4875 543 781
