102 1146 1171 1537 2332 2347 240 2650 2841 3008 3089 3165 3418 391 401 4277 4785 4848 503 929 
10 1037 104 1199 1205 130 1393 1612 167 1773 1797 2047 2086 2242 2351 239 2625 2739 2914 3178 3213 3229 3366 3370 3545 3594 3618 3728 3729 3808 4042 4045 4066 4141 4373 4407 4430 4431 4469 4679 4815 4948 4978 517 522
1232 1419 2017 2019 2489 2532 2666 2674 276 2961 3041 3425 381 4068 4240 4480 4665 4940 701
1117 1436 1530 1613 196 212 2297 2303 2427 2571 2609 2711 2826 3004 317 3409 354 3793 3825 3930 4106 4129 4172 4274 4413 4654 4925 625 676 878
1091 1120 1191 178 1883 2213 3032 3065 3215 3284 3289 3298 3343 3570 4054 4133 4383 4411 4638 4726 4753 4903 4947 500 632 754
1072 1173 1544 17 1964 2231 2567 2854 342 4053 4363 49 492 4999
105 1214 1375 1391 1501 1637 1786 1964 2016 2047 2049 2233 2348 2460 2561 2582 27 2714 2767 3047 3069 3097 3121 3137 325 3302 3453 3468 3759 3902 4199 4320 4347 4426 4427 4471 4516 4763 4828 4851 4892 4898 4960 516 639 66 890 963
1381 1418 2301 2919 2976 3163 3320 3411 3787 3993 4310 4679
1016 1170 121 126 1420 1671 1980 2092 248 2603 2666 2742 279 3135 3710 3790 3881 4075 4231 4249 4348 4781 749
1217 1236 1383 1411 1471 1568 1632 1647 1781 1860 1870 2000 2121 2139 2433 2453 2486 25 2611 2644 2802 293 3019 3022 3026 3061 3079 3082 329 3490 3729 3813 3823 399 3993 4161 428 4288 4294 4303 4308 4673 4730 4774 4797 504 756 845 99 991
1254 1371 156 167 1725 1787 1907 2086 2174 2254 2371 2515 265 275 2809 3340 3368 3967 4298 4350 4856 4891 491 4960 515 598 687 711 759 805 866 870 896
1688 1770 1962 2118 2393 2645 2923 3133 3300 3442 3520 3626 3825 389 3907 3950 4325 4342 4804 4924 663 880 952 963
1086 1107 1454 1682 1815 1908 1943 1952 2272 2289 2778 2896 3107 3201 3553 3558 3616 3628 3986 4253 4275 4545 4825 731
1025 1092 1096 1304 1487 1658 1731 2437 3353 3444 3532 3850 3863 3998 4197 438 4466 514 568 628 79 827
1122 1211 168 1950 2152 223 2363 2583 2597 2735 3509 3765 3917 4148 4182 4357 4452 4502 4694 4844 4965 567
1184 1489 1586 1664 1818 1831 1873 2040 2307 2335 2381 255 2653 2721 285 2964 2992 3050 3752 3920 3956 4047 4271 4282 4422 4606 4799 4855 716
1044 1525 161 258 2728 2753 3232 3251 3547 387 3984 4017 4903 677 876
1347 1385 1397 1435 1590 1803 1852 1855 1993 2046 2164 2226 2748 2854 3438 4069 4235 4256 4327 4888 915
1314 1523 1857 1945 2507 2702 2807 3168 3197 321 3457 3482 3987 456 485 797
1282 1618 2023 2103 2130 2230 2286 2327 239 2697 3255 3384 3601 3613 3718 3747 3835 4016 4282 4447 478 4789 4842 4847 972
1111 1174 1339 1381 1444 1450 2007 2022 2109 2458 2796 2939 2966 3458 3493 3578 3642 3770 40 4154 4193 4240 4451 446 4731 4767 4828 4837 4909 497 4984 568 61 656 685 812 82 88
1162 1690 1817 1886 2028 2048 2155 2156 2306 2339 2420 2432 2523 2733 278 2880 312 3245 333 340 3769 3834 3914 3957 4202 4382 445 4545 4607 4655 4721 4829 4845 4933 4943 614 682 885 981
1566 2254 2727 3029 3486 3575 3630 388 4609 4740
1706 2355 2779 293 2981 3755 38 4006 4063 4173 450 528 636
1510 160 1883 1965 2635 2656 2974 2979 35 4073 4204 533 867
1022 172 2643 2887 3370 3414 4289 451 656 711
1121 1398 1710 1905 1909 2689 2715 3209 3227 3623 3708 4151 4388 4465 736 843
1041 142 1483 153 1869 2000 222 2781 3381 3600 3780 4206 4311 4371
1138 1156 1278 1528 1827 1847 1849 2009 2134 2305 2353 2469 2607 2622 2638 2863 2900 3042 3091 3111 312 328 3476 3506 3791 3958 4072 4101 4258 4262 4438 457 4632 4651 475 4760 4825 653 675 694 700 732 909
1294 1627 1697 1905 2178 2842 3164 3329 3469 3480 4850 630
125 1386 1396 1789 1802 1879 2078 2084 2300 251 2800 284 3393 4019 4692 491 733 854
1110 1541 1766 2131 2581 3014 3586 3941 449 950
1001 1182 168 1846 190 2272 2380 2531 2627 3025 3199 3238 3328 3511 3612 3906 4737 4922 4989 710
1064 1451 1477 1533 1748 1775 1807 191 2223 2479 2525 2771 2917 3013 307 31 324 3320 3364 3592 3640 3682 4283 4326 4432 450 47 481 4840 4901 4948 4989 524 692 734 917
100 1056 1083 1137 117 1352 1418 1433 1545 1747 1801 1846 192 2032 2052 2069 2166 2271 2365 252 285 2967 3049 3070 3139 3156 3467 3495 367 3681 4013 4081 4352 4448 4459 4596 4636 4779 4780 4911 650 81 95
2452 2535 3016 3623 3713 455 4624 507 728 825 875
1142 1403 1685 206 2237 2547 2760 2763 2890 292 3136 3311 367 3671 4108 4372 681 708 802
1319 1412 1491 1589 1877 1966 2248 2515 2540 2770 2818 382 3844 4313 4315 4322 953
1212 14 140 158 1584 1646 1837 2103 2184 2199 2291 2417 2782 3046 3051 3283 3459 3523 3550 3565 3629 3877 3971 3977 4100 4276 4297 4330 4442 4600 4625 4633 4653 4654 4698 4747 4913 4931 4941 4953 4956 519
1190 1403 1502 1606 2580 3326 3591 3804 4001 4050 4748 919
1006 1063 107 1225 1459 1552 1833 184 1931 1933 1999 2039 2234 2257 2368 2566 2685 269 2877 3003 3012 3129 3373 3391 3516 3520 372 3947 4043 4074 4102 4131 4341 4392 4674 4727 4778 4781 485 4912 4995 644 684 722 832 965
1194 1424 1432 1480 1617 1775 2125 2908 2936 3186 3215 3479 3511 3643 4092 4399 4612 464 4885 730 762
1188 1336 1392 1406 1503 1793 1814 1941 2064 2162 2346 2415 2443 2616 2631 2686 2724 2881 2899 3263 3287 3341 3349 3476 358 361 377 3797 3921 3984 4080 4224 4481 4600 4616 4664 4749 4821 4865 4874 4935 5000 566 571 584 780 821 833 858
1057 1058 1326 1404 1446 1528 1763 1838 1922 2492 3236 347 3923 3929 3936 3980 4017 4037 4079 413 4204 4561 4717 490 4940 496 4998 535 539 750 855
1129 1131 1179 1361 171 2021 2165 2318 2679 3 3359 3393 3462 3723 3789 4021 4400 4641 4675 54 635 649 865 925
1074 1075 1115 1185 1220 1270 1404 1461 1628 1661 1815 1842 1871 2161 218 2264 2268 2311 2421 2423 2539 2790 300 3056 3086 3141 3221 3226 3362 3445 3829 3836 4215 4277 4318 4527 4580 4786 4824 4841 4853 4918 549 789 796 856 866
1082 189 2102 241 2462 2664 3098 3502 3731 3781 3820 3837 4360 4406 4529 534 836 921 932
1274 1401 1712 1751 2160 2188 2615 2832 3080 3469 3517 3566 3603 3650 3932 4137 4525 4613 4832 4840 4889 537 716 779 98 985
1106 1346 139 1486 1727 1859 1921 2027 2095 2141 2240 2261 2685 3395 3396 353 370 412 4237 4241 4837 4849 4971 548 968 996
1157 1308 1474 1513 1604 1648 1685 1920 2008 2027 2060 2151 2194 2228 2476 2478 2509 2551 2754 2931 2945 2963 303 304 3067 3470 3565 3749 3762 379 3809 3962 4018 4201 4574 4715 4810 4878 569 68 769 842 903 936
143 1452 2046 2226 2323 2940 2998 3243 3435 3573 3779 4105 4496 4981 847
1299 2063 3036 3270 3880 4351 4460 4549 4870 612
1140 1237 1260 1475 1832 2043 2111 2123 2467 247 2494 251 2706 2889 2982 3025 3323 3345 3694 3750 3812 3967 4272 4278 4464 4566 4886 4934 565 648 774 904
1138 12 1415 1535 1597 1760 1839 2012 2081 2191 2258 2372 2692 2711 2902 2904 2943 2967 3253 3441 3472 3491 3690 3746 3783 3810 3945 3999 4009 406 4067 4113 4186 421 4301 4388 4432 4511 4631 4687 473 4961 4966 559 857
1572 1577 1642 1649 2131 2345 2627 3076 334 3529 4052 4314 4749 4883 4994 578 64
1105 1426 1435 1788 1798 1804 1816 1903 1967 207 2083 2382 2433 2672 2678 2747 3385 3447 3640 3761 3796 3809 3883 3889 3938 4162 422 4292 4499 4552 4607 4800 4860 4882 617 731 897
1100 1243 1309 1378 1465 1493 1666 1844 1954 1987 2055 2127 2526 2602 2623 2658 2876 3005 3307 3494 3614 3657 3826 3909 4210 4524 4584 4589 4755 4890 624 807 820
116 1276 1326 1328 139 1421 1527 1587 1643 1895 1956 2059 2066 2073 2157 2633 2814 2985 3023 3148 3313 3332 3336 3356 3382 3398 3490 3632 3725 3963 4063 4083 4177 4184 4185 4255 4337 4412 4489 4597 4762 4784 482 4924 677
1488 1916 1983 2215 2247 2459 2746 2969 3019 4239 4366 4478 493 591 640 881 962
1043 1147 1259 1344 1399 1416 1724 1878 1879 1911 2003 2099 2190 2259 2536 2552 262 2669 273 2765 2844 2872 3083 3120 3307 3630 3679 3715 3870 3888 4030 4208 4233 4234 4246 4253 4260 4405 4462 4507 4621 4658 466 4969 4972 4979 563 85
1719 1782 1914 241 2531 2540 3162 3501 383 3994 4014 4429 735
1249 197 2684 2754 2816 3064 3100 3131 323 3591 3690 3908 4463 4598 4653 4786 831
1053 1384 1470 1640 194 1999 237 2396 240 3290 3403 3428 3571 4036 4086 4128 4425 4647 4831 4844 4868 77
1331 1574 1608 244 2827 3851 4217 4238 4273 518
1042 106 1104 1152 1292 1372 1542 1581 1745 176 1835 2001 2233 2289 2319 2330 234 2589 2681 2804 3011 3177 3314 3853 4417 4578 4983 525 858
121 1862 1885 1949 2011 2176 2235 2293 28 2813 3079 31 3211 3727 3976 4456 4599 4620 4714 4752 4868 4890 781 985
1235 173 1736 1752 2018 2193 2376 3070 3185 3481 3832 3964 3989 4059 4667 4753 4893 740 912
1251 153 1680 1990 2057 2090 2184 2422 3113 3127 3158 3287 3337 3515 388 4297 4704 4731 4737 4931 652
2369 24 2549 2601 2631 2670 2723 2954 3382 3391 3676 4713 4802 939 961
1579 1607 2437 2495 254 2712 2822 2925 3454 3493 3625 3683 3713 3815 3876 3935 4106 4143 4208 4317 4353 4444 4866 501 70 789 803 813 860
1207 1445 2029 2585 2726 3687 3871 3933 764 940
1327 1499 1549 1701 1762 1797 2061 2077 210 2323 2536 2542 2716 3132 320 3274 3764 4037 4476 59
1065 109 1133 1166 1216 1238 1635 1733 1749 1850 1857 2091 2142 2494 2584 2789 299 3117 3226 33 3329 3522 3598 3714 3833 3970 4089 433 4435 4466 4495 4615 4744 4750 4853 488 4952 555 559 631 633 680 73 817 855 968
1033 1063 1175 136 1460 1626 1774 1777 1829 1933 1992 2218 2448 25 2892 2961 2962 3224 3230 3237 3601 3758 3848 409 4095 4216 4473 4486 4526 4648 4703 479 4810 4824 4992 586 719 774 86 951 956
100 1160 1296 1330 1505 1611 1653 1655 1705 1890 1925 1978 2308 2657 2801 3144 3158 3206 3500 3531 3581 3635 4062 4254 4301 4349 4434 4457 4590 4597 4626 4770 4923 536 553 825 848 871
1234 1388 1792 2210 2379 2441 2493 2786 2811 3184 3195 3218 3347 3427 3610 3708 3829 3895 4187 44 4409 4500 4796 641 913
1320 14 1507 1518 1569 1624 201 225 2610 349 3492 3584 3958 4012 4337 897
1169 1498 1692 2006 202 3346 3360 3404 3487 3905 4329 505 558
1096 1226 1292 1373 1456 1460 152 1707 270 3103 3563 3602 3839 402 4213 4274 4309 4375 4408 4758 4807 4953 806
1097 1112 1120 1429 143 1742 1761 1790 2228 226 238 3610 4581
1323 1758 219 3068 3499 3599 385 4024 4064 4119 4403 448 4788 4983 543 790
1217 13 1466 1872 2455 3604 3761 3858 3885 4386 4873 4985 792 868
1646 169 2195 2595 3063 3271 3552 3750 4339 532 541 573
1259 1615 1957 2280 2591 2777 3545 4279 4613 712
1019 1224 123 156 193 2229 2238 257 2839 2956 3235 3473 3559 3576 3619 3688 3775 4154 4266 4809 977
1030 1089 1250 1261 2391 2464 2586 2774 2824 2862 2868 2958 2960 2979 3402 3733 3968 403 4305 4316 4618 4640 4859 512 609 817 823 930 982
104 1141 1461 1550 1597 2069 2137 2477 2599 2655 2695 2752 2883 2975 3044 3104 3134 3228 3559 356 3697 4000 4008 4760 587 601 760 765 813
1150 1154 1228 1345 1356 1640 2167 2202 2214 2317 2497 253 2740 2871 294 305 3052 3197 3363 3579 3615 3620 3726 378 3854 3864 3937 4398 4455 45 4643 4716 4789 4848 4926 53 597 641 647 82 938 954
1210 1492 1573 1728 1909 2362 317 3291 3475 3596 3684 3689 3841 4273 4515 4587 4993
1017 1118 1265 1380 1470 1588 1784 1891 2100 2221 2446 2465 2484 2556 2600 2843 3202 3291 333 3361 3367 3420 3561 3804 394 416 4191 4666 4698 4706 4728 4765 4861 4958 611 666 83 841 937
1172 1357 1361 1427 1509 1539 1576 1594 1708 1809 189 1970 2062 2153 2258 2377 2409 2462 2568 2716 3092 3446 376 4152 4170 4173 418 4242 4266 4284 430 4414 4501 4630 4643 4683 4747 4875 4949 598 697 838 921 989 997
1143 1207 1443 1600 1638 2896 3106 3249 3911 4741
1135 114 1438 1514 1579 1932 2260 2788 2969 2990 3058 345 3703 390 4258 4285 4792 4884 623 758 924
1321 163 2014 2299 2447 2453 2581 3109 3280 331 3927 4103 799
1151 1315 1351 1376 165 1657 1892 1968 221 2373 2413 341 3528 3721 3789 4122 4269 4478 4539 4716 4808 4929 4990 503 707 780 898 933 952
1101 1341 1560 1961 2145 2188 2468 2749 287 3213 3258 4319 4521 4659 4672 4833 647
1182 1674 1840 2148 2387 2765 2837 2860 3086 3413 350 4144 4468 45 4575 4713 4819 751
1241 1355 1938 2507 2851 3232 3247 3295 3344 3592 4496 4682 4912 4971
1228 1260 1353 1546 1794 1837 208 2206 2334 246 2577 267 2852 296 3050 3400 429 4611 4729 658 701 953
1328 1364 1487 1503 1739 2216 224 2742 2835 3205 3286 3766 3918 4107 4230 4263 4735 4879 94
1081 125 2267 2315 2442 2597 2681 2834 3458 4021 4182 4333 4625
1495 1755 1884 2208 2682 2846 2864 2873 291 3176 3573 4162 4472 4905 4990 66 743
1195 1383 1488 2092 2347 2699 2720 3244 3310 3595 3768 4324 4704 999
1357 1443 1580 1969 2152 2173 2307 2396 2565 2617 2858 3088 3210 3544 3712 384 3944 4427 824 902 947
1006 1060 127 1783 1916 2315 2852 3065 3285 3810 3925 4174 4291 4415 4918 576 577 887
1067 1089 115 2594 2905 3035 308 3542 4576 4839
1043 1637 1825 187 1949 2186 2213 2474 2510 2512 2916 3029 3134 3686 3963 403 4394 4546 4803 4986 52 766 783 784
1239 1743 2154 2165 2596 3188 3265 3471 3478 3499 4057 4930 511 864
1073 1153 1203 149 1611 1693 176 1863 197 2211 2265 2420 2572 2689 2701 2780 2819 2890 2999 3110 3254 3654 3658 3678 3934 3960 4022 4031 4076 4104 4221 4346 4421 4423 4438 4532 4601 4808 481 4818 569 729 863
1061 1080 1082 1189 1430 1913 1992 1997 2409 242 2435 2463 2481 2495 257 2576 281 2986 3039 3063 3069 3192 3371 3514 3704 3881 4144 4390 4456 4916 4932 4946 4976 744 787 986
1197 1209 1230 15 159 1610 1670 2234 2430 2530 2861 2862 3171 3239 3588 3711 3949 439 4421 4479 4570 476 4777 557 892 922 977 980
1342 1734 2301 2380 2497 2508 2691 2717 2850 2888 2962 3076 3179 3230 3594 373 3817 3863 3970 4064 407 4094 4180 429 4401 4435 4560 4610 4692 470 4790 4896 4961 4988 663
1759 1948 2170 2894 3060 3138 3357 3649 4591 4879 770
1066 1231 1779 184 2115 2270 2400 3160 3381 3706 3811 4254 4307 4419 460 4669 4707 4787 4905 4997 625 675 717
1119 1743 2794 2906 3335 3678 3689 465 4745 4813 4923
1039 1094 16 1799 1888 2412 2519 2748 2919 3557 3971 423 4510 4594 539 721 928
1014 1567 1571 1812 1836 2262 2304 3149 3569 442
1033 1095 1137 115 1236 1365 1424 151 1524 1564 1689 1928 216 2183 2426 2445 2525 283 3242 3259 3448 3488 3496 3677 3778 4089 4124 4236 4451 4494 4795 4904 4911 542 574 994
1135 1237 1386 213 2451 2676 2734 2996 3169 3537 3800 3805 3852 3866 4306 4354 4393 4470 4755 592
1469 1620 2107 23 2569 2712 2758 3028 3108 3114 4005 4733 4919 4963 834
1048 1078 146 1814 1823 1853 1876 2415 2428 2544 2560 260 3034 314 4359 452 639 67
1193 1737 1925 2178 2652 2855 3582 3726 4512 887
1243 1382 1603 1839 2035 2163 2322 2518 2608 3532 661 745 874
1583 2014 2654 2843 325 3310 3421 3538 4771 698 785 96
12 1654 1713 2104 2390 2392 2922 2946 2974 3432 3644 3815 3980 4520 4900 541 616 935
1054 1112 1242 1335 1442 1688 1754 1820 1854 1896 1911 204 2333 2385 2490 2503 2662 2788 2791 3133 3139 3288 3351 3354 3400 350 3512 3697 4198 4228 4261 4493 4548 4603 4756 4806 4959 726 895
132 1359 2197 2269 2287 2502 2663 2781 3075 3267 3379 3725 3791 4138 4201 4634 4723 4856 586 610 7
1 1117 1129 137 1375 1393 1462 1474 1668 1887 1947 2076 2089 211 2223 2440 2606 2755 288 2937 3023 3204 3240 3306 3402 3406 3407 3589 3676 3812 3985 3998 4138 425 4319 4405 4426 4628 4652 4751 4985 550 613 97
1045 1298 133 1539 1630 1632 1673 1795 1966 2010 2186 2224 2261 2488 2557 2846 3130 3276 3301 3422 3434 3497 365 3961 3992 4113 419 420 4287 4367 4473 4504 4572 4591 4864 4921 4963 642 649 751 754 816 938 966
1280 1301 1310 1408 149 1520 1785 1828 1904 2078 2093 2114 2341 2350 2457 261 2872 2916 2997 3042 3187 3207 3567 3675 3822 3879 3933 3968 3979 4086 4109 4316 4424 4577 4598 4793 4794 4858 4981 506 548 688 706 972
1803 2172 2247 2831 2953 3814 4033 4219 509 523 582 96
1027 1086 1218 1235 1325 1553 1576 1760 1847 1901 2067 2120 2150 2322 2326 262 2812 3168 3585 3786 3890 4177 4217 4368 443 4490 4493 4645 976
1287 132 1524 1703 1910 2255 2424 2502 2641 2769 2820 2954 3077 3167 3219 3589 3680 3974 4076 4450 4593 984
1005 1017 1065 1202 1204 124 1472 1538 1614 1714 1802 2025 2331 2378 2593 2605 2810 2837 3224 3260 348 3616 3698 3803 3904 3969 4127 4147 4190 4195 441 4440 454 4550 4563 4608 4609 462 4768 4785 4914 4920 4993 558 593 76 761 828 969
1162 1196 123 1233 1551 1818 215 2360 245 27 2737 2755 2761 3742 3969 4002 4074 4107 4290 4336 4371 4378 4431 4463 4533 4646 4660 4745 477 4778 4880 720 809
1312 1476 1580 1936 2175 2181 2743 2950 4264 4401 4575 478 4895 927
1081 1159 1343 1656 1698 2034 2038 2099 2356 259 2856 3229 3431 3543 3710 3859 3899 3931 3936 4022 4229 4302 436 4453 4540 457 4709 4819 502 800 851 877 908 949 960
1052 110 1291 1310 142 1929 1976 2150 2564 2693 2750 309 3100 3178 3191 3207 3314 3638 3751 4210 4252 4293 4356 443 4579 4865 507 775 786
2147 2273 2398 2444 290 2915 3118 3389 3776 599 642
1018 1944 2071 2135 2185 2373 265 2895 3620 3633 3703 4294 4570 4834 4869 574 700 776 85
1032 1467 1604 1855 1901 2196 2478 2545 2874 3624 3806 3854 4011 4950
1093 2292 3217 3662 3856 4179 4327 4780 4860 495 592 693 811
1049 1266 1329 1391 1708 1826 1844 2394 2461 248 2779 3000 3033 3084 3264 3447 3615 3732 3734 3774 3816 4069 4169 4207 4281 4295 4396 4551 4586 4668 4838 4938 529 767
11 1347 1410 1584 1652 1675 1687 1757 2138 2290 2310 2505 2587 272 290 2923 2944 3015 3031 3048 3153 3250 3299 3437 3564 3579 3585 3603 3618 368 3855 3951 396 415 4211 4237 4355 4395 4440 4485 4582 4672 4712 487 4907 550 658
1116 1204 1316 1344 1583 2022 2156 2215 2256 3419 3440 3543 4023 4304 4418 4449 4585 4975 746
112 1390 1629 1768 2628 3354 357 3621 3898 4936 674
1694 229 2337 2704 29 2975 3140 3824 4032 4088 427 4547 4594 4661 826
1149 1333 1564 2095 2192 227 2306 2553 2616 3074 3318 3456 3473 3651 3711 3737 4052 4351 455 494 604 621 919 920 954
1148 1313 1358 1691 1934 1968 2037 2044 2087 2403 2436 2762 3012 3211 3315 3355 3453 3524 3576 3624 3645 3848 4014 4116 4181 4280 4289 4310 4324 4429 4558 4617 4887 4974 580
1132 1216 1283 1309 1446 1468 1498 1536 1623 1881 2081 2093 2210 2408 2414 2419 2541 2559 2701 2710 2803 2984 3002 3057 3282 3405 3477 3549 3562 3696 3739 3955 3965 4051 4265 428 4344 4492 4699 4797 484 4843 566 573 578 835 9 923 958
141 1448 1752 1834 2262 2334 2528 2613 2702 2808 2853 2926 3119 3397 3492 3508 3548 3584 3735 3849 3862 3964 4100 4203 4299 4370 4387 4475 4803 4957 514 546 7 859
1113 1517 157 188 2087 2294 259 2815 634 905
1021 1317 1939 1946 2065 2082 2136 2224 2252 2343 2406 2971 3040 3455 3663 3843 4120 4475 4571 4712 4836 519 806
1059 1090 1464 1644 1658 1842 209 2128 2752 3193 3350 3525 3748 3988 4393 477 527 63 725 801
1303 1337 1463 1562 1684 2049 2349 2404 2630 3359 3747 377 3800 3991 4049 4090 4404 4505 615 692 831
1084 1295 1533 1769 210 2393 3220 3276 423 4751 618 844
1190 1651 1990 2054 2575 306 3269 338 3853 3859 3940 3990 4058 4399 4735 4750 4775 4820 4908 653 659 879
1567 1746 175 1863 2041 2072 2324 2405 2590 2828 3421 3763 380 402 4743 666
1147 1285 1496 1886 1895 204 2506 2775 3 3093 3737 408 4559 4991 672
1031 1369 1764 1808 1852 199 2149 2198 2207 2296 2606 2772 2814 2880 3143 3181 322 3324 360 3732 3999 4080 4235 4284 4339 4386 4602 4627 4814 4843 4946 560 59 591 715 824 934 993
1038 1269 1284 1298 1409 1500 1555 2030 2386 2419 2441 2524 2693 2732 2980 3672 3822 3912 4199 4349 4467 4650 4680 655 703 722 791 955
1035 1302 1318 1410 1544 1729 1856 2102 2490 2730 2799 2942 3073 3113 3145 330 3372 3424 3461 3466 3593 3745 4090 4153 4157 426 4299 4477 4514 4662 4830 644 83 990
101 113 1263 1319 1453 1553 1598 1732 1858 2110 2124 2138 2445 2598 2656 2776 2874 2948 3157 3309 3862 3889 3911 3919 4176 4384 4642 4681 4685 4689 4719 797
1155 1394 1634 1746 256 2658 3027 3471 4869 4928
1451 1683 2250 2375 2775 2801 2830 3253 3572 4703 65 93
1490 1543 1623 1726 1942 1958 1963 2201 2212 2504 2687 3496 353 3551 3574 3617 4035 4302 4739 4998 718 772 955
1047 1272 1306 1316 1495 1737 1744 1747 1940 2119 2264 2665 2680 2686 2747 2759 2840 2876 2900 3071 3259 3277 3325 3512 3555 3700 3882 3954 4097 4232 4329 4396 4507 4526 4538 4604 4647 4683 4822 4962 565 607 637 72 736 856 862 881
1253 1293 1352 1428 1563 1687 1947 2114 2232 2376 2573 2734 2891 35 3658 3722 3819 3887 3957 416 4243 4368 4770 4929 805 961 976
1621 1716 2151 2325 2847 2878 3336 3352 3429 3556 3709 3772 4506 4541 4547 4590 916
1045 1153 1286 1483 1543 177 1996 20 232 2450 3164 336 3380 3886 3959 4070 4194 4214 4234 4554 4567 546 747 89 891
1004 1144 1183 1229 1709 2389 2559 2757 3064 3394 3780 3864 4110 4178 4702 4862
1166 1625 1642 2128 2698 3297 3439 3619 395 4283 4693 4833 4970 526 721
1565 1633 1696 1721 1871 2190 2282 2414 4091 4710 4788 725 992
1308 2266 2278 2473 2487 4023 414 4365 4403 4987 942
1473 1867 1938 2299 2354 2434 2500 2604 2690 2994 3143 3246 3705 4807 89
1215 1345 1591 18 200 2127 2992 3252 3278 341 3527 3743 386 4491 4659 4721 4858 4949 555 691 842 852
1161 1258 1447 1660 1923 2056 2074 2106 2158 2170 2219 2359 297 3120 3401 3449 3517 369 3773 4029 4094 4147 4346 4433 4444 4518 4523 4542 4546 4566 4610 4708 4734 4772 4863 4915 4917 500 795 907
1057 1258 1405 1434 1484 2026 2336 302 3130 3352 3830 4852 724 871
1059 1205 1798 1887 2364 2833 2886 3569 3651 6 670
1087 1181 1449 1556 1631 2171 2764 2783 2847 2885 3574 3777 3903 41 4619 4740 4937 4964 504 688 690
1414 1482 2418 2625 2760 3464 4308 4471 4567 4617 4996 873 986
1348 1354 136 1511 1690 1699 1748 2517 3037 3263 3449 3695 4002 4112 4205 4331 472 4757 4926 496 867
120 1709 182 1991 2329 2348 2534 3258 3472 3505 3525 372 3818 4120 4820
1024 1177 1360 1454 3369 3551 3691 3771 4247 627
1007 1028 1262 1303 1481 1485 1512 1575 1619 1756 1900 2174 2242 2506 2683 2888 3051 326 3596 3721 39 4218 437 4649 4688 4725 4830 4894 4897 4945 671
1636 1692 1761 1989 2088 2444 3099 3109 3418 3424 3561 417 4559 4701 4719 662
103 1300 1379 1575 1736 2592 3024 3081 3330 3419 3961 4135 4163 4365 4387 4443 4831 610 64 654 712 893 995 996
106 1109 1150 1160 1924 1972 1995 2002 2179 2202 2550 2554 2570 275 2767 2849 2912 2959 3011 3048 314 3504 3583 404 4157 4249 4325 440 4910 4927 538 572 585 659 874
1023 1232 1455 1666 169 2713 282 286 2977 2981 3304 3488 3838 4042 4167 4320 4524 4555 4632 4663 4744 4771 4804 51
1064 1128 1157 1163 1213 1238 1300 1301 1389 1532 1633 2026 2269 2838 2987 349 3636 3787 3857 3954 4126 4340 4406 4531 4738 4894 859 942
110 1521 1782 2149 2454 2737 3001 3257 3442 3590 3736 3817 3901 4139 479 4986 605 686 809 829 949 958
1070 1337 1520 1678 1889 2294 2316 2423 2613 2715 2796 2833 2957 2959 3154 3782 3802 3892 3919 4034 4132 4205 4314 4315 4425
113 1223 1417 148 1578 1750 1780 1944 195 1996 2407 3062 3088 3331 3516 3554 3861 3885 4048 4167 4215 4527 4548 4571 4870 4907 547 717 748 767 798 838 890
1000 1050 112 1267 1548 1951 2040 2995 3150 371 4012 4666 53 684
1101 1447 1613 1765 2 2279 277 2868 2928 2985 3861 3975 4616 554 571 753 778
1051 1484 1651 1689 1849 3096 3116 3267 327 3386 3417 3692 3840 3960 470
1605 1665 1897 2429 2626 274 2848 3006 3142 362 4096 4343 4379 4509 494 57 967
1024 1097 1312 1459 1971 1988 2021 2145 2487 263 3083 3184 3474 3540 3541 3687 37 3736 4084 4188 4360 629 660 740 88
1055 144 1499 1906 194 2037 2117 264 2911 3166 3554 3849 3888 608 886
1010 1022 1062 1168 1194 1374 1394 19 2033 2140 2218 2256 2284 2383 2446 2617 3112 3175 355 3550 3805 3846 3973 4164 4222 4248 4267 4487 4561 4569 4736 4783 4841 4885 4987 511
1034 1402 1616 2281 2352 2520 2605 3122 3470 4476 597
1076 1275 1276 1599 2246 264 2842 2939 3007 3150 3533 3839 4049 4212 4458 4800 513 615 763 803 936
1013 155 1686 1763 1865 209 2236 2312 2673 2910 2987 3033 3101 3385 3406 3665 412 4408 4437 4483 4604 4696 4724 4802 4846 611 878
103 1388 1469 1704 2050 2058 2168 2287 2461 2638 2722 2918 3105 3175 3348 363 369 3898 3972 4019 4121 434 46 665 673 727 850 86 872
1599 191 2158 2472 2579 2768 2886 303 3498 408 431 4477 4494 4662
1124 1329 1353 1586 2235 2402 2436 254 2671 2927 2983 3031 3272 3422 344 346 3526 355 3757 3768 3868 3928 4065 4129 4136 4197 4255 43 4461 4893 4944 530 926
1039 1440 1466 1516 1898 2388 2829 2935 2989 3072 3266 343 3634 3943 3948 400 4058 4127 4711 4782 4809 4939 4996 540 661 821 839 853
118 1305 1531 164 1705 2200 2370 2399 2442 2543 2562 2663 2731 2795 2889 3952 4027 4168 4259 4521 570 629 645 679 79 793 800
1008 1079 1431 1471 15 1635 250 2588 3059 3203 3685 3901 4067 4146 4307 4389 469 698 808
1592 1927 2204 2338 2352 2418 2648 3196 3606 4003 4176 4181 4631 91 970
1003 1007 1068 1132 1219 160 166 1699 1805 1821 186 1894 1967 2005 2008 202 2133 2397 24 2401 2545 2726 2735 288 2932 2933 3087 3097 3115 3667 3977 4028 4123 413 4151 4158 4185 4366 4517 4556 4658 468 4768 4805 4835 654 906 931 937
1108 1165 1332 249 2569 2676 2809 2993 3152 3536 3548 3648 366 3675 3897 4040 4116 4126 4358 447 4593 4621 4736 4759 4812 4816 4836 4908
1009 1278 133 152 1595 1841 2227 2533 2856 4175 910 983
1029 11 1149 1158 1340 1366 1973 2124 2203 2217 2278 2562 2568 2667 2899 2991 3131 3446 3894 4232 4241 4296 4402 4446 4469 4579 4637 4811 4877 589
1165 118 1227 1354 1368 1377 1437 1701 171 1819 1859 186 1998 2248 2439 2614 2640 280 2820 3030 3200 3749 3842 3975 4192 4369 4454 4565 4583 4608 4639 474 4761 4767 4801 4886 4934 585 71 830 978 988
1010 1219 1220 1715 1789 1836 1926 2072 2113 2688 2982 300 3312 3560 3588 3590 4061 4305 4338 441 4485 453 4766 486 4980 587 793
1402 1615 1935 2719 3661 3912 4031 4641 4710 612 672
1061 1458 1681 1912 2080 2485 2700 3282 3649 3751 4152 4651 521 679
1778 1874 1882 211 2142 2201 2434 2582 2708 3135 3157 3387 3628 3707 3832 3855 395 3995 4035 4041 4222 4459 4601 4629 4902 4950 4955 60 664 971
105 1653 1659 2665 2859 3626 4532 520 687 702
1034 1088 1212 1547 1810 1924 2185 2195 2244 2438 2647 2835 2836 2848 2988 3043 3102 3523 3734 3918 3946 4214 4227 4420 4562 4748 4795 4817 530 673 734 895
1186 1945 2129 2177 2309 2710 2823 2897 2924 2930 3171 3238 3443 3463 3485 3506 3719 3758 4109 4131 668 911
174 1864 1948 1977 2096 2108 2333 2849 2949 3225 36 3753 3765 3932 4054 4412 459 4816 4827 788 822
1732 175 1757 2167 230 2529 2555 2738 2805 3124 3294 3303 3432 3583 3695 393 397 398 411 4122 4397 4461 4650 4677 4722 4875 651 982
1281 1288 1399 1601 2068 2609 2930 2938 357 4363 4522 4729 4827 915
1279 1390 1486 1513 1878 2134 2143 2182 2255 2440 2455 2744 2798 2970 3236 3369 3374 3468 374 3823 3955 4206 4300 4362 4410 4437 4492 4511 4539 4670 613 863
1127 1529 1607 1894 2116 2221 2354 2384 2451 252 2612 3234 3847 3947 4169 4783 4847 975
1053 1198 1671 1813 2020 2537 2624 2739 3024 3539 3714 4084 4391 4392 452 4863
1902 2034 2403 2535 2709 330 3664 3739 4194 4333
1188 127 1413 1485 1667 1923 1974 2812 2871 3426 3451 4252 4489 4558 4581 4657 4884 595 695 917
1206 1335 1497 1559 1722 1919 2143 2180 2302 234 2482 2514 2724 2891 2983 3067 3080 3218 3316 3430 3622 3637 3847 3871 3874 392 4060 4188 4317 4332 4569 4657 4675 4746 4876 4973 4991 816 840 946
1245 183 2277 2655 2910 304 3053 3087 3090 339 3564 3682 3838 4335 445 4498 607 794
1257 2249 2270 26 2640 2745 2785 3231 3429 3851 4562 5
1362 1784 2168 2205 2411 3000 3275 351 3740 3813 4119 4374 4678 4766 766
1198 1201 147 1561 1627 1679 1753 181 1812 1899 21 2342 2361 2802 309 3173 3292 3494 3662 4356 4880 742 975
1121 1180 1458 1557 200 214 2416 2491 3284 4285 4988 787
1176 1251 1272 1387 1445 1526 1558 1718 1733 1866 1981 2088 215 217 2489 2504 2527 2784 2907 2911 3017 3123 3289 3317 3334 3374 359 3608 3704 3807 3821 3826 3900 3944 3950 4039 4055 4139 4149 42 4244 480 4822 4899 4913 596 622 74
1167 1196 134 1561 1572 1622 1650 1675 1791 1809 185 187 1926 2310 2538 2600 2639 2703 2722 2759 2774 2976 315 3174 326 3296 33 3338 3373 3450 3465 3513 3646 3655 3742 3806 3869 3886 4082 4087 4263 4380 463 4776 4878 4975 713 877 884 945
1229 1438 1823 2383 2405 2636 2797 318 3279 37 3718 4644 857
1003 1139 1221 1256 13 1492 1677 1735 1796 1940 2020 2038 2091 223 2384 2408 2554 3127 3301 3325 3333 3587 3845 4029 405 4361 4390 4416 4528 4544 4552 4944 556 741
1262 161 1641 1655 1845 1930 2010 205 2105 3101 3185 3659 3685 3698 4491 4572 4815 603
1071 1125 1370 1942 2225 2426 2838 3092 3271 3568 4385 4499 683 834
1012 1185 1649 1663 1848 1858 2036 2132 2410 289 3041 3315 39 4245 4261 4270 4420 4441 4799 606
1027 2094 2318 2371 3399 4323 4543 564 819 882
1051 1164 1397 1546 3146 3865 4142 567 643 771
1011 1368 1541 2146 235 2583 2588 2817 283 2878 2892 2921 3021 3125 3283 3388 4439 4487 814
1501 1652 1898 220 2546 2595 280 2845 3055 3248 3386 4166 4238 4250 433 899 995
1093 1284 2017 2135 232 237 2621 2723 3112 3636 3873 4156 4588 4776 56 68 686 781 840 916 99
1682 1861 1982 2067 2288 2314 2367 3147 3293 3297 3416 549 755 78
1002 122 1277 1851 1955 2191 2268 2279 228 2340 2498 2675 2756 2793 2918 2941 3036 3176 324 3293 3893 4051 444 4497 4573 4582 4583 4687 4722 4723 752 959
1324 183 1880 2522 2873 3085 3288 3304 336 3383 3503 3723 3867 4565 4947
1246 162 1712 203 2483 2542 2556 2914 3351 404 646 883 92
1114 1327 1398 1400 1781 2148 2561 3038 3252 3302 3669 3799 4140 4158 4183 4209 4509 620 737
1077 1387 1491 1865 2563 3497 3531 3694 3934 4163 4295 4889 4921 4937 4997 778
135 1822 2015 2075 2522 2766 2929 3066 3997 411 4326 84 988
1246 1360 1516 1767 2033 2337 2785 364 3674 55 819
1367 1450 1634 170 179 1824 1827 1830 1891 2100 2320 3052 3155 375 4813
124 1289 1457 1661 1811 1893 2004 2253 2355 2516 2538 2688 2718 2772 3404 3413 3827 4212 4286 4331 4720 483 4871 4917
1001 1016 1720 1740 2112 2499 2811 3831 389 4038 4543 792 888
1172 1307 1413 1420 1427 1478 2417 26 2952 2965 2968 2994 3126 3181 3529 3609 3611 3656 3754 3834 3857 3865 4015 4085 4160 4450 4530 4537 4550 4555 4622 4649 4861 4873 4982 664 696
1134 2045 2521 2555 2690 2906 2941 3166 3212 335 3701 3722 3891 4071 4103 488 714 742 846
2163 2267 2824 2866 3273 3666 4400 556 600 648 837
1249 1266 1299 1482 1497 1679 1918 192 2239 2295 233 2915 2972 3128 3193 3486 3879 391 3913 3922 3973 4077 4357 4508 4725 4733 630 718 943
1119 1244 1504 1650 1986 2161 2266 2572 2736 2806 2978 3643 3647 3686 3874 3966 4011 4271 4345 4535 4592 4676 4700 471 4798 894
1218 1820 201 2296 2541 2836 2895 2951 313 359 3730 3850 461 703
1056 1181 1296 1384 1479 1502 1595 1804 1903 2182 2389 2428 2537 2659 2696 2741 2905 30 3047 3235 3268 3334 3371 3482 3534 3641 3716 3776 3792 392 4223 4556 4678 4680 4896 4900 4956 4970 588 828 932 974
119 131 1462 1717 1751 1758 1868 2212 2274 2321 2349 2548 2584 268 2813 3132 3380 3407 3452 3518 3688 3784 3978 3986 3991 4239 4402 4557 4769 487 4942 513 581 676 713
1122 1273 1322 1717 172 1985 2 2169 238 2454 2729 2863 311 3118 3125 3294 3375 3415 3459 3495 3637 3965 3966 3978 4044 4268 4623 4667 4705 4718 4839 4906 4919 4999 589 62 704 707 8 914
1475 1581 16 2274 2499 2782 3145 3322 3756 4117 4247 4345 4549 4741 4977 498 563 63 730 864 907
1046 1145 1268 1349 1694 1780 1915 2332 2464 2500 253 2632 2634 281 3008 3203 3281 3436 364 3668 3705 4098 410 4123 4251 4354 4684 600 638 944 960 973 998
1338 1914 1984 2042 2358 2431 2448 2534 2578 2885 2893 3606 3784 3792 3915 4121 4125 4742 4916 4928 4969 990
1104 1277 138 145 1532 1565 1593 1622 1684 1731 1744 180 2122 2126 2132 2273 2285 2377 242 2496 2626 2629 2632 2657 2901 2932 2934 3103 3126 3149 3165 3183 3209 3233 3372 3627 3631 4025 4032 4104 4135 4576 4682 4686 493 4936 4958 853
1069 138 1405 1534 1645 174 1796 1835 2194 2241 2439 2465 2469 2741 2850 3521 3546 3931 4 465 4671 4714 4823 49 4920 4984 594
2064 3502 3509 3760 3814 4009 4441 4665 499 645 804
1171 1366 1806 2154 2328 2366 2513 2646 2958 3054 332 3798 440 4528 4743 732 964 987
1079 1136 1348 1662 1680 1960 1975 1987 2050 207 2097 2263 2671 2857 2869 319 3327 3467 3717 3830 4278 4336 4380 4436 4536 4677 472 619 657 727
1293 1515 1525 177 1785 2305 235 2379 2484 2529 2821 3021 3190 3376 3426 3607 4078 4978 561 617 636 733 788
1343 1363 1439 1695 1807 1881 2085 2230 2395 250 2577 2586 2708 2826 2865 2898 2920 2980 3244 3305 3507 352 3530 3652 3693 3887 3992 4056 4060 4114 4343 4495 4589 467 4764 4930 4964 848
1433 2013 2357 2763 2884 2953 3223 3466 4075 4099 4112 744
1998 2122 22 2729 2825 295 3151 3167 3270 3720 3909 438 4630 4850 4922 756
1286 129 1476 154 1558 1590 1875 1899 1960 1963 2438 2514 2564 271 284 2913 3043 3144 3198 3262 3308 3377 3392 340 3461 370 3896 3925 4004 4006 4085 4165 4171 456 4605 4691 475 4792 4892 602 699 750 775 861 928
1417 1609 1630 2189 266 2794 32 3390 3939 4246 4362 4381 4458 4503 4577 4695 4876 4977 761 90
1140 1240 1252 1297 1423 2144 2311 2399 2598 453 4574 941
1118 1702 2023 2207 2425 2845 3093 3177 3460 4257 4805 4852 4955 590 765
1038 1099 1264 131 1527 1660 1973 2275 2725 2965 3378 3410 3547 3679 3754 3831 3939 4007 406 4303 4312 4490 4595 4871 4962 512 815
1095 1566 1799 1937 2062 236 2725 3159 378 595
1407 2181 2395 3054 3510 3519 4573 489 543 709
1974 2059 2101 2717 305 3078 3365 3924 4153 4311 4358 4505 4513 4635 4821 575 605
1020 1035 1187 1268 128 1290 1369 1441 1656 1829 1946 1962 2005 214 2243 2283 2295 2510 2619 2659 2764 3110 3277 3403 3408 3793 3942 3996 4174 4291 4364 4460 4773 510 536 545 836 869 894 97
1004 1013 1025 1062 1102 1189 1203 1221 1302 1530 1676 1880 2303 2425 2430 3098 310 3170 3172 3390 3673 3827 3910 4020 4062 4130 432 4424 4525 454 4655 4699 4967 590 624 691 738 75 777 810 851 889
1020 1253 1333 1334 2480 258 3691 3828 4312 633
1131 1774 1908 2115 276 2973 2984 3074 310 3681 3785 3788 3926 4111 4220 4488 467 4754 4945 498 80 957
1200 1585 1606 2024 2172 2661 3220 3281 4481 4587 669 773
1036 108 1111 1297 231 2660 2867 3022 3605 3892 4693 4774
1011 1015 1042 1076 1115 150 1662 1672 1726 1741 1771 195 1959 198 2222 2249 2649 2707 2934 3005 3045 3068 3174 3208 3241 3597 3609 3702 3709 38 3875 3981 4013 4159 4276 4288 4323 4376 4881 724 729 757 81 935
1214 1431 1817 1897 1982 2053 2517 2776 2853 2903 2977 3397 3655 3724 3795 3876 4423 4553 4615 4697 4791 4965 4994 551 832
1040 1554 2217 2435 2471 2505 3214 3727 3744 4026 4168 6
1540 1587 2319 2327 2678 2682 2955 3347 3646 3982 4097 4498 4727 508 685 746 905
1130 1519 1548 1669 1676 1745 1754 1787 1874 2016 2079 2139 2251 2618 2637 2695 2789 2792 2875 3010 316 3319 3433 3528 3542 3653 3670 3738 4482 4701 705
111 1456 1570 2056 2486 2528 2630 362 3860 419 4635
173 1738 2126 3180 3342 3578 4142 4228 4398 4855 934
1350 1518 1730 1776 1882 2449 2870 294 3161 3821 4834 782 849
1085 1248 1477 1927 2117 2571 2574 3355 3428 4376 667 939
1522 1608 1698 1929 2587 2816 3872 3953 398 4134 4372 777
1816 2058 2624 3140 3256 3500 360 4446 4648 818 849 873 948
1191 1322 1612 1614 1876 2136 2909 2951 3062 3084 3102 3219 3322 3353 3556 3580 3645 3680 3741 4242 4256 4656 48 4801 4826 562 603 752 882 900
1142 1389 1833 1979 1994 2036 2189 2276 2321 2381 245 2496 2501 2668 2963 3073 3095 3173 32 3261 3269 337 3378 3456 3503 3505 3631 3639 3650 376 3799 4016 4046 4065 4115 4149 4472 4624 4888 4906 4968 552 626 693 879
1703 1792 2344 298 3105 3794 4522 4702 58 768
1178 1202 1282 1843 2456 2511 3183 3189 3840 4160 4183 425 4670 4982
1183 1255 1256 1274 1596 1686 1750 2075 2098 2140 2220 2470 2591 2642 2645 2705 2736 302 3222 3279 3333 334 3441 3641 3665 375 3926 4088 4279 4296 4384 4428 4732 4872 4877 4954 971 974 978 979
1711 2703 2751 3020 3182 3597 3748 3916 4043 458 463 784
1768 2239 2481 2637 2713 274 2882 2924 3059 3423 3801 3972 400 4328 4484 911
1380 1401 1422 1496 1779 2009 2019 231 2412 2466 2621 2740 2773 2787 3412 3660 385 3948 3987 3995 4189 4268 4674 4779 4817 4867 4939 531 678 689 690 710 904 933
1425 1506 1602 2209 236 2374 247 268 2926 3013 3318 3480 3798 3994 4083 4087 4093 4114 4145 4200 4225 435 4377 4534 4757 4854 4883 694 723 822 860 962
2031 2035 2070 2257 2313 2620 3004 3535 3699 3904 3983 4093 4259 4321 4474 4533 501 544 889 901
1114 1494 1700 1723 1741 1772 188 2647 2677 2808 2879 2947 3194 3577 3949 4226 4300 4542 4690 4838 69 786 833
1085 1123 1271 1953 2159 243 2859 3037 4318 4512 4668 4980
1028 1029 1311 1341 1917 206 2187 2245 2573 3009 34 3483 3489 3598 3755 3785 3902 4059 4150 4196 4445 4531 4564 4764 4895 4932 515 87
1026 1509 1955 2066 2402 2524 2829 3921 4483 4769 739 770
1126 1465 1508 1654 1749 199 2276 2707 3194 3216 3321 3774 4644 4732 4862
1058 1103 1139 1200 1423 1582 2206 2263 2361 2651 2966 3358 3647 3767 382 3914 4155 4334 4513 4614 4619 4685 599 680 993
1009 1098 1192 1241 1247 1339 1356 1395 1639 1907 2051 2320 2475 2558 2674 2694 2696 2699 271 3018 3153 320 3365 3388 3484 3674 3884 4102 4118 4298 4568 4636 4661 4857 4951 535 579 739 830 918 944
1208 1222 1227 1379 1800 1958 2298 2447 2476 2993 301 3094 3375 3759 3878 3920 3927 4010 424 4462 4519 50
1055 1647 1693 3339 3444 3696 379 4055 4344 4554 583
