1345 1383 1735 2134 2270 2427 2846 3360 3651 3798 3829 465 560 
1078 1175 1304 1335 1352 2517 2519 2789 2812 3076 3200 3226 3738 3819 4209 4238 440 4453 505 667 997
1098 149 1893 1917 1920 2076 2214 2987 3063 3100 3235 3587 4004 423 4273 4286 896
1243 1283 1323 1339 2018 2164 2195 3152 3355 3377 3652 385 3987 4579 904
1037 1076 1487 1490 1504 1628 2279 2311 2998 3101 3164 3213 331 3324 3444 3599 3762 4128 4135 4278 4332 4382 4432 4475 4494 4591 4806 4842 4968 4998 663 952 996
150 1753 176 1857 2090 2211 2565 2602 27 2712 2823 2963 2997 3160 3288 3295 3468 411 4217 4777 756
1026 1089 1404 159 1710 1847 213 2297 2370 2674 2706 3140 347 3555 3566 4178 4185 4317 488 4968 512 667
1279 135 1576 1793 2236 242 2838 3025 3163 3776 3890 3926 4094 4186 4240 4252 569 821
1113 1593 1823 199 2051 2098 2996 3252 3314 3334 3558 4123 4193 4697 489 4912 586
1329 1408 2018 2286 2371 266 4257 4723 4728 4820 551 746 843
1317 1394 1566 1657 1722 1943 2033 226 2800 2844 2934 3465 3669 3690 3707 3753 4018 4348 4409 4468 4585 4679 682 98
2105 2318 2976 3227 3413 3555 3893 570 581 696 738 953
1082 1465 1486 1523 1540 2009 2020 2032 2232 2641 2675 2860 2888 2953 3195 3207 3958 3967 4328 4367 4509 4533 4561 4569 4599 4640 468 4729 4731 484 4840 4912 492 768 784 806 83 847
1110 130 1371 1476 1554 1595 183 2091 212 2385 2801 2848 3444 3493 356 3767 3789 4152 418 4277 4346 4405 443 4467 4500 4546 4551 4712 4856 4858 645 771 789
107 1491 1570 1603 1612 1673 1685 1733 2081 2142 2282 2525 26 2607 2627 2663 2872 291 3017 3060 310 3315 3353 3492 3554 3581 3854 4093 4170 4291 4428 4496 4503 4516 4607 4703 4757 4840 4867 4874 4951 4966 672 686 71 741 942 982
124 1282 1572 1604 169 1738 1757 1863 2358 2543 2609 2732 2760 2972 2990 3182 3302 3331 3968 4038 4554 4665 4847 4948 4963 498 610 791 874 988
1077 1130 1223 1315 136 1682 1726 2010 2236 238 2385 2436 2548 2896 3035 3048 3115 3233 3276 3838 4133 4533 4700 4725 4795 4834 4909 564 658 737 814 885 950
1456 2091 2118 2126 2402 2563 2756 2778 2820 3198 3225 3338 3524 3555 3983 4091 420 4281 4304 60 749 962
1031 1073 1206 1315 1661 1663 1671 1789 1827 1841 1949 2081 2172 2379 2584 2891 2916 3001 3239 3298 3530 3675 3717 3828 3844 3977 4088 4250 4285 4302 4322 4410 4649 4742 4763 4766 4918 4995 850
1246 1368 1729 2264 2441 2867 2901 3236 3362 3896 4591
1167 1363 1651 1729 1963 213 2246 2308 2352 241 2441 2636 2710 3131 3143 3202 3231 3238 3310 3347 3361 3445 3518 3617 3623 3698 3737 3821 3984 4043 4203 4217 4229 4350 4476 4478 4523 4571 4727 4795 4844 4854 4875 4896 4974 4987 4992 626 651
1435 1495 154 1688 1709 2117 2648 2700 2798 3127 39 6
1174 1247 1566 2337 2394 2862 3104 316 3206 3330 3410 3896 4874 723
1022 1138 2213 2445 2467 35 3538 4629 4697 58
2177 2244 3039 3216 4112 4290 4373 441 830 84
1513 1653 1900 2116 2449 3096 3556 3726 3902 4730 718 810
1327 1513 1808 2506 2621 2921 3173 4100 459 872
1018 1188 1193 1291 1374 1612 2012 2419 2489 2818 3000 3137 3312 3408 3523 3740 3883 4436 4467 4562 4665 894
1639 2048 2119 2201 2425 3179 416 4782 689 805
1268 1336 1382 1385 1417 1428 1544 1601 1834 2088 2202 2217 2382 2458 2627 2797 3150 3412 3616 3668 3786 3901 3957 4086 4105 4149 4164 4271 4455 4486 4587 4669 4686 4702 4744 4754 4798 4802 4838 4926 526 687 726 90 94
1003 1099 1197 1386 145 156 1671 23 2419 2431 2616 2879 2903 2965 3102 3171 365 3696 372 3899 3908 4069 4096 4326 4618 4627 4744 4778 4824 4870 49 4929 4997 536 54 76 867 937
1066 1147 1488 1968 202 2233 2253 2453 2720 3161 3543 3973 4216 4245 4665 4897 4950 638 678 75 815
1104 1220 1503 1659 182 2536 2899 2977 3013 3076 3129 3322 3453 4041 4153 4290 4435 4623 4786 607 762 847
1109 1111 1178 1191 1476 1878 2373 256 2571 2724 3341 3532 3538 3555 3664 3774 3880 4143 423 4303 4310 4381 4435 4677 4679 4687 4706 4739 475 4796 4797 4828 4833 4869 4891 4910 4974 542 753 930
1149 1430 2464 2530 2656 2699 2705 2902 2933 3372 3460 3540 3621 3625 3812 3894 4142 425 4486 94 970
1141 1969 2012 2432 2984 3223 3428 3549 3582 477 976
1006 1560 2297 2651 2734 3860 3868 4058 4667 4824 4940 531 553 909
137 1520 1829 1908 1999 2091 2296 2318 2450 2483 2490 2534 2604 2729 2754 279 2849 2908 2951 3024 3044 3076 3256 3279 3285 3343 3439 347 3999 4047 4075 4098 4103 4220 4281 4336 4379 4609 4680 4723 478 4934 4973 642 733 741 759 934
1779 1788 1916 2503 3031 3119 3159 3245 3869 3988 4029 4210 4450 685 963
1309 1664 2037 2383 29 3492 3756 4355 709 848
1099 1219 1483 1490 1521 1567 1849 2222 2344 2494 2608 2737 2961 3181 3296 3332 3417 3815 3914 4242 4415 4459 4512 4521 4543 4660 4830 4861 4912 4997 609 66 735 758 770 922 995
1202 1431 1529 2301 24 2599 2719 2889 4878 70 986
1265 1286 1328 1802 2014 2015 2100 2202 2250 243 2520 2742 2857 2947 3473 3664 3730 3855 3992 4030 4183 4319 4743 4764 4915 4922 4970 621 792 95
1139 1435 1516 1783 1786 1811 1853 2013 2330 2836 2952 301 3125 3139 315 3264 3472 400 4077 4297 4355 4594 482 622 847
117 1235 1340 1443 1457 1578 1803 1849 1934 2043 2174 2364 2540 2652 2718 2724 2777 3017 3200 3212 3287 3356 343 3622 3745 3747 3781 415 4450 4480 4545 4612 4677 4681 4774 4811 4832 4904 4959 4979 4983 4994 765 77 789 865 889 899 901
1153 1173 1316 1389 1568 1574 1855 2023 2034 2049 2272 2476 2553 2627 2872 3198 3444 3524 3572 3607 3650 3714 3912 4076 4077 408 4094 4329 4401 4536 4600 4615 4885 4913 499 755 86 869 921
1466 1610 1703 2059 2102 2274 3075 3092 3381 3412 3422 3478 3943 3993 4533 576
112 1756 2098 2307 2662 2940 3036 3181 3701 3778 3985 4327 4878 626 955
1314 1588 2399 2534 2798 2873 3066 3750 3755 3790 3803 4035 4130 4144 4215 4252 4285 4327 4360 4393 448 4501 4508 4547 4713 4719 604 712 731 903 944
1325 1432 1791 1897 2168 2210 2394 2635 2878 3072 3138 3177 3230 339 3400 3513 3592 3784 3891 3930 4117 4150 4266 4347 4451 4541 4603 4604 4674 4677 4837 4841 775 868 974
1007 1092 1425 1434 1621 1775 1848 2505 2909 2982 3180 349 3708 4237 4290 4351 4457 4729 480
1493 1664 1732 1812 2670 2873 3257 3336 3922 3939 410 4159 4239 4363 438 778 799 866 893
145 1469 1506 1563 1727 1758 1937 2023 2106 2185 2291 2356 2363 2499 2507 2575 267 2786 2955 3099 3369 3393 3433 3450 3499 3546 3594 3684 3798 4012 4072 4112 4147 4156 4197 4242 431 4333 4574 4704 4708 4809 4818 4896 4957 4971 4986 824 949 985
1117 1227 1837 1881 1982 219 252 2945 3005 3300 4327 711 832
1072 1118 1154 1269 1471 1484 1507 1724 1809 1831 1835 1918 1945 2176 2216 2262 2871 307 3309 3423 3821 4194 4267 4275 4309 4354 4406 45 4511 4630 4684 4788 4881 4919 572 581 590 651 680 865
1236 1353 1357 1395 1421 1558 1591 1664 1687 1787 1869 195 1991 2202 2302 2332 2355 2471 2558 2725 285 298 3430 346 3497 3663 3798 3821 3909 3935 4124 4148 425 4460 4492 4812 4906 4928 546 65 73 76 924
1074 155 1774 2119 2225 2447 2702 3012 3097 3497 3507 3756 3867 4119 4213 4350 4397 4823 4877 4963 623 628 761 81 93 97
1215 1557 1618 173 1755 1972 2082 2083 2172 218 2442 2459 2502 2707 2770 3021 3242 3598 3637 3689 4090 4197 4295 4444 4559 4688 4711 4741 521 637 73 826 853
1189 1501 1553 1554 1570 1686 178 1858 2473 2886 3021 3491 3527 3754 4053 4098 4226 4284 4606 478 583 684 845 878
1004 1239 1329 1406 1481 1759 1850 187 196 1989 2092 2126 2238 2575 2596 264 2845 2908 3295 33 348 3820 3877 3878 4073 4472 4716 4772 4814 4901 863
1163 1225 1230 1277 1322 1516 1542 1662 2046 2094 2208 2407 2441 245 2512 2516 2534 2667 2834 3020 324 3541 4077 4100 4158 4366 4443 4540 4554 4700 4790 4882 4890 53 769 844
102 1125 1974 2236 2351 2370 246 2641 2764 2969 3418 3536 3924 4197
1253 1347 144 1554 2098 2127 2140 2236 2409 265 3055 3105 3485 3563 3630 3666 379 3807 3823 3888 4629 4646 4923 505 506 768
1134 1307 1403 1434 1483 1538 1943 2156 2169 2308 2858 289 2894 2929 3007 3107 3108 3211 324 3386 3416 3490 3721 4419 4517 4635 4652 4653 544 587 813
116 1526 1642 1993 2073 312 3367 3459 3928 455 943
1019 1203 1226 1287 1620 1887 1946 2341 2391 241 2544 2594 2657 2660 2740 2786 2793 3296 3393 3528 3547 370 3733 3748 3933 3997 4340 444 4462 4578 4618 4629 4815 553
1209 18 1831 1886 2007 2227 2318 263 2702 3492 3609 370 3714 4279 4313 4881 549
1057 12 1391 1455 1690 1745 179 2133 2674 3383 3739 4098 4995 574 747
1112 1224 1387 1444 1541 1613 1734 180 1883 195 1951 2360 2698 277 2821 2956 296 2995 3220 3339 3544 3603 3642 3770 4002 4059 4065 4146 464 4678 4739 4780 4928 4935 708
172 1828 1849 2091 2206 2422 2481 3200 3777 478 716 802
1152 1161 1346 142 1439 1488 1906 1975 2197 230 2545 2792 3000 3014 3182 3208 3371 3511 3670 3775 3785 3847 3861 400 4081 4101 4176 4380 444 4554 4574 4582 4624 4690 4694 4760 4868 4917 4946 4976 515 584
1236 126 1296 1434 2039 2234 2392 2621 2851 3114 326 3456 3495 3596 3628 4032 4193 4321 4335 4411 4454 4583 4599 470 4825 4928 4991 611 630
1146 2001 2258 2434 2870 3302 3420 3705 3718 3787 862 936
1010 1302 1372 1473 1607 1719 2204 2287 2293 2372 2510 2954 3216 3318 3597 3716 4398 4505 4955 505 842
1329 1723 1744 1746 1780 2283 2694 2780 2893 3165 3469 3486 3494 3538 3809 390 3949 396 3963 4221 4490 52 691 977
1295 1448 16 1627 1770 1978 2024 2038 2231 2514 2567 2611 2639 3187 3366 3543 3601 4149 4384 4467 4970 80 902
1075 1157 1924 1929 1947 2172 2417 2586 2907 344 4100 4235
1001 1036 1428 1874 2174 2325 2786 282 2947 2989 3480 3614 4240 4557 550 975
1042 1214 123 1495 1510 1528 1665 1856 1961 241 2435 2815 2905 3168 3494 3746 3810 402 4353 4577 4580 4626 4786 923
1055 1214 1272 1279 1522 1660 168 1772 1861 2041 2065 2113 2297 2300 2466 2728 2938 3038 3081 3082 3087 3114 3142 34 3513 3548 3657 4066 4417 4488 4519 4557 4573 4620 4715 4896 4973 692 699 841
108 1601 171 205 2827 303 338 3621 3655 4113 4160 4692 4944 632 768 849 851 928 984
1358 1380 1438 1487 1804 1864 1997 2060 2278 2321 2419 2575 2688 3344 3442 3513 3664 3683 3862 3883 3955 3974 4049 4085 4406 4558 664
1289 1329 1402 1814 1876 2135 2419 2463 2476 2649 2853 2954 2986 3275 3279 3335 3529 375 3818 4094 433 4435 4757 4794 4837 4915 4969 4993 764 887 97
119 1232 1419 1671 1713 1852 2174 2199 2255 230 2334 2433 2473 2577 2579 2612 2759 2826 2832 3065 3331 3347 3349 3493 3798 3937 394 397 399 4048 4066 4191 431 4368 4634 468 4762 4807 4897 4964 505 529 76 781
1177 1217 1238 1280 1357 1602 1654 1914 1965 2012 2099 2228 2310 2440 269 2729 2838 294 2981 3230 3375 3588 3756 4009 4045 422 423 4298 431 4370 4481 4487 4507 4522 4533 4855 4947 4989 502 508 527 661 73 835 879 953
1041 1376 1601 2625 3090 3255 37 3811 4355 4779 4923 809
1442 1725 1776 1977 2369 2874 2959 3060 321 3238 4602 580 734
1065 1122 1371 1532 1779 1791 1944 1970 2000 2256 2267 227 2299 2562 2581 2910 3230 3354 3394 3466 4051 4060 4201 424 4251 4494 4528 4686 4878
1135 1237 1587 1592 1872 2004 2017 2397 2484 2920 3006 3349 3658 3661 3802 3907 3915 4252 4615 4689 4738 643 667 795 912 971
1004 1088 1234 1760 2018 2094 2578 284 2894 2936 2964 3187 3248 3415 3481 361 362 3635 3640 3717 3753 4056 4061 4112 4224 4253 4596 472 4963 561 651 788
1051 1165 1619 1725 2261 2457 2854 3525 3655 3719 4195 4618 676 73 992
1100 115 1241 1399 151 1600 1648 1908 2493 2649 3331 3432 3808 4017 4091 4235 4787 4961 690 895
1121 1512 188 1956 2148 2682 270 2798 2844 2873 3041 3254 3608 4131 4944
1038 1614 1839 3169 3237 3278 3561 4236 467 4823
1498 1633 2987 341 3655 3801 3946 3956 3962 4080 4106 4581 800 818
1060 1725 1829 2092 2556 3550 3618 3728 4705 553 960
1162 1420 1428 2067 2288 2782 3347 3349 3455 3717 4257 4554 4581 503 599 69
1034 1279 1645 1949 2119 2583 2856 3016 3214 3449 3995 4 401 4217 4254 4341 597 719
101 1271 1589 2528 2680 2842 2884 2890 3216 3393
132 1470 1903 2366 288 3118 3402 476 567 875
1054 1156 1334 1463 1631 2028 2673 2757 286 3141 318 3244 3293 3792 3932 4139 4320 463 466
1143 1249 1386 1732 1775 2057 208 2357 2424 2480 2642 2679 2724 2745 2775 3083 3373 3419 3529 3583 4127 4172 4280 4413 4562 4615 4641 4675 4817 4970 598 938
1083 1160 1231 1550 1570 1718 1758 1767 1779 2224 2714 2716 2844 329 3632 3769 3852 3881 3978 3998 4024 4281 4464 4534 4623 4768 4787 4927 983
1044 1298 1370 1390 1731 2138 214 2711 3322 3543 4171 4218 4627 4742 4935 4948 4971 807 881 945 990
143 1477 167 2126 2717 2864 2875 2998 333 3347 3512 3533 386 3938 3980 4126 425 4300 4886 626 7
1326 1386 1571 1953 1979 1980 1990 2636 2657 2763 2797 297 3160 3600 3768 3959 4132 4318 4365 4422 4493 45 757
1307 1377 1615 1659 1671 1880 1889 1896 1957 2005 2053 2166 2322 2452 2621 2638 268 274 3003 3026 3393 3752 38 3839 4007 4392 452 4633 4674 4676 4770 4892 4894 4947 639 659 9 99
1103 1336 147 165 1750 1777 1819 1908 2284 2523 2574 2941 3259 3506 3704
1385 1460 1581 1843 228 2973 3196 3425 3501 3929 4092 420 4927
1035 1098 1693 1708 1830 1868 2063 2246 2269 2438 272 3068 3166 324 3424 3488 3493 3741 3906 392 4068 4260 4430 4636 4639 4670 4705 4800 840 892 932 991
1169 1773 2376 2762 2805 3230 3504 357 561 640
1185 1321 1468 1472 1569 1577 164 2016 2420 2573 2590 262 2835 3000 3089 328 3322 3443 3579 407 4189 4248 4394 4438 4520 4539 4553 4648 4686 4795 4950 4973 656 793 838 84
1306 1516 1860 2701 2808 3431 3457 3735 3817 618 629 94
1919 1961 2414 2640 2751 2882 3211 3510 3590 3772 3800 3863 4225 4779 4823
1195 1270 1512 1775 1865 1882 213 2271 2289 2550 2572 266 2828 2971 2986 3077 3106 3172 3270 3389 3473 3720 3783 3788 4014 4020 4098 4202 4382 4412 4420 4672 471 4728 4837 4953 511 750 782 848 863
1030 1094 1320 1409 1476 1831 2175 2190 220 2292 2405 2752 2844 2963 3475 3544 3569 3832 3972 4389 4589 4748 4935 4977
1140 1171 1357 145 1698 209 2226 2404 2739 2930 3648 3933 3952 4010 4155 4870 4991 563 602 702
1164 1240 1395 1711 1954 1973 2029 2055 2190 2290 2326 2932 2943 2957 3103 3521 3795 3959 4070 409 4228 4246 4269 4382 4427 45 4563 4602 4625 4657 4668 4700 478 4886 4961 591 612 706 811 968
2378 2840 2883 3033 3346 3492 3649 383 502 817 873
1642 2085 2334 2341 3199 3238 3364 3441 3696 3761 3802 3920 4197 4242
1084 1229 125 1263 1287 1331 1494 1590 1739 1800 1987 2064 2087 2098 2242 2269 2305 2648 2806 2892 2925 2927 2977 3398 342 3427 3452 3593 3633 3950 4055 4063 4125 4230 4255 4307 433 4377 4385 450 4824 4853 4965 4985 4999 750
1194 1200 1327 1411 1447 1478 1500 1509 1715 1736 1850 1896 2092 2518 2753 2761 3187 32 3517 391 4027 4369 4553 4631 4709 485 4897 504 974
1297 1520 1866 2219 2395 2699 2781 2819 2942 3088 3218 3239 3269 3350 3406 3676 3859 4099 4116 4402 4470 4548 460 462 4697 4775 48 4922 857
128 1355 2045 211 2389 2613 3503 3693 3843 4084 4619 4940 4976 633
1105 1214 1288 1290 1431 1699 1818 2121 2248 2334 253 2699 2873 3023 330 3382 3515 3644 4066 4241 4242 440 4729 522 741 854
1128 1344 1392 1401 1450 1768 1892 1981 2042 2126 2161 2247 2333 2569 2643 2919 3462 3883 4026 4050 4060 4184 4188 433 44 4423 4565 4654 4679 4746 4761 4835 4976
1233 1445 1594 1964 2054 2799 2963 3076 3474 3602 3645 3831 4948
1307 1570 1683 1910 2636 2672 3340 4828 492 7
1119 15 1584 1840 1858 1939 1990 2218 2384 2697 2729 2759 2979 3058 309 343 3505 3732 3945 3970 4033 4097 4141 4169 4193 421 4217 4358 4463 4484 4518 4523 4615 4692 4744 4870 4874 492 4921 508 698 779
1120 1201 1410 1764 1895 2110 2589 2935 3027 3113 3188 3927 436 4472 566
1045 1108 1336 1524 1598 1630 1702 1986 200 2207 2308 2408 2488 25 2501 2527 2582 2645 2987 3152 3194 324 3542 4124 4157 4173 4474 4699 4777 4785 4786 4810 4813 4865 492 4923 564 89
1273 1791 1821 1829 2626 2654 2779 2911 2996 3215 3544 3940 4115 4723 836
1164 1379 1608 1622 1667 247 2563 2785 2849 3370 446 4618 675
1056 145 2428 2979 3109 3205 3706 3858 3923 647 67 81 989
1005 1330 152 1583 1845 2084 2183 2683 3294 4922 4927
1033 1294 1320 139 1446 1555 1566 1707 1952 2174 2399 2532 257 2898 2906 2986 308 3091 3173 3229 325 3263 3574 3634 3647 3675 3695 3710 3879 3921 4034 4062 4149 4261 4404 4530 4632 473 4889 4911 4924 54 910 999
1000 1086 114 1242 1360 1409 1431 1462 1511 1616 1642 1761 2112 2118 2190 2374 2394 2483 2661 2798 2819 293 2937 2968 3068 3069 3228 3274 3365 3376 3392 3496 3630 3643 3982 4044 4094 449 4523 4651 4661 4693 4781 4915 4916 727 796 908 987
1190 1252 2068 2103 2200 2468 2470 2658 2699 3021 3240 3620 3872 4001 41 4122 420 4299 435 4495 4523 4589 4661 499 634 831 863 998
124 1258 1545 1549 1606 1608 1625 1664 17 1838 2132 2304 2318 2381 2526 2541 261 2649 2684 2783 2847 2977 3016 3069 3247 3409 3743 3848 385 404 4112 4219 4337 4339 4376 4608 4674 4696 4738 4740 4782 4860 4878 4977 608 766 933 939
1547 1609 1634 1648 186 2849 2912 2913 3017 3361 3385 3744 3751 4003 426 4325 4406 4477 4723 487 4995 552 890
1039 1170 1207 1284 1287 1502 1552 1732 1826 1968 2167 2179 222 2260 2731 2865 2931 3009 3313 3324 3352 3426 3834 4028 4124 4656 4691 4827 4852 491 500 588 743 948 964
100 1386 1492 1791 1870 1885 1898 1961 2052 2191 2547 2575 2648 2818 2986 2988 3004 3053 3073 3160 3174 3182 337 3763 3799 3805 3857 400 4021 430 4319 4555 4613 4671 4682 4732 4829 4886 4905 4908 4920 4981 4982 524 555 56 954
1093 1458 174 2150 233 2810 3308 370 3759 4823 495
10 1027 1820 2180 2298 2400 2771 304 3232 3570 406 4748 553
1279 1531 1546 1961 3437 3624 3793 3866 3912 395 439 4713 4844 4970
1211 1877 2086 216 2439 260 2609 2709 2843 294 3063 3671 3779 3846 385 3896 4223 4308 4373 4465 4466 4514 4521 4550 4556 4707 4915 4950 4981 4998 748 801
1061 1320 1487 1488 1527 2050 2070 243 2455 2759 3350 3552 3960 4222 4257 4343 4373 4562 4828 593 925
1187 121 1775 1904 2069 2077 2240 2243 2830 4968 683 705 835
110 1164 1186 1259 1426 1472 1749 203 2277 2604 2825 2948 3029 3034 3512 3675 3756 3780 4198 4590 4677 5 730
1316 1435 1624 2358 254 2621 2641 2746 2867 2898 2908 3018 3027 3157 3253 3638 3835 4169 4193 4234 4319 4378 4391 4610 4659 4663 4722 4733 4755 4825 4997 658 717
1303 1398 1638 1656 2524 286 2904 2991 3529 3826 393 481 519 592 60 84 967
1021 1384 1774 1938 1948 2495 2959 3151 3288 3512 3804 3885 3904 673 714 750
1794 193 2478 2617 290 4350 4700 780 888 919
1327 1721 1785 1930 2003 2012 2053 217 2269 2448 2460 2474 252 2693 2876 2958 3045 3114 3176 3238 3256 3288 3429 3500 358 3996 400 4445 4730 4767 4831 4901 510 514 583 850 905 911
1098 1102 1184 1564 1586 1636 1696 2019 2108 215 2263 229 2418 2614 2773 3192 3403 3473 3519 4243 4739 581 80
1004 1080 1244 1899 1915 197 2369 2370 2859 3387 3487 3610 3629 3654 425 4252 4263
1199 1763 1813 2089 2341 2377 2519 2566 3187 3696 4200 4229 4282 4283 4324 4820 513 559 631 650
1099 1301 1400 1704 1720 1949 1976 198 2172 2389 2496 250 2546 258 2610 2657 2811 2849 2918 3122 3149 3301 3401 3691 3806 3882 3949 3961 4066 4067 4079 4190 4199 4466 4485 4498 4574 4757 4787 4880 4939 576 915
1023 1079 1245 1489 1680 1720 174 1744 1769 2071 2131 2272 2492 2664 3124 3281 3395 34 345 3551 3688 3949 4151 427 4429 4748 4752 4981 518 617
1087 1483 1566 1641 1771 1798 201 2023 2047 2314 2483 2702 2838 2863 2898 2950 3147 3295 3842 4169 4538 4927 4969 59
1145 1700 1801 1817 21 2157 2474 2797 3158 317 3464 380 3969 4137 4786 646
1424 1825 1955 2085 2237 2486 2867 2885 292 3015 322 3234 3586 3679 4089 4272 4364 4527 4557 4617 4771 4779 4981 539 586 721 750 773 927
1025 1221 1375 1716 1803 2139 2477 2628 2668 2827 3000 3002 3056 3225 3521 3576 4262 4398 509 993
1008 103 1264 1310 1311 1461 1748 1912 1928 195 1992 2095 2473 2568 2818 2914 2916 2962 3030 320 3212 3816 3873 4179 4247 4319 4440 4714 4846 4877 516 523 558 60 974
1349 2152 2276 2877 3361 3470 350 3773 3875 534 535 594 795
1392 1431 1490 171 1994 2022 2096 2188 2235 2249 2469 2588 2609 2678 2723 2791 2872 2924 2971 3121 3409 3562 368 3986 4314 4442 4584 4588 4597 460 4666 4730 4732 4738 474 4747 4759 4826 4922 4936 4947 4962 4990 568 615 660 740 891
11 1320 1426 175 1816 2027 2198 2270 2399 250 2690 275 2850 2900 2959 3027 3110 313 3193 3289 3374 3439 3595 376 417 4285 433 4375 440 4450 4494 4510 4579 4611 4697 4850 4937 4938 4952 4958 4972 665 679 732 953
1142 140 1534 1795 2066 2104 2130 2476 2561 2646 3061 360 370 419 42 4306 645
1015 1305 1428 1429 1449 1720 2006 2074 2124 3 3375 3931 4008 412 4236 4448 4791 642 662
1136 1505 16 1850 2563 3010 3321 3692 827 884 961
1573 1672 2026 2162 2192 2269 2324 250 2515 2548 2597 2647 266 2795 281 2819 2946 3070 3348 3613 4036 4077 4109 4196 4374 4499 4621 4650 4698 525 57 586 606 865 97 973
1182 1261 1287 1488 1533 2001 2158 2190 2454 2713 3098 3331 3421 3489 3941 3951 397 3974 4005 4345 4575 4619 4769 4974 538 613 681 812 823 94 956
1251 1485 2273 2386 2416 3079 3111 3520 3959 4728 667 736
148 1935 20 2053 2170 2695 2880 3185 3639 3845 3945 398 403
127 1313 1520 1677 1742 1743 1847 1854 2056 2369 2370 2459 2604 276 3126 3148 3216 3241 3256 3319 3439 3682 3694 3724 3919 4015 4350 4407 442 4602 4667 4717 4732 4742 4748 4784 4793 4839 4843 4884 4943 4988 763 767 803 81
1388 1678 1846 1894 2109 2385 2465 2601 2802 3050 3203 3302 3537 4168 4202 4275 444 4782
105 142 1530 161 185 2187 2209 2368 2947 2959 31 3145 323 3451 3498 3621 3712 3892 397 3998 413 4355 4494 4504 4513 4684 4753 4821 4909 532 789
1214 1332 1392 153 1679 1781 1901 1907 2272 3575 3604 3821 440 585
1905 2413 249 2500 2715 283 2994 3043 3154 363 3926 4023 4961 540 787
1148 1315 1520 16 1618 1648 1960 2092 243 2620 2637 2671 3068 317 3271 3320 3414 3535 3612 3699 4064 4118 4167 4334 4398 4441 4526 4537 4564 4581 4605 4616 4629 4661 4864 4887 4902 4965 502 582 914
109 1276 1710 1766 1790 1871 2154 244 2513 2687 2696 3239 3282 359 3615 3641 3653 4074 4129 4256 4560 4579 4658 4950 545 554
1216 2347 2482 3086 3256 3328 3440 3567 3729 3889 3934 4022 4398 4824 571 595 649 941
1016 1378 1535 1618 2323 30 3404 3631 3856 3916 3967 4091 4114 4316 4521 4595 483 530 7 776 846 856 860 979
1107 1151 1342 1356 1758 1842 2081 2137 2303 3182 3243 3279 3840 3871 3913 4311 4356 4431 4482 64
1052 1159 1164 1298 138 1440 1942 1967 2230 2331 2441 2475 2674 2898 306 3067 335 3573 3674 3686 389 3903 3910 3967 4040 4145 4198 4287 4403 444 4444 4579 4667 4695 4701 4749 4776 4792 4801 4821 4941 4948 916
1017 1069 1090 1266 1503 1512 1629 1644 171 2122 2189 2491 250 2519 2554 2563 2748 2816 2979 2999 3019 3221 3337 3447 3664 3677 3994 4236 4340 4357 4521 4721 4804 4825 4840 4928 497 863
1250 137 1413 1902 237 2837 2926 2996 3375 3589 3797 4108 4265 4472 839 85 965
1205 2184 2511 2939 2992 351 3521 429 4961 774
133 1357 1414 166 1774 1803 1950 1988 2998 3027 3324 3379 3482 3636 3912 3945 4060 4240 4739 4940 657 777
1028 111 1316 1393 1539 1579 1710 1729 1884 207 2085 2308 255 2552 2603 2784 2978 2987 3184 3243 34 3560 3619 3687 3944 3976 4138 414 4293 4452 4593 4732 4745 4783 4848 4871 4925 4930 4963 4973 4975 508 616 645 713 729 76 898
1168 1454 1752 1896 1933 2313 2335 2738 3849 3912 4000 61 74
13 1482 1850 2186 2238 2359 239 2472 2548 2730 2749 3051 3222 4383 4426 4466 4558 4995 576 642
1115 124 1676 1694 2268 2703 2740 2741 2841 2916 302 3022 3042 3049 3796 3833 3895 4233 4259 4264 454 557
1002 1116 1124 1658 1891 2600 2881 3267 3296 848
122 1300 174 190 2345 2539 2740 3054 3412 3435 3543 3577 3580 3719 4169 4288 4665 4847 651 697 741
1062 1923 1985 2030 2509 2970 3112 420 4729 4791 760 935
1318 1643 1922 223 2270 3047 3210 367 3886 3948 4052 4435 583 641 670 745
1048 1192 1292 1422 1451 146 1943 2114 2171 2182 2641 3160 3261 3311 3697 3749 3981 4165 4192 4229 423 4258 4275 4315 4416 4483 4497 4553 4757 479 589 804 861
1236 1397 1669 1875 2159 236 2459 248 2768 311 3136 3329 3390 3559 3714 4270 4371 45 4525 455 4847 858 882 957
1626 1652 1815 2101 2143 2281 2619 2758 286 2954 3069 3211 3292 3444 3553 3991 4102 4257 46 4881 4912 537 772 81
1099 1106 1315 1412 1503 1637 1681 1822 1921 2081 2120 2136 2194 2580 260 2627 2804 2818 2829 2980 3153 3359 3434 3439 3446 3467 3497 353 381 3905 4100 4187 4323 437 4791 4893 4965 4972 4984 4996 5000 573 578 619 668 68 725 795 898 97
1262 1299 1483 1659 1684 2251 2265 2423 2653 2786 2827 3008 3063 3696 3700 4433 4896 785 829
1561 2346 2606 2750 3250 3358 3626 3758 4202 4558 655 669 786 870
1338 1415 1717 1792 2183 2429 2444 2675 2677 3069 3152 3265 3454 3865 3954 4016 4232 658 703
1024 1312 1932 2309 2320 2648 2704 2852 2917 3135 3268 332 3333 3585 3611 3665 4110 4177 4362 4450 4562 4570 4599 4750 4773 4944 4991 50 54 600 790
1441 1512 1518 1551 1575 1729 1747 1931 2119 221 2270 2409 2498 2519 2869 2915 2971 3132 3162 3198 3350 377 3965 3967 4162 4349 4414 4434 456 4655 4684 4720 4756 4971 507 528 541 576 579 601
1150 1158 142 1476 177 2118 213 2147 2317 2349 2538 2675 273 2827 2866 2916 294 300 3060 3133 3375 3538 3656 373 3757 3802 3925 4037 4104 4204 4274 4330 4473 4568 457 4661 4713 4728 4744 4779 4808 4836 4907 581 795 82 972
1196 1503 1514 2205 2591 2744 3190 3211 3273 3630 3667 3870 3989 4121 4444 715 871
1067 1137 1407 142 1474 160 1640 1714 2410 2615 2971 3084 3249 3727 3837 3953 4208
1059 1437 1799 1862 1873 2328 2740 3564 3827 3936 4574 762 931
1348 1397 1416 1426 1867 2011 2245 2358 2385 2394 2437 2474 2629 2975 3117 3123 3181 3284 3295 3508 3678 4042 447 4549 4791 4847 486 4867 499 87 91
1397 1426 1453 1618 1632 1784 1925 1998 2094 2128 2181 2196 2315 2755 3052 3167 3175 3243 3283 3524 3531 3605 3627 3702 3731 3736 3926 3933 4214 4352 4386 445 4591 4710 4803 4859 4873 4877 4932 499 752 852
1014 157 1647 1958 2239 260 28 2908 2944 3040 3316 34 3502 3539 4078 4486 4844 586 652 710 72
1257 1316 1385 1490 1515 1635 1741 2002 2362 2367 2406 2894 3246 3342 3388 3845 3959 4180 43 4340 4361 4461 4472 4479 620 624 695 724 754 84 900
1373 1797 1833 1949 2021 2266 2772 2993 3130 3760 434 4974 501
1009 1516 1689 2411 2443 252 2735 3059 3181 3471 3836 4235 428 4373 4591 4968 562 886
1155 1208 1218 1385 1765 1803 1805 1831 1849 1858 1911 2107 2297 2353 2521 3060 3068 317 327 3324 3734 4439 4567 461 4637 4718 4866 4976 648 751 77 847 88 953
1308 1627 1782 2329 2897 2966 305 3146 3476 4971 958
1452 1559 2044 2375 2399 2576 2605 2623 3212 3363 3822 3874 3876 431 494 674
141 1758 210 2141 224 2409 3152 4705 4777 4821 4901
1114 1327 1720 1796 2123 2227 230 2338 2393 2508 2689 2721 2747 2887 299 3170 3173 3258 3302 3384 3509 3714 3830 4382 4529 4544 4566 4614 4674 4735 4849 4862 4883 4895 490 4931 4978 4993 564 614 762 783 80 834 859 907 96
1351 1495 162 1732 2227 2604 3557 3765 4627 693 768
124 1298 1649 1762 2036 2193 2212 2215 2306 2483 2676 2686 2819 2974 3516 382 387 4195 4506 4623 4730 946 980
1020 1029 1133 1847 1936 1971 1995 2085 2093 2094 2691 3057 3251 3397 3534 3717 4198 4281 4387 4692 4965
1012 1032 1064 1198 129 1293 1371 1392 1436 1556 1585 1608 2025 2155 2160 2163 2280 2369 2430 2474 251 2522 2533 2542 2593 2675 2692 319 3350 3396 3524 3764 384 3911 3990 4268 4301 4331 4372 4496 4531 4765 4782 4956 605 816 898 981
1074 1543 158 1807 2018 204 2080 2149 2238 235 2361 2402 2632 2669 2724 3291 355 3630 3662 4046 4408 4558 4787 4805 4857 4867 4877 4901 626 762 80 877 959
106 1132 1248 1433 1472 170 1712 1968 1984 2 2144 2154 2173 2220 2294 2319 2415 2485 2560 259 2644 2702 2736 2867 2895 3062 314 3243 3494 3897 3918 3928 4231 4424 4589 4673 4825 4828 4945 4980 4998 547 819 906
1213 1274 1405 1519 1832 2529 3303 334 3514 3723 4124 469 4955
1049 1131 1354 1611 1612 1655 2111 2229 241 2446 2531 2809 2947 3064 3155 3156 3409 3522 3544 36 3802 3853 3887 4195 4276 4344 4449 4619 4643 468 4726 4819 635 700 825
1423 1548 16 1627 184 2062 278 280 3128 3201 3766 929
1074 1085 1180 1365 1675 1806 2079 2341 2396 2402 2487 2928 3085 3351 3461 3621 3813 3850 4087 4161 677 822 969
1 1847 1908 1909 2275 2387 2549 2598 2681 2824 3116 3304 3448 3584 3884 3964 4163 4236 4249 4294 4742 4837 583 722 739
1337 2001 3189 3345 3353 3659 4623 4935 625 671 880
1047 1058 1336 1371 1409 1966 2145 2334 2473 2630 295 3178 3327 3436 3458 3477 3782 3841 4296 4388 4491 4586 4589 4622 4628 4789 4840 4867 704
1068 1361 137 1472 1513 1565 1751 1890 2072 2097 2202 2246 2252 2855 2894 2983 3032 3353 3646 3794 385 4006 4095 4120 4134 4136 4195 4400 4502 4515 4532 4535 4576 4642 4683 4909 4949 4954 520 596 864
1040 1333 1601 1754 2053 3011 3399 3568 364 3814 3900 4057 4342 4947 4969 60 627
1278 1366 1659 1940 1983 2075 2118 2151 2153 2246 2342 2380 2456 3272 3513 3713 3722 3928 3947 3974 4111 4154 4444 4647 4738 4758 4997 642 645
1095 1254 1267 1367 1851 2389 2555 2564 2659 2665 2985 3063 3094 3173 3260 3305 3306 3325 4211 4469 460 4602 4909 62 744
1011 1063 1071 1176 1395 1495 1508 1597 1617 1725 1835 1879 2078 2459 2592 2609 2666 2727 2774 2996 3412 352 3660 3851 3898 4013 4288 4524 4542 4679 4685 47 4737 4795 4822 4851 4900 4942 4944 4955 4960 4967 564 701 8
1004 1098 113 1228 1409 1475 1648 1728 1774 2031 2634 2803 286 3028 3212 3262 3296 3357 3545 3709 3971 4175 4198 4275 4447 4456 4489 455 4598 468 4821 4845 4870 4897 4898 4899 636 917 966
1074 1359 137 1418 1479 1835 2115 2537 271 2767 3016 3483 3672 3685 3949 4082 4181 4421 460 496 898 913
118 1260 1646 1691 1706 1926 2227 230 2312 2339 260 2624 2722 3144 3219 3225 336 3945 4446 694
1343 1369 1397 1627 1670 19 1941 2001 2223 2650 2765 3197 3239 397 4025 4054 4240 4327 4601 4777 51 63 974
1050 1459 1582 232 2421 243 3217 347 432 820
1081 1091 131 1824 2403 2570 2685 2708 2838 3074 3326 3349 3479 354 4019 4288 4340 4552 4820 720 797
1275 1467 1844 2336 234 2365 2451 2967 3266 3286 3391 3715 374 3753 3928 3933 4202 4244 4437 77 789
1204 1396 1525 1608 2221 2254 2461 2462 3473 4619 4713
1053 1179 1362 1435 1513 1517 194 1959 2008 2358 2479 2504 2618 2814 3037 317 3380 3411 3571 3711 3883 4039 4305 4418 453 4581 4638 4645 4816 4993 666 798 848 897 926
1046 1212 1395 1642 1810 225 2559 2726 2807 3183 3565 3578 3966 4881 533 561
1166 1281 1554 1666 1990 2183 2241 2398 2476 2595 2759 3120 3198 3307 3378 369 4174 4212 4396 4553 4592 4955 994
14 1497 163 1730 191 22 252 2535 2622 2733 2796 2922 3323 3845 3896 4083 4207 4390 4425 4496 4662 4820 4972 835 865
1236 1298 1324 1537 2183 2285 2401 2729 3288 3405 644
1101 1123 1127 1364 1434 1623 1962 1990 2534 2587 2636 2649 2788 2923 2963 3016 3526 3673 3975 4031 4182 4229 4285 4359 4395 4458 4467 4664 4724 4751 4888 493 4940 4998 565 658 7 77 808 876
1605 1668 1858 2203 2340 2674 2766 2794 3095 3134 3191 3277 3299 3675 3719 4466 4486 4705 653 78
1043 1129 1255 1599 1829 1968 231 2790 2839 3322 343 3497 3606 371 3771 3998 4399 4496 4923 947
120 134 2154 2389 2633 3046 3209 3438 55 837
1319 1341 2146 2402 2426 2998 3742 3864 4140 4149 451 654 794 92
1013 1650 1697 1744 2023 2125 2238 2259 2585 2797 2954 2977 2979 3078 3093 3186 3361 3591 366 3753 3824 3917 3926 40 4011 4227 4736 4903 4914 4977 54 543 79 828 850 920 978
104 1181 1183 1480 1487 1596 1674 1778 1927 206 2154 2388 2831 2861 2949 3017 3021 3279 3368 340 347 3484 3512 3680 3681 3791 3825 3845 4206 4338 4572 4599 4667 4879 603 850 940
1144 1427 1562 192 2035 2272 3071 3224 3280 3974 502 517
1070 1096 1126 1172 1285 1307 1612 1692 1737 1779 1913 195 1996 2129 2165 2257 2350 2354 2497 2655 2769 2787 3080 3297 3494 3521 378 4292 4686 4692 4734 4799 4844 4863 4872 4876 4933 4993 561 577 883 918
1210 1710 1744 266 2776 3225 388 3979 4684 4977 556 688 835
1381 1496 181 1836 1896 2061 2295 2548 2657 2822 3204 3290 3353 3409 3493 3529 3655 3725 4091 4107 4166 4312 4406 4471 455 4627 4644 4886 4969 4972 4991 728 951
1097 1464 1536 1740 2327 2390 240 2631 2813 2817 294 343 3719 3942 4205 508
1695 171 2868 2872 2960 3317 405 4557 575 833
1580 189 2343 2412 3114 3200 3407 3998 458 548
1499 174 1835 1859 1888 1943 2040 2178 2316 2551 2557 2743 2833 287 3703 4060 4071 4288 4289 4290 707
1222 1256 1350 1701 1705 2058 2348 2409 3463 4235 4874 742 855
