1115 1222 1266 1410 167 1694 1889 1939 2075 2761 2780 3165 3220 3240 3445 3535 3557 3885 4195 4233 4333 4581 466 4686 592 850 
1020 1064 1216 1525 1673 1788 2065 2140 2296 2316 2504 2774 2796 2839 3098 321 326 3342 3347 3386 3421 3604 3665 3793 3889 4032 4033 4036 4040 4058 4093 415 4186 4209 4499 4868 4956 51 59 682 737 745 772
1097 1117 1130 1184 1262 1263 1608 1619 1648 1656 1760 1876 1949 2316 2326 29 2900 3003 3222 3862 3886 4246 4467 4487 4546 4572 4778 4865 535 557 67 747 748 899
104 1494 1671 1721 1743 2053 2200 2306 2343 2634 2689 27 2994 3180 3348 3533 3603 3657 3677 38 3990 4007 4022 4180 4229 4378 4483 453 63 876 932
1017 1064 1263 1584 1814 1816 1952 1964 2129 2247 2418 2528 2582 259 2697 2729 320 3233 3612 3616 3752 4033 4124 4144 4714 4883 78
1157 1366 1372 1422 1423 1571 1574 1605 1609 1897 1957 212 2244 2357 2388 2483 2721 2800 2816 2841 2886 294 3062 311 3202 3594 3622 3797 3810 3952 4054 4143 4360 4402 4508 472 4963 497 82 832 834 881
1106 1115 1171 1234 1384 1501 1547 1910 201 2041 21 2167 2175 2197 2217 250 2559 260 2627 2832 2925 2955 3201 3258 329 3317 3332 3434 3725 3763 3816 3845 3914 3936 3995 4056 4192 4405 4646 4699 473 4958 604 748
1060 126 135 144 1650 1671 1763 1952 1956 217 23 243 2483 3122 3194 3210 3286 354 3560 3608 3961 3994 4097 4193 4317 4459 4475 4812 4925 4981 558 749 788 791 939 943
1366 1429 1576 1697 1926 2030 2372 2393 2397 2736 2823 2835 2875 2974 316 3314 3396 3418 3464 3640 3936 4231 4324 4352 4483 4700 471 487 52 553 626 746 833 933
1257 1421 1560 1669 2154 2248 2271 2339 2608 2634 2871 300 306 3082 3395 3404 356 3681 3910 3983 4350 442 4515 4552 828 83 97
101 1069 1072 1116 1127 119 1192 1206 1584 167 1697 1844 2040 207 2158 2212 2388 2582 2593 2655 273 2750 2804 3058 3196 3275 3501 3633 3792 3821 3927 3937 4017 4093 4195 4497 453 4582 4805 481 4810 482 4877 665 691 73 806 911 93
1100 1414 1551 1766 1837 2181 2265 2481 2567 2582 2785 3063 3223 3568 3602 3727 3973 4355 4370 4462 4666 4751 4869 497
1110 1215 1571 1583 1584 1689 176 1818 1822 1855 1901 1915 1928 1961 2362 2435 2464 2487 2518 2579 26 2608 2634 2972 3075 308 3122 3228 3244 3294 3333 3367 3516 3613 3633 3640 3675 3683 3731 3768 3802 3828 3849 3858 3918 3952 3968 397 3978 4019 4038 4051 4144 42 4239 425 4338 4449 4491 460 4687 4761 4770 4838 486 4967 545 691 703 815 824 840 85 864 937 988
1018 1060 1264 129 1448 1478 1528 1575 1576 1684 1715 1740 1818 1937 201 2102 2289 2357 2499 2526 2608 262 2789 3008 3155 3273 3349 3364 3370 3433 346 3468 3472 3489 3495 3554 3800 3807 3957 4122 4154 4170 420 4203 4236 4312 4325 4446 4495 4566 4597 4636 4716 4832 4886 4974 4987 539 665 674 718 72 730 793 876 923
1079 117 1198 1313 1319 1344 1349 1376 1477 150 1520 1544 167 1671 1744 1817 1844 1876 1919 1952 1974 2013 2033 2092 219 2207 2214 2224 2229 2233 2242 2291 2335 247 248 2494 2497 2517 2547 2583 2618 2669 2674 2726 2797 2823 2975 2994 30 3169 3173 3176 3197 3212 3394 35 3502 3530 3633 3639 3640 3694 3795 3887 3952 3967 4093 4267 4359 4379 4383 4386 4416 4496 4544 4563 4651 4737 4760 4776 4856 4872 4886 531 569 602 620 657 658 687 748 794 828 865 888 99
1064 1091 1127 1165 1235 1272 1280 1303 1320 1450 1545 1598 1603 1769 1844 1858 1872 201 202 2056 211 217 224 2251 2339 240 2430 2455 260 2636 266 2763 2973 3099 3208 3233 3561 3578 3604 3621 3647 3655 3728 3971 4019 4063 4365 4481 4644 4722 4779 4886 4900 533 565 588 808 844 956
1023 1057 1182 1196 1335 141 1572 1693 1746 1805 1892 2061 213 2217 2264 2298 2323 2360 2482 2516 2638 27 2740 282 2911 2935 3076 3176 3246 3253 3285 3348 3355 3508 3543 3552 3680 3699 3704 3899 3996 40 4042 4129 4134 4157 4175 4474 4567 4658 4673 469 4698 4712 4717 4825 4869 49 4997 548 56 594 72 771 787 789 998
106 1064 1194 1281 1421 150 1624 1664 1715 1811 192 2344 2813 3017 3176 3200 327 3388 3507 3629 3673 3856 3967 397 4112 4240 4241 4293 4496 4593 4628 4684 4859 4900 497 4972 500 526 53 609 663 760 839
1161 1210 1267 1301 148 1556 1577 1813 1882 1889 192 2070 2098 2104 218 2220 2272 2310 2384 2543 2602 2604 2659 2717 3022 3098 3102 3113 3150 3204 3253 3270 3305 3404 3425 3545 359 3676 3755 3767 3780 3835 3925 3989 4096 4119 4170 4195 4255 4268 4278 4281 429 4380 4403 4418 4480 450 4539 4558 4672 4756 4793 4817 4828 4871 4880 4918 4951 4961 567 656 665 683 713 744 854 87 956
1310 132 1342 1499 1504 165 1722 1867 1872 1910 1967 2084 2116 294 2946 3278 334 3432 3557 363 410 937
1047 1127 1203 1289 1324 1355 138 1547 1627 1628 1656 1671 1740 1754 1784 1971 2029 2034 2101 2202 2284 231 2365 2443 2444 249 2536 2573 2584 2645 2656 27 2754 2767 2792 2797 282 2825 2858 2956 2974 2987 2999 3005 3071 3092 320 3200 3236 3246 33 3344 3671 3677 3699 3730 3793 386 3950 4010 4072 4089 4122 4143 4149 4183 4187 4204 4318 4326 4376 44 4415 4505 4516 4524 4601 4638 4779 4801 4805 4870 4932 4943 4964 4994 509 536 59 647 691 738 750 788 802 827 971 98
1005 1246 1379 1713 1866 2191 2459 2544 2612 2645 2711 2734 2929 3018 3202 3301 3660 3692 3732 4017 4127 522 825 955
100 109 1119 1262 1273 1978 2003 2537 2995 3028 3125 3271 3294 3557 3617 4125 42 440 442 4521 4577 4779 4890 690 817 876 88 936
1114 141 1766 192 2201 2214 2508 2574 2582 2907 2945 3152 3181 3550 3704 3762 4025 4144 4747 948
1212 1272 1537 1785 2117 2267 2668 315 3158 3492 3571 3603 3609 3829 3866 42 4455 525 55 957
1019 1167 1233 1364 2547 2551 269 2761 2795 2832 3049 3199 3703 3895 4111 4147 4192 4329 4386 4426 4561 4747 565 676 97
1018 1215 1223 1684 1788 2157 2183 2265 265 2651 3120 3212 3407 345 3599 3735 4179 694 700 707 951
101 1152 116 1211 1325 141 1656 1713 1890 1917 2019 2022 2036 2075 2330 2382 2446 2522 2523 264 2797 3026 3126 321 3240 3268 3525 3585 3714 3720 3744 3998 4018 4043 4144 465 486 4895 585 640 657 677 817 914 97
1237 1637 1717 1877 1966 2354 264 2817 2937 2958 3112 3283 3344 3535 3539 4382 4443 457 585 634 890
1045 1046 1088 1202 1219 1247 1255 1407 1415 1432 1509 1527 1610 176 19 1925 1957 1988 2013 2049 210 2104 2151 216 2196 2207 2229 2231 2239 2242 2314 2325 2359 2364 251 254 265 282 2866 2879 2958 2980 2986 3016 3068 3082 3183 319 3267 3268 3286 3302 3396 3680 37 3703 3837 3945 3983 4014 4081 4196 4239 424 4340 4367 4429 4438 4496 451 4513 4572 4818 486 4886 4896 4949 4965 4973 500 57 587 588 794 80 943 962 988 991
100 101 1083 116 1176 1263 1366 1473 1485 1628 1689 1729 1772 1801 1818 1866 2228 2318 2381 2416 2474 2483 2557 2589 2676 2777 2795 2802 2879 3049 3050 3058 3133 3179 3240 3263 3300 3322 3372 3406 3428 3550 3558 3638 3703 3839 3843 385 386 387 4069 4087 4090 410 4358 4399 4541 4643 4782 4807 490 492 4928 515 544 548 565 577 618 732 772 937 963 986 992
1075 1755 2012 2086 2171 2181 2262 2390 2412 2650 2704 2796 2841 2875 2924 3065 3383 3677 3798 3868 3878 4031 4051 4071 4088 4131 4236 4248 4259 4298 4404 4516 4562 4824 4864 4936 4955 585 651 759 938 969
1124 1400 1402 1421 1690 1745 1767 1910 1974 2005 2009 2143 2173 2215 2357 2637 2645 2651 2700 2960 3188 3194 3241 3253 338 3649 3652 375 3758 3861 406 4312 4445 4495 4575 4680 4921 4973 66 833 900 928 987 996
1072 1166 123 1237 1246 1323 1326 1328 1346 1427 1471 1478 149 1512 1515 1530 1576 16 1666 1669 1836 1866 1996 201 2286 2290 2448 2508 2535 2592 2615 2624 2653 2677 2762 2830 2942 2971 3227 3236 3286 3311 3368 3429 3437 3438 3468 347 3510 359 3732 3757 3912 4097 4141 4242 4244 4247 4250 4390 4479 4506 458 4652 468 4687 4743 4770 4914 581 619 722 772 773 793 830 858 87 970 976
1170 1369 1454 1799 1999 204 2217 2253 2375 2591 2757 2770 2797 2821 2862 2879 2944 3055 3071 3122 319 3396 3733 3904 3989 4263 4315 4451 4493 4607 4731 4765 4884 4909 4981 574 633 686 709 79 831 854
1027 1220 2012 2242 2247 2764 2791 31 3212 3312 3336 3407 3740 4131 4444 4498 4805 4928 580 762 799 962 99
1042 1189 1662 1715 1964 2265 267 2791 2849 3136 3340 3466 3481 3635 3686 3841 3894 401 4221 426 4380 442 4424 4535 4554 4607 4759 4867 608
1022 1034 1056 1145 1166 1194 1230 1240 1243 1417 1430 1431 1452 1483 1489 1570 1614 1634 1679 1731 1835 1838 1950 1959 1982 217 2184 2290 230 2420 2489 2494 2531 2605 2715 2811 2844 297 3049 313 3134 3140 3147 3200 3228 3242 3365 3369 343 3472 3515 3516 360 3674 3767 3850 3935 3939 3945 4017 4018 4042 406 4106 4161 42 4215 4239 424 4247 4350 4440 4480 4483 4583 460 4626 4640 4723 4754 4773 4915 5 503 529 648 660 662 665 699 717 790 853 854 900
1021 1071 1617 1749 1888 2013 2120 2495 2651 2726 2796 2958 3078 319 3608 3611 3893 3905 3955 4223 4284 4356 4594 4614 4751 4822 4867 4927 624 84 87
1366 1670 1688 1899 2163 2314 2772 2792 2799 3506 3566 371 409 4283 4549 4550 4700 4941 4943 780
1026 1220 1381 1401 1574 170 174 1849 1861 1895 1986 2126 2242 2266 2344 235 2522 2569 2703 2769 2850 286 2878 2927 2942 2958 2983 3048 3091 3106 3122 3144 3194 3206 3224 3248 3338 3442 3515 3523 3570 3693 3714 3787 3803 3920 3938 3945 3970 4019 4041 4111 4192 4206 4280 4405 45 4718 4767 4780 4822 4900 4944 4968 607 641 679 72 793 829 849 854 872 962
1084 1111 1165 1175 1232 1630 167 1811 1851 2339 2687 2931 335 3589 3928 4008 4039 4133 4571 4745 580 682
1069 1143 1226 1308 131 1313 1316 1571 1592 1599 1784 1844 1857 1869 1892 1932 194 2058 2084 2118 2405 255 2627 2649 2652 270 277 2853 2875 3028 3082 3231 340 349 3535 3663 3664 3688 3741 3813 387 3886 3925 4018 4448 4481 4491 4568 4611 4612 4708 4726 4795 4813 4941 539 553 740 788 87
105 1165 1176 1220 1313 1339 1421 161 1764 182 1933 1979 203 2115 2281 2288 2414 2520 264 2682 2720 2820 2832 2999 313 3404 3414 3532 3657 3718 3788 382 3840 4013 4060 4061 4122 4131 4481 4493 4799 4847 5000 502 51 654 665 739 767 853 962
1057 1115 113 1130 1165 1259 1281 1340 1524 1529 1592 1643 1696 1776 1786 1923 1933 1950 1960 2012 2028 2062 2063 2111 2139 2147 2158 2194 2218 2283 2285 2292 2334 2350 2483 2484 2635 2642 2657 2680 2769 2776 2799 2810 2838 285 288 2912 2921 2925 300 3014 3028 3035 319 3194 3202 3208 3268 3297 334 337 3412 3451 3453 3607 3657 3708 3809 382 383 3855 3967 4052 4093 4225 4279 4352 4364 4397 4400 4553 4660 4748 4862 4881 4927 4973 511 512 520 588 695 814 839 901 943
1019 1067 1122 1205 1237 124 1406 1468 1560 1706 1709 1799 1811 1823 1836 1974 201 2047 2052 2067 2079 2135 2355 2386 2491 2494 2555 2587 2726 2730 2769 2791 2942 2994 3004 3086 3108 3334 3358 3407 3427 349 3608 3851 3886 3933 3940 3983 406 4110 422 4449 4461 4474 4476 4477 4487 4511 4572 46 4607 4651 47 474 4856 4866 4871 4900 4928 4943 4947 777 855 863 869 879 90 97
1141 1371 1541 1570 1843 2046 2225 2445 2653 2742 2861 2925 294 2985 3038 3074 3129 3202 3407 3726 3891 3972 4019 4022 4108 435 4393 4514 4730 4799 4948 4967 559 917
101 1457 1547 1765 2150 2557 2942 2950 3124 3159 3200 3376 3431 3526 3624 3684 3888 397 4194 4211 4225 4373 4442 451 4600 4667 4787 548 797 851 99
1058 11 1215 141 1478 1557 1722 1761 1770 1791 1842 1965 1999 2003 2055 2146 2170 2246 2271 2393 2414 2427 2500 2508 2577 2775 2867 2916 2972 3050 3060 3071 310 312 3406 3436 3565 3676 3738 3833 3851 3906 3923 3972 4048 4337 4352 4354 4387 4409 4483 464 4685 4757 4763 4835 4874 4908 4959 616 828 916 94
1078 1132 1186 1237 127 1352 1365 1467 1515 1564 1584 1633 1656 183 1976 2037 211 2194 2195 2214 2230 2256 2268 2451 2547 2717 2761 2799 2841 2882 2920 3005 3058 321 3229 3294 3391 3401 3587 3602 3620 3640 3722 3825 3903 395 3962 4236 4350 437 4491 4496 4560 4573 4578 4623 4677 4731 4751 4967 541 657 684 691 777 801 812 868 883 900
1049 1126 1148 1318 1360 1665 1771 1811 1828 192 2068 2213 2422 2431 2467 2651 2776 2985 3098 3387 3396 3479 3786 384 4187 4200 4315 4391 44 4619 4717 4899 4929 500 796 853 900 985
1125 116 1310 1335 1337 1365 1752 1788 1920 201 2235 225 2316 2414 2483 255 2602 268 2884 3019 3132 3211 3246 3516 3561 3701 3766 3880 4344 4582 460 4607 4758 4988 589 592 6 600
1012 1059 1130 1155 1164 1200 1303 1409 1587 1620 1668 1699 1700 1737 176 1778 1812 1942 1957 2004 202 2081 2137 2165 2194 2195 2207 2339 2388 2436 2506 2717 2745 2769 2782 2795 2928 294 2940 2958 2997 3007 3081 3175 3198 3233 3234 3269 3292 3295 3325 3480 349 3514 3521 3535 3538 3623 3640 3655 3776 384 3886 3994 4066 4097 4103 4143 4232 4273 4293 4328 4341 4352 4353 4377 4381 4441 4495 4653 470 4703 4731 4732 4822 4824 4870 4971 582 611 645 710 735 753 794 811 937 943 984
1194 1258 1458 1547 1717 2228 2626 2681 2743 2972 3137 332 3348 3595 3896 4130 4372 4407 4500 4605 4655 4768 4844 4865 4972 498 967
1010 1044 1120 1128 1185 1229 1281 1294 1425 1435 1465 1538 1558 1592 1639 1656 1676 1695 1697 1795 1860 1883 1885 1889 1905 200 2108 220 2273 2305 2314 2440 2459 2479 2505 2507 2571 2611 2634 2714 2759 2791 2856 2925 3049 3156 3162 3171 3221 323 3341 3359 336 3454 3468 3494 3511 357 3603 3714 374 3945 4018 4187 4195 4325 4449 450 4569 4654 4657 4731 4890 4900 4927 4932 4985 733 796 851 854
101 1120 114 1150 1176 1178 121 1268 1284 1309 1491 1545 1578 1628 1684 1717 1787 1863 1884 1912 2009 2042 208 2142 2404 2415 2459 2537 2568 2571 2717 2827 2864 2901 2985 299 2994 3032 3043 3058 3093 3153 3298 3318 334 3392 359 3596 3604 3610 3703 3754 3759 3822 387 3906 3930 4027 4131 4236 4256 4315 4321 4342 4375 452 4575 4647 4649 4738 4744 4770 4799 4845 4856 4932 4972 4977 546 552 576 592 731 771 86 978
100 1079 118 1276 1673 1856 1899 1923 2069 2178 2228 2331 2378 2468 2492 2548 2717 2719 2722 2736 2787 2797 2905 3067 3068 3236 3294 3321 3452 3472 3577 3593 3598 3699 3778 3789 3801 3851 3906 4160 4164 4234 4311 4450 4577 4739 484 4869 4943 75 870
1061 1200 1218 1327 1474 1528 1545 1671 1818 1836 1866 2097 2194 2222 2383 2414 2608 2650 2718 2747 2865 2875 2879 2883 3307 3344 3468 3517 3548 3549 3564 3591 3616 3655 3667 3676 386 3864 3901 4131 4140 4312 4323 4356 4419 4428 4454 4457 450 4514 462 4620 4621 4670 4753 4791 4806 4862 4934 538 539 71 777 848 862 871
1005 1299 1305 1366 1394 1451 1535 1545 1601 1618 1626 1681 2 2023 2110 2207 2264 2332 234 2455 2463 280 2880 3243 3314 3403 3439 348 3608 3620 3655 3925 394 3999 4022 4109 4179 441 442 447 4481 4496 4772 4789 4824 612 614 615 958
100 1013 1262 1383 146 15 1517 1523 1622 1726 1774 1788 1792 1850 1921 1953 1993 2003 202 2328 2472 2473 2512 2590 2837 2854 2968 3095 3184 320 3203 3252 3443 3463 3633 3767 3778 3853 3883 3899 390 3902 3952 3983 4151 4179 4325 4384 4394 4405 4408 4430 4483 451 4575 4590 4596 4834 4865 4927 4967 793 994
1127 1172 1212 1278 1298 1322 1476 1490 151 1592 1625 1652 1720 1799 1853 1889 1910 1941 1997 2028 2085 2207 2242 2271 2409 2601 2627 2702 2771 2796 2818 2841 2877 2908 294 295 2999 3008 3083 3089 3111 3164 3176 3461 3708 3749 3909 3971 4034 4126 4155 4202 423 4247 425 431 4320 4486 4616 4693 4831 4853 4873 4887 4927 517 527 598 635 688 796 921
1018 1215 1440 1673 1699 1715 1866 2938 3005 3237 3467 3659 3909 416 4170 4340 4471 4480 4491 4514 4519 4595 4669 4786 4836 485 664 749 777
1047 107 1108 1165 1277 1292 143 1459 1571 1721 1790 1850 1866 187 1910 1986 2009 2191 2297 2371 2560 2623 324 3324 3351 3561 3785 379 3971 4017 42 428 430 4309 44 4466 4520 4572 4586 4598 4846 4869 4980 4989 519 532 54 628 68 756 956
1019 1047 1183 1190 1256 142 145 1517 1520 1862 1874 1916 2105 2226 2432 2515 2695 2737 2775 2842 2909 2926 293 2969 2972 2998 3013 3122 3194 3195 3360 3449 3503 3757 3793 3804 393 4019 4045 406 4079 4119 4225 4277 4412 451 4517 4656 4675 4727 4747 4816 4916 4972 526 553 587 656 714 781 798 817 833
1004 1354 1613 1766 1853 2206 236 2395 2605 2632 2736 2791 2972 3054 402 4083 4214 4247 4482 451 632 843 898
1 1005 1054 1073 1162 1181 1261 1281 1397 150 1518 1520 1546 1713 1722 1824 1962 2128 2217 2289 2533 3025 3029 3096 318 3182 3268 3288 3344 3455 3477 3544 3561 359 3608 3630 3680 3736 3906 3934 3942 3958 4015 4017 4022 4092 4257 4297 4496 4516 4575 4582 4618 4683 4687 4806 4837 4865 4900 4960 512 526 554 59 783 795 886
1024 1060 146 1933 1952 211 2166 2214 2252 2290 2321 2525 255 2602 2684 2859 2992 3233 3305 3586 3960 3983 421 4247 4340 44 4576 4744 4777 4919 4943 516 579 988
1057 1174 1365 1505 1517 1521 1532 159 178 1872 2031 2388 2716 2881 3185 3550 3579 3614 3620 3658 3710 397 4051 4091 4808 4941 4972 900 980 992
1079 1123 1138 1153 1212 1249 1303 1433 1466 1488 1515 1602 1631 1637 1675 1706 1740 1799 1825 1911 1968 2158 2176 22 2488 2575 27 2774 2775 2782 2864 2965 3030 3072 3082 3150 321 3225 3331 3361 3459 3476 3557 3592 3598 3604 3764 3793 3827 3832 397 4028 4132 4146 450 451 4572 4641 4700 4705 472 4764 4798 4892 4954 547 610 642 757 968 973
1057 1079 137 2265 2367 2489 2645 3008 3084 3115 3163 3465 3581 3627 3632 3703 4219 4236 4490 4502 4717 4776 530 659 983
101 1072 1095 1109 1146 1272 136 1462 1515 1545 1637 1692 172 1722 1840 1876 1929 1943 2021 2074 2090 2130 2177 2191 2227 2293 23 2455 2572 2605 2627 263 2630 2653 281 2874 2984 303 3116 3128 3212 3280 3411 3528 3620 3669 3721 3731 3815 3899 3984 4018 4059 4192 4218 4239 4313 4385 4405 4464 4468 4504 4673 4735 4749 48 4854 4890 4937 497 4996 51 560 585 665 678 682 771 782 889 912 937 959
1018 1069 1115 116 1160 1163 1446 179 1804 1878 1944 1961 20 2084 2096 2106 2211 2265 2394 2607 2613 2640 2667 2679 2828 2943 2989 3045 3160 3233 3246 3247 3415 3416 3556 3583 369 3698 3706 3746 3751 3781 3946 4073 4252 4261 4290 4325 4356 4476 4501 4533 4752 4779 4905 4933 4941 761 859
1241 1348 1548 166 1799 1853 2189 2264 2299 2775 3012 3022 3471 3628 3745 3952 4042 4156 4210 4493 486 704 754 854
1147 1249 147 1673 1713 1952 1987 2009 2075 2107 2264 2457 2493 2547 2650 2815 2863 2896 3104 3161 3314 334 3345 3654 3782 3989 4064 4070 4304 4347 460 4741 4906 4986 4993 548 60 765 78 796 874 922
1139 1271 1272 1451 1600 1612 1658 1701 1706 1710 1779 1796 1850 1942 2181 2234 2349 2460 2471 2691 2833 2982 3194 3286 3661 3760 387 3899 3949 4080 4111 4208 4294 4495 4516 4555 4624 4630 4694 4713 4776 4898 4957 58 59 788 828 880
1127 1151 13 1673 1788 1872 1906 1914 1940 1957 1977 2145 219 2191 2212 2254 2503 2563 2686 2923 304 3178 3240 3314 3389 3406 3520 3534 359 3711 387 4030 4213 4224 4398 445 4548 497 4978 556 64 666 836 857 909 992
1135 1974 222 2407 2431 2566 2614 2647 2879 3306 3309 380 3852 3863 3926 4158 4336 439 4400 4480 4514 4592 4783 4800 4891 807
1090 1102 1260 1570 1705 1740 1896 2003 2194 2276 2596 2768 2782 2823 3294 3409 3472 3794 3869 3872 4024 4033 4065 4142 4254 4632 4665 4840 565 592 770 885 974
1120 1245 1249 169 1952 2003 2012 2078 217 2260 2304 2319 239 2506 2519 265 2672 2746 2761 2919 2976 2978 3123 319 3280 3390 3457 3516 3535 3879 3947 3979 4021 4086 4093 411 4239 4400 4522 4610 4790 4829 4894 493 4982 87 876 902 989
1014 1087 1133 115 1166 1171 1179 1223 1330 1387 1419 1435 1443 1479 1528 162 1691 1831 1834 1950 1964 1972 2015 2035 2066 2075 211 2172 2240 2249 2289 23 2431 2551 2576 2594 2602 2631 2776 2855 2936 300 3040 3141 3262 3279 3381 3404 3474 3531 3559 3634 3690 3708 3778 3826 3900 3972 4128 4143 420 4245 4312 452 4570 4591 4664 4709 4710 4811 4858 4889 504 623 630 721 763 821 839 866 943
1008 1131 1171 118 1281 1304 1547 1580 1592 1646 2028 2245 2422 2486 2710 2775 2961 302 314 3186 321 3305 3357 3404 3499 3734 3784 3860 4002 4057 4120 4165 443 472 4891 526 650 913 982
1 1069 1074 122 1225 1246 1356 1375 138 1486 1506 1653 1702 1751 176 1782 1794 1832 1836 1961 2002 2158 2193 2199 2212 2290 23 259 2606 2732 2776 2799 2890 319 328 3484 3602 3653 3820 3897 4042 4159 424 4335 4514 4545 4607 4637 4814 4886 4915 4946 62 819 907
1101 1290 1317 1455 1481 1565 17 1703 1766 177 1784 1876 1986 2008 2043 2098 2190 2247 233 2347 2363 2388 2393 2438 2477 2582 265 2666 2670 2864 2952 2974 313 314 3226 3293 3303 3410 3413 3657 3713 3971 4162 4282 4476 4676 476 4770 4822 4826 4860 549 580 644 649 705 748 749 777 778 891 962
1003 1261 1365 1460 1464 1520 163 1699 1754 1768 1806 1844 1876 1909 1986 2013 2028 2039 2174 219 2263 2271 2357 2392 2411 2439 2521 2545 2580 2598 2643 2663 2699 2773 2799 2826 292 2922 2951 3015 314 3143 3146 3150 3176 3219 3274 333 3346 3557 3695 3704 3732 382 397 4002 405 4148 4210 4217 4315 4526 4742 4779 4796 4878 4891 4907 4915 4917 495 508 534 569 580 585 656 661 749 771 772 788 8 820 835 935 975 977
108 1217 1220 1328 1335 1382 1395 1424 1484 1503 1543 1562 1588 1647 1654 1667 1766 1784 1810 1820 1836 1845 1892 1999 2083 2149 2191 2198 2204 2217 2229 2506 2508 255 2578 259 2594 261 2654 2661 2707 2788 2864 290 2906 2972 2999 3001 3037 3058 3071 3291 3374 3408 3529 3541 3604 3678 3724 3774 382 3890 3969 3983 3994 4050 4111 4122 4237 4331 4396 4444 4484 456 4609 4659 4678 4717 4728 486 4870 4924 4928 4932 4966 4981 500 587 723 768 95
1069 1130 1451 1582 1716 1721 2119 2316 2588 2612 2751 2794 2809 3400 3598 373 3757 3975 4181 4276 452 4862 534 7 851
1033 1261 1270 2084 219 2232 2422 2510 2529 2551 27 2726 2753 3088 349 3563 4301 4481 4525 4683 4762 4833 4915 600 638 708
1 1001 1015 1060 1140 1242 1262 1435 1472 1528 1547 1552 1567 1657 1669 1699 1704 1713 1715 1717 1880 1947 1961 2133 223 2241 2324 2357 2370 2509 2664 2708 275 2868 2974 3021 3061 3420 3422 3561 3580 3645 3705 3708 3750 3882 400 4170 4212 435 4474 4692 4720 523 627 643 771 842 895
1060 1093 1171 1248 1310 1435 146 1508 1526 1873 1933 202 2087 2104 2212 2225 2419 2494 2561 2595 2627 2675 2782 2870 2959 2985 3036 3056 3172 3179 3208 3284 3289 3323 3353 3405 3450 349 3633 3655 398 4002 4033 4439 4491 4512 587 595 600 670 712 736
1007 1019 1043 1063 1279 1350 1389 1390 1434 1560 157 1669 1678 1721 1830 1899 1950 2073 2181 2290 2376 2396 2406 2426 2450 2562 265 2650 2713 2803 2805 2887 2958 3050 3068 3150 3240 3245 3329 3343 3483 3657 3704 3765 3824 3844 3922 4026 4275 4285 438 4494 4622 4671 4839 4856 4865 505 568 593 628 636 945 988 993
1263 128 1357 1591 1734 1750 1799 1935 1945 2001 2088 2317 2594 2717 2779 3176 3326 3709 3806 3925 4016 4207 4293 4349 4423 4493 4607 4682 4920 4967 956
1195 1200 1214 1334 138 1759 2278 2459 2485 2580 2623 2788 2826 2864 300 3177 3310 3446 3626 3699 3739 384 3943 3945 3967 4019 4210 4249 4264 4266 4453 4577 460 4822 4876 4973 711 825 903 930 99
1169 1300 1311 1645 1934 1970 2136 232 2511 2658 3039 3253 352 3551 3561 3668 4018 4121 4228 4315 4357 436 4514 4582 4645 4651 4769 4902 510 749 950 961
1724 1907 2229 2342 2351 2549 2792 3059 3066 3082 3228 3854 4062 4116 4122 4253 4770 878 937 953
1040 1173 1261 1659 1673 2020 2025 2075 2498 278 2954 3316 3407 3487 3616 3620 3677 3748 3977 4210 4449 4604 499 534 555 588 592 741 92
1070 1253 1449 1571 1942 1991 2168 2570 2693 2826 2851 2889 3404 370 3793 4210 442 4449 4973 565 652 719
1002 1066 1120 118 1208 1368 1469 1908 2091 2131 2264 2414 2600 2683 2712 2761 2967 300 317 3192 32 331 3637 3987 404 4289 4302 4388 4755 4797 537 682
1090 1200 1228 1362 1445 146 1533 1584 1754 1955 2422 2428 2478 2557 2826 3027 3079 3682 3731 3737 3963 4135 4197 42 424 4314 4334 435 4350 4434 4447 4530 4870 51 724 76 828
1194 1420 1604 1611 1725 2000 2121 2313 2322 2551 2644 2765 325 4011 420 435 4527 4662 4744 4915 561
1079 1193 1363 1451 1574 1742 2045 2098 2112 2225 226 2869 3218 3505 4117 4185 4291 4352 4589 4869 51
118 1545 1644 1892 1923 195 2104 2113 2180 2181 2280 2422 2540 256 2736 2778 2875 2942 3098 3393 3723 3834 3909 4075 4199 424 4274 43 4319 4339 453 4643 4700 494 497 590 625 839
1039 1120 1149 1176 1213 1231 1265 1283 1303 1392 1515 1590 1689 1892 1903 192 1950 2011 2098 2344 2377 2400 244 2558 2665 2694 2774 2832 2947 2948 2963 3010 3022 3103 3236 3280 3304 359 3598 3790 3851 3886 3906 4033 4082 4187 4293 432 4476 4480 4538 455 461 4679 4704 4744 4805 4822 671 78 817 833 851 908 91
1053 1057 1262 1286 1310 1328 1336 1378 1380 1421 1451 1507 1616 1651 196 219 2214 2308 255 2594 2653 2698 2796 3041 3050 3090 3179 3200 3277 3419 3602 3651 3772 3775 3777 3814 3842 3880 3924 4166 4173 420 4325 4386 4425 4493 4565 4744 4750 4785 4879 4888 4927 534 606 876 893 941
1048 1227 1366 1439 1540 1570 1722 1815 1854 1936 2017 2258 2429 2496 2653 2832 2841 3202 3215 3235 3572 3603 3756 3783 384 3945 3971 4002 4139 419 4210 4427 4717 4842 496 4973 4998 701 728 833 861 904 949
1215 1221 1261 1328 1493 1520 164 1950 1994 2060 2103 2494 2546 2623 2639 274 2939 294 3043 3069 3348 3417 351 3575 3598 4002 4042 4044 4293 44 4431 444 4478 4588 4683 4776 4922 720 785 796 818 846 944
1 10 1223 1374 1463 153 1553 156 1560 1595 1717 1747 1811 184 1927 1942 2109 2134 221 2431 2459 2476 2788 2979 3100 3105 3268 3424 3488 3500 3604 368 386 3906 3967 3976 399 4118 4260 435 4495 452 4721 597 600 605
1018 1064 1134 1176 1177 1212 1224 1244 1272 1408 141 1418 1435 1436 150 1574 1660 175 1775 1784 1836 1872 1875 1954 1986 2013 2205 2221 2447 2456 2532 2538 260 2605 2612 27 2756 2758 2786 2797 2831 2832 2841 287 3068 3087 3097 314 3208 3212 3228 3230 3314 3435 3573 3680 3700 3707 3714 3732 3851 3881 4093 4195 4230 427 4405 4432 4564 4673 4784 4931 656 668 725 766 777
1262 155 1793 2054 2059 2259 257 2571 259 2621 2962 3354 353 3553 3616 3625 3676 3702 377 3892 3936 3989 4270 4312 4386 4696 4706 4707 486 72
1064 116 140 1513 1594 1797 211 2127 2685 2775 3217 3238 3313 3348 3377 3636 3666 3670 4201 433 4411 4444 4867 601 803 900
1050 1069 1076 1115 1197 1313 1335 1566 1684 1807 1809 1844 1887 189 1902 2007 2225 2265 2348 2506 2542 260 2766 2774 2788 2795 284 2974 3135 3257 3305 3379 3537 3550 3574 361 3672 3773 3818 4051 4097 4136 4145 4190 4225 4292 4406 4559 4643 4673 4697 4719 4852 4869 4942 4975 526 539 551 583 588 675 918 942
1251 1684 2024 2269 229 238 2490 255 2840 3034 3330 3384 3989 4265 4322 4340 4348 4824 813 990
1090 1118 1166 1191 1313 1314 1329 1405 1421 1519 1576 1623 1689 1708 1714 1741 180 1881 1942 1946 1963 2095 2156 2333 2352 2421 2453 2459 2580 259 2608 2616 2728 282 3005 3114 3179 3335 3380 3398 3407 3462 3490 3540 3662 3767 3865 3898 3948 3971 4102 4104 4113 4191 4340 4345 4395 442 4480 4487 4572 4731 4747 4806 4861 4862 569 587 749 793 839 841 89
1239 1404 1621 1864 1889 1983 1984 2271 2337 2725 2752 2798 283 2904 2918 3166 3168 3685 386 3965 4051 4107 4687 4871
1201 1282 1478 154 1629 1642 1798 2194 2442 2475 2599 276 3020 3315 34 3731 3911 4067 4094 4119 4325 4405 4510 4529 4634 4830 51 706 771 920
1068 1090 111 1156 1165 1215 1223 1238 1306 1482 1559 1570 1632 1640 1674 1698 1728 1766 1865 1876 1898 1899 1998 202 2082 2098 211 2261 2329 2357 253 2565 2571 2629 2678 2749 2872 2925 2964 2970 3022 309 313 3193 3207 3209 3344 3373 3430 3458 3515 3685 3704 3908 4115 4172 425 4258 4307 4356 4417 4420 4444 4537 4724 4734 4770 4804 4890 4891 4935 4962 4976 534 553 564 646 680 775 825 853 952 99
1090 1127 1199 1391 1492 1495 1872 1948 2132 2162 217 2242 2247 2398 2537 2622 2633 2834 291 2914 2930 3064 3406 344 386 3880 3931 3972 4004 4017 410 4287 4332 4351 4368 4380 4518 4556 4635 4802 4886 524 591 603 682 769 776 852 99
1016 1052 1187 1396 1412 1416 1707 18 1961 2207 2336 2346 2417 2452 2795 3005 3006 3043 3254 3259 3266 3287 3344 3371 3616 3676 3838 4105 4300 4474 4483 4577 4700 512 573 59 61 621 696 702 919
1036 1080 1246 1335 1358 1361 1411 1435 1496 150 1511 1568 1641 1717 173 1841 1957 2010 2071 2133 2159 2212 2339 2344 2345 245 2537 259 260 2612 264 271 2724 2796 2836 2910 3005 3043 3052 3071 3098 3131 3240 3265 3356 3448 3513 3516 3569 3620 3753 3757 3831 3886 3951 4020 4051 4074 424 4487 4523 453 4580 4674 4683 4701 4702 4711 4715 4746 4850 4867 4953 4981 507 543 580 639 77 964
1029 1331 1388 1550 2195 2257 2289 2619 2876 3042 3073 3324 3375 3472 36 3716 3767 3805 4168 425 4436 657 997
1105 1365 1891 1999 2158 2228 2414 2527 2541 2620 2801 3138 3139 3142 3149 3296 3308 3557 3615 376 410 4216 4744 478 4843 4870 628 894 897
100 1019 1047 1062 1077 1094 1107 1303 1328 1456 1497 1516 1517 1520 1536 1560 1663 1671 168 171 1721 1756 1789 1818 1821 1899 1931 1990 2003 2038 2072 2095 2133 2217 2401 2408 2506 2522 2580 2795 2799 2806 2823 2829 2990 3043 3094 3107 3148 3324 3423 3460 3475 3616 3691 3699 3708 372 3757 3791 3808 3871 3981 4001 4078 4187 4205 4235 4330 4346 4413 4473 448 4493 4507 4536 4587 4651 4747 4849 4863 4871 4882 565 629 655 685 784 805 81 839 847 956
1005 1121 1200 1207 1246 1307 133 1351 1561 1699 1780 1802 1827 1833 1847 1853 1958 2095 2100 2152 2277 2316 2380 2465 2501 2537 2783 2819 2892 2920 3022 3028 3050 3232 3319 3504 3550 3619 3715 3729 3731 3830 4119 420 4315 4422 452 4557 4613 467 479 4871 4967 4991 755 774 810 926
1006 1038 1098 1142 1166 1171 1220 125 1313 1370 1487 1719 176 1870 2057 2084 2122 2158 2228 2341 2433 2594 282 2893 2985 3033 3071 3122 3253 3314 339 3396 342 3439 3714 3771 3811 382 406 4177 4222 4239 4316 4371 4449 4452 4481 4516 4540 4579 475 4751 600 656 748 772 947
1373 146 1478 152 1589 1736 1894 2026 2255 2309 2358 2550 2557 2709 2920 321 3290 3305 3324 341 3913 3944 3982 4243 4366 4774 692 734 742
1 1144 118 1209 1254 1272 1321 1441 1453 1607 1818 185 1850 1938 2095 2289 2300 2502 2508 2602 2885 2903 3047 3049 314 3187 3208 3473 3522 3546 3676 3685 3719 3731 3767 3873 391 3929 4101 4163 417 4170 4293 4343 4608 4615 4643 4687 489 4983 542 596 796
1082 1249 1250 1275 1296 1444 1570 1579 1596 1628 1723 1829 1904 192 2228 2315 2320 2391 2422 2437 2455 2461 2696 2788 2843 2846 3046 3233 3250 3439 3516 3536 362 3655 3851 3874 3880 3909 3992 4000 406 4170 4187 4198 4310 4400 4476 4643 4740 4751 4788 4855 4865 4890 4891 4950 4990 513 539 566 628 853 887 915 956 972
1574 1686 1697 1762 1886 1964 2470 28 2991 3174 3426 358 3687 3770 3917 3925 3936 4150 4362 4363 4577 4584 4799 483 491 599 851
1288 214 2144 2316 2413 2556 265 2738 2994 3022 3070 3608 3618 4097 4437 4470 521 562 600 823 999
1000 1041 1115 1204 1263 1312 1333 1338 1345 1539 1669 1706 1715 188 193 2028 2032 209 2141 2155 219 2302 2338 2373 2393 2524 2564 260 2603 264 2648 2727 2761 2812 2875 2920 2925 2993 3191 3320 3327 3439 3496 3515 3527 355 3677 3680 3742 3778 3812 3954 3964 4023 4035 4042 410 4192 4236 434 4352 4414 4488 450 4503 453 4534 454 4547 4633 4650 4689 4775 4781 4910 4926 4981 548 553 716 809 816 833 992
1081 1085 1099 1136 1237 1249 1335 1393 1502 1826 202 2182 2368 2489 2547 3000 3028 3085 3239 3582 3643 3646 4153 4195 4603 4695 4806 4841 59 631
1005 1009 1103 1297 1353 1367 141 1447 1461 1549 1576 1669 1727 1733 1740 1788 1913 1930 2028 2076 2093 2138 2294 2369 2393 2431 2489 252 2557 2609 2610 2623 2625 2660 2671 2726 2776 2782 2793 2941 2957 3008 3011 3101 313 3202 3491 3512 3515 3605 3606 3704 3757 3880 4006 4029 4111 4192 4225 4303 4433 4543 4617 4779 4827 4913 4995 50 548 628 682 689 845 943 97 992
1092 1212 1291 167 1677 1699 1735 1892 1923 1995 2009 2133 2181 2243 2340 2879 2913 2933 3280 3518 3602 3732 3941 4005 4178 4776 4824 4875 4911 4923
1025 1129 1180 1200 1569 160 191 2075 2098 2399 2410 2441 2650 3057 3170 320 3213 3286 3680 4068 4143 4456 4485 4489 4575 4943
1269 1303 1341 1347 150 1637 1706 2203 2361 2403 242 2530 2580 3337 3378 378 4049 4138 4167 425 4400 4642 4806 512 578 794 965
1377 1893 2077 2114 2153 2192 2216 23 241 2726 2873 3080 3246 3249 3703 4444 4465 4472 4690 4729 838 876 940
1060 1212 1223 1274 134 1478 1534 1560 1585 1586 1638 1697 1739 1740 1753 1910 1933 1964 1981 2048 2064 2195 228 2295 2327 2389 2393 2455 2458 2469 2586 2605 2784 2792 2814 2826 305 3050 307 3150 3190 3228 334 3366 3382 3396 3482 3550 3603 3656 3823 3847 3932 3980 3991 3994 4305 4369 4380 4386 4463 4574 4577 4683 4736 4771 4806 4857 4939 4952 4984 500 501 512 569 575 592 65 653 726 792 794 817 825 929 946 954
1018 1028 1051 1072 1246 1332 1343 1426 1428 1514 1517 1522 1576 1597 1712 1754 1803 1974 2080 2164 2169 2186 2247 2264 2311 2344 2366 2425 2539 2547 2581 2582 2608 2688 2744 2748 2769 2788 2808 2826 2898 2917 2981 3024 3031 3043 3051 3110 3117 3121 3179 3251 3260 3350 3352 3597 3598 3603 3799 3857 3859 3867 387 3899 4022 4053 4114 4174 4189 4247 4295 4350 4458 4476 4575 4582 4585 4627 4673 4687 4717 472 4731 477 4823 4848 4897 4928 4940 4941 4972 512 518 528 534 553 825
100 1011 110 1113 1130 1137 1315 146 1515 1528 1542 1661 1757 1758 1848 1961 2016 2044 2095 2187 2282 2494 2554 2585 2653 2736 2739 2807 2823 2999 3130 330 3397 3515 3778 3916 3974 4380 4509 4532 4683 472 4851 4930 4969 4999 514 584 587 743 772 804 856 867 873 882
1005 1037 1047 1072 1096 112 1171 1176 1237 138 14 1403 1451 1510 1528 1593 1628 1636 1718 1853 1923 1942 1957 199 1999 2089 2094 2123 2124 227 2270 2274 2287 237 2387 2423 2431 2455 2483 2508 2617 2645 2662 272 2824 2847 2888 3212 3324 3542 3644 365 367 3796 3836 3876 3880 392 3952 3986 4055 407 4119 4144 4176 4184 4188 4220 4251 4350 4356 4495 4528 453 4606 472 4809 4821 4867 4932 4941 500 540 550 572 586 613 673 78 837 851 860 924 934 962 979
103 1531 1868 1889 1899 1918 1985 2084 2161 2210 2275 2279 2307 2314 2489 2706 2860 3008 3179 3246 3299 3324 3493 3600 3685 3699 388 3953 4009 4169 4179 4286 4296 44 4435 4491 450 4751 480 4901 4992 667 691 875 925 992
1072 1120 1158 1220 1263 1581 1637 1852 1853 1924 2099 2125 2160 2223 2238 2402 2434 2513 264 2645 2791 282 2864 2897 2920 2934 298 314 3150 3157 3253 3272 3406 3485 350 3524 3590 364 3697 3778 3846 3848 3994 403 41 4299 4312 4380 4542 460 4651 4681 4803 4912 4970 4979 539 570 622 637 669 698 70 72 729 74 758 793 853 877 966
1055 1065 1090 1112 1166 1188 1261 1328 1365 1413 1555 1571 1606 1672 1754 1800 1808 1879 1900 1923 1975 2012 2027 2050 2195 2212 2225 2229 2289 2344 2356 2534 2571 2597 2641 2646 2733 2774 2942 2974 2988 2999 313 3167 3200 3208 3236 3282 3328 3363 3439 3440 3486 3509 366 3819 3870 3925 3966 3994 4037 410 4119 4123 420 4225 4226 4262 4272 4392 4400 4401 4444 446 4487 4531 4629 4661 4776 4870 4890 526 563 585 656 657 72 764 779 788 817 905 906
1295 1399 1637 1783 1933 1974 2051 2209 2214 2424 2552 2823 3127 3439 3648 3712 3779 4131 4308 4469 4856 927 988
1032 1252 1386 1475 1711 190 2236 2454 2462 2553 2848 2915 2977 3058 3068 3228 3469 396 4327 488 4932 657 69 697 910 960
1031 1385 1480 1563 1592 1819 1992 2014 2104 2314 2388 2480 2594 2902 3008 3077 3498 3657 3685 3877 3972 4099 412 4386 4492 4516 4599 4794
1030 1057 1079 1194 139 1398 1574 1584 1628 1697 1713 1784 2229 2551 2557 258 2612 2651 2731 2953 296 2985 301 3049 3068 3118 320 3205 3236 3264 3402 3406 3468 3470 3472 3519 3642 3717 3793 3817 382 389 3936 3989 4012 408 4098 4144 4179 4182 4460 4474 4487 4631 4725 4862 4867 506 691 693 748 826 9 995
1089 1154 118 130 1470 1554 1689 1738 1777 1846 1850 1871 215 2188 2303 2374 2385 2489 2623 2690 2792 2920 3 3002 3082 3216 322 3497 3535 3576 3679 3909 3915 3921 3985 4152 4421 459 4643 4673 4891 794
1019 1655 1781 206 2133 2191 24 2466 2506 2602 2781 2949 300 3109 3189 3281 3362 3633 3640 39 4047 4238 4288 4474 569 628 896
102 1130 1168 1223 1236 1302 1310 1359 138 1438 1635 167 2104 2247 23 2449 2522 2571 2735 2736 2760 2769 2774 2776 2891 3119 3151 3399 3444 3478 3761 3769 3972 4033 4077 4084 425 463 4663 4747 4799 4893 4915 4981 672 78 988
1047 116 1310 138 1498 1573 158 1615 1649 1683 1722 1748 181 1811 1951 1980 1986 2006 2009 2225 2237 2250 2271 2301 2312 2339 246 2522 2627 2755 2792 3053 3261 3268 3286 3294 3305 3385 349 3562 3567 3588 3602 3631 3677 3907 3967 3993 4022 4076 4085 4100 4143 4271 4306 4340 4361 4374 4410 4582 4651 4799 4805 617 786 825 87
1194 1249 1680 1689 1721 1850 1973 217 2219 2353 2650 2651 279 2996 3028 3145 3214 3255 3276 3641 3685 3696 3747 3936 4002 4046 4111 4269 4700 4820 4871 571 681 752
1086 1159 1517 1859 186 1989 2018 205 2095 2185 2208 2290 2314 2522 2612 2623 2782 2790 2932 3339 3441 3689 3732 4137 4227 4356 4389 4648 4805 4815 4824 4856
12 1281 1287 1685 1754 1964 2179 2195 2634 2705 2822 2894 2895 3280 3714 3899 3988 4 4097 892 931
1035 1104 120 1285 1293 1437 1500 1656 1682 1730 1732 176 1773 1969 197 198 1999 2012 2013 2148 2379 25 2514 2537 2628 2634 2692 2701 2723 2741 2845 2852 289 2899 2966 3009 3023 3044 3154 3256 3280 334 3348 3447 3584 3650 3708 3743 384 3875 3884 3909 4095 4122 413 414 4171 418 435 449 4551 4602 4639 4668 4691 4885 4903 4904 4928 4938 715 78 800 822 884 981
1 1442 1684 1687 1706 1839 1922 2133 2551 2580 2605 2673 2857 2994 3098 320 3456 3468 3547 3555 3601 381 384 3919 3956 3959 3997 4003 4179 452 4625 4688 4733 4766 4792 4819 4862 4945 569 580 588 727 751 828 96 97
