1913 2190 2342 240 2533 3487 3492 4110 4170 4470 4658 4702 720 
1228 1647 2069 208 2160 2211 2515 3273 3276 3834 3962 4271 4481 457 458 4605 540 694 705 871 992
1020 1431 154 1592 245 2535 3502 3633 3959 4031 4341 4780 4829 4856 4902 907 967
1491 1558 156 2448 2844 2999 3178 3921 3965 4678 4893 598 727 746 894
1159 1319 1374 1492 2207 2233 2450 2983 3332 3334 3348 3946 4034 438 4460 4839 631 733
1086 1593 1600 1895 1916 2351 2362 2530 261 2621 2834 3058 3127 3731 4071 4140 4561 4613 4833 508 668
1042 1085 1729 209 2233 2259 2315 2335 2783 2793 3028 3317 3404 3691 3736 3854 4306 4545 4741 494 725 95
1350 1924 1951 2073 2263 2541 2872 3010 3031 3885 3889 4161 420 4486 461 561 75 876
1305 1355 1519 1653 180 1821 2317 2397 2455 3119 3145 3457 358 3609 4035 4433 4646
1334 1420 1470 2200 2815 3047 3265 3276 4236 43 780 91 93
1109 1166 1224 1847 2053 2155 2382 2476 3228 3231 3361 3416 3583 3723 3782 4005 4014 4160 434 4502 4649 4789 778 787
1041 1294 134 1393 2337 3100 3824 4070 4198 4562 538 559
1248 1283 1361 1503 1646 1745 1838 2053 2322 2332 2394 2454 2462 2483 2546 2600 2727 2805 3160 3680 3730 3931 397 3972 3984 431 4324 446 4497 4647 4835 4862 707 717 742 853 869 893
1049 1241 128 1431 1498 1603 1619 1956 2372 2376 238 2440 2574 2989 3375 3424 3447 3481 3510 3863 3939 3947 4026 4310 438 4413 4486 4527 4545 4864 532 575 986
1141 1178 1232 1262 1320 1355 1377 139 182 1825 1847 1992 227 2345 2377 2541 2682 2748 2784 2844 2918 2933 3063 3099 323 332 3355 3415 3550 3551 3611 3761 3854 3885 3922 3965 4030 4136 4147 4179 4402 457 4595 4713 4956 4990 556 91
1825 190 2376 2456 2562 2717 2729 2777 2811 295 3160 3168 321 339 3689 3747 3810 3942 4049 4067 4131 420 4335 4352 4392 4514 4516 4602 677 936
1022 1218 1335 1411 1556 1747 1757 1909 1992 2046 214 2389 2401 2508 2625 2910 30 3106 3307 345 3466 3469 351 359 407 4070 4523 4724 55 760 794 871 956
1264 204 2135 2185 2338 2641 2822 3036 3063 3110 3911 4066 4174 4264 4328 4366 4573 4620 560 704 840 973
1056 1062 1083 1117 1119 1599 1632 1714 1782 1810 196 2039 2052 2122 2535 2585 2589 264 2738 3135 3154 3195 3215 4003 4073 414 4154 4166 4236 4298 4444 4711 4731 4766 4828 56 679 74 756
10 1514 1799 2518 2551 2754 3265 3522 3622 406 4822
1023 1091 1180 1276 1335 1494 176 1888 2090 211 2210 2276 2517 2525 2542 261 2661 270 272 2736 3020 3021 3107 3167 322 3262 3430 36 3693 3783 393 407 417 4258 4314 4356 4454 4613 4705 4780 4831 4936 4972 4998 561 644 645 955 995
1051 1351 1387 1488 1501 2767 2861 2990 3802 4229 594 890
137 1370 1940 2084 2337 2530 3334 4134 4301 4681 4849 4948 641 97
1904 2720 2875 3274 3337 356 447 4667 4753 4879
1476 1589 1642 2128 2714 3609 3709 3730 4419 510
1757 2261 2284 2387 2480 2773 3607 4801 593 720 727 739
1367 14 2153 2372 2527 2716 323 3633 402 4763
106 1239 1797 2079 2083 2173 2428 2756 2997 3386 3549 3679 3774 4003 434 4608 4660 4747 4749 632 654 800
1453 3598 398 4224 4276 476 4766 4938 4957 996
108 1132 1136 1167 1220 1228 1629 1820 1877 1890 1901 2019 2258 241 2571 259 2602 2698 2734 2892 2996 3150 3165 319 335 3387 3430 3539 3653 3693 3740 3836 3913 4012 4131 4458 451 4753 4830 4851 4855 4953 528 706 770
1003 1109 115 1213 1460 1595 1624 1722 1795 2020 2088 2206 2254 227 2346 2459 2460 2479 2481 2774 2867 3149 3261 3524 4087 4090 4123 4596 4610 4726 4763 4866 632 739 792 802 828 948
1020 1263 1640 166 1713 1826 2932 2948 300 3017 3461 3579 3633 3709 3727 3735 4284 4358 4710 4997 811
106 1730 1745 1790 182 1846 1874 1989 2211 2536 2648 3200 3641 3665 377 3774 4322 4460 4492 4974 693 748
1003 1024 1046 1077 1096 1224 1247 1311 1342 1393 141 1553 1693 1793 1806 1834 1967 2287 2295 2657 2751 3060 3313 3640 3761 3863 3928 4103 4170 4192 4483 462 4755 4795 4866 4968 4973 629 757 917
1136 1142 1571 1617 2127 2175 2220 2256 2437 2967 4098 4319 445 4452 4676 479 4841 652 72 738 768
1120 1671 2283 2567 3002 3560 3624 4172 4229 467 869
1244 1730 181 2143 2467 2632 3053 3193 3432 3534 3706 4507 530 652
1118 1143 1182 1199 134 1431 1493 1518 1626 1633 1669 1773 1833 1895 1963 2095 2181 2217 2345 292 2987 3006 3036 3264 3282 3284 3376 341 3571 3770 3793 3911 3936 3976 4078 4244 4319 4444 4446 4497 4561 4689 4819 495 4991 559 57 74
1010 1388 1587 2003 2408 2930 3122 3274 3664 422 4733 4815 4951 4973 826
1384 1555 2474 3318 349 3712 3830 4471 4823 4983
1017 1032 1189 1239 1294 1354 1817 1905 1992 2000 2145 248 2548 2567 2830 2956 310 3150 3228 3412 3578 3778 3806 3818 3855 4006 4016 4029 4356 4502 489 4919 535 542 634 760 9
1398 1446 2045 2703 3694 3707 4407 4408 4569 608 932
1020 1119 1292 1519 1949 1996 2346 2358 2380 2554 2772 2817 307 3076 3583 3775 3986 4214 441 4467 4474 449 4682 4729 4730 4961 5000 554 556 957
1013 1067 1293 1435 1511 1577 1790 1940 2042 2536 2722 2727 2945 3063 3314 3536 3906 4481 4515 4608 4645 4706 4719 4963 51
1181 1184 1650 172 1892 1958 2066 2088 214 2221 2249 2565 2710 2750 2952 3026 3040 3226 3453 3460 3477 3503 3727 3752 3796 3838 3874 3888 3999 4029 4099 4244 428 4532 4548 4623 4703 4842 4890 4954 4969 4970 542 742 767 796 91 92 928
1104 1105 1492 1542 1715 1745 1755 1758 1807 1834 2004 2082 2131 226 2347 2377 2413 2427 2437 247 2604 2613 2919 302 3153 3272 3842 3851 3915 4019 4191 4324 4354 4506 4516 465 4722 4758 4775
1434 1740 2073 2508 3165 37 3736 3749 3989 4343 4415 4453 4819 571 863 995
1691 2019 2239 2615 3069 3163 3425 3507 4025 4228 4305 4442 4502 648 949
1012 1043 1094 1228 1327 1419 1593 1614 1622 1738 1743 1973 2034 2404 2674 2948 3092 3165 3296 3370 3651 3721 414 4198 4329 4529 4635 540 637 641 962
1067 1503 1660 18 2193 2256 2418 2437 254 2820 2832 2858 294 2957 3248 3341 34 3440 3629 3635 3681 3717 3855 4112 4662 4728 4754 4814 482 4847 4958 4988 554 647 75
1168 131 1576 2 2131 2494 2572 2935 2946 3050 3217 3632 3840 3959 3999 4081 4634 4977 653
1100 1110 1613 1644 1743 1756 2172 2390 2719 3647 3731 3884 4133 4170 4835 4893 4938 708 886
1005 1267 1275 1311 148 1530 1572 1698 1807 1845 1855 1894 1930 2009 2103 2230 2247 2575 2648 2652 2908 2938 3183 3304 3313 3469 3525 3564 3599 3686 3793 3796 3808 3858 3881 3922 4288 4313 4317 4377 4412 4453 4631 4812 4974 629 812 821 851 954
1402 2227 2274 228 269 310 3242 348 3733 4288 4470 4518 4925
1347 1391 1540 1569 1577 1628 170 1743 1916 1926 198 2344 2486 2501 2522 2905 3140 3208 3286 3447 3478 3566 3942 3971 3972 3995 4156 4190 4213 4276 4756 4814 4968 570 619 695 707 79 840 904
1190 1217 1309 1363 166 1726 1745 1939 199 2202 2467 2509 2609 2784 2909 2964 3111 3127 326 3288 3351 3485 3494 3604 3854 3973 4069 4168 4186 4262 4495 4672 4814 4841 4842 4908 618 653 703 818 842 862 919
113 1708 1878 1970 1987 2001 2415 2479 2586 2892 2908 292 3149 3163 3408 4227 4231 4281 4307 4331 441 443 4449 4745 4770 4789
1119 1378 1788 2138 228 2460 2563 259 2625 274 2862 2880 294 2960 3030 3074 3160 3271 341 3484 3732 3778 4163 4185 4187 421 4325 4407 4420 446 4694 4874 863
1013 1099 11 1220 1416 1660 1831 2096 2116 2581 2819 328 3695 3706 4061 4152 4155 4192 4221 4284 4320 592 63 878
1066 1205 124 1372 1740 1866 2082 2281 2439 2528 2833 2956 2966 3215 3419 3795 3834 3838 402 4109 4137 4190 4207 430 4704 545 743 763 787 917 98
1128 1178 13 1354 1414 1570 1991 2137 2152 2198 2306 2525 2635 2758 2945 3091 3278 341 3420 3582 367 3673 3678 3826 3894 4268 4275 4343 4655 4743 4878 4953 508 593 630 909
1901 2179 2349 2541 3176 3700 4028 4676 4856 4922 717 727 773 779
1030 1047 1089 1322 2123 2407 262 2872 2987 3233 3262 3479 3675 3907 3973 4168 417 451 4715 4733 4770 4828 4852 609 67 777
1050 1532 158 1697 1756 2181 2365 2402 2465 2531 2703 2756 2795 2799 3155 3248 3399 3764 3860 3891 3908 4035 4070 4333 4940 524 543 55 563 608 843
1042 1114 1308 155 2267 2848 3113 3430 3598 4813 741
1128 1339 1548 16 165 1670 177 2249 2256 2724 2725 3003 3030 310 3153 33 3422 3579 36 3637 3679 3798 3983 4360 4506 4629 4707 4863 4873 5 590 665 79 862
1099 1978 2002 230 2508 284 3105 3226 3892 4214 427 4395 4519 4580 4849 846 959
2010 2312 24 2691 2771 2779 2878 3587 4073 4151 4301 4401 4893 5000 540
1010 1041 1118 1279 1423 1445 1665 1962 2041 2076 2077 21 2382 2397 2505 2539 2941 3080 31 3334 3387 3574 3600 3962 4052 4062 4134 4275 4339 4625 483 4851 536 780 983
1416 1610 1744 24 2420 2515 2595 3025 3346 3408 4276 4772
117 1239 1265 1461 1650 1823 209 2242 2524 2536 2619 2786 3109 3287 3414 3521 3535 3629 3664 3756 3769 3808 3812 3821 3845 4036 4037 4049 4137 428 4354 4652 469 4743 4777 4784 4979 515 549 552 647 869
1140 1271 1628 2027 2234 2398 2401 2561 2795 2857 3096 3333 3404 3583 3727 3757 3907 4156 4275 4320 4333 4636 4799 4865 4872 4926 675 772 921
15 1671 2096 2479 2787 3909 399 4691 4753 4813 82 898
1453 1463 1488 2290 246 2813 3358 3749 405 4284 4400 443 4489 4612 4792 4866 4870 4891 4924 4946 641
1067 1494 1874 2385 291 3167 3225 3262 3295 3442 3581 363 3657 3780 3963 4030 4065 4214 4496 4596 4712 4816 587 841
1099 1335 1340 1508 1762 1915 2042 2046 2145 2634 3111 3127 3479 3664 369 4637 4663 4837 4925 4930 533 841 88
1048 1094 1778 2024 2363 3165 3364 4268 4335 464 4896 593
1025 1998 2306 2593 2648 2815 2829 3042 339 3423 3465 3761 3803 4573 4835 875
1071 1265 1296 1378 15 1733 1740 1752 206 2731 30 315 3496 3604 3749 3803 3852 4028 4093 4243 4378 4575 4735 4935
100 1102 1114 1163 1213 1274 1547 1773 1932 205 2218 2223 2271 2497 2615 2649 2786 2862 2891 2897 2905 2984 2987 3176 3192 3230 3355 3387 3474 3758 3947 4259 4348 4588 4607 470 4793 4832 803 886
1421 162 179 1854 2041 2260 2268 2332 2417 3076 3100 3111 3539 3747 4110 518 707 79 868
1169 1274 1624 1662 1771 1793 1827 2147 2185 2808 2918 309 3186 3607 3659 3762 39 3966 4236 4375 4506 4784 4842 4870 575 593 955
1041 1057 1064 1168 1416 1456 1894 1936 198 209 2249 2367 2565 2631 2694 2708 2839 3145 3528 3548 3913 4153 4205 4301 4445 4543 4646 4647 4721 4789 823
1264 1309 1794 1912 2033 21 2171 2197 2235 2268 2388 2431 2483 2859 2861 3096 3334 3382 3412 342 345 3752 3892 3910 3929 412 4190 4244 4302 4322 4461 4472 4493 4513 4577 4668 4756 4997 580 646 795 838 869 872
1042 1121 1164 1368 1486 1503 1574 1621 1806 1862 1951 2148 2501 2580 2649 2787 3010 3222 3258 3316 3409 3445 3585 3599 3728 3759 3821 3870 3891 3956 3981 4029 4149 4182 4228 4304 4371 4614 4659 4660 4881 4974 692 763 842 871
1620 1819 2012 2347 2575 2643 3415 3908 4338 4547 4654 4898
154 1563 1650 2015 2590 2915 3017 3252 3448 4420 4589 641 828
1057 1894 208 2360 2365 2423 2452 2455 2482 2496 265 2740 281 2859 3377 3551 3574 3604 3749 3836 4143 4354 4616 463 4701 4765 4865 4921 630
119 1355 1391 1746 194 2036 2523 2604 3101 3282 3510 3770 3955 3960 4019 4092 4201 4306 4317 440 4507 4629 4830 4842 4924 557
1018 1300 1768 213 217 2476 2479 2513 2565 2753 2971 3024 319 3318 332 3383 3397 3420 3437 3840 407 4110 4112 4145 4370 4377 4433 4881 560 607 95 952
1681 1819 2790 3007 307 3112 3316 4546 4591 4687 4715 4844 4899 555 598
1089 1090 131 1682 185 2105 2235 2535 2999 3098 3564 3716 3837 3903 3976 4439 4660 4848 4948 783
1916 2347 2386 247 2923 3011 344 4127 416 4213 4347 492 4988 804 831
1617 1666 2498 2781 2936 383 4492 4596 4994 963
1005 1073 1125 1926 1957 24 2867 3783 3825 3947 472 4820 4856 720
1577 2146 2439 3238 3348 347 431 4660 627 671 780
1278 1319 1624 1810 2381 2609 2702 2805 2975 3014 3037 4262 4533 4856 4970 590
1024 1182 1294 1690 1713 2109 2167 229 2609 2621 3230 3577 3811 3907 538 541 716 995
1815 1833 1989 2927 3072 3567 3849 4159 4733 89
1028 2419 3044 3393 3820 4289 4512 4557 683 964
1187 1416 1797 2611 2759 284 300 3083 3267 3878 3998 4055 4471 4640 4644 4772 4832 4865 573
1002 1277 1509 1671 1854 1887 1984 2035 2307 233 2837 2904 3106 3288 3488 3894 3999 4003 4010 4047 4078 4333 4458 4589 4616 4659 4687 4800 4907 56 612 688
1335 134 1509 1735 2215 2754 2784 2846 2987 3039 3069 309 3247 3574 3630 4087 4372 4374 451 4524 453 4697 4752 4837 63 709 72 787 971
1178 1242 1410 1613 1930 1993 220 247 3263 3288 3312 3398 3435 4112 4194 432 4363 4510 67 750 942
1252 1346 1784 2496 2766 281 3111 3360 3474 3525 3677 3680 3710 4115 4287 4494 4558 4665 4723 4911 969
1204 1207 1435 1640 1892 2073 2113 2743 3139 4235 4269 4444 4697 4698 4718 4819 4830 4841 4888 4912 716 76 813
1065 1172 1289 1310 1378 1531 1592 1642 188 2261 2343 2357 2783 2930 3376 3389 3645 3696 3719 3738 3830 388 3921 4 4023 4071 4320 4369 4378 4435 4443 4474 4744 4894 555 719 809 95
1065 1294 184 2437 2574 3055 3057 3174 3921 4187 4202 4438 4900 639 653
1180 1315 2880 3675 3853 407 456 4679 4785 4810 4936 709 868
1195 1890 1894 1901 200 2107 2186 2312 2430 2668 2763 290 3125 3220 3281 3288 3436 3592 366 3868 3944 4110 4122 4234 4577 4640 4763 4882 4961 562 850 854
113 1810 1824 211 2609 4219 4390 479 680 913
1514 1551 162 1638 1702 1761 177 1890 2020 2086 2090 2179 2560 2691 275 2875 3139 3340 3477 3585 3667 3780 3841 3868 391 4189 4261 4337 4509 4555 4604 4696 498 579 654 843
1288 1355 2055 2475 2782 3300 3723 3774 4167 4666 54 930
1093 1253 1530 1550 1756 2497 2771 3163 3575 3848 4489 4596 502 727 91
1088 1258 1338 1634 1670 1983 2007 2019 2175 2184 2453 2547 2648 2672 2744 2795 2860 2988 3046 3121 3203 3350 3391 3484 3706 4040 4049 4327 4421 4459 4566 4623 4663 4681 4725 4827 4854 4858 4902 543 578
1544 16 1711 1940 2359 2564 2663 2791 3228 3252 3426 3547 3607 3889 3971 4104 4423 4759 4808 4857 4958 598 823 980
1120 220 2323 2932 2943 3092 3233 3686 3822 3933 4295 4349 4381 4560 4708 524 659 692 697 781
1 1016 1079 1104 1235 1368 1420 1459 1591 161 194 1968 2221 2680 274 2889 2977 3178 3226 3259 3326 3410 3735 3811 4281 4366 4661 4804 4840 4848 4873 4928 4933 4988 636 746 747 838 951 973
1247 130 1712 2862 3208 332 4179 4635 4679 4820 4864
1086 1810 1897 1915 208 2113 2429 2833 3307 3375 3525 4427 4863 740
1052 1150 1151 1207 1237 1426 1592 1642 1725 1889 1944 1971 1995 1996 1997 2036 2205 2210 2261 2474 2595 2639 2657 2667 2774 3027 3200 3380 3960 4048 4053 4172 4267 4297 4319 4392 4409 4434 4497 4637 4750 4815 4868 563 698 758
1285 1525 1749 1916 1921 2050 2309 2474 2594 3021 3119 3499 3791 3795 3908 3976 4020 4158 4226 4321 4333 4379 4389 4409 4630 4698 863 928 939
128 14 1838 200 2053 2097 2164 2194 2288 2652 2780 2905 3398 3723 3806 3941 4016 4301 4338 4523 4550 4616 4814 4822 4936 4938 58 589 8
141 1455 1648 1842 2050 2082 2361 2435 2975 3543 4357 4495 4807 481
1271 1986 2057 210 2106 2335 240 2460 2628 2657 2797 2872 3002 3289 3299 3602 3811 3839 3930 4011 4033 4122 47 4811 613 878
102 1070 1230 1275 1540 1609 187 1928 1942 2183 2206 2286 2381 245 2619 2848 2880 3068 3454 3523 3540 3544 4126 4224 444 4481 4527 4563 4608 4797 4978 717 723
1113 1143 1425 1660 1847 1852 2124 3086 3446 4197 4635 4702 4946
1609 1623 1834 1865 1970 2039 2652 2985 3045 4823
1111 1339 1670 1763 1913 2060 2066 2200 2568 2827 289 2918 3060 3209 3276 3386 3448 3451 3564 3740 4010 4028 4086 4108 4185 4347 4443 4446 4573 4659 4738 480 4874 490 4914 4923 555 765 841 859 908 924
1347 1621 2608 3094 31 3118 3146 3161 3935 4276 4387 4547 4738 4953 57
1150 1295 1382 1601 1624 1632 1783 2200 2351 2391 254 261 2671 2683 2687 305 310 3326 342 3476 3665 378 3909 4167 4220 4330 4382 4406 4459 4549 4700 482 4957 534 538 542 549 760
1868 2171 2192 2325 2665 2676 2992 3147 3346 3470 4116 4361 524 811 9
1261 1497 2199 2407 245 3217 3854 3983 4098 4537 75 828 978
1148 1158 1393 1600 293 3418 4100 4174 4861 4930 559 802 914
1451 2623 2736 2779 3489 3841 4390 4428 4561 4814 571
102 1311 1383 1560 1571 1678 2095 2153 2205 245 2465 2555 2587 2966 3070 323 3264 3441 3471 3485 3490 3496 3593 3598 3642 3703 3719 3820 3947 4059 4153 4387 4424 4608 4645 4669 4713 4977 508 57 59 592 67 774
1036 1045 1076 1096 1199 1243 1289 1541 1827 2038 2312 2352 2365 2388 2416 243 2508 253 2541 274 2764 2792 3426 344 3479 3492 3675 3838 3868 3894 40 4013 4019 402 4146 4201 4292 4372 4419 4444 4509 4563 4650 4900 4939 540 548 803 928
1121 1219 1382 1394 1570 158 1655 2716 3017 326 3361 3574 3575 3902 3986 407 4372 4471 4634 485 4901 4995 568 573 592 636 853 900
1169 120 1551 1723 1812 1856 2100 2281 2382 2429 2450 2498 2505 262 2648 2688 2690 2976 3108 3238 3360 345 3487 3503 3557 3730 4017 4073 4104 4149 4159 4160 43 4303 4333 4388 4530 4622 4626 4731 4742 4796 4805 4857 4945 4998 934 963
115 1191 1432 1479 1541 1555 159 2375 282 2972 3013 3042 3317 3338 3940 4121 4186 4218 4720 4823 4991 51 782
1215 154 1586 1672 214 2267 2395 2505 2514 2569 272 2893 2943 329 3298 3472 3494 3556 3689 3883 400 4275 4527 4571 4598 4747 4843 4890 4910 4936 4945 4965 568 667 836
1002 1010 1215 1551 159 1600 1652 1725 1821 210 2154 2180 2397 253 2587 2701 2745 2792 2867 2914 3000 3005 3115 3119 3230 3254 3413 360 3681 3696 3986 4014 4218 4278 4461 4639 4669 4730 4870 4883 4924 506 664 675 759 803 982
2086 2361 2830 3056 3215 3526 4944 596 899 923 997
1079 1444 1489 1583 2364 2748 3008 3250 3927 4020 4061 4326 722
1499 1717 2155 2331 2844 2899 3026 3495 3955 4507 4573 4781 4907 551
1387 1686 1782 1983 2032 2470 2587 2819 2895 2912 2914 293 2996 3068 3186 3271 3420 3472 3505 3639 3652 3936 4374 4540 4567 4601 4627 4681 4851 4915 67 986
1166 2053 2174 2666 2758 2830 3074 3576 374 3812 3896 3902 4250 4510 4629 4633 4647 4795 4890 673 803
1005 1135 1574 1641 2773 2797 293 3406 3921 4096 4274 442 4773
1267 1378 1470 1572 1862 2198 2280 2380 2430 2527 2584 2774 2867 3155 3819 3836 3857 3880 4342 4603 4977 632 696
102 1224 1404 1662 1709 1827 2057 2299 2309 2343 2494 2497 2595 2778 3010 3192 3218 3287 3437 3519 3590 3659 3688 3741 3778 3796 3889 3955 4045 4268 4597 4911 4963
1051 1075 1136 1457 1532 2146 2761 3038 3136 3169 33 3922 406 4707 4887 54 872
1554 1642 2254 2277 2337 2590 3094 323 3689 3853 3912 4249 4906 4977 638 695
1444 1554 2864 2909 3310 3453 3698 4019 4276 50
110 1104 1140 1150 1154 1210 1211 1258 1380 1510 1521 1553 1863 2097 2107 2388 2410 2473 270 2977 3168 3311 3316 3405 3814 3886 3907 4067 4221 4228 4308 4310 4396 4423 4672 4745 4842 4910
1057 1877 1937 2039 2147 2180 2422 2431 2662 2779 3025 3122 3229 3344 3573 3897 4182 4274 4926 4963 613 784 848
1239 1367 1577 174 2065 2146 25 2708 2773 3617 4067 4128 425 438 4441 568 861
1204 1250 1524 1551 1793 193 2158 224 2956 3019 3155 3388 3433 3686 3708 3756 4160 4831 679 812
1046 1048 1083 1155 1174 1271 13 1332 1367 1650 1826 2206 2242 2261 2337 2380 2461 2488 2587 2914 3022 3048 3157 3376 342 3639 3678 3923 3959 4175 4265 4269 4395 4614 4662 4796 4835 4929 52 662 81 873 959
1218 1234 1284 1476 1653 1920 2036 2184 2239 2720 2813 2973 3068 3173 3231 3790 402 4030 4061 416 4174 4292 4338 461 4664 4890 4920 5000 748 853
1013 1261 1275 1302 1445 1473 1649 1860 1916 193 2127 2992 3086 3160 3239 3754 3925 4067 4222 4492 4646 489 4922 760
1293 142 148 16 1762 1786 1926 1969 2031 2790 3003 31 3231 3379 3602 895
1012 125 1824 1825 1844 1923 2221 2383 2458 2593 3025 3330 34 348 3712 3752 3929 4198 4269 4355 4390 4522 4545 4761 4793 4801 4966 515 963
1123 1469 1638 1924 2271 2696 2749 2949 3382 3796 4123 4183 4343 4407 4495 4696 4713 701 898 95
1038 1125 1218 1553 157 1747 2328 2558 272 2827 2889 2943 2972 3 3016 3020 319 321 3386 3551 3574 36 4014 4742 4754 4787 4827 486 4860 557 697 788 827 841 900
2252 2344 2381 2657 2994 3049 3141 4298 473 4863 4946 4974 561
1087 1089 1154 1295 1384 1462 1624 1670 1863 1961 199 2401 2413 2415 2422 2494 2553 2569 2597 2691 2776 295 2954 302 3071 3077 3109 3246 3325 3618 3716 3828 390 3930 4136 4167 4219 4235 452 462 4678 4679 473 4737 4768 620 724 844
1089 1127 113 1156 1170 1172 1371 143 158 1676 174 1795 189 1972 2009 2035 204 2085 216 2352 2367 2532 2626 2629 2710 2790 2797 293 2943 3038 3186 3783 3792 3971 3986 421 4472 4557 4563 4625 4652 476 495 538 599
1012 1742 2192 2424 271 2854 2965 3246 3252 403 4340 4555 4702 4872 647 68 814
1027 1368 1568 1956 2415 2454 272 2790 2827 3061 3454 3678 3841 4195 4269 4590 4600 488 972
1538 217 2796 295 3009 3291 3334 3388 4086 4382 4994
1083 1302 1319 1341 1346 1613 1621 1743 1817 198 2001 2031 2299 2384 2487 288 3665 3686 3696 3905 3962 4001 4036 4249 4520 4530 454 4549 4640 4662 572 696 70 720 777 993
1074 1353 1468 1519 1696 1875 1915 2050 2122 2359 2447 250 2514 3163 3296 3316 3548 3608 3613 3728 4232 448 4727 4735 4775 488 4954 4978 74 880 987
1277 1281 14 1739 2198 2328 2834 3686 4383 4439 460 4837
1055 1388 1697 2434 2642 2643 265 3202 3468 4474 4654 4714 636
1300 1345 1392 1499 1642 1730 1806 1823 1993 2106 2142 2202 225 2274 2277 2389 239 2453 259 2630 269 2823 2861 2911 2972 2976 33 3425 3678 3680 3694 3768 3808 4096 4148 4218 4506 4536 4632 47 4733 4811 4947 4983 765 811
1121 1165 1456 1483 212 2598 3393 350 356 3633 3724 4213 43 4510 4517 4699 4794 490
1146 1213 1231 1359 1611 1647 2029 2055 2075 2286 2326 2367 2392 2418 2681 2718 333 3667 3676 3767 3849 4287 4308 4385 4712 4759 4873 4925 558 738 935
1831 224 2288 2675 3088 3274 4031 4236 4737 4972 655 683 794 992
1012 1229 131 1492 1812 1832 2287 2398 2653 3761 4164 4507 4891 4930 776
1100 1192 1272 1449 1491 1507 1665 177 1788 1793 2086 2103 2140 2234 2309 231 2487 2517 284 2903 2996 3023 3186 3346 3364 3590 3933 3958 3971 3984 4071 4127 4210 4422 4502 4765 4875 4900 528 560 896
1089 1209 1233 1523 1607 1675 1732 2024 2674 2734 2750 2900 2963 3021 3639 3742 3776 3942 4050 4096 4182 4392 4989 557 855 863
1421 1830 1899 2328 2350 2461 2904 2916 3051 3060 3350 3618 3807 4126 4619 4663 4858 4924
1119 1360 2443 2497 2514 2706 3 3217 3422 3534 4341 4433 4586 4597 4637 4706 4769 4898 4912 4966 499 664 683 892
1017 102 1176 1277 1420 189 2574 3121 3190 3652 4081 4185 4486 4593 4714 4771 4905 589 952 991
1230 1569 1600 1708 1733 1763 199 21 2112 2174 2230 2263 2316 2321 2380 2410 2611 2657 2718 2736 2740 3006 302 305 3071 3222 3295 357 3760 3924 4361 4380 4476 4591 4721 4773 4792 4822 4994 519 532 68 940
1079 1300 1348 1373 1418 1548 174 1870 1938 1971 1978 2035 2202 2267 2487 2494 2832 2985 3166 3325 3432 3529 3581 3670 3798 3845 4266 4282 4284 4320 4615 4689 4754 4913 4981 672 758 937
1077 1731 1854 1877 1964 210 2606 2850 2876 2877 3160 3447 4832 4841 4973 573 681
1218 169 2060 2254 2496 2812 2880 2902 3293 4497
1012 110 1135 1267 134 1665 1730 1980 2138 2417 2514 2983 2999 3735 3756 3828 41 4377 4509 4797 700 806
1073 1096 1251 1347 1348 1509 1593 1637 1689 2189 2299 25 2610 2851 286 30 304 3099 3116 3198 3199 3300 3380 3433 3468 3511 3534 3536 3577 3597 3755 4040 4081 4200 4234 4269 4317 4537 4707 4802 4833 4920 4944 4947 4971 528 553 623
1416 245 2795 2956 3326 3647 368 3865 4000 443 46 4813 914
1222 1236 1601 1641 1774 2376 2497 2565 2588 2834 2874 2933 2936 3121 4 4171 4600 4742 647 719
100 1396 1831 2184 2427 2496 2505 2791 3167 3375 3494 3776 3994 3999 400 4115 4345 4617 4645 4875 488 828
1369 1525 2306 2327 2713 3102 4341 4388 4820 770
1170 13 1905 1939 2070 2277 2429 27 2784 3119 3304 3729 3812 3932 448 4510 4658 4719 4814 4921 620
1363 1746 1856 2708 2956 3039 3573 3901 4585 889 891 992
1250 1605 1714 1775 2055 2549 2801 2916 3489 3496 3971 40 4020 4740 585 723
1074 1393 1556 1568 171 2232 2256 240 2504 2604 2683 2759 2892 2980 321 3271 3402 355 4171 4399 4449 4529 4613 4719 4808 561 693 732 771 815 837 974 986
1700 1875 2025 2159 2193 2916 293 2979 3263 3308 3336 3393 4509 463 4710 4755 4872 4879 586 596 673 769 842 935
1 1148 1414 1501 2020 2057 2066 2185 2206 2431 3023 311 3203 3232 3288 3469 3502 3757 3765 3892 4131 425 4836 739
1046 1140 1272 1302 1339 1392 1403 1453 1793 180 1830 1899 1993 2043 2069 2180 2462 2517 2584 2689 2783 281 3314 3380 3389 3474 3505 3550 3695 3737 3750 3810 3825 3958 4116 430 4330 4402 4543 4871 4905 4970 566 592 619 686 810 87 890 958
1282 1862 1880 240 253 2980 3030 3310 3608 3826 3889 3970 400 4396 4402 4516 4918 611 612
1377 1382 1897 194 1959 2244 2928 2988 4059 4179 4281 4284 4545 712
113 1414 1526 1744 2415 2578 2837 2903 2945 3086 3590 4194 4252 4259 4546 4644 4706 4978 873
1143 1230 1350 1545 1652 1663 2322 2756 2803 2907 307 310 3451 3540 3580 3823 3921 394 3948 4208 4303 446 454 4653 4663 4734 4954 594 782 82 830
1228 1237 1276 1813 189 1917 1924 194 23 2434 2460 2722 2749 2776 2792 2904 2936 3036 3039 3111 3141 3307 3409 3778 3920 3965 3989 4025 4348 4530 4572 478 486 4944 4962 616 680 717 727 840
1003 1091 1151 1154 1191 1241 1402 1403 1446 1516 1540 1542 1553 1671 1728 1829 1846 2101 2225 2309 2377 2429 2574 275 2851 2879 3005 3028 3246 3312 3442 3464 3493 3725 3739 3990 4005 4043 4786 4949 503 559 705 733 743 861 998
1375 162 172 238 2397 2514 2984 3111 3468 3735 3849 4254 426 4548 4923 5000 90
1302 1683 209 2972 3085 3191 3876 3944 4438 4617 4836 4859 4919 629 656 833 919
1148 1296 1377 154 2099 2613 2754 2833 3354 3973 4142 4229 4395
1211 130 1446 1543 1611 1613 1811 189 2267 2510 262 2632 2716 3081 31 3206 323 3239 348 3661 3716 3784 4213 4266 4268 4299 44 4419 4475 4494 623
1069 1245 1253 1440 1674 1916 2007 2194 2452 2537 2779 2839 298 2992 3048 310 3166 3264 329 33 3313 3380 3419 3450 3479 3693 3806 3909 4131 4199 44 4453 4468 4796 4965 500 538 549 606 689 774 995
1723 1733 1809 1884 1947 2301 2389 2513 2683 2697 3070 3630 380 4 4158 4551 4829 4834 4920 630 716
115 1190 1394 144 1497 1594 1849 1962 1989 2048 2426 2474 2672 3881 3891 3985 4143 4152 420 4231 4240 4247 4318 4623 4791 4844 4910 4979 506 509 787
134 1465 2421 2710 3139 4148 4390 4437 4654 500 501 788 982
1541 1629 1722 239 2570 2675 2795 2942 3345 3773 3901 4154 4181 4463 4524 4540 4746 4927
1187 1611 1797 1917 1941 1964 1977 228 2329 2420 2668 2708 2797 280 2838 2992 3014 3276 3282 3521 3654 4138 420 4253 4434 4518 4667 4803 4811 4850 533 695 928 967
1489 1570 1849 2155 2808 2832 3177 3760 4795 4822 872
1748 1795 1899 2232 2263 2384 2391 2401 279 3607 3633 3729 4296 4492 4550 702
1145 2073 2230 2399 3876 3977 4228 4396 4529 4825 677
1004 1268 138 1385 1802 19 1953 208 2108 2399 2428 2460 2487 2492 2587 2715 2779 2836 3024 3058 3230 3437 3476 3637 3732 3751 381 4025 4080 4158 4279 4357 4366 4378 4644 4648 4668 4722 4809 4853 4879 4946 4961 522 769 777 941
1032 1293 1593 1893 2306 2573 266 2830 3423 4895 812
1627 1632 1962 1988 2021 2161 2368 2547 2903 2929 3047 3115 3642 4214 4235 4357 4383 4439 4682 4962 628 734 941
1296 1539 1637 1725 1758 2359 2546 2642 3036 3791 4095 4152 4249 4494 4781 4995 575 611 815 838 980
113 1157 1182 1382 1427 1456 1716 1863 2 2192 2204 2212 2309 2344 2485 2944 3099 3194 3284 3413 3437 3448 3483 3536 3568 3677 3680 3725 3914 3919 40 4033 4053 4201 4245 4330 457 4583 4589 4595 4634 4721 4736 4741 4785 4928 5000 786
1054 1108 1812 1824 1953 1991 2109 2377 246 2466 2474 2819 2897 299 3465 3605 3641 3669 4111 4137 4198 4388 4435 4454 4542 4755 489 4952 4979 4996 696 895 929
1122 13 1349 1433 1482 1660 1762 2053 2056 2128 2186 240 2428 2573 3006 3107 3241 33 332 336 3387 3420 3650 3663 3983 3996 4107 4121 4479 4524 4539 4569 4591 4595 4738 4754 4766 4927 677 748 755 846 859 998
1346 2316 2749 3042 3050 3472 3586 4781 4793 48 651 652 872
1 1008 1084 1264 128 1283 1286 1543 1903 2157 2177 2480 2537 2621 2625 2662 2809 3118 316 3250 3492 3586 3592 3721 3830 3962 4005 4277 4318 451 4700 4709 4759 4960 838
1826 2549 2908 2930 3301 3940 4265 4377 4378 4735 4768 4811
1157 1181 1276 1907 2260 2424 2482 2912 2938 3042 3149 3161 3568 3577 4144 4308 4400 4627 4847 643 690 944 958
1154 1166 1453 169 1856 1876 1935 2126 22 2358 2417 2450 2902 2948 3143 370 3871 4095 4134 425 4522 665 679 693 903
1368 148 1875 204 2483 2652 2839 3090 4111 4933 802
1871 1940 2305 2418 2531 2595 2625 2736 2760 2858 3141 40 4274 4338 4502 4658 4777 4794 4836 4881 4947 495 4967 4978 499 504 589 73 897
1247 1384 141 1626 1641 1770 1888 1929 2089 2107 25 2527 2827 2859 3219 3262 3304 3310 3360 3392 342 3539 3669 3703 3840 3995 4058 4163 4228 4294 4363 4384 448 4652 4818 630 72 743 796 906 959
1501 1515 2186 2377 2498 2504 2953 3793 3795 4041 4407 4600 4728 699 709 823 945
1006 131 1536 1583 16 1669 1753 1883 2204 2312 2328 2404 2693 2987 3197 3240 3275 340 343 3484 3775 4150 4218 4247 462 4647 4847 4896 68
1286 1445 1468 151 1636 1686 1765 2527 2784 290 2960 3028 321 333 3469 3475 3599 3965 4071 409 4404 4445 4717 644 659
1020 1100 1169 1192 1199 1274 1299 1318 1450 1568 200 2017 2100 2204 2271 2406 2677 2806 2867 3206 3225 3241 3317 3413 3474 3772 3784 3798 3827 3856 3933 3936 4227 4242 431 4355 4548 4624 4801 488 498 4981 53 813 954
1217 1220 1388 1420 1537 1826 1917 1984 226 2327 2382 2427 2504 2511 2788 2812 2897 3200 3665 3781 3795 3875 434 4475 4619 4736 4811 4846 4849 4948 4953 4966 54 600 653 709 810 838 870
1254 1493 1747 188 1993 2182 2274 2295 2315 2526 2573 2619 2673 312 3360 4078 4451 4479 4678 4776 4837 705
1332 1748 2007 2026 2319 2496 2679 2768 2803 3395 3488 3502 3828 3994 4330 4586 4739 4924 4963 640
113 1743 1803 187 1897 1955 1997 2109 2119 2180 2352 2619 3074 326 3579 3807 3885 4118 444 4700 4807 4926 60
1241 1311 2335 3619 373 386 4221 4423 4602 4667
1110 1215 1332 1503 1896 204 267 2949 319 3263 3621 3796 3929 4077 4102 4321 4336 4443 4572 4731 835
1100 111 1553 1629 1662 1833 2174 2584 2800 3281 3318 3611 3693 3878 3913 3998 4160 4905 4968 4994 691
1170 1684 1839 3183 3426 349 3552 3630 3768 4154 4495
1091 1182 1231 1490 1827 1850 1944 2180 2386 2664 2718 2739 3158 318 3289 3411 3471 353 362 3639 3667 4137 4224 4235 4289 4354 4362 4409 448 4515 4646 4689 4702 4907 547
1127 1153 156 1974 2052 2112 2801 2938 3189 3512 3695 3887 4417 4667 485 973
1126 114 1320 1509 1628 1629 204 2044 2115 2122 2127 2224 2484 3071 3180 3301 3760 3971 4698 4928 631 641 808
1021 1157 1176 127 1355 1567 1576 2199 2673 2717 2763 2990 3106 3277 3278 3564 400 401 4261 4341 4463 4563 4705 4925 578
1388 1478 187 2019 2190 3143 3188 3300 3472 3569 4009
1228 1300 138 1869 2177 2201 2236 2475 2542 2574 2684 2997 3012 3014 3041 3070 3075 3122 3230 3301 3331 3383 3512 384 4032 4062 4159 442 4493 4613 486 4904 4989 623 675 679 788 807 890 993
1147 1218 1253 169 1800 1890 1956 2080 2168 2496 2546 2687 3484 3617 4098 4143 695 71 898 983
1086 1253 1774 2174 2734 2944 3106 3155 3586 3838 3890 3972 4221 4445 4515 4518 4957 563 840 841
1025 1068 1071 1332 2511 3723 3732 4537 4807 4859
1167 1518 1683 1731 2394 2903 295 2991 3260 3273 3295 4616 629 987
1132 1257 1420 1616 1709 1722 1877 2153 2439 2468 2546 2813 2854 2951 3177 327 3461 3592 3599 3720 3830 4037 4232 4274 4284 4400 4433 4454 4462 470 4882 4895 490 4952 503 719 723
1195 1269 1559 1669 1756 1995 2102 2531 2661 2692 3080 3127 3171 3187 328 3506 351 3550 3665 384 3902 3911 3924 3960 4106 4321 4329 473 4771 4881 4892 4990 633 750 814 913 959
1002 1195 169 1755 1791 2290 2490 2938 4215 634 782 826
1074 1240 1277 1335 138 1386 141 1631 1726 1731 2109 2177 2187 2343 2357 2540 2542 2599 2632 2673 2739 2751 3020 3079 3109 3215 3540 3740 4038 434 438 44 4463 4572 4591 4625 4663 471 4876 696 748 862
1062 1081 1593 1833 1846 2179 2405 324 3755 3849 407 4460 4519
1243 1413 1471 1502 1515 1791 193 2112 2203 221 2221 2312 2596 2983 3069 3121 3212 3294 3430 3704 402 4101 4193 4385 4497 4695 4730 4921 4927 498 582 584 622
1057 1991 2046 2358 2672 2740 3000 339 4029 4146 4208 4479 4843 4969 651 774
1125 1316 1497 2914 3116 3305 3627 4427 4899 936
1066 1723 1935 2084 2901 3077 4031 4740 4829 777
1108 1120 1683 2555 2977 3374 3426 3427 3462 3573 3642 3721 3841 4040 4128 4208 4230 4447 4687 479 976
1292 1340 2586 2765 3433 3470 4200 4289 4571 4830 4927 571 631
1056 1181 1402 145 1464 157 1605 1653 1951 1978 2001 203 2189 2325 2360 2384 2431 2511 2538 2623 3126 3187 3194 3296 3383 3450 3503 3596 3836 3846 3853 3919 4042 4073 4135 4159 4180 4227 4360 4444 4597 4711 476 4939 4995 516 806 870
1032 1057 1156 1264 1377 1467 1501 1555 1592 1629 1762 2041 2052 2131 2211 2486 259 2619 2629 2733 2848 2895 2940 3068 3194 3224 3316 3453 3650 3704 3716 3787 3984 4023 43 4308 4413 4524 4699 4716 4768 4780 4787 4900 4917 55 850 905 97 986
1047 109 1300 1424 1642 1662 1669 1811 1923 2068 2127 2233 2281 2329 2357 2401 2495 2685 2698 3047 307 3118 3127 3137 3350 3487 3828 3943 4069 4174 4259 4298 4791 4813 4859 4888 4923 4927 4975 4984 532 589 679 712 750 79 802 836 850 962
1066 1594 179 1855 1863 2082 2181 2190 2355 2722 2787 3452 3479 4176 4710 980
1074 1927 209 2570 2738 286 3432 3617 3795 4287 4337 837 868
1368 1578 1923 1967 1978 2103 2141 2162 2256 228 2703 2936 3466 3485 3561 3736 3806 3901 4442 4614 4723 4803 4855 4917 4945 4951 4972 4983 654 736
1251 1387 1408 1582 1806 1820 2174 2234 2990 3706 3729 398 4183 4326 632 736 900
1388 145 2031 2118 2604 3094 3133 326 3383 419 4199 56 584 596
1540 1792 1830 2024 2060 2102 2115 2179 2332 2409 2564 2575 2680 3039 3070 3107 3171 3304 3493 3581 3586 3720 3730 3777 3830 3956 3985 4313 4361 4427 4438 4532 4589 466 4664 4680 4818 705 789 878
1019 1431 1803 1834 1992 2388 2909 2955 3006 3040 3092 3099 3177 3297 3326 3332 3382 3422 3502 3685 3802 3845 4096 4111 4301 4374 4700
1076 1092 1122 1138 1176 1313 1585 1608 1649 1716 1821 1967 1989 2019 2301 2328 2335 2433 2489 27 2744 2857 2858 292 2943 3282 3484 3509 3515 357 3576 3679 3688 3813 3912 3988 4023 414 4158 4265 4348 4710 4741 4792 4813 4934 502 631 652 868
1975 2069 2086 2231 229 2525 2723 3035 3314 3997 533 88
1209 1211 1353 1431 1499 1560 1644 1773 1823 2063 2148 2288 24 2413 2536 2673 2701 2739 2748 278 2834 3089 3171 3187 3285 3331 3409 3420 35 3575 3603 3696 3719 3802 3807 382 3878 4001 4116 4295 4436 4740 4850 4898 4902 4921 554 568 707 847
1190 1602 1974 2319 2398 2442 2500 262 2738 2749 3106 3168 323 3241 340 3405 3598 3652 3779 3806 3989 4019 4099 4181 4262 4564 4602 4748 4798 4820 515 571 812 826
1090 1328 1557 1751 1819 1983 2319 2567 2666 2780 2813 2872 2971 3127 3219 3468 3627 4099 4303 4438 4474 4549 4740 4907 632 64
1560 160 1853 2 2537 2579 2741 3047 306 3280 3578 3794 413 4146 4459 4607 4834 55 884
1033 1139 1431 145 16 1631 1744 2051 2128 215 2189 2351 2438 2457 2462 2692 2726 2984 3151 3335 3361 337 3578 3687 3809 3928 4107 4146 4173 4456 4492 4552 4638 4691 4880 4991 564 644 653 717 864
1261 168 1978 2281 2315 3027 3047 3254 3547 4454 913
1024 1140 1384 172 1908 2271 2518 2625 2643 2893 2958 3080 3122 3208 3482 3488 3545 3878 4148 4168 4486 4600 546 67 716 893
1254 1284 2150 2185 2851 301 3511 4380 4387 4828 707
1497 1686 1690 2057 2349 2626 3833 4031 4404 4775 4945 801 917
1096 1233 128 1410 1904 2140 2610 2858 3220 3418 4024 4521 454 4664 4866 555 796 900
1181 1338 1746 1872 2010 3543 3556 3704 4082 4099 4248 4274 4422 4690 4704 4920 784
130 1482 1591 3278 3473 3485 3768 3826 4036 4242 4355 460 4770 780
1849 304 3321 3349 3522 357 3960 3975 4071 4295 4388 4450 4891 557 872 907
118 1187 1250 1403 1647 2416 2797 2819 3201 3951 4006 4288 798 973
1212 1330 1456 1494 1739 1748 2015 2121 2138 2148 2275 228 2356 2457 246 2777 3003 3038 3093 3161 3187 3219 3386 3402 3465 3561 3687 378 4001 4055 4172 4326 4329 446 4460 4711 4728 4766 4880 4917 4930 513 766 885 99
1117 1151 1309 1394 1593 1778 1793 2360 2592 2801 2889 3296 3325 3481 3510 3680 4067 4123 4227 4355 4501 4676 4788 686 742 826 836 9
1071 1094 1095 110 1322 1498 1531 1819 188 2186 2429 3442 35 3631 4566 4705 4926 500 802 806
1143 1611 1774 1795 2266 2932 3198 3756 4078 4339 878 953
1007 1506 2052 2130 2147 2182 2718 2788 3227 3428 3831 4322 4866 594 645 667 955
1113 1275 1301 1494 1942 270 2933 33 3413 3878 4967 4998
1038 1455 1578 1626 1970 2333 2581 2857 3096 3187 3326 3536 3568 3695 3812 3847 4370 4487 4571 814 842 981
1132 1135 1251 1320 1352 1382 2386 2527 2758 3667 3791 4452 4995 550
1063 1267 1407 1465 1697 1903 2757 2988 3284 3372 3924 3984 4122 43 441 4471 4477 4547 569
1038 1736 1807 201 2102 2739 3327 3346 3537 3725 4363 4743 561 865
1112 154 1569 1636 1725 1744 1898 1904 2155 217 238 2384 2423 2643 2975 3054 3222 329 3398 3409 4550 48 4915 4917 495 500 615 811
1092 1272 1784 1855 2541 2785 2985 3307 3555 4037
1025 1046 1426 1651 1845 2428 2460 2798 3045 3832 3929 4789
110 1156 1172 1733 2090 2971 336 3862 4062 4125 4132 4506 560 64
1082 1313 1460 1518 1953 259 2605 2610 3238 3332 3385 348 3776 4018 4152 4425 4996 901 942
1127 1150 1338 1391 1498 1731 1739 1930 2062 2292 2300 2418 261 2823 3162 3243 3295 3452 3567 3720 3846 3974 401 410 4266 4622 4776 4797 4825 4933
1053 1812 2077 2640 2932 311 3230 3252 3517 3897 4310 962
1128 118 1291 1726 228 236 262 2659 2708 2777 2852 2902 3058 3321 3357 3389 3550 3707 3756 4127 4518 4585 4816 486 4893 778 786
1286 1327 1435 1500 1619 1656 1746 1849 2190 2239 2287 2430 2675 2751 2980 3104 3318 3419 3434 3854 3913 4023 4119 425 4347 4380 4388 4545 4574 4577 466 4760 4983 603 631 758 769
1502 1529 1577 2122 2268 2288 2354 2416 2735 3053 3181 3231 4298 430 4585 4755 4967 559 918 967
1066 1071 1482 15 155 1579 1905 2036 2077 2148 2235 2254 2635 2830 3053 3100 3233 3241 3254 3287 3444 365 3677 3897 4006 4080 4121 4229 4513 461 4635 4701 4777 4785 4791 4857 552 596 890 892 952
1217 1317 1350 1414 1430 1592 1635 1779 1903 2015 2235 2338 2874 3757 3791 3851 4660 4714 801 845
1024 1056 1128 1409 15 1526 1528 1621 1637 1703 2203 233 2418 2488 2944 2969 3020 315 3348 356 3641 3681 3747 3764 3803 3834 3933 4079 4196 4296 437 4397 4401 4422 4474 4559 4573 4669 4950 4976 4986 686 697 716 742 911 963 979
1008 1226 1492 15 1519 2031 2115 2286 2998 3143 3161 3837 4385 4627 4980 79
1197 1820 1914 193 2357 2710 3030 3688 3775 764
119 1318 1520 1886 211 3144 3196 3296 3763 3899 4928 498 566 930
1522 1940 2097 2537 2631 3404 3947 408 4164 4336 4390 461 4769
1091 1274 1580 1714 1716 1766 201 2083 2183 2203 2502 2750 2771 2801 3110 340 3553 3626 3628 3728 3808 4028 4067 4118 4383 4578 4611 4699 4738 4746 4752 4782 4849 4906 50 599 731 891 982
1113 127 1446 1512 1556 158 1644 167 1722 1726 1743 1872 1924 1930 2113 2168 239 2416 2573 2750 2758 2908 2996 3028 3071 329 3312 3332 3525 36 3604 361 3620 3656 3720 3885 4164 4220 4406 4438 4493 4523 4625 4873 4882 658 683 723 74
1016 1224 1465 1502 1732 1849 208 2498 2572 2598 2979 2980 3184 3289 3362 3412 3540 3757 3774 3805 4004 410 4110 4396 4428 79
148 1591 199 1996 2322 2397 2586 2639 3226 4483 4712 4800
1161 1272 1291 1490 1574 1594 1877 1964 201 2337 2451 2457 2889 2971 2997 3007 302 3069 3117 3172 3371 3468 3976 3994 4201 4319 4360 4443 4465 4537 4541 4670 4696 4834 4850 4875 4887 4904 498 554 744 82 986
1067 1353 1391 2072 2199 2356 256 28 298 3302 3595 398 4086 4211 4883 4893 664 685 763
1635 1799 2727 305 34 3403 349 3702 3703 4167 4907 4990 691
110 1109 1143 1215 122 1254 1358 1421 1476 1542 155 1631 1695 1740 1790 182 188 1973 1982 2355 2575 2576 2788 2995 3183 3219 3288 3408 344 3479 3688 3736 4054 4112 4336 4545 4560 4695 4715 4824 4879 4887 524 581 644 857 964
1055 1679 1728 1991 2843 2845 3172 3739 4130 4380 4391 4400 4810 557 760 842 88 958
1092 1338 1649 1888 1960 2210 2349 2430 2442 2667 272 2957 3042 3076 3317 3346 3488 3553 3697 378 3813 4033 423 426 4327 4351 4525 4922 4973 784
1098 1154 1206 1788 185 1873 1970 2077 2088 2153 2159 2680 404 4065 4081 4116 416 4337 4392 4488 4606 972
1492 2074 249 2845 3186 3408 3448 3468 3525 4127 4301 4699 47 4997 601 640 677 84 894
1020 1041 1554 1645 1690 1721 1756 1782 1872 1971 198 207 2101 220 2318 2347 2480 251 2661 2663 269 2805 2827 2851 3132 3281 3301 3538 3609 3719 3773 3798 3803 3877 4123 4162 4277 4281 4384 4566 4643 4644 4714 52 658 949
1029 1106 1110 1137 1714 2080 2211 2464 2570 2590 293 2964 3203 3208 3289 3316 3492 3503 3512 3604 3679 3718 3810 3812 3821 3864 3972 3998 4313 4332 4362 4452 4513 4614 4645 4874
1262 1291 1446 1543 1823 2260 2434 2499 2573 2586 2638 266 2707 2712 2895 290 2992 3532 3538 3618 3627 4090 4220 4357 4500 4743 4832 4834 4968 4990 693 764 794 84
1014 1016 1118 1140 1213 1576 1831 1941 1979 2024 2159 2177 2269 2277 2428 2584 26 2680 2692 2716 2893 3010 3083 3245 325 3300 3677 3679 3783 3801 3912 3994 4169 4186 4287 431 4339 4413 4780 4952 613 836 985
100 1033 1141 119 1417 159 1897 1952 2119 217 2442 253 2639 2746 3100 3273 3301 3504 3564 3719 3815 3892 3906 3984 401 4115 4235 4265 4457 4540 457 4899 508
1240 1267 1552 1892 2110 2129 2152 2153 2483 258 2595 2749 32 3347 336 3652 3665 3735 3917 4036 4572 4790 4881 499 592 745 785 929
1425 2371 2752 2857 3000 3079 359 3924 4176 4791 4807 878
1179 1250 2179 2181 2246 3618 382 398 4062 4737 4742
1173 14 1674 1747 1791 2212 233 311 3176 3281 3773 387 3882 4051 4231 4773 632 728 861 895 906 907
1090 1541 2038 2977 3178 3461 3707 4344 4688 4715 4734 4759 4808 4963 613
1318 2035 2127 2668 3149 3336 3522 3680 3883 4002 4040 4357 4435 4466 4562 4790 480 4940 4961 942
1162 1393 1696 2106 244 2919 3014 3512 3740 3977 3986 4121 4139 4230 4281 4442 4555 4580 4634 502 534 776
1181 1421 2156 2437 2854 298 3013 3247 3642 3891 4188 4600 4678 4694 675
1094 1318 1490 2949 3289 3409 3956 4165 4220 4428 4446 4591 4793 4810 4832 4856 4880 619 796 828
1099 1683 1718 1777 1824 2025 2128 2313 3761 4293 4418 4449 4470 514 796
14 1471 1580 1965 2088 2234 2391 2403 2422 2482 2518 263 2704 2730 2757 3276 3405 3579 3637 3807 4020 4029 4033 4098 4622 4648 4682 4685 4828 4839 491 4923 727 788 834 929 952 995 998
1369 1728 2095 223 270 3405 3553 3646 3935 4028 4134 4187 428 4402 4460 4891 728 823
1392 1758 1902 2125 265 3084 3378 3640 4160 4831 599
1264 1355 1378 1514 2205 2572 2721 3017 3489 3827 406 4317 4512 4561 4654 4801 489 51 561 691 712 998
1257 1258 1436 24 2503 2717 3226 3569 3729 4822 950
1032 1205 1325 1347 1388 1416 165 1680 172 185 1856 1899 2025 2037 2040 2109 2364 2581 2833 2950 307 3077 3141 3167 3463 3648 4015 4146 4232 4251 4267 4395 441 4470 4504 4519 4696 4706 4763 4821 4923 4965 886 972
1180 1581 1716 1953 2404 2797 2815 2835 2920 3124 3537 3953 4338 4706 4865 56 613
1134 1227 1320 1548 1611 1618 167 1697 1714 189 1908 2077 2180 2194 220 2297 2422 2602 2673 2675 2732 3038 3437 3629 3788 3802 3894 3979 406 4087 4465 4580 460 4662 4717 4723 4844 4924 4932 715 8 892 903 929
1149 1274 1275 1417 1764 2512 2583 3438 4238 427 4356 4387 4553 4899 573 701 782 950
1039 1443 1519 2637 2812 3505 4 4069 4900 893
1272 1455 1949 196 2570 292 2973 3821 4525 455 556 724 886 999
166 1660 2268 2287 2355 2513 2547 2677 2693 3190 343 3496 3512 3647 4005 4742 582 599 694
1003 134 1344 1570 2335 266 2748 2806 2849 3094 3386 3753 3933 3980 4616 810 974
1013 1141 1350 1437 1594 1838 1882 19 1934 2096 2171 2659 3028 3439 3493 3798 4092 433 4644 4844 4847 4898 4902 495 624 659 837
1081 1151 1358 1410 1468 1838 2113 226 2687 27 2779 2823 3175 3246 3351 3492 3689 3694 3723 4055 4219 4224 4288 4318 4471 4666 4700 4787 4904 728 794 906 940 970 982
1106 1292 1340 1913 2143 2244 2342 2416 2632 2828 2984 3239 4123 4669 4688 815 860
1215 1320 1476 2146 2192 2310 2361 2420 2461 2598 266 2808 3302 3452 3477 3511 3707 3883 3929 397 4171 4443 4453 4889 4974 568 679 900
1088 1242 2431 2606 3234 3268 3932 4157 471 4990 4997 664
128 1496 1530 17 2072 2095 2504 2856 3026 3086 3128 3143 315 3225 3465 3538 3688 3760 3930 4053 4243 4255 4356 4409 4518 4969 550 724 738 8 928 962
1001 118 1569 2190 224 232 260 3304 3851 4127 4524 4694 634 737 777
1260 1621 1636 1858 2704 2804 3212 3283 3380 3585 4064 4097 4126 4128 4989 884
154 157 1983 2283 2584 329 336 3476 3922 4800 4854 4896 793
1117 1118 1122 115 1470 1569 1739 179 1841 1894 1984 2054 2212 2290 2467 2832 3050 3087 3122 3423 3455 3510 4010 4121 4715 4803 4834 525 651 967
1005 1417 176 1826 2436 2703 2930 3153 3265 3704 4192 4555 4596 47 4712 4782 4880 527 658 691 736 746 966
1667 176 1824 2321 2606 2629 2666 2710 2774 2986 3014 3029 3245 3294 3350 3396 3556 3590 3611 3669 4016 429 4324 4402 4492 4613 4619 4754 4763 4930 620 669 963
1488 1605 1609 1738 1791 1899 1927 2270 3095 3198 3608 376 3917 4820
1109 1170 118 1254 1353 1425 1468 152 1635 1796 2193 2202 2235 234 2488 2565 2728 2748 2763 2802 2914 3009 3046 3300 3432 3519 3650 3868 3940 4010 4098 4123 4249 4474 4499 4509 4541 4607 463 485 4942 675 774 803 805 951
1183 2189 2318 2364 2859 3185 3229 3932 3958 4490 4688 4689 470 4986 50 560 64 683
1302 1319 1640 1695 177 2179 2325 2512 2668 3433 344 356 4403 4710 4819 482 57 636 763 895
1257 1358 1372 1640 1671 1758 180 1855 1887 1993 2234 2320 2456 2604 2875 3006 3609 3726 3793 4136 4234 4442 532
1081 1257 133 1353 1444 1887 1933 2011 2111 2290 2410 2569 2594 2720 2762 2853 2916 2975 3099 3152 3278 3487 3520 3579 3592 3611 3629 3744 3750 3752 378 3940 3948 3981 399 401 4023 4128 4152 4285 430 4419 48 4835 4839 4859 88 955 993
1578 1673 1774 1817 2832 287 3128 3395 3514 3789 3954 3967 4003 4016 4064 4144 4163 4170 4353 4451 4669 4739 4910 622 72 998
1619 1985 291 3063 3263 354 3583 3597 3764 4506 4996 61 673 776
1286 1374 1493 1530 1586 1592 1857 186 2253 2406 2581 3053 3077 3100 3351 3450 3477 348 3519 3640 3851 3960 431 4449 458 4729 4991 51 54 674 764 810 92
1402 1439 1647 2057 2156 2189 3025 3065 3328 3398 3491 3692 3907 3919 4404 4676 701 764 959
1132 1270 1541 1547 1652 1778 2456 2601 2701 3015 3073 3116 3190 3310 3337 3355 3602 3755 378 385 3901 4289 4366 4384 4415 4472 4511 4686 4895 4948 4979 540 612 645 652 775
1117 1207 1347 1348 1583 1763 1809 1834 2031 2107 2148 2260 2386 2611 2855 3165 3387 3786 4463 4489 473 4760 4766 4870 4962 499 615 82 837 992
1016 1231 1342 1764 1846 1890 2083 2321 2502 2759 3207 336 3382 3557 3627 3846 4718 4746 4790 4911 4997 610 640 641 769
1374 1526 1591 1872 1875 1918 1962 1980 1984 2100 2189 2194 2244 2332 2469 2590 2921 2985 3026 3141 3228 3243 3445 3576 3675 3749 3990 3998 4053 4062 4090 4113 4287 4335 4341 4383 4401 4483 454 4637 4783 4816 776 873 879 912 920 926
1002 1114 1128 1231 1357 1543 1546 1652 1757 2024 2103 2168 2381 248 2511 253 2618 2801 2976 2984 3053 3096 3145 3208 3536 3553 3721 3755 3828 3891 3981 410 4189 425 4439 4475 4562 4587 4746 4854 4864 4921 634 658 92
1092 1299 1927 2101 22 2210 2364 2413 2622 2812 2872 3093 3273 3396 3543 3561 3976 4131 4206 4209 4294 4311 4481 4546 4672 473 4836 615 859 917
1019 1591 1683 1923 2035 2244 2315 2494 2893 3263 3445 3491 3642 3729 3747 3820 4061 4323 4547 4696 4737 4752 4848 4883 4970 500 574 608 612
1406 2312 2360 3212 3296 3431 3757 3909 4470 4980
1114 1272 1695 2482 2849 3194 3776 4192 4530 502 840 942
1008 1100 1207 1241 1475 1542 157 1808 1833 1855 1995 2090 2144 2175 2230 2254 2322 2381 240 2438 261 2648 2668 2864 3003 3366 3379 341 3420 3454 3487 3551 3616 3622 3629 3647 3750 3825 3837 399 4167 4435 4464 4611 4882 4883 630
1256 1609 1727 2277 2537 2857 3143 321 3243 3246 3314 3861 3891 4172 4392 4835 555
1022 1199 1316 1649 176 1918 1935 2100 2181 2206 2501 2805 2854 2910 3388 3569 3911 3962 3972 4136 4363 4370 4480 4543 4648 4690 4718 4729 4771 4827 4906 694 758 837 890
1154 1415 156 1607 1820 1821 1942 1961 2211 2338 2377 239 2630 265 2660 2667 2815 3212 3220 3228 3584 3659 3752 3791 400 4061 4107 4266 428 4320 4356 4372 4446 4527 458 4629 4681 4698 4700 4752 4769 4778 4819 4911 4933 563 758
1010 1016 1167 1325 1588 1665 1961 2061 2084 2394 2442 2518 2673 2689 2849 3213 3443 3802 4516 4540 4570 4585 4605 4614 4794 4857 4947 549 68 823
1195 1556 1841 217 2199 2727 277 3451 3471 4502 4792 63
1017 1124 2230 2416 2964 2988 3485 3732 48 4807 4808 4818 64 731 825
1090 140 1709 1821 2350 2356 2451 2609 3012 3186 3204 3244 328 3284 359 3789 3908 3935 3995 4582
1012 1067 1372 1530 1600 1791 1872 2115 2145 2168 2342 2393 3229 3419 4086 4104 4416 4452 4461 4735 4745 532 615 738 755
1509 1525 1532 1560 1841 1918 2090 2283 25 2599 2750 2832 3026 3068 3190 3331 3404 346 3564 3650 3889 408 4189 4286 4352 4559 4562 4815 482 4859 4979 610 762 96
1674 180 1834 1852 2249 2254 254 2718 2992 3330 3568 3730 4101 4223 4385 463 4772 4950 950
1115 1149 115 1188 1233 1265 1555 1704 1708 1754 1783 1794 1810 1840 1919 2151 2166 227 2271 2359 3052 3330 3652 3672 3687 3712 3827 3944 4069 4185 4213 4229 427 4292 4380 4399 4402 4422 4515 4531 4670 4829 4833 485 502 526 786 853
1056 1068 131 1503 1738 1807 2202 3023 3602 3719 3929 4136 4172 4227 4823 496 7 871
1172 1233 2575 2904 2936 3023 3083 3172 3984 4087 4169
1148 1214 1410 1445 1489 1740 1783 1927 195 2195 2296 2327 2347 2398 2623 2694 2845 2938 30 3060 3161 351 361 3703 3746 3764 3770 3827 3911 3977 4015 4126 4228 4362 438 4408 4409 4442 4478 4491 694 801 984
1072 1265 1527 1576 1602 1640 2205 2323 2350 2455 2547 2885 2910 2933 2983 3235 3353 3384 3396 3412 3618 3630 3735 4232 4512 4631 471 4918 703
2231 2382 2505 2550 2717 2979 3000 3139 3824 3944 4055 4219 4670 4951 524 760 822
1116 1224 1708 1999 2010 2355 2677 2777 3239 3243 342 3865 4015 4038 4101 4199 4392 4756 4775 741 769 850 895
1092 130 1482 193 2272 2302 2783 2889 3404 3550 3917 3964 4334 4712 4733 938
1156 1471 1639 1649 1895 2268 2373 2846 2899 2904 2921 2941 3152 3222 3301 3538 3539 3608 3712 3922 4728 4906 536 588
2346 2381 2812 2830 2908 3212 3247 3936 442 4427 4571 4699 4776
1032 1035 1062 1515 1549 157 1572 1583 1638 1694 1711 1845 2557 2564 2642 2663 3039 3270 3399 3509 3669 3739 3917 4038 4113 4498 4521 4550 692
1024 1204 1322 1730 194 2025 2042 2074 2256 2406 2476 2487 2611 2630 2691 2865 3012 3070 3221 3321 3451 3775 3793 4111 4272 4327 4375 4384 4550 468 4689 4736 4791 4996 598 682 863
2281 2315 2631 2636 2701 2754 4118 4120 4557 4825 4977 4998 515
1354 1812 1989 2559 2792 288 3876 550 575 651
1088 1187 1292 1540 1667 1674 1773 1817 2165 2265 2364 2408 2577 2639 2692 3063 3110 3179 3250 3573 3576 3928 4072 4076 4104 4131 4262 4415 4673 4784 4988 556 570 613 693 733 992
1008 1065 1308 1460 1548 1853 1861 1997 200 2042 2119 2216 2422 2569 2698 2726 2868 2894 291 3178 3190 3245 3389 3398 3408 3461 3522 36 3744 3865 3948 4128 4439 4625 4658 4667 4794 4815 4855 4870 4902 578 608 730 743 919
1344 138 1532 167 1851 1997 2106 2693 4158 4192 4274 4618 4723 4978 550 892
1017 1284 1294 131 1366 1749 2346 2486 2675 2703 3009 3487 3590 3768 3783 397 4027 4294 4659
1077 108 1139 1253 1387 1497 1738 188 2072 2212 2408 2621 265 281 2815 2846 2874 307 3194 3423 3540 3547 3563 3825 3879 4181 4266 427 4277 4337 4397 4629 4647 4734 4747 4849 623 931 94
1157 1384 1626 1662 2084 2186 2367 2469 2535 2547 2590 2780 2966 3238 3402 3467 36 3990 4352 4566 498 720
1169 1492 2672 3023 3181 3198 4092 4216 4404 4777 521 631 658 755
1320 1369 1465 1502 1517 1946 2146 2152 2481 2489 2602 2975 3115 3400 3453 3588 3699 3845 3930 4166 4338 4437 4471 457 4628 4858 4870 4939 527 681 731 837 922
1202 1435 2083 2191 2587 2714 3155 3586 3916 4423 466 484 4873 5000 503 97 988
1083 1089 1340 1533 1696 1749 1901 1904 1908 2149 2232 2345 2352 2598 2600 2674 2985 339 3516 4003 4519 4857 770
1047 1092 1096 1108 1212 166 1819 1824 2233 2399 2516 2525 2574 2709 3249 3399 3496 351 3770 3821 406 4181 4277 4350 4360 4404 4535 4666 4784 4855 567 873
1003 114 1309 1548 1653 167 1989 2379 2434 2444 2542 2757 283 2908 292 298 3128 3216 3709 3968 4045 4090 4143 4169 4408 4463 4512 4525 4538 4691 4774 480 4810 4874 4905 4951 543 597 752 978
1 1010 1194 1311 1325 1551 1942 2015 2038 2102 2323 2613 2614 2635 2845 2906 3217 3250 3279 3471 3494 3577 3636 3675 382 3904 4153 4217 4530 474 4743 4816 4850 4861 4922 520 578 69 836 980 987
1055 1148 1220 1525 1590 1617 1755 182 2020 2120 214 2260 2347 2404 2418 2633 2662 2933 2948 3134 3241 3313 3466 3491 3539 3553 3694 3720 3731 3742 3810 4232 4241 426 4317 4319 433 4350 458 4666 4714 477 4793 4865 4945 694 773 950 952
1167 1191 1809 1980 2008 2322 3094 3596 4064 4343 4596 4843
1023 1153 1283 1435 1442 1493 1518 1638 2016 2104 2295 2434 2630 2755 2773 2808 2943 3148 3189 3466 3820 3967 4059 4144 4387 4717 506 577 678
1325 1340 1594 1811 1903 2031 2077 2462 2465 2610 2682 3024 3300 3928 4261 4337 4469 460 4722 508 539
100 1887 2319 2905 3274 384 3935 4370 44 4670 4829 88
1128 1601 1707 2568 2714 3281 340 3511 3637 3652 4142 4317 4440 4883 4952 887
1394 1396 1547 1578 1637 1647 1713 1739 1849 2083 2264 2298 248 2530 2882 3592 3808 3885 3933 3983 4187 4200 4343 4362 4442 4848 4896 490 746 762 869
1121 1172 1456 1699 1901 229 2602 3030 3578 3956 4014 4270 4360 455 52 650
1034 1335 1340 22 2480 2501 3198 3707 3876 4461 907
1220 1799 2023 2028 2457 3846 47 4712 491 940
1458 155 1841 1846 1864 2476 2623 334 3740 4244 4512 4859
1023 1079 1325 1426 1711 1942 2100 2143 2173 2340 2349 2451 2476 2505 2649 2689 2694 2837 2874 2972 3181 3538 3902 3937 4017 410 4179 4415 4458 4631 4719 4760 4904 4972 50 580 841 936 987
1277 1327 1464 2199 2260 2285 2411 251 2769 2822 2990 3060 3171 3308 3338 3723 3768 3789 389 3894 4234 4459 4522 462 4747 4773 490 608 636 892
1 1129 1178 1424 162 189 1996 2069 2751 2757 2780 3119 3248 3264 3437 3491 3537 359 3658 3664 382 3998 4015 4078 4313 4354 4367 4458 4479 4548 4605 4672 4701 4757 4768 4884 4910 4944 4952 4970 578 680 710 782
1145 1332 1576 164 1747 2114 2452 25 2902 3266 4743 4823 596 703
128 191 2177 2770 3454 35 4227 4646 470 4815
1696 2182 2247 2344 2667 2845 311 3229 3740 3909 4122 4374 4422 4555 479 486
100 118 1212 1867 1930 1988 199 2190 2544 2683 3000 318 3262 3412 3596 4007 4142 4540 4555 4682 4683 485
1022 1127 1230 1262 1271 1284 1296 136 1572 1607 1636 1750 1795 202 2247 2438 2508 2763 2909 31 311 3314 3320 3369 3445 3549 3552 3557 3607 377 4055 4111 4182 4224 443 4460 4486 4694 4701 4704 4735 4874 4887 4935 645 906 917
1010 1151 159 1607 1778 1817 2009 2055 2325 2389 2530 2758 3129 3278 3336 3684 3771 4200 4362 4437 4475 4969
1706 1753 1803 2316 2692 2982 3009 3502 3591 4196 4346 4454 667 723 988
1239 1262 1632 211 2683 2686 2909 3100 311 3647 3659 3705 3840 3955 4001 4087 424 458 4713 4935 4963 940 941
1231 1488 1924 2080 2305 2846 3269 3689 4045 417 4170 4410 4451 4756 4920
1040 1292 1468 1797 210 2250 2467 3036 3220 3254 3548 3569 3818 527 654 893
1140 1286 1499 1783 180 2038 2087 2686 3542 4375 4690 4718 911
1322 1372 1381 1531 1874 2145 2406 2546 2892 3254 356 3627 3670 3701 3776 397 3977 4104 441 4586 4740 4906 859 886
1561 2166 224 2805 2875 3163 4096 4242 4611 4864
1738 2136 2399 4056 4375 4962 543 552 654 764 896
1068 1104 1118 1176 1177 1401 1414 1541 1556 1571 1732 1799 1814 1949 2074 2327 2345 2408 2774 2861 3000 3176 3239 3269 341 4045 4095 4176 4208 4300 4722 4772 4837 4872 4977 762
127 159 1992 2344 2667 3153 3211 3329 3334 3337 3609 4037 4226 4295 4890 4950 713 959
1170 1498 187 1895 1941 2165 2422 2739 2981 3 303 3454 3490 3715 4350 4549 4800 891
1066 1257 1344 300 3425 3432 3728 3906 4182 4510 4681 4721 4957 660
1115 1212 1455 1690 2018 2188 2218 254 3251 3285 3458 4107 433
107 1076 1083 1170 1227 130 1387 1470 1497 1723 1757 1964 2053 2228 2423 2497 2613 2661 2766 279 2888 3048 3170 3178 3307 3325 339 3422 345 3575 3773 3784 3789 3824 3911 3995 4014 4053 4078 4171 4528 460 4618 4928 499 681 74 892
1120 1209 1259 1265 1461 1553 1619 162 1628 1745 1764 1944 2231 2299 2372 2407 2532 2635 2880 3123 344 3461 3519 3568 3615 3855 3885 3912 4001 4033 4040 4156 4247 4376 454 4664 4701 4734 4803 4845 4899 4957 4988 610 644 680 693 868 97 973
1008 1055 1074 1193 1326 1402 1816 1874 1923 2004 2046 2146 2170 237 2410 2487 2610 274 2749 2807 2837 3141 318 3491 3640 3744 4001 4080 4262 4374 4652 4811 4995
1243 1923 196 2025 2321 2649 3045 3536 3803 3834 4199 4256 4347 559
1152 1358 1369 1426 1444 1628 1667 1801 1805 1905 2014 2018 2086 2289 2318 2480 2568 26 2611 2825 288 2881 2912 2933 3110 3116 3337 3382 3399 3497 3569 3742 4530 4537 4543 4546 4549 4597 4652 4695 4751 4787 4830 4833 4989 62 634 736 861 983
1078 1149 1313 1331 1363 1661 1890 1973 227 2834 2867 3206 3640 3828 3883 3967 4166 4181 4201 4834 673 676 886
1917 2644 2803 2969 3331 3459 3477 3712 3867 4141 4784 872
1047 1076 1077 1109 1316 1542 155 1654 1711 1783 1811 1847 1863 1944 198 2113 2287 2322 2396 2415 2501 2642 2803 2932 2979 3074 3096 3322 3418 3465 3670 3825 3872 4099 4127 418 4181 4249 426 4289 4366 4431 4435 4919 4946 712 755 765 787
1091 1253 1362 1713 2720 2766 3167 3246 3331 3355 3418 3553 3826 3876 3930 3932 4028 4035 4303 4407 4532 4547 4550 4736 4948 4973 636
1895 1956 3092 3093 3225 3597 3687 4040 4059 4144 4296 4946 773 983
1168 1182 15 1670 1918 2128 2372 2482 3172 3664 3845 3922 4495 4522 471 626 697 82
1251 1513 1713 1716 2686 3189 3273 359 4705 4988 590
1732 1939 2472 2489 2639 2791 2931 3032 3192 3330 3338 3489 3853 3919 4030 4065 4115 4244 4247 4322 4560 4648 4664 4730 4762 486 4861 536
1181 1251 130 1696 1807 2315 2525 2572 2759 2972 3547 3773 417 4187 4562 4927 566 993
1319 135 1353 2010 2159 2167 2247 2451 2615 2766 2786 2916 3405 3804 4130 455 466 4688 619 684 741 867
1258 1299 144 1636 166 1669 1695 1728 2140 2353 2513 26 2704 3078 3131 3150 3361 3395 3415 3447 345 3872 4090 4295 4373 4521 4613 4621 4668 4966 4993 527 593 619 675 711 75 903 940
1071 1471 1635 183 208 220 2366 2467 29 2918 3115 3222 3526 3548 3659 3818 4350 4377 4400 4512 4559 4617 4644 4752 4886 701 797 849
1117 1254 2036 2107 2341 2575 2835 2974 3050 3810 3901 4063 416 4324 4333 4409 4452 4691 533 964
1110 1120 1133 1291 1535 1547 1708 1856 2318 2682 2736 2938 3053 3080 3369 3526 3577 3617 3727 3810 3876 4321 4396 4677 4729 4986 596
100 1073 1125 1246 1258 1342 1358 1363 1385 1470 17 1852 1915 1926 2069 2438 2502 2726 2812 3045 3243 3404 3989 406 4326 4734 4826 4831 4962 528 866
1555 1810 2193 2491 3092 3713 3907 3985 4107 4159
1271 1289 1447 1604 1939 194 1976 2009 226 2410 2975 3596 3728 4051 4122 4149 4641 4682 4753 620 742 786 983
1213 1324 1392 1422 1560 1579 164 1803 1809 1901 2073 2165 2171 2242 2372 26 2656 2696 2783 2903 304 3121 318 3418 3575 3583 3689 4263 4330 4569 4619 4697 4770 4828 4833 4891 786 954
1080 1571 1774 2042 2854 3355 4015 4017 4728 4790 63 737 810
1461 2071 2786 2988 3247 3252 3508 3640 3675 4765 4919 4983 524
1135 1231 1308 141 1460 1753 1784 2156 2171 2543 257 2726 328 3312 3351 3622 3778 3865 3986 4045 4178 4394 4399 4669 4695 4710 4745 4771 48 4817 580 764 884 978
1013 1096 1726 1784 1996 2005 2205 2305 2502 2521 2701 2879 3694 3962 4083 4113 4159 4479 4560 4705 4922 893 980
1038 1995 2309 238 3795 3865 4101 4130 4230 4696 828
1125 1417 168 1891 1966 2175 242 2450 26 2916 2957 3046 3231 3509 3552 3573 4059 4521 4918 5 528
1192 1410 1526 1638 2956 4016 4882 527 748 95
1209 1227 1264 1667 1753 2139 218 2229 2233 2358 2450 2469 2542 2672 2744 2748 2787 2835 2993 3009 3092 3150 3256 329 3369 3537 3639 4092 4336 4487 51 534 665 8
1042 1076 1099 1136 1237 1343 1530 1554 1653 1744 1847 1905 1991 1996 2182 2184 2632 2696 2763 3205 3245 3295 3350 3423 3734 3956 4014 4236 4239 4489 4671 4713 4792 542 681 686 780 951 983
1073 116 1209 1213 1318 1339 1493 1586 1626 1888 2332 235 2410 2518 2626 284 2980 3007 3083 3269 3598 3662 3793 3796 4031 4244 4355 4382 4439 444 4518 4541 4571 4645 4668 4715 4787 482 4896 558 750 784 895 954
141 1956 2590 2803 3476 4112 4413 4670 617 91
1016 1161 1185 1414 1502 1566 169 1853 2078 2152 2351 2372 2442 2541 290 3498 3872 392 4154 4171 421 4243 4800 503 635 993
159 1884 2038 219 2209 2565 2593 2816 3152 3225 3264 3396 3488 3546 3618 4092 4803 4918 936
1292 1314 2176 2593 2739 2918 3038 331 3352 3388 3450 3510 4006 4096 4104 4507 4635 4741 4920 4961 691 751 914
1057 1830 2094 2462 3024 3036 3074 3130 3142 3264 3338 3379 3390 3395 3537 3670 3736 3906 4143 4563 4617 4777 4940 550 697
1041 1106 1115 1195 1316 1344 1532 1875 198 2352 2398 26 2623 2654 2744 2759 2773 2944 2945 3010 3030 3152 3281 3321 343 3548 3549 3557 378 3825 3902 4010 4306 4408 4434 4453 4547 4635 4648 4701 4843 4900 4905 605 799 988
1243 1391 1394 1454 1854 2238 2357 2389 2800 3177 3276 3314 3513 3549 3732 4242 4360 479 542
1211 1302 1306 1543 1637 19 1927 1988 2010 2185 22 2348 2513 2532 2960 2979 3002 3192 3456 3617 3818 3837 3999 421 45 4523 4843 4864 4931 63 703 750 762 987
1005 1214 1667 1856 1913 2 2057 2167 2319 2450 2486 2549 2599 2613 2714 2823 2842 291 2930 3263 3313 3330 3337 336 3422 3474 3484 349 3561 3639 3803 4025 4055 4559 4638 4707 4740 4877 4895 529 563 570 611 774 884 914
127 2131 3250 3548 4595 4689 4856 658 801 951
1042 1139 1230 1424 1664 1836 1953 1954 2102 260 2997 3017 3143 35 4219 4679 4917 950
1468 1477 1577 2140 2631 2663 308 3351 4149 850 97
1108 1424 1452 1827 1908 1974 2776 3045 3166 3312 4348 4397 4475 705
1074 1114 1322 1498 1769 1852 2175 2662 2734 2976 3005 3007 3609 3863 4095
1115 1514 1579 1903 1961 2977 4438 4967 640 954
1101 1233 1299 1398 17 227 2303 2536 3212 3777 4234 4306 4370 4524 4586 4769 4938 590 622 703 870
1088 1175 1190 1201 1223 1299 1683 174 1897 1931 1948 2072 2084 2329 2488 2662 2819 3206 3269 3271 3323 3576 3611 3798 3902 4116 4186 4298 441 4465 4676 4684 4790 4954 4955 622 755 790 815 890 95 994
1079 1611 1900 2082 2119 2176 3785 3854 3897 4184 4185 4186 4427 4434 4532 4752 534 873
1086 1141 1242 1286 1354 1378 1398 1734 1872 1908 210 2330 2350 2389 2430 2488 2515 2555 2738 2766 2896 3069 3325 3360 340 3722 3942 4006 4340 4415 4508 4985 622 738 739
1316 1461 2465 2512 252 2756 2957 3208 3505 3637 4292 4387 4414 4776 5 517 664
1055 1346 1971 2249 2277 2570 2682 3606 3926 4134 4523 4918 993
1000 1065 119 1204 1217 1228 1242 1287 1377 1580 1586 1686 1738 1785 1841 196 201 2211 2427 2584 2662 2674 2837 288 2949 3071 3094 3308 3353 3356 361 3614 3623 3709 384 3917 3995 4031 4265 4405 4565 4638 4659 4675 4797 4945 719 911 967
1597 1746 2237 2668 2675 296 3093 3153 3215 3643 4247 4350 4422 86
110 1289 1339 1583 1638 2263 2498 259 2800 291 2979 3025 3200 3257 3359 3442 3696 3750 3789 4060 4118 4247 4259 4327 4451 4895 4989 584
1396 1426 1565 165 1753 2871 3139 4192 4226 4627 644
1601 1822 2208 2349 2376 2489 2663 2740 2742 3096 3302 338 3760 3942 4226 430 485 748
1169 1212 1291 156 2014 2176 2483 2486 2626 269 2844 2883 3233 3472 364 4015 4038 4218 4322 4330 4658 4670 4771 4796 4813 4904 4919 4937 615 667 74 814 859 929 935
1191 1744 2835 2859 3066 3086 3336 4350 4849 554 657 949
1540 2359 2738 2826 2959 3565 3714 4070 4326 4483 4940 558 736
1713 1997 2166 2248 2465 2478 2517 2789 281 2971 3533 3780 3881 3973 4224 4395 677 724
118 158 1609 2030 2677 2983 2990 3492 4296 4322 4340 4390
148 1515 1598 1852 2115 2213 229 2511 2555 2569 2593 2594 2661 2711 2839 2848 2957 2996 3 3004 3063 3071 3155 3376 3451 3556 3567 3799 3813 3844 4137 4153 4288 4320 445 4487 4577 4608 4672 4747 4996 580 584 701 801 930
1135 1144 1168 1190 1192 1237 1392 1435 1444 1471 1574 1714 1859 1915 204 2140 2247 2469 2897 3048 3058 3118 3178 3245 3290 3318 333 3340 3493 3550 3813 3826 3863 4283 4361 4365 4453 4554 4572 4651 4722 4795 4950 4978 5 686 816 978
1008 1153 1250 138 1453 168 17 2536 279 3021 3079 3099 3309 3332 3364 3496 3716 3778 3956 434 4572 4586 4707 4747 4847 4952 51 659 696 787 871
1037 1081 1776 1826 1970 2148 2268 2306 2360 2417 2530 2632 3150 3181 3340 3388 3393 361 4036 4370 4465 4496 4623 463 466 4736 4745 4822 4867 533 773 776 856
1011 1215 1247 1276 1417 1421 1602 1696 1723 176 1862 1962 2074 2095 214 2218 2475 2599 2800 2849 2874 2893 3039 3078 3080 3107 3204 3233 3321 3348 3481 3543 3695 3711 3841 3978 4152 4153 4156 4189 443 4513 4527 4631 4695 4879 686 791 814 986
1000 1099 1164 1207 1843 1875 2088 2701 2948 3093 3466 3912 426 531 667 862
1059 174 224 2489 2564 2717 2803 2910 2945 342 3527 417 4232 4585 4687 4965 813
1022 1141 1195 127 1325 1491 1788 1951 2018 2097 2128 2138 2167 2221 2267 2394 2455 248 2493 2594 2672 274 2759 2775 2890 2949 2957 2978 3 304 3110 3176 3237 3287 371 3976 4113 4277 4324 4532 4618 4738 4781 721 877
1145 1156 1445 1490 2153 2400 2457 2465 2515 252 298 3405 343 3442 3449 3541 3777 3780 3834 3836 397 3985 4148 4461 450 4611 490 728 813 823 840 907 913 935
1205 1251 1321 1823 210 2568 260 2846 2919 3013 3262 382 3868 3881 4277 4312 4374 4638 4967 898
1671 1874 25 2783 3012 3271 330 4164 4770 913
1076 1273 1455 1574 1576 1640 1732 1767 1939 21 2181 2308 2413 2438 2595 266 2693 2738 3083 3382 3415 3552 3706 3932 4046 4430 4541 4681 4697 4831 4847 622 842
1150 1203 1261 168 1705 197 2047 2343 2351 2408 2572 2815 2905 2999 3369 3838 398 4482 4516 629
1046 1106 1108 13 1308 1398 1400 1519 1644 1725 1790 1906 2367 2407 2437 2515 2674 2822 2859 2866 2926 340 3637 4458 476 536 598 750 784 949 958
1038 1697 1888 2902 297 3228 4854 55 590 928
1106 1166 180 1895 2134 2343 2369 2573 2723 2863 298 3122 3221 3295 3353 3448 3797 3850 3855 3917 397 4199 4306 4361 461 4668 4891 4907 4915 591 665 72 8
1364 1424 144 1669 1848 1888 2319 238 2438 2810 2833 2869 2893 3040 3159 326 3304 3750 3915 3965 4114 427 4315 4340 4347 4372 4449 4622 4692 4903 645
1178 1405 1579 192 2734 2791 3026 3340 3452 3594 4025 4111 4246 4288 4364 558
102 1062 1191 1293 1336 1488 1534 1600 1724 1794 1892 1943 1951 2241 248 2481 2528 2535 2564 260 2695 2726 2921 2922 2941 328 3387 3522 3646 3784 3993 4065 4126 4243 4580 4682 4863 566 583 611 659 661 714 930
1127 1295 1313 2349 2552 286 2939 2968 3083 3138 3217 3375 4352 4413 4816 604
1726 2103 2182 2987 3160 3644 379 3959 4126 4179 4340 4378 4640 471 4930 549 746 911
1115 1290 1828 2210 233 2694 3412 3748 4494 4820 4858
1113 1164 1247 1652 1782 1794 19 2290 2442 2704 2892 3027 3182 3340 3389 3448 3590 3853 3908 4153 4408 4691 4731 4741 4772 4851 4861 497 599 733 78 903
1192 2367 2424 2477 2818 3253 3380 3840 4377 4493 4704
1090 114 1172 1300 1749 209 2329 2339 260 268 2717 2790 3402 3477 3622 3670 3924 4158 430 4557 4584 4690 4756 4806 489 610 640 680 695 786 82 891 952 989
1119 1903 1940 2004 2140 2507 2687 2960 3 3285 3367 3395 3470 3846 4308 4355 4429 4858 558 919
1051 1471 1783 1892 2555 2716 3043 3739 4298 4399 4969
1025 1044 1088 1327 1428 211 3115 3192 3442 3470 348 3667 3681 3739 3928 3935 917
1132 1151 1568 16 252 2629 275 2872 3383 3509 3537 3940 4134 4954 870
1230 1299 1303 1329 1917 2212 2921 2949 3070 3326 3534 3551 3747 3827 4176 4218 4597 4731 4938 621
1110 1176 1748 1879 2004 2621 3064 3236 4776 4910 4958
1243 1701 2036 2042 2758 2776 2814 3239 3453 3897 3981 4666 4801 742
1216 1628 1631 1665 1740 1764 177 1790 1794 1970 1997 222 253 2659 3027 309 3383 3450 3467 3669 3693 3824 3892 400 4130 4149 4176 443 4623 4830 4844 666 754 955 975
1 1009 1090 1186 1397 1499 155 1578 1782 1806 1887 1897 2106 2171 229 2358 2376 2453 2454 2455 2462 2475 248 2525 2545 2629 2964 3003 3059 3330 3346 4017 4169 4199 4363 4559 4810 4819 4926 4964 543 554 64 645 695 761 780 802 911
1033 1058 1295 148 1625 17 1723 1951 2109 2166 2239 224 2271 229 2299 2356 2424 2696 2763 3086 3396 349 4090 4204 4226 44 4548 4698 4854 4888 4898 4940 566 595 717 736 861 941 942 980
1139 1365 1845 1949 2427 2461 2903 3255 3415 3447 3671 3851 399 843
1022 1071 1077 1178 1372 2398 247 2556 2626 2627 2861 2879 2924 356 3669 3687 4129 4144 4267 4280 4401 4433 4648 4950 915
1068 1161 214 2173 2218 2279 2290 2599 2925 3210 3467 3602 372 3721 3990 4383 4472 462 4634 4652 4664 4800 4801 4843 4863 508 718
183 2282 2305 2630 2996 3001 3038 3491 3625 4220 4275 967
1160 1617 1720 1973 2018 2067 2112 2232 2434 3376 3476 3512 3592 3725 4196 4375 4420 457 4618 4997 647
1208 1421 1461 1575 1658 1778 1910 1983 2004 2165 2173 2194 2263 2643 2686 3190 3204 3215 3552 3611 3845 3948 4053 4194 4324 4519 4640 4666 4893 4921 5 615 930 965
1065 127 1309 1399 1753 1782 1945 2072 2080 2240 2453 2519 2754 2822 3128 315 3549 3694 3990 4 4186 4229 4295 4465 4679 4690 4691 4756 883 911 929 992
1316 165 1722 2529 3219 3252 3381 3453 3500 361 3924 4010 4432 4556 4690 4831 4875 4968 758
1000 1657 1846 1988 200 2476 2489 252 2973 3526 4259 4265 4294 4529 4746 507 586 611 83
1237 1309 1476 1617 1709 1950 2052 2058 2222 2257 2288 2423 275 2780 2840 2861 3120 3152 3172 3189 3203 3238 3294 3581 3641 3674 3757 384 3872 3901 3921 3991 4075 4352 4393 4411 442 4775 4959 4991 540 654 723 729
1017 1490 2050 211 3107 3339 3505 3646 4051 4263 4296 4310 4382 4622
1019 1731 2014 2166 2415 2686 3364 3557 614 659 765 972
1081 1354 1491 1660 17 1781 1942 2226 2325 266 4401
1113 1145 1204 1227 1240 1487 1812 2316 2342 2581 2652 2659 2960 3116 321 3465 3521 3610 3827 3835 3932 4039 4080 4121 4128 4212 4221 4263 428 4426 4493 4521 4611 4623 4739 475 4775 586 68 896
101 1019 102 1025 1295 1338 1420 1491 1695 1728 1809 2014 2025 2156 2475 2600 2624 2848 2895 2964 2980 3009 314 3248 3364 3429 3581 3655 3727 3811 3969 4006 4099 4144 4168 4196 4221 434 448 451 4794 4832 4865 528 534 575 681 773 776 85
1145 1209 126 1615 1830 2147 2206 2486 2594 2921 295 3119 3294 3373 3393 3490 3912 4149 4166 4236 4339 4825
1100 1410 1644 1956 2009 2083 2318 2615 2623 2680 2777 2794 2912 2969 3181 3273 3433 3469 357 3683 3742 3849 3998 442 4505 4559 4638 4654 4659 4770 536 573 575 667 737 974
1017 1121 1941 2243 2321 2511 2756 2887 3981 399 3992 4064 4146 4435 4585 4777 580 84 962
1641 1759 1922 2097 2169 309 3145 4058 4329 4510 4763
1395 1758 2311 2346 2350 2401 2451 2532 2970 3021 341 3481 3570 3629 3764 3961 4187 4577 4721 4861 491 4944 582 896 9 964
1274 167 1709 179 2106 2205 2682 3047 720 770
1048 1153 1276 1542 1605 207 2143 2291 2356 2452 2864 3682 3709 3864 4088 455 4672 4796 4905 778 858
1363 2155 2192 2581 3229 3659 3841 3994 4118 4163 4489 4616 4759 4796 623 815 972
1221 1225 1636 2080 2239 2274 2360 238 2461 2502 254 27 2726 2846 2875 2973 300 3078 3254 3445 3489 3577 3579 3760 3866 3881 3936 3938 3947 4 4022 4148 435 4378 4445 4525 4631 4732 4765 4917 4935 534 55 582 724 770 813 874 978
1051 1217 1635 2014 2359 2535 2689 2858 3107 3770 3774 3948 395 4038 4189 4268 4380 4693 4739 4972 664 755 773 988
1237 1262 1461 1464 1570 1621 1941 2101 2102 2138 2203 2323 2329 2399 2454 2649 2689 272 2722 286 3007 315 3247 3419 3452 3756 3928 3949 4112 4220 4267 4294 4707 4760 4899 4915 4926 608 701 930
12 1280 1417 1935 2323 2344 2661 3250 3837 4073 408 4479 4515 4699 4704 4912 4933 907
1051 1196 1905 2072 2095 2231 226 2567 294 2969 2985 3013 3166 3596 3742 3898 4057 4105 4148 4169 4515 4723
1042 1135 1773 1794 183 2015 2088 2295 2342 2546 27 2823 2997 3348 4073 4198 4523 4662 49 4902 4933 4939 578 589 630 826 884 906
1136 1653 1831 2 2194 2531 2835 3360 3678 3725 401 4021 414 4363 4642 4698 4879 563 806 869 972
1000 1217 1722 2176 226 2528 2687 2744 3505 4030 417 4336 4383 4663 4880 543 843
1149 1161 1374 1757 1762 1763 1780 2176 2239 2329 2494 260 2945 3418 377 3983 4163 448 4888 4923 64 653
105 1086 1130 1143 1167 1211 150 1554 1635 1650 1728 1809 1845 199 2059 2183 2218 2301 2316 2666 2787 3149 3332 3348 3363 3518 3543 3690 3846 410 4231 4240 4290 4396 4657 466 4734 4869 4947 495 582 651 9 936 949
1389 1453 146 2039 2152 2463 249 2666 2800 2801 2934 3355 4081 735
1214 1917 2517 2651 2902 3110 3238 3567 3915 3967 4091 4182 436 446 4602 4627 836 84
1579 1967 2018 2267 285 3046 3097 3189 357 3709 4143 4433 4745 819 960 990
1182 2177 2941 3020 3152 3511 3572 3617 4243 431 4781 782
1149 1187 1465 1825 2384 251 2657 2708 2880 3217 35 3558 4020 4352 442 4755 610
1091 1212 1525 1602 1789 1803 2009 2352 2361 2610 2659 2698 2800 2976 3167 3171 3189 3274 3706 3893 3944 4037 4058 4154 4359 4368 4546 4597 4839 4994 765 88 949 951
1807 1853 1924 227 320 3318 3375 361 3990 4033 4625 4730 4896 4973 4986
1363 1369 1491 1526 1652 1944 1953 2041 2453 249 2631 2879 2910 333 4069 4310 4882 4958 503 870
1104 1239 1242 1342 1346 1515 1591 165 1820 1831 1862 1884 2119 2133 2202 2350 2351 2394 2481 252 2542 2710 3103 3206 3308 3342 3394 3511 3777 3813 3836 4065 4169 4303 4340 445 4851 493 4966 4980 544 63 697 737 741 743 796 898
1002 1164 1176 1323 1358 1376 138 1584 188 2235 2356 2370 2388 2454 2647 2756 2813 2899 3040 305 3078 3219 3585 3677 3727 377 3811 3913 3934 3950 3955 3958 4208 421 4420 4525 4541 4746 4782 4810 57 570 629 811
1293 1333 1367 1444 1446 1456 1460 1573 207 2093 2283 2306 2566 2966 2977 3118 3294 3413 3472 3630 3744 3989 3995 4262 4308 4327 4679 4719 4785 4957 4981 724 794 829 888 903 919 964
1382 1482 1586 1602 1967 2328 2479 2504 2518 2737 276 2806 2831 2962 2984 3200 3353 3399 3784 3820 3853 4098 4354
1047 1062 1262 1757 1894 2084 2183 2199 2380 274 3076 326 3396 3526 3704 3868 3948 4263 4487 4489 4566 476 4998 515 891
1161 1837 1853 1967 201 2081 2122 2200 2244 2413 2613 2862 2973 3145 3149 3287 3302 3340 3450 3865 4025 4051 4058 4273 4384 4581 4594 4875 778 894
1033 1205 1238 1240 1347 1402 1526 1531 156 168 1827 21 2127 2204 2301 2399 2407 2457 2616 2683 2771 2944 31 3221 3233 3317 3368 3510 3695 3761 3764 3919 4080 427 4401 4415 4509 4560 4579 4608 4687 470 4854 4855 4897 4911 707 806
1227 1490 1949 1962 2060 2156 2183 2686 294 3161 3432 3641 4115 4196 4267 4366 445 4529 4638 4687 4836 4841 4925 512 54 868 910
1077 1156 1494 1562 1980 2452 2488 2502 262 2849 3045 3118 3379 3461 3800 40 4036 428 4735 4818 4838 4904 4919 552 716 739 914
1002 156 1629 172 185 2092 2564 2615 2669 2727 2790 2806 2913 3106 3139 3426 357 4094 4234 4459 4576 4714 4881 683
1737 1755 1994 220 2441 2483 2512 2649 279 2884 3430 3667 3784 3915 3945 4242 4261 4434 4513 4640 4654 4730 4731 4765 556 649 881 896 914
1560 1662 2007 2074 2299 2512 2844 295 3005 3419 3480 4384 4470
1110 1120 1356 1396 1980 3079 3269 3282 3310 3775 4171 4190 462 480 731
1061 1145 1730 1971 2274 2806 2969 3755 4164 4356 571
164 2512 2531 2626 3451 3660 3725 3789 3960 4059 4136 4541 555 891
1023 104 1067 1139 1579 183 1974 2050 2439 2808 2983 3128 3538 3552 3681 3743 3983 44 4454 4522 4803 4850 92 955
108 1297 1438 1495 1548 1961 1990 21 2200 2273 2294 2364 2380 2677 2720 2847 3114 3321 3369 34 3607 3703 3777 3816 3824 3872 3959 4017 4058 4074 4122 4385 4544 4797 4844 4906 4961 549 594 6 677 927 940 97 977
108 1122 1214 1403 1425 145 157 1580 1690 1733 1773 1784 1795 1830 1833 207 2096 2138 2204 2338 2376 2454 2474 255 2609 2694 3027 3082 3310 3421 3519 3601 3666 3906 4237 4263 4318 4348 4437 4472 4481 4497 4540 4791 527 580 647 814 832 859
1240 1619 1973 2203 2338 2642 2839 284 2921 3200 3466 3471 3521 3650 3817 3955 408 4170 4242 4348 4406 444 4546 4557 4637 4723 651
1164 167 1926 2035 2374 2452 3048 3168 3467 3973 4291 4586 4717 4739 506 92
1372 1464 1488 1659 1949 2479 2508 2687 2918 3248 34 3467 3481 3568 3574 3583 3585 3634 384 3859 3977 4130 4214 4452 4936 4941 4950 4972 56 599 634 691 838 92 936
1254 1307 1393 165 1791 185 1964 2635 2912 2999 3284 4089 4321 4472 4711 570
1862 1964 2055 2185 3128 3168 3423 38 416 602 680
1046 1048 1115 132 1346 1403 1711 1787 1939 2221 239 2723 2791 2909 3183 3864 4085 4230 4329 4561 4589 4600 4609 4688 4837 489 523
1000 1022 108 1687 2391 2456 3002 3165 3755 3775 4064 4292 473 4915 4918 515 946
106 1141 1755 1980 2960 3115 3361 3490 3501 3935 415 4404 4459 4760
1114 1148 1266 1731 1784 1887 19 1944 201 2074 252 2693 2889 3006 3245 3287 3597 3999 4160 4183 4327 4494 4702 4729 4772 4827 4850 4887 4898 4968 50 532 586 594 610 692
1015 1296 1348 1350 1498 1570 1605 1756 178 1799 1892 19 1983 2096 2242 2424 247 2689 2886 2936 3116 3307 3780 3915 3958 4005 4058 4071 42 4249 4257 426 4313 4562 4768 4839 4851 4863 506 726 731 941
1276 1448 1464 176 1764 1817 1835 1854 2251 2420 2451 2549 2718 2837 2961 3336 351 3704 3732 3864 4400 4419 48 4861 4912 4996
1081 1250 1485 1501 1747 2132 2168 2249 2406 2531 2598 2639 2757 2864 3361 3471 3543 3728 3818 3869 4087 4200 4316 4443 4658 4667 4678 4779 4958 4965 4970 550
1171 1267 1283 1602 1739 2143 2159 2214 2345 2355 2822 2851 302 3312 3596 3642 3650 377 3821 3834 3913 4070 4573 4678 4764 4769 4789 4829 623 746 873 962
1180 2122 2404 2899 291 3426 4070 4427 533 803
1153 14 173 1992 2020 2263 2663 2897 2919 3042 3067 3225 3395 3687 4116 459 4611 4781 480 573 612
1294 1763 2152 2155 2200 2318 2428 2439 2475 2606 292 3172 349 3549 3554 4543 4966 906
1033 1441 1518 1594 1755 2038 2039 2117 2143 2357 2776 3229 3241 3509 3646 3693 377 4115 4174 4318 433 4537 463 4771 4782 4795 4855 505 815
1103 119 1327 1369 2186 2919 3646 3679 3806 4259 4445 445 4487 4694 4792 4839
1255 1899 1991 2780 3077 3156 3282 3351 3402 3686 382 3908 3942 4167 4335 4336 4455 4569
106 1474 1925 2232 2827 3024 3278 3608 3883 4137 438 4527 692 882 958
114 144 1531 1692 1853 1935 2244 2283 2365 2420 2625 2693 27 3294 3597 414 4420 4674 4951 861 902
1426 1884 1913 1984 2635 2646 2999 399 4915 788
1464 177 1803 1973 2167 2173 2182 2323 2343 2407 2937 3012 3058 3183 3325 3668 3965 4190 4261 4713 812 84 894
1023 1025 1187 1211 145 1630 1847 2082 2658 270 3017 3109 3166 3204 3703 3747 3750 3936 4064 4225 4437 4569 4737 4858 582 612
1119 1164 1296 1332 1624 1695 1719 2723 3028 3121 333 3389 345 3612 3641 3749 3774 3802 3919 4339 4386 4451 4519 4522 4580 4605 470 4965 4974 75
1038 1338 1855 2147 2361 2659 269 2792 3020 3074 3177 3872 4029 52 728
1283 1632 2295 2365 2424 2469 2549 2630 2698 2862 294 3331 4008 4037 4174 4194 4503 4827 4940 852 884
1157 145 1572 2286 2361 2528 3306 3350 3409 3811 3944 4035 4230 4768
1149 1564 1904 2 2101 2198 2234 251 2582 2666 2691 2792 2839 3303 3918 598 942
1429 1514 1547 249 2606 2727 3539 4051 4092 4287 4614 963
1073 1097 1127 2091 2231 2365 2966 3567 3985 4566 4807 737 974
1396 1425 1649 1797 2305 2969 3265 3452 4003 4166 4397 4646 4782 4981
1032 1033 1086 1261 1311 1354 1631 164 1710 1825 2193 2439 261 2788 2854 2904 3214 3285 3388 3398 3688 414 4194 4281 4309 4398 4448 4607 4711 4717 4773 4912 4987 673 712 770 968 973
129 1489 1988 22 2532 3078 3292 3830 4219 4318 4605 480
1258 1348 1394 149 1613 1799 1841 1935 1993 2098 2156 24 2824 2899 2941 2964 3018 3109 333 3407 3557 3646 3881 3982 4303 4310 4406 4495 4736 4780 4848 4954 537 538 586 709 954
1284 1385 1607 1745 1764 1798 2014 2060 2192 2286 2345 2417 2602 2606 2619 281 290 3109 3187 3222 3247 3575 3783 3840 3895 4045 411 4179 4226 4240 4444 4532 4711 4737 479 4828 4982 982
1023 1122 1200 1481 1674 1790 1881 1988 2019 2066 2283 2342 2432 2674 2750 2973 2997 3007 3168 3198 3353 3369 3599 3707 3972 4563 4789 4818 4873 4991 565 731 846 850 919
112 1199 1214 1261 1374 1778 182 196 270 305 3060 315 318 3343 3569 3985 4203 4319 4719 947
1031 1607 166 2461 2720 2744 2777 2835 2879 2895 302 3489 3547 3604 3633 3863 396 4619 68 762
1048 1227 2131 2455 249 2691 2754 304 3336 3843 4189 4423 4484 4496 4753 4759 4875 4989 502 719 739 995
1068 1088 1108 1247 1385 1425 144 1605 1626 1961 2055 2513 2598 2607 2694 2897 3150 3638 3838 3967 4214 4622 75
1465 1641 1644 169 2046 2049 2112 2183 2469 2667 3013 3425 3494 3829 3849 3967 4296 4607 4742 4784 4880 54 566 665 913
2165 2680 284 2914 3012 3308 3589 4388 4395 916
106 1157 1350 1367 1668 1788 2066 2165 245 2453 2696 3077 319 3365 3519 3551 3745 4313 433 4372 4446 4494 4705 4721 4782 491 56 57 817 900 943
1013 1166 1484 1725 2327 2456 2650 4030 4525 4939
1709 1863 2334 2795 3445 3521 3664 3742 4017 4080 558
1191 1243 1293 1327 144 1555 1612 1690 1708 1918 1995 2010 2073 2096 2219 2532 2692 2716 2774 313 3226 3285 3490 3567 3585 3602 3729 3855 3897 4198 4201 444 4516 4557 4753 4767 4986 5 52 556 570 801 894 935
179 2015 2196 2572 2600 2643 305 3630 3649 4240 4449 4688 4702 4706 4872 4944 694
114 1218 1480 2107 2570 2593 2703 3627 3731 3818 4051 4294 4357 4397 4413 4423 4577 4825 576
1543 1688 172 2101 2147 2212 246 2530 2677 288 3981 4023 4382 4493 4580 4773 4808 67 72 738 824 839 91
1818 2198 2230 2261 2391 2723 317 343 3494 3522 3561 3930 408 4084 4168 4428 4787 843 941 950
1204 1820 2210 2971 3289 3562 3773 491 52 652 862
1079 1199 1277 1493 153 1619 187 2231 2386 2412 2480 2481 2555 2655 2722 273 3080 3302 3469 3598 3721 3777 4005 4069 4130 4142 4163 4408 4507 4560 4595 4656 4874 4951 4953 4994 511 673 788
1697 2052 2875 3025 3556 3677 3731 433 4979 4986 642
1051 1104 1298 1971 2773 3204 3957 4208 4329 4808 4825 4980 961
1180 1198 123 1265 1494 1505 1532 162 1641 1762 1838 1918 196 1978 2112 2337 2456 2621 2988 3046 3062 3488 3559 3776 3873 398 40 4176 4261 4445 4465 4599 4645 4836 4939 506 571 594 620 778 794
106 1168 1319 1367 1554 1804 1806 2001 2013 2163 2174 2184 2404 2423 249 2620 2714 2805 2948 300 3076 3425 3556 3807 3851 4035 425 4275 4569 4602 461 4617 4647 4895 584 769 826
1322 1749 1838 193 2382 2445 3079 4458 4755 978
1003 1024 1062 1073 1192 13 1384 1551 1763 1913 1926 2090 2232 2386 2892 290 2930 3050 332 3379 3952 3994 4019 4062 4065 4321 4938 50 592 810 843
1048 1271 1650 2261 2324 233 2471 2568 3315 4156 4190 4276 4362 4397 4618 4890 584 665 813
1026 1180 1390 2007 2808 3023 3069 3324 4068 4269 4607
1304 1308 1398 1811 1974 2168 2420 2766 2941 3454 3581 3739 4044 4361 4589 4617 4827 4857 4888 4911 552 84
1214 1398 1601 1609 1760 182 1854 22 2355 3048 3768 4399
1476 164 2287 2704 2786 2787 3855 455 4953 853
1041 1106 1233 1445 1606 1825 2041 207 2255 2406 2568 328 3525 4061 460 4833 4935 763 964
1000 1207 1368 1556 1885 2176 2528 2747 3050 3192 3313 3906 4095 4631 4634 4729 4925 4936 692 728 737
1161 1569 1748 1884 2024 2041 2678 3221 3573 3958 4142 4717 620 687 811
1122 1167 1337 147 1571 2159 2173 2288 2501 2700 2864 3034 3046 3076 3402 3503 352 4095 4101 4124 4233 4534 4602 4637 4760 670 741 8 870 988 998
1190 1240 1313 1385 1387 1515 1632 1685 174 1845 2007 2018 2167 2293 2314 2338 2549 2604 2791 2844 2912 309 3285 3509 3837 4446 4660 4785 488 4990 80
1020 1121 1139 1242 1470 1586 1617 1643 1647 1670 187 1877 1927 1941 2166 2305 246 2714 2848 3058 3093 34 3413 3425 3647 3716 3770 3791 4086 4101 4335 4382 4434 451 4697 4728 4797 4818 482 4841 4928 4981 4983 4998 733 863 903
1284 1291 1525 1571 1572 1583 1741 2335 2397 2417 279 2917 3681 3909 4035 4260 4335 4776
1205 1344 1379 1489 168 1774 200 2204 2358 2429 2449 246 2599 2600 2603 265 2740 2751 2823 2873 2947 30 3221 3231 3317 332 3338 3353 3547 3915 3989 4107 4164 4213 4339 4385 4662 4722 4785 4916 4943 4958
1749 1984 207 2321 2736 3808 4235 4995 820 9
1005 1060 1109 1131 1249 1257 1289 1344 1377 1504 1748 175 2064 2066 2069 2100 217 2218 2304 2336 254 2705 2845 2864 30 3027 3163 3223 3408 3422 3502 3578 3670 3696 4194 421 4231 4399 4407 4420 4496 458 4704 4866 4885 4947 896 935 958
121 1392 2046 2086 2113 2193 2286 2378 275 2788 3040 3319 3364 3530 3534 3576 4240 4306 4741 4980 705 712 893
1056 1596 247 3024 3203 3265 3417 3820 3894 4243 4292 4619 4738 4912 709 741
1374 1514 2006 2414 2481 2569 2652 269 2771 344 3493 3534 359 3977 4230 4326 4343 4595 4793
1455 1580 1667 1852 1908 1974 2203 2431 2504 2547 2631 2874 3220 3248 3284 3338 3467 3470 3490 3712 3813 3940 4183 420 4263 4629 743 987
1385 1547 1580 1732 20 2103 2233 2242 2247 2425 251 2514 2534 2615 2919 3068 3164 3243 3476 35 3731 3812 3864 4172 4463 455 4618 4627 4733 4922 4935 586 77 784
1068 1113 1308 1396 1424 1460 1613 1674 183 1911 2020 2039 2645 2696 2704 2734 288 2944 2966 2976 3166 3171 3203 3376 3447 3481 3578 3586 375 3863 3883 3892 4020 4113 4428 444 4561 4605 47 471 4765 4969 4992 560 765 894 988
103 1094 1132 1166 1295 1313 1746 1930 2004 2022 2198 2346 2388 279 2857 286 300 3005 3379 3415 3470 3561 4142 4196 4289 4406 4419 4571 4909 536 593 733 806 853 925 933
1019 1094 1107 1125 1348 1403 1531 163 1665 1686 1711 1995 2295 2408 2567 2594 2723 2851 3010 3033 3221 3308 3486 351 3608 3622 3720 3987 4200 4240 4341 4481 4486 454 4718 4823 4848 4872 488 4887 4980 552 696 846
1056 1318 1788 2115 2145 2245 2332 2506 2776 2784 2788 2834 3183 3206 3540 3744 402 446 4513 4568 974
1224 1482 2131 2278 2611 2612 339 4437 4766 589 66 812
1083 1153 1168 1169 1509 1686 1821 1823 2060 2430 2517 2586 2841 3003 3005 3145 3204 3271 3430 3474 3622 3730 3752 3889 4183 476 625 663
1019 1055 1117 1205 1391 1499 1578 158 1637 1758 2175 2178 233 2528 2537 2617 2698 2722 2740 2879 294 3002 3265 3386 3401 3599 3807 3973 4406 4428 4461 4521 4769 4790 4967 499 65 719 862
1066 1339 1501 1568 1811 183 2145 2446 2467 2498 251 2567 2682 2990 3002 3021 3220 3269 3274 3375 3433 416 4168 4183 4185 4231 4473 4592 4668 4695 4981 568 619 681 703 753 777 846
1489 1568 1904 1915 2050 2527 2629 2833 309 3177 319 3597 3736 3766 3900 4049 4485 4676 491 951
1241 1502 1518 2001 2080 2586 2591 2600 2602 275 2821 286 3014 3079 3153 3485 3521 3531 3824 4049 408 4110 4118 4166 4177 420 4526 4548 4694 4795 4883
108 1283 1819 2384 3181 3526 4549 4739 4864 503 557 640 749
1150 2001 2670 3040 318 410 4543 4948 763 878
1047 114 1220 1289 1312 1342 1601 164 1772 1884 2242 2301 2316 2327 2423 2482 2515 2771 2822 3078 3176 3194 3302 3493 3678 3744 3864 401 4016 4081 4154 4156 4266 4267 439 4483 4487 4496 4842 487 4888 4962 542 762
119 179 1797 1874 2274 2325 2391 2642 2699 2751 2757 2858 2870 2895 2898 2932 343 3780 3878 4038 4049 4483 4529 4591 982
1065 1241 1412 1677 1716 185 1981 2097 2184 2281 239 2427 2806 2849 3013 3503 3826 4113 4117 4268 43 4375 4496 4697 4718 4754 4815 778 846
1118 1136 115 1275 1342 1466 1472 1503 1574 1631 1733 2119 2262 2301 2394 2520 2786 2813 2819 2862 2899 2905 2910 304 3337 3393 3399 3959 4086 4337 4347 445 4451 4475 4780 4794 4816 4999 500 590 611 774 871 898 974
