1009 1180 1230 1474 1950 1953 2102 2128 219 2488 2871 2956 3460 3579 3688 3714 3749 4008 4194 4315 4450 4537 4676 4682 587 846 
1067 1274 1342 1422 1434 149 1686 1711 1823 2068 2104 2108 2177 2276 2384 2392 2588 259 264 2913 2925 3040 3249 3250 3428 3440 3586 367 3862 4101 4114 4188 4202 4347 4429 4451 4615 4620 4627 4715 607 697 708
1158 1215 160 1687 2007 2178 2244 2267 227 2432 2483 2561 2798 2847 2916 2973 3295 3303 3457 346 3595 3756 3902 427 443 4550 4591 4657 4852 495 817 826 841 887
1011 1071 1392 1436 1578 1796 1817 2000 205 2257 2350 2514 3148 375 3858 417 4170 4223 4238 424 4278 4339 4459 4543 4581 4599 470 4816 4948 505 811
103 1072 1175 1246 1258 1291 1348 1393 1438 1475 1523 1573 1701 1759 1790 182 1848 1874 1984 2042 2069 2104 2114 2158 2208 226 236 2393 2421 243 2448 2492 2527 2557 2614 2645 2668 2687 2765 2770 2783 2799 2806 2852 2915 2950 2970 2987 3009 3046 3100 3113 3192 322 3239 3324 3355 3402 354 3613 3642 3678 3710 3829 3965 3990 4006 4231 4242 4279 43 4314 4327 4352 4417 4432 4463 4549 4582 4591 4598 4628 476 4762 4771 4829 486 4875 4939 4954 4980 4990 4992 506 540 561 70 76 761 786 793 884 889 897 923 944
1008 1048 1078 1517 1519 170 1718 1736 1983 2094 2101 2105 2167 2376 2395 2408 2494 2517 2723 2932 3271 3482 3488 3499 3802 3861 3951 4195 4497 4532 468 4842 4874 4965 4967 498 611 65 773 866 919 967
1281 148 1700 1877 2526 2734 282 2888 3018 3055 3057 306 3177 3206 3389 3396 3502 3796 3903 4032 4080 4115 4127 4253 4257 4274 4279 4309 4505 4519 4520 4632 4670 4927 4936 605 646 673 738 740 90 962 964 992
1074 1101 111 1216 1302 1463 1476 1765 1857 2009 2024 2028 2073 2163 2464 2531 2641 2754 2759 2842 2912 3266 3493 3547 3589 3641 4014 4109 4128 4144 422 4386 4580 4856 632 675
1185 130 1392 1396 1426 1502 1536 154 1867 1944 2030 2187 247 2701 299 2991 3013 3043 3165 3169 3287 3322 3673 390 395 4363 4467 4980 550 636 67 694 820 84
1166 1419 1471 1680 1942 2168 2312 2585 2869 288 2921 2941 3070 3072 3117 3224 3298 3306 3405 4147 4245 4612 4641 525 534 859 88
1045 1138 1372 1479 1553 1645 1779 1888 1894 1937 20 2043 2070 235 2457 2463 2466 2511 2608 2637 2681 2722 2847 2907 3025 3080 335 341 3431 3453 3610 3668 3753 3777 3844 416 4186 4189 4236 4298 4348 4424 4751 4857 5000 651 710 815 853
1364 156 1587 1640 174 1967 210 2619 3060 310 3236 3532 3590 384 3881 3890 3919 4125 4151 4235 4613 4852 770 890
1135 1166 118 121 1368 1403 143 1440 1591 1622 1649 1661 1665 1815 1910 1974 2217 2296 2303 2334 2366 2452 2548 2601 2612 2640 2678 2702 2756 2880 2962 2994 301 3012 3061 3109 3188 32 3225 3311 3370 3372 3437 3438 3544 3557 3615 3658 3685 3812 3866 3871 3946 4066 4109 4260 437 4389 4452 4497 4544 4561 4566 4642 4705 4717 4766 4919 4940 4950 4985 563 614 642 878 904
1366 1411 1461 1532 1593 1633 1856 202 2080 2081 2152 2230 2256 2335 2654 2906 2955 2967 2977 3002 3061 3110 3127 3222 323 3335 3418 3467 3611 3684 3720 3724 3725 3727 38 3962 4123 4153 4185 4298 4481 449 4506 4606 4679 4738 4757 4799 4825 4869 490 541 617 621 654 676 716 799 800 868 881 905 918 937 941 956
1044 107 1078 1123 1124 1201 1231 1257 1272 1297 1344 1430 1560 1641 1702 1753 176 1873 1890 1971 2016 2018 2023 2033 2103 2168 2173 2203 2338 2362 2389 241 2438 2598 2676 2698 2727 279 2941 2949 2979 2984 3076 3084 3125 3195 3251 3254 3365 3377 3384 3412 3443 3447 3543 3673 3679 3684 3702 3766 399 4011 4022 4082 41 4111 4121 4275 4387 446 4496 45 4546 4561 4633 4643 466 4877 4882 4884 4889 4921 4948 4952 4960 530 534 583 760 788 873 888 9 96 964 990
1 1011 1083 1342 169 1784 1787 1796 188 195 2008 2095 2147 2179 2211 2239 2281 2359 2402 2513 2524 2742 2816 3005 3080 326 3296 3385 3549 3624 3640 3722 3763 3768 3794 3818 3833 3874 3966 3994 4057 4066 4093 417 4244 4290 4514 4553 458 4675 4688 47 4808 4895 543 553 572 641 867
1070 1154 1270 1293 1347 1357 1401 1585 1630 1702 1718 1842 1890 1940 1993 2306 2355 2409 2462 2520 2528 2532 2649 2769 286 2886 2892 2959 3017 3053 3217 3352 3384 3416 3419 3425 346 3530 3592 3770 3823 3982 3987 4083 4096 4328 4361 4380 4454 4484 4493 4615 4722 4723 4753 4766 4776 4812 4976 4987 506 54 668 695 709 928 98
1000 102 1394 1576 1656 1670 1774 1912 1915 1972 2123 2149 2300 2345 254 2569 2586 270 2885 2984 2989 3132 3164 3190 3231 3260 340 3747 407 4151 4518 4904 4963 4970 512 524 562 619 666 711 840 885 951
1061 1089 1192 1222 1296 1341 1422 1441 148 1481 1565 1764 1827 1857 1874 198 2051 2168 2228 2324 2376 250 261 2672 268 2691 2708 2737 2774 2805 2937 3001 3008 3038 3078 3080 3090 3137 3216 3239 3283 3336 3337 3346 3447 3544 3583 3645 3650 3687 3709 3773 3780 3828 4081 4118 4169 4226 4336 4666 4680 4834 4894 4933 4941 4950 608 650 721 735 739 757 762 867 886 892 918 925 949
108 1213 1420 1483 1929 2286 2372 2451 2672 2944 2995 3259 3391 3487 3817 4221 4436 4501 4865 513 53 916
1004 1029 1078 1140 1165 1264 1265 127 1272 1284 1309 1319 1341 1489 1533 1647 1680 170 1751 1767 180 1841 1939 1948 1949 1969 2052 2158 2175 2237 2250 2289 2311 2319 2331 2418 2435 2478 2489 257 2597 2609 2611 284 2999 3005 3081 311 3127 3234 3270 3321 3398 3427 3492 3514 3518 3542 3605 363 3659 371 3888 4062 4091 4155 4166 4270 4313 4340 4358 4372 4517 4595 4602 461 4705 4767 4771 4790 4856 4884 4953 4957 4978 504 513 563 570 576 698 700 73 798 888 913 97 987
1209 1405 1592 1609 1829 2053 2107 217 2277 2829 296 2961 2976 3099 3296 3391 3476 3740 3934 4099 4461 4897 623 756
1023 1139 1277 1303 1316 1331 1382 1446 1622 1692 1771 1788 1798 1849 1861 1910 2384 2690 2713 313 3257 3555 3966 4113 4243 4530 4691 997
1595 1681 1705 2015 2112 2456 2576 3168 3524 3723 3743 4221 4349 4418 4581 4625 63 671 73 85
1167 1189 1513 1639 2459 2538 2740 2878 3179 3671 4039 423 434 536 678 727 730 743 830 958
1032 1081 1093 1466 1933 2205 2209 2308 2318 2638 2777 2965 3022 3026 31 3439 3561 3712 3767 4087 4465 4549 4691 567 613
1036 1415 1457 1541 1634 1637 1876 1897 1905 2185 3054 3198 3501 380 387 4875 488 4967 586 675 907
109 1130 15 150 1760 1933 2033 2058 2097 2100 2415 2499 2549 2563 2684 271 2736 289 2929 3134 3698 3808 39 401 4131 4239 4269 4382 44 4436 4449 4504 4562 4623 4696 4787 4848 485 4920 627 7 737 81 832 896
1006 1076 1310 1425 2317 2371 2391 2888 2899 3152 3273 3324 3374 3788 398 421 4404 4423 4458 690 824
1078 1125 117 1220 1322 135 1356 1482 1534 1606 1618 1724 1768 1820 1850 1958 2055 2158 2183 2189 2208 2243 2401 2416 2434 2441 2644 2717 2732 2762 2817 2894 2969 2997 3005 3011 309 3095 314 3173 326 3314 3367 3375 3475 3477 36 3627 3698 3753 376 3792 3804 3836 3839 3842 3882 3889 4047 4134 4234 4430 4450 4468 4483 461 4644 4668 4691 4716 4775 4818 4828 4847 4849 4886 4908 492 4947 4949 4971 670 677 791 806 814 864 925 945
1042 1187 1194 1207 1320 1389 1585 1617 1621 1646 1663 1714 1769 1784 1835 1869 1987 2034 2061 2195 220 2238 2284 2447 2608 262 2674 2693 2707 2799 2808 2851 2862 2872 2978 3006 3038 3128 3145 3236 3455 3472 3593 3636 3718 3884 3896 4090 4128 4152 4208 4269 4279 4284 438 4391 4393 4436 4522 4549 4593 4635 4649 4669 468 4786 4815 4828 518 564 569 604 660 84 970
1255 1267 1356 1632 1675 1857 1916 1942 2097 2099 2168 2258 2348 2486 2655 2768 2850 3075 3197 3248 3429 3478 3491 3717 3830 3887 3909 4168 4294 4312 4495 4653 473 4780 4893 4926 576 677 679 699 864 975
116 1271 1363 1508 1637 1733 1870 1907 1916 2075 2078 208 2160 2270 2317 2333 2485 2498 252 2533 2760 2769 2936 3036 3087 3092 3130 3657 3710 3838 3846 3867 4088 4207 4413 4479 4514 4610 4664 472 484 4866 73 780
1136 1165 1172 1206 1272 13 1318 1340 1387 1417 1465 147 1510 1575 1666 1752 1807 1855 1911 1995 2090 2226 2272 2276 2327 2514 258 2613 2621 2628 2631 2690 28 2866 2931 3044 3184 320 3239 3308 3385 3417 347 3495 3556 3578 3631 3684 3713 3814 3822 3936 3973 4044 4143 4376 4473 4540 4552 4555 4596 4600 4656 4661 4707 4721 4920 4929 51 533 561 64 745 782 808 821 845 934 968 99
1161 1165 1245 145 1467 1607 173 1951 2090 2208 2292 2485 2668 2776 2854 2882 2895 2993 3063 3236 3432 3618 369 3716 3756 3971 4012 4029 4033 4103 4250 4261 4305 4367 4785 4843 4943 746 762 822 877 922
1090 1203 1469 15 1653 1757 1948 2032 2367 2625 2660 3233 3245 3857 4043 4137 4249 4414 4433 4443 4539 4865 813
1038 1056 1251 1407 1409 1684 1744 1944 227 2414 2427 2436 2605 2629 2659 2700 2916 3083 3229 3406 346 3753 3899 4034 415 4447 4865 809 972
1030 1041 1142 115 1329 1359 1402 1429 1472 152 1597 1610 1620 1659 1672 1798 1842 1881 1901 1943 1969 2077 2081 2139 2290 2312 2313 2373 2377 2422 2439 2589 2670 2671 2771 2846 29 2926 2956 2968 2981 3001 3004 3105 3109 3147 3170 3243 3245 3257 3261 3288 334 3355 3516 3533 3562 3589 3686 3690 3756 3803 3895 3900 3938 4016 4108 4138 4165 4182 441 4420 4428 4476 4477 4524 461 4617 4693 4696 4741 4746 4774 479 4831 4844 4850 4898 4932 4935 4969 643 890 924 969
1030 1050 1086 1240 155 1624 1740 1930 2044 2232 2256 2698 2861 316 3299 3353 3681 3719 3765 4076 4218 4289 4484 4528 4571 631 663 782 888 900 971
1057 1148 1651 1780 1836 2033 2276 255 2675 2982 3077 3163 324 3341 3738 3787 3792 3896 4262 4431
1114 1234 1334 1349 140 1439 144 146 1494 171 1854 1857 1882 1909 1933 2126 2158 2255 2287 2380 2387 2552 2612 2658 2668 2683 2722 2725 275 2876 2881 2887 2916 299 3114 3147 3275 3281 3382 3383 3392 3422 3435 3625 3637 3649 3684 3746 3789 4084 4204 4333 4502 4516 4605 4635 4693 4700 4706 4734 4736 4869 4881 4915 4923 4997 570 595 598 639 710 951 977 983
1091 1102 1707 1824 2084 2400 2471 2523 2618 2825 3213 3378 3477 3896 4036 4088 4112 4302 471 4789 49 638
1081 1276 1454 1579 1589 1701 1704 1707 1745 1761 1765 1847 1856 1920 1942 1974 2171 2180 2191 2229 2467 2634 2731 2748 2769 284 308 3157 317 3276 3301 3347 3494 3644 3647 3663 3912 4046 4092 4116 4154 420 4242 4330 434 4342 4401 4504 4542 4553 4563 4588 4686 4758 498 517 727 782 850 906
1004 1146 1172 1205 1229 1381 1424 1638 1791 1792 1914 1927 1985 2025 2207 2285 229 2360 2365 2442 2499 2612 27 2739 2819 319 3363 3417 3424 3519 3553 3751 3795 3822 385 4105 4206 4219 443 4513 4587 473 4730 4740 4833 488 4931 4983 545 652 662
1093 1104 1113 1216 1217 1281 1375 1390 142 1491 1557 1615 1636 166 1702 1716 1743 1796 193 1977 1982 2007 2066 2111 2113 2126 2192 2317 2370 2376 240 2411 2431 2458 2477 2521 2553 2581 2597 2611 2617 2679 2694 2720 2797 2803 2944 2953 315 3158 3165 3189 3205 3226 3251 3302 332 3426 3452 3571 358 3647 3661 3695 3807 3834 3885 3912 4116 4141 4145 4156 4485 4540 4574 4648 468 4800 4820 4842 4883 4886 4917 4955 4980 4992 527 629 654 671 677 777 801 871 953 956 959
1036 1075 1196 1225 1275 1342 1361 1497 1500 1518 1596 1684 1691 1703 1715 1758 1798 1846 2064 2074 2086 2087 2108 2116 2191 225 2294 2320 239 2399 2442 2453 2473 256 2564 2618 2647 2785 2855 2884 2904 2979 3038 3138 325 3323 3324 3350 3410 3500 3660 3835 3903 3937 4008 4167 4337 4467 4478 4480 4540 4682 4685 4702 4749 4804 4837 4856 4869 4892 4925 4937 4975 498 502 808 854 918
1011 152 1567 1726 1758 1926 1981 2104 2125 2170 2304 24 2420 2698 281 2976 3048 3098 3305 3491 3825 3905 3919 4020 4031 4130 4272 4319 4360 4402 4439 4457 4682 696
1395 1423 1530 1606 1795 1820 1928 2077 2125 2146 2214 2256 2310 2329 2490 2778 2795 3135 3355 3599 3603 3628 3691 3896 3901 4444 4650 4712 4725 520 589
1106 1112 1144 1168 1216 1334 138 1389 1404 1454 1540 1755 177 1800 2090 2105 2126 2225 2227 2236 2291 2368 237 2426 269 2754 3121 3143 3324 3351 3447 3461 3508 3617 3648 3678 3767 3897 393 3997 4021 4099 4163 4264 4324 4325 4399 4488 4493 4538 4549 4575 4714 4761 4852 4864 576 614 670 843 874 95 950
1011 12 1228 1232 1241 1300 1352 1446 1460 1480 1497 1580 1608 1625 169 175 1830 1895 1958 2021 2280 2322 245 2590 2597 2718 2734 2827 2832 2896 3041 3111 3178 3186 327 345 3524 3539 3619 3790 3792 394 3950 4175 42 4277 4362 444 4494 4507 451 4573 4578 4585 4694 477 4813 4867 4902 493 4950 551 558 584 62 664 762 835 880 898
1278 1305 1392 1453 1508 1627 1840 1879 202 2196 2311 2469 2566 2662 2677 2728 2956 3575 3602 3606 3733 3778 3845 3959 3974 4353 4390 465 4764 538 566 633 667 713 789 819 914 983
1221 1392 1569 1612 1623 1704 1780 1845 1874 200 2097 2136 2223 2251 2394 2454 2512 2606 2899 3278 3309 339 3462 3672 3700 3742 3925 3945 4268 4287 4318 4551 4713 4745 4792 4807 4924 787
1028 1126 1179 1191 1201 1212 1285 1300 1311 132 1346 135 1356 1431 1447 1470 1524 1547 1680 1683 1819 1853 1859 1875 1982 1990 2028 2036 2067 2081 2180 2224 2256 2311 2423 2503 2514 2695 2717 2753 2797 2810 2837 2860 2899 2946 300 3023 3065 3066 3183 3245 326 3310 3323 3331 3446 3481 3507 3511 358 3583 3641 370 3736 3800 3839 3881 3903 391 3922 3924 4007 4033 4053 4117 4119 419 4221 4229 4399 448 4561 4589 4604 468 4701 4745 4782 4797 4819 4912 4962 523 546 727 89 893 989
1454 1478 1606 1680 2298 2544 2784 2928 2952 3078 3096 3207 3282 3634 378 3786 3791 4217 4301 4593 4660 4924 727 75 807 838 991
1014 1022 1134 1203 1218 1249 1311 137 139 1414 1455 148 158 1598 1613 162 1625 1697 178 192 1944 1981 2264 228 2430 252 2594 2651 2706 2769 2774 2857 2905 2910 302 304 3091 3124 3306 3386 3482 3500 3503 3574 3609 3621 3752 3774 3805 3822 3824 3832 3933 3991 3995 4042 410 4213 4241 4242 4413 4442 4672 4705 4743 4811 4826 4878 4945 4946 521 542 55 614 677 731 772 9 917 938 956
1046 1117 1132 1146 1208 1233 1269 1317 1370 1571 1798 1826 1844 1935 1977 1982 1997 2011 2035 2040 2078 2090 2121 2263 2265 23 2305 2313 2317 2359 2374 2393 2394 2462 2487 2514 2525 2652 2665 2701 2812 2848 2854 2976 3034 3089 3123 3126 3368 3415 3504 3510 3544 364 374 3754 3782 3837 3859 3964 4161 4228 4267 430 4472 4518 4622 4649 4814 4853 4860 4874 4897 4925 4966 539 6 638 657 703 867 926 936 948 960 995
1182 1248 1288 1295 1313 1451 1699 1802 1962 2071 2096 2097 2302 234 2383 2502 2554 26 2672 2746 2797 2839 2845 2854 2864 2983 3101 3388 3618 3769 3789 3856 3877 3923 3927 4088 4098 416 4164 4200 4210 4320 4420 4471 453 4695 4988 61 732 847 952
113 1166 1514 153 1539 1564 1834 1839 1842 2007 2041 2124 2129 2162 2211 2253 2306 2393 2458 2592 2766 2772 287 2942 2971 303 3038 3101 3140 3144 3180 3196 3323 3327 3544 3552 3647 3654 3658 3710 3815 3820 397 3975 4142 4197 4269 4283 4416 4469 4511 4514 4560 4601 4625 4710 4720 4724 4803 4842 4865 510 675 722 802 986
1002 1037 133 1337 1578 1655 1728 1764 1772 1961 1984 2109 2144 221 2252 2312 2326 2442 2493 2567 2771 2821 2835 2838 2917 3067 3175 3452 3490 3521 354 3673 3683 3882 3944 4061 4248 4357 4375 4552 4635 4703 4821 4880 749 823 915 920 951
1053 108 1080 1134 1188 1211 1350 1488 1498 1833 1890 222 2321 2481 2591 2602 2611 2636 2735 2745 2791 2833 2918 2940 2985 3028 3042 3071 3095 316 3264 3358 3385 3507 3566 3955 4095 4151 417 4197 4205 434 4341 4346 4392 4407 445 4557 4620 4663 4793 4822 4828 4870 4874 4899 511 561 564 592 599 71 796
1134 1203 1287 1325 1512 1528 1611 1648 1669 1701 1764 1948 2039 2050 2053 2083 2153 2313 2356 2384 2401 2436 2460 2480 2522 2633 2661 276 2787 2789 2888 299 3163 3208 3252 3323 3325 3391 3469 3520 353 3551 3847 388 3921 400 4008 4181 4216 4298 4489 4497 4511 452 458 4692 4712 4768 4789 4911 4924 538 543 574 628 683 723 74 818 851 955 978
1071 1259 1379 1459 1542 1668 1695 2054 252 2796 2874 2877 297 2979 3728 3729 3773 3839 3878 3906 395 3967 4203 4411 4440 4626 4652 4719 4967
129 1376 1642 1727 1825 224 233 2347 2397 2562 269 2709 2767 284 2854 2875 2957 2990 3223 3306 3348 3387 3442 3509 3554 3639 3664 3666 381 382 3929 3941 3961 4058 4077 4079 4233 4400 4421 4456 4533 462 4789 4847 4871 4900 4972 532 658 718 832
1201 1335 1389 1456 1466 1522 1566 1649 1744 1758 1780 1783 1891 1898 2248 2273 2306 2346 2358 2413 2515 2534 2550 2620 2795 2938 3 3001 3007 3062 3221 3289 3354 3452 3474 3731 3748 3767 3771 3845 3909 4002 4176 4191 4240 425 4410 4487 4490 4552 4608 4770 4815 4836 4897 4934 4936 4968 4984 559 560 624 925
1250 1509 1549 1717 1748 1872 1892 1904 2028 2106 2226 2376 2458 3100 3167 3628 4381 4635 4886 509 531 842 927
1036 1077 1109 1133 1166 1283 1304 1311 1341 1369 148 1585 165 1689 1721 1734 181 1820 1860 1887 2000 2201 2247 2336 251 2761 2915 2988 2992 2998 3078 3107 3147 3201 3240 3241 3334 3343 3546 3633 3673 3675 372 3827 3903 4159 4322 436 4371 4374 4403 4422 4493 4545 4594 4624 4683 4748 4796 4842 4916 4992 519 79 803 848 895
1220 1294 1330 1435 1468 1603 1650 1737 1871 2108 2166 2771 2820 295 2993 3199 3339 3486 3540 3598 3793 3864 3920 3999 4158 4173 4304 4441 4467 4726 487 4920 653 996
1292 1442 1616 1652 1685 1796 183 1977 2001 2474 2603 2688 2781 2787 3078 3149 3318 3364 3436 3456 3881 4033 4389 473 575 637 682 806 852 875
1033 1040 1115 1145 1146 1195 1277 1306 1397 143 1490 1520 1546 1599 1688 1728 1739 1747 2013 2076 2213 2275 2444 2446 2536 2734 2840 3000 3016 3030 3035 3083 3129 321 3210 3284 3326 3338 3477 3497 356 3655 3662 3710 3776 3817 3819 3930 3969 4082 4099 4243 4285 4316 4414 4503 456 4593 4625 4687 4737 4799 4841 4967 4995 569 615 693 931 935 951
1177 1282 1562 1910 1954 2666 2699 299 3095 337 3414 3420 3641 3817 3912 3949 3979 402 4252 4279 474 501 625 80 864
1030 1100 1152 1170 1178 1416 1571 1585 1604 1780 1842 1887 19 1916 1969 1991 202 2056 2088 2138 2197 2200 2394 2445 2509 252 2704 2719 2807 2818 3079 3114 3116 3120 3142 3155 3161 3176 3277 3328 3442 3451 3483 3538 3572 3831 3881 3947 4004 4059 4063 4089 4136 4198 4265 4283 4318 4326 4406 4510 4515 4654 4690 4693 4704 4799 4838 4849 4942 4976 4998 593 630 662 764 766 869 890 912 947 966 979 993
1134 1171 1252 134 1385 1448 1473 161 1684 1749 1773 1810 2059 2104 2165 2214 2378 2579 2654 2721 280 2853 2870 2893 2960 2980 3106 3151 3156 3162 3210 3297 3359 3441 3607 3711 4100 412 4126 4197 4199 4420 4579 4612 4752 4764 4830 4884 4896 4904 4905 4928 4948 534 626 661 69 762 940
1021 1095 1146 1312 143 2012 2182 2330 2398 2491 2743 2787 3383 3667 3689 396 4109 4201 4243 4306 4448 4464 4504 779
1307 1316 1446 1477 1499 1659 1707 1777 1981 2108 2134 2216 2261 2386 2507 2522 260 2750 3014 3062 3101 3232 3294 3411 3434 3529 3620 3670 3803 416 4167 4242 4394 4414 4879 588 649 675 719 803 956 981
1015 1027 1036 1087 1097 1122 1418 1458 151 1629 1999 2078 2176 2436 2607 2656 2766 2799 284 2890 2908 3150 3246 3293 3345 37 3767 3772 3983 4140 4332 4420 4466 4561 4611 4621 4637 4759 492 4956 4964 4979 507 52 534 706 753 829
1024 1099 1184 1342 1492 1537 1653 1704 1763 1820 190 1974 2082 2143 230 2381 2485 2568 2657 2686 2809 2909 2939 3212 3267 3286 3498 3513 3536 355 3576 3641 3708 3764 3799 3963 4046 4056 4370 4399 4592 4696 674 73 755 891
1301 1600 1684 1722 1837 1969 20 2115 2654 2754 3097 3608 3931 3939 406 4064 409 4191 4553 4789 4897 523 795 834 84 961
1051 1082 1212 1238 1272 1906 2057 212 2133 2155 2199 2214 2359 2522 2575 2764 2924 3159 3280 3344 3403 3413 3468 3500 3755 3891 3978 4078 4351 4365 450 638 797
1035 1175 1311 1388 1506 1526 1656 1673 1689 1718 1805 1886 1888 1919 2242 2396 2668 2832 2900 292 2966 3127 3154 3442 3458 3582 3583 3676 3685 377 3882 3993 4025 403 4066 4070 4189 4232 4373 4430 458 464 4742 4982 5 582 699 933 943
1068 1081 1128 1147 119 1198 1343 1495 1725 1738 1808 184 1843 1900 1931 1941 203 2077 2081 2157 2165 218 2186 2221 2295 234 2350 2388 2455 2547 2577 2612 2689 2717 2782 2818 2979 2996 3095 3147 3203 3366 3470 3484 3628 3696 3749 381 3810 3816 3855 3898 3954 397 4038 4189 4221 429 4467 4475 4491 4512 4678 469 4722 4847 4906 498 523 569 659 681 707 726 728 806 837 839 844 882 906
1159 1197 1253 1328 1354 152 187 1899 1900 2096 2137 215 2198 231 242 2506 2571 2583 2841 2849 2945 3047 336 356 3682 3851 4227 4243 4258 4362 4384 4498 4705 4766 514 634 792 930 932
106 1285 1289 1300 135 1365 1378 1400 1410 1500 1525 1535 1571 1582 1583 163 1653 1690 170 1723 1728 1903 1925 2364 2371 2433 291 294 2941 3064 3237 3242 3355 3713 3781 3798 4035 4085 4110 4187 4237 4280 4527 4564 4764 4783 4810 4862 4992 662 671 688 717 77 974
1190 1210 1220 1248 1281 14 1408 1497 1605 1622 1671 1762 1782 1799 1858 1974 2065 2098 2135 2234 2342 2468 2618 2710 2794 2915 2984 3010 3053 3146 3185 3380 3525 3698 3863 3865 3912 4013 405 4124 4308 439 4398 4437 448 4630 4634 4827 4884 4901 4950 4959 4980 549 576 771 785 83 858 863 929 942
1016 1052 1149 120 1202 1235 1279 1339 1345 1371 1387 1431 1452 1454 1577 1602 1637 1643 1904 1986 1995 1998 2005 2017 2089 2096 214 2159 2161 2325 2332 2429 2545 2664 2685 2697 2711 2814 2844 2858 2923 3021 3032 3073 3074 3080 3114 3272 331 3398 3407 356 3584 3594 3598 3653 3839 3966 397 4024 404 4054 4276 4359 4523 4558 4620 4640 4745 4778 4824 4838 4858 4859 4885 4890 4891 4948 561 610 620 629 662 754 767 894 964 998
1004 1007 1031 1094 1153 1163 1169 1226 1314 1358 1387 1389 1442 1508 1588 1677 1682 1720 1731 1756 1924 1957 206 2091 211 2119 2188 2193 2204 2314 2393 2394 2401 2499 2508 2518 2610 2642 2758 2763 283 2897 3015 3020 3109 3133 3191 3268 3366 3408 3452 3565 3680 3705 3713 3773 3863 392 40 4040 4041 4065 4071 4082 4102 4129 413 4216 4230 4240 4288 4293 4329 4357 4529 4622 4766 4802 4925 4944 4955 4994 4996 506 638 736 751 855 906 973 984
1176 1323 1466 1693 1719 1866 1908 2169 2233 2479 2830 2972 3039 307 3262 3761 3909 4192 4235 4307 4389 707 776 816 903
1068 2142 2151 2254 2407 2500 2519 2530 2920 3003 3083 3398 3434 357 3570 3600 4055 408 410 4408 4586 4639 4673 686 769 957
10 1047 1105 122 1285 1334 1372 1497 1500 1653 1657 1678 170 196 2078 209 2419 246 2902 2934 2944 3021 3069 3085 3114 3165 3202 3328 3563 3697 3785 3822 4010 4045 4132 4157 4160 4172 4174 4283 4344 4362 4427 4470 448 4509 4518 4731 4823 4849 489 516 555 587 622 68 702 734 9
1073 1085 1093 1141 1175 1277 1538 1572 1603 1614 1631 1944 1966 2072 2245 2403 2482 266 2755 2847 2888 30 3127 3210 329 3371 3479 3545 3585 373 3744 3749 3803 3863 3911 3986 4191 4266 4300 4331 4511 4584 4658 4674 4711 4732 4754 4918 494 621 629 747
1020 1227 1333 1351 1445 1508 1628 1674 1728 1744 1770 1889 1900 1959 2010 2049 216 2330 234 2375 2465 2543 2715 2795 2850 290 3056 3115 3315 3349 3417 354 3587 3632 383 3910 3915 3966 3998 4086 4173 4190 4224 4235 4251 4295 4366 4396 4438 4540 4570 4625 4815 4909 4961 4976 515 618 733 765 794 8 808 857 902
1108 1421 1531 1568 169 1982 2019 2045 2190 2279 2293 2401 2484 2540 2558 2891 3059 3181 3200 326 333 3330 3658 3728 375 4116 4311 4597 621 665 774
100 1079 1248 143 1766 1785 18 1865 1888 1992 2206 2214 2313 2712 2775 278 2799 2836 2951 3258 3307 3449 3482 3541 3581 3677 3706 3791 3826 4028 4082 4395 4651 4718 4852 4982 580 635 656 89 994
1004 1064 1065 2022 2063 2117 2283 2410 2470 2475 2682 2879 2948 3394 3524 3577 359 3597 3685 379 3863 3972 4003 4269 4321 442 4484 4534 461 4771 901 906
1156 1193 15 1754 1781 2801 3062 3093 316 318 3496 3535 4612 4693 4955 552 579 647 783 784
1026 1200 1503 1527 1587 1625 1652 1918 2266 2428 2572 2673 3383 3450 351 3789 3803 3813 4015 410 4162 4208 4572 4696 537 600 627 725 84
1505 1689 1694 1809 1856 1964 1975 2006 2337 2351 3000 3027 3762 3976 4037 4197 4247 4286 4310 4357 594 813
112 1308 1554 1578 1654 1706 2028 204 2191 223 2246 2312 2379 249 2578 2726 2844 2944 298 3417 3500 3564 3928 4482 4497 4619 4697 4760 4779 4886 687 980
1025 1121 1248 1399 1466 1501 1662 1817 1821 1862 1904 1936 2220 2269 2371 2462 2580 2604 2615 2648 2843 2933 2943 3193 3332 3580 3892 3956 4017 4116 4240 4271 4462 4704 4763 4845 954
1214 1252 1266 1391 1444 1449 1521 1923 263 2635 2901 3160 3665 3779 3872 4030 4179 4209 4256 478 92
1058 1504 1649 1838 1851 2868 3061 3086 3215 3257 3465 3588 3694 3791 417 4212 4235 4976 57 627 976
114 1464 1486 1500 1559 167 1676 168 1709 1750 1880 1933 1947 2268 227 2306 2669 2766 3255 3383 3401 3409 3591 3791 3849 3894 3958 3981 4299 4338 4434 447 4593 4805 483 50 563 803
1039 11 110 1116 1150 1151 1164 1281 1309 1334 141 1412 1437 1652 1794 1828 1856 1989 20 2181 2226 2260 234 2405 2436 2495 2705 2751 2889 2947 2993 3058 33 3304 3356 3384 3397 3444 3447 3463 3737 3919 3940 4173 4335 4425 4435 4453 4541 457 4581 463 4631 4659 4835 4873 4913 4920 4977 4993 548 558 585 810 899
104 1063 1068 108 1092 1119 1157 1201 126 135 1373 1708 1801 1887 1890 1958 1979 201 2172 2241 2330 2341 2385 2406 2618 274 2754 2828 2844 3052 3109 3171 3265 3300 3528 3596 3669 3739 375 3753 3909 4075 4378 4389 4430 4474 4649 4684 4914 499 513 554 577 601 602 621 691 808
1093 1219 1239 1252 1273 1372 1557 1570 1594 16 1626 1667 185 1863 1888 1946 1977 2349 2404 2774 2802 2867 3019 3053 3131 3366 348 3598 3630 3678 3728 3848 3932 3952 4107 4148 4180 4448 4508 4739 4839 603 833
1071 1656 1729 1765 1913 196 1995 2053 2092 2120 2131 2596 2792 2947 2975 3021 3068 316 3166 3292 352 3568 381 3908 3960 4 4000 4255 4355 4430 4511 4616 4622 4755 4759 547 654 696 781 804 86 861 939
1103 1204 1327 1601 1730 2026 2085 2231 2274 2328 2363 2449 2749 2766 2822 2823 2831 3254 3362 3373 342 3466 3715 3734 375 3783 3957 3977 4051 4133 4167 4178 4343 4377 4448 46 4614 4689 4727 4769 4857 556 82 876 92 94
1049 125 1309 1321 1353 1386 1398 1590 1606 1622 1659 1660 1812 1874 1920 1942 1948 1976 20 2070 213 2150 2156 2202 2208 2344 2510 2616 2630 265 2696 2717 2780 2850 2922 2993 3101 3269 3316 3319 3379 3433 3442 3485 3524 3537 3598 3604 3886 395 410 4135 4146 4149 4177 4208 4214 4222 434 4362 4369 4379 4399 4499 4591 4615 4694 4722 4735 4784 4958 609 714 720 729 775 870
1012 1336 1581 1619 1916 2165 2184 2215 2240 2311 2320 2445 2555 2730 277 2793 3256 3459 3531 3773 4060 4189 4413 475 4828 500 529 563 58 689
1018 1084 1261 1316 1746 2 2122 2174 2211 227 2703 2818 2915 3313 3369 3473 361 3665 411 4282 4298 4681 4838 654 670 671
101 1060 1066 1096 1174 1216 124 1360 1450 1543 1712 1996 2007 2033 2046 2047 2140 2278 2307 2330 2340 2412 2472 2496 2505 2593 2786 2788 2800 2834 2927 3119 3218 3384 3430 3454 3618 3665 3750 3840 3850 3953 4027 4068 4281 4317 433 4577 4609 4620 4638 4647 4712 4809 482 4846 4951 4974 538 587 606 648 836 983
1131 163 1784 1968 2003 2053 2354 2361 267 2956 3049 3104 3163 3385 3674 4049 4120 4419 692 805
1010 1173 1286 1298 1383 1442 1578 1649 1732 1806 1878 1887 1920 1945 2002 2031 2077 2226 2262 2309 2353 2417 2440 253 2541 2574 2716 2722 2741 2804 2824 293 3094 3100 3141 3393 3498 3506 3534 358 3680 3721 3869 3875 3913 3926 3980 4106 4334 4378 4518 4556 459 460 4615 4667 467 4699 4709 4788 4799 4855 4861 488 4904 491 4989 4999 581 768 790 849 988
1059 1431 1557 1689 1744 1764 2031 2141 2461 2653 2667 2690 2752 3112 3296 34 3507 3573 3916 4385 4450 454 612 758
1160 1433 1664 1814 2004 2350 2623 2797 2815 3165 3263 330 3328 3635 3658 3707 3758 381 4094 4216 4263 4364 4781 4875 497 513 645 672 750 806
1005 1069 1120 1183 1268 128 1545 1635 1659 1775 179 1817 1831 1922 1955 1960 1994 2020 2148 2218 2235 2320 2529 2570 2595 2597 2599 2698 272 2733 2790 2865 2930 3000 305 3053 3118 3194 3209 3251 3274 3340 3376 3398 343 3512 3548 3569 3629 3821 3823 3880 4018 4026 4072 4122 418 4211 428 4378 448 4646 4662 4729 4759 4794 48 480 4856 4863 4874 4907 492 4986 543 544 590 670 699 752 864 91 918
1034 1098 1212 1387 1515 1558 1652 1786 189 1937 2031 2110 2608 2627 2680 2734 2771 2773 2795 2941 2986 3050 3082 3230 3253 3317 3505 354 362 3678 3704 3760 3854 4297 4460 4486 4552 4567 4645 4756 4798 4857 4876 4887 564 596 701 909 963
131 1324 1563 169 1811 1958 2037 2259 2288 2343 2445 2559 2654 2663 269 2729 3045 3103 3139 3174 3254 3523 3589 3797 4104 435 4412 4426 4629 4694 4704 4747 4806 4854 528 568 741 78 803 856 910
1017 108 1088 1118 1172 1223 1555 1556 1571 1574 163 1696 1698 1741 1776 1813 1902 1917 1937 196 1965 1973 1978 199 2029 2145 2212 2219 2222 2276 2371 2582 2587 2608 2701 2832 2898 2964 3037 3102 3285 3329 3342 3423 3489 360 3616 3622 3638 3646 3647 3701 3823 3879 3935 3985 4001 4005 4259 4446 4521 4559 4565 4607 4671 4682 4694 4930 4982 558 60 627 629 699 705 759 782 812 813 860
1068 1165 1175 1280 1332 1338 1428 1603 2560 3108 3153 3361 344 3559 3643 3698 4196 4208 443 4525 565 571 707
1277 1384 1406 159 1778 1932 21 2118 2249 2339 244 2450 2556 2624 2632 3005 328 3491 3589 3685 3693 4019 4553 4622 4772 522 715 985 999
1043 1054 1107 1172 1199 1220 1300 1309 1356 136 1487 1544 1557 157 1584 1587 1797 1804 1816 186 1893 1984 1995 2014 2038 2062 207 2164 2191 2350 2352 238 2390 2462 2476 248 2600 273 2744 2844 2863 2883 2947 2963 3100 3187 3395 3421 3434 3517 3527 3612 3626 365 368 3680 3713 3745 3759 3806 3841 3845 3852 4159 4216 4368 4378 4445 4554 4636 4649 4745 4773 4795 4801 4840 4857 492 4936 4938 4973 4991 506 616 632 669 710 712 813 828 87 92 965
1071 1143 1186 1263 1290 1496 1548 1980 22 2297 2315 2443 2551 2565 285 2958 3000 3024 3083 3211 3333 3357 3391 3399 3515 3522 3614 3618 3741 3811 3843 389 3988 4009 4048 4067 4128 4283 4303 431 4318 4354 4409 4436 4535 458 4698 4708 4712 4764 4904 4982 632 827 862 911 92 964
1110 1111 1155 1212 123 1368 1432 1493 1561 1625 1637 1702 1803 1938 2070 2125 2323 2442 2458 2501 2516 2535 2622 2738 2813 2899 3061 3182 3227 3366 3390 3498 350 356 3567 3601 3876 4046 4052 4069 4109 4450 4455 4526 4603 4838 4849 488 4910 4981 523 538 704 742 825 872 925
1203 1262 1315 1644 2127 2165 2437 2445 2832 3477 3628 3652 3732 3904 3917 3937 3943 4183 4492 4531 4576 4665 4722 481 59 614 644 744 832
1081 1127 1372 1658 1710 187 1884 1910 1937 2070 2096 2282 2299 232 2384 25 2522 2643 2779 3001 3051 3088 3306 3320 3360 35 3651 3656 3665 3699 3809 3853 386 3914 3937 4159 4167 4215 426 4291 4318 4414 4415 4655 4851 535 557 685 865 879 89 93 946
1055 1242 1244 1247 1285 1362 1368 1422 1551 1587 163 1656 1789 1822 1852 187 1921 1988 2027 2126 2180 2211 2424 2425 2485 2546 2611 2646 2650 2935 2974 3122 3163 3220 3236 3238 3296 3328 3404 3434 3445 3464 3471 3560 358 3680 3735 3757 3784 3996 4033 4088 4159 4193 4500 4548 4581 4612 473 4777 4815 4875 4888 4903 526 778
1001 1529 172 1758 1885 2060 2093 2210 2271 2357 2701 2914 3172 3235 3279 3291 338 3448 3692 397 3970 4008 4273 4504 587 888 89
1260 1367 1742 1793 191 1970 2048 2130 2954 3021 3033 3210 3789 3823 3870 3883 3948 3984 4139 696 707
1003 1013 1030 105 1137 1252 1254 1299 1355 1586 17 1707 1735 1883 1900 1904 1920 2154 2180 2316 2359 2504 2542 2573 2584 2626 269 2714 2722 2747 2847 2856 2916 2984 3214 3239 3251 3254 3290 3400 3482 3498 3558 3583 3623 3749 3756 3792 3801 3860 3893 3937 3942 4074 4097 4099 414 4150 416 4240 4345 4350 4405 4547 4618 4677 4728 4733 4744 4765 4771 4817 4922 4936 570 591 632 640 655 696 710 908 921 983
1224 1413 1431 1462 1485 1603 1817 187 1896 202 2079 2194 2537 2672 2692 2903 2947 3219 3244 3257 3480 3868 4023 4246 4493 4691 4847 558 573 578
1019 1062 1162 1341 1427 1507 164 1713 1718 1818 1832 1868 1934 1952 1956 1963 197 1981 2000 2105 2301 2369 2382 2639 2826 2911 2976 3029 3031 312 3204 3247 3312 346 349 3507 3775 3817 3919 3968 3992 4050 4073 4171 4173 4184 4191 4220 4254 4323 4356 4357 4397 443 4448 4514 4536 4590 4704 4750 4759 4791 4832 4868 4872 4924 4955 503 508 570 66 680 72 763 832 883
1129 1181 1243 1377 1443 1446 15 1511 152 1984 2000 2105 2132 2539 2873 3062 3491 3526 3550 3730 4066 4128 4296 432 440 4568 564 684 724 9
1236 1326 1552 1679 1701 1784 194 2690 2774 2787 2818 2850 3228 3703 3728 3873 3882 395 3989 4151 4484 455 4591 4925 748 982
1256 1316 1374 1380 1422 1550 1704 2125 2320 2499 2724 3136 3245 3381 3726 3845 3907 3918 4046 4383 4388 4413 4569 4869 597 831 890
1237 1368 1442 1484 1516 1765 1864 196 2031 2497 2757 2811 2859 2919 366 4225 4292 4583 496 543 56 569 867
