1355 1360 1406 1759 1992 2119 2270 2291 2488 3589 3600 3789 3828 394 395 3955 4010 4094 4103 4208 4439 4444 661 923 924 999 
1115 1163 1172 1315 1453 1531 16 160 1629 1632 1718 2096 2138 2153 2368 2502 2539 2690 2774 2828 2829 2871 29 3079 312 3257 3326 3439 3490 3520 3839 3989 4090 411 4136 4186 4268 452 4548 4718 4868 492 669
1163 1485 167 1810 1879 1908 2118 215 2615 2853 333 3405 3438 3711 3849 3959 4045 4105 4153 4258 4355 4358 4406 4459 4479 469 4714 4724 4792 4815 4871 4937 800 839
1062 1311 1458 1639 1672 1698 1740 1796 190 1966 2363 2519 2557 2648 2670 2837 2866 3048 3123 3218 3234 3658 3743 4199 4576 4620 4631 606 719 934 984
1025 1078 1224 1745 1765 1875 1944 2044 2060 2153 2304 2502 2677 2839 3382 3450 3641 3698 3719 3821 3995 4290 4476 469 470 625 917
1063 1124 130 1448 1689 1702 1837 1906 2000 2030 2035 2201 2292 2524 2542 2548 2769 2784 2843 2920 3023 318 3238 3751 3968 3972 4005 4065 4222 4230 4399 44 4601 4793 4848 4891 4892 581 664 724 931 953
1075 1081 1215 1233 1286 1337 1394 1410 1477 1611 1645 1980 2091 2357 2545 2713 2818 2875 2905 2976 3134 3175 3268 3416 3446 3552 3975 4091 4093 4276 438 4383 4554 4621 473 4940 524 598 800 819 868 889 924 958
1060 1062 1320 1571 1642 1774 1885 1951 1973 2156 2227 2255 2438 2614 2687 2839 2891 3037 3329 3363 34 3401 3925 3987 3990 4121 4122 4222 4235 4494 4526 4648 4670 4877 4981 621
1081 1325 1407 1596 1658 2013 2055 207 2185 2228 2485 2492 250 2553 2597 2663 2913 3085 3092 313 3276 3287 3462 3768 393 4538 4590 4613 4793 4840 719 72 725 821
1054 1391 153 1595 1836 1905 1919 1935 2279 245 2493 2506 2566 2605 3205 3348 3449 3464 3633 3723 4026 422 4395 4535 4620 690 76
1052 1406 1461 1536 1558 1584 1643 1680 1785 1857 1975 1987 2378 2400 2469 2538 2677 2804 2817 2973 3 3048 3071 3194 328 3310 3383 3469 35 3578 3719 3770 3775 3844 393 4010 4075 4136 4205 4230 4253 4418 4434 4537 4855 50 563 742 93
1077 120 1376 1780 1824 1950 2004 2050 211 2197 2479 2677 2967 2981 3384 362 3810 3968 4336 4945 548 618 732 83
1063 1238 1252 1407 1481 1539 1556 1627 163 1647 1649 1689 1723 1861 1902 1925 198 2184 2255 231 2355 2415 2580 2609 262 2693 2728 2763 2804 2908 2953 2991 2999 300 3051 3071 311 3178 3222 3253 3344 338 3449 3534 3646 3663 3683 3719 3885 3908 3923 3995 4137 4248 4279 4316 4328 436 4449 447 4556 4620 463 4762 4773 4845 4910 4935 4967 586 60 600 760 781 807 987
1120 1219 1308 1314 1383 1425 15 1569 172 1730 1735 185 1861 2062 2187 2518 2526 2538 2666 2702 2717 2726 2752 2782 2818 2856 3027 3092 3221 3237 3245 3335 3337 3447 3449 3488 3676 3689 3900 3939 400 4065 4177 420 4219 425 4295 4302 4368 4558 4598 4652 4823 4842 4877 4974 4988 51 517 718 768 801 856 903 934 937
1016 1062 1073 1140 1162 1295 1356 1373 1391 1399 1406 1407 1432 1499 1517 1558 1570 1585 1598 1637 164 1644 167 1689 1864 196 1995 2272 2324 2332 2433 2482 2485 2508 2533 2620 2631 2645 2731 2747 2804 2839 2866 2902 2909 294 2969 2970 3012 3047 3058 3111 314 3219 3237 3241 3297 3305 3307 3312 3365 3497 351 3558 3559 3653 3746 3750 377 3862 387 3894 3935 3961 4083 4134 4136 4389 4523 4559 4588 4674 4688 4720 476 481 4862 552 634 7 750 800 81 883 945 947
1133 1199 1213 1222 1304 1392 146 1558 1595 1863 209 2115 2153 2224 2308 2347 2435 247 2818 2841 2872 29 2927 2962 3 3078 3237 3251 3316 336 3367 34 3552 3557 3564 3604 3641 3692 3713 3800 39 3907 4003 4018 4225 4227 4331 434 4589 4656 4757 4764 4796 4904 4908 555 600 694 735
1002 111 1142 1149 1166 1197 1208 1219 1289 1395 1753 1811 1821 2163 2180 229 2306 2594 2648 267 2696 2793 2874 2878 288 2918 302 3087 3111 3174 3343 3369 3527 3742 3753 3876 3942 3973 4086 4139 4162 4166 4336 4383 4404 4468 4533 4576 459 4643 4669 4734 4743 4761 4881 490 4906 500 513 616 62 628 636 826 876 965 976
1095 1209 1230 1474 1706 1731 1919 200 2127 2153 2213 222 2230 2251 2341 2362 2508 2825 2965 3047 3093 3111 3282 3376 3746 3772 386 3924 3968 4270 4282 4597 4767 4882 4904 4972 586 612 731 778 814 824 856
1159 1178 1206 1260 1309 1360 1387 1474 1505 1507 1528 1542 1719 1760 1836 185 1850 2040 2052 209 2103 2130 220 2330 2334 2342 240 2538 2688 2703 2786 2898 2910 2918 3019 3101 3149 3159 3187 3230 3285 3333 3424 3439 3512 3801 3929 3978 4010 4020 4032 4080 4170 42 4241 4337 4393 442 4420 4424 4429 4458 4482 4487 4491 4628 4705 4824 4872 4878 4887 4916 723 728 753 797 899 90 971
1036 117 1170 1578 1607 1917 2257 2467 2764 321 3319 3357 3380 354 3600 398 4061 4213 434 436 4891 889
1056 1062 1067 1100 1115 1142 1196 1208 1215 1236 1294 1324 1370 1484 1598 1664 1671 1690 1742 1749 1750 1797 1803 1842 190 1936 2003 207 2113 2126 2131 217 2176 2259 247 2477 2529 2584 2644 2648 2681 2803 2825 2891 2951 3 3008 3020 3071 3097 312 3337 3371 3392 3540 3541 3584 3634 3665 3742 3747 3751 3889 3994 4068 4106 4149 4214 428 4290 4345 4358 444 4488 4537 4539 4614 4629 4638 4645 4698 4731 4758 4770 4787 4823 4927 4947 4964 4994 530 557 592 613 813 860 950 960
1101 138 1463 1551 1615 1852 2152 2271 2289 2290 2400 2624 3032 3197 3515 3613 4015 4339 4385 4423 4770 576 581 881
1005 1367 1804 1916 2027 2412 247 2566 3125 3136 3271 3600 3646 3683 3759 4057 4071 4073 4215 4677 4709 4714 4729 4895 610 620 745 934
1232 1335 1464 1474 1737 2197 2588 2645 2677 2696 3126 3281 3370 3820 3995 676 720 721 826 882
1104 1438 1740 1761 2912 2927 2937 3082 3147 353 3601 3683 3963 4027 4107 4274 4443 543 631 968
1241 1251 1310 1410 1460 1464 1512 1893 1992 235 2457 2694 2875 3133 3604 3856 3894 3952 4092 4154 4283 4395 552 6 89
1478 1718 181 1833 1965 2054 2260 2332 2526 2714 2988 3222 3496 3580 3672 404 4155 417 425 4945 63
1113 1414 1598 1743 1844 1927 2138 2143 2312 2320 2322 2378 2381 2476 2639 2869 3074 3137 3340 3659 3708 380 3824 390 395 3961 3995 4094 4156 4179 4240 4265 4289 4358 4391 4395 4423 4447 4771 539 620 788 826 858 987
1018 1100 1533 1563 1915 2119 2143 2321 2682 2869 295 3250 3845 4036 418 4322 4436 595 638 66 994
1 1073 1142 1179 1241 13 1348 1392 1478 1515 1727 1841 196 2000 2032 2057 2082 2101 2151 2195 2272 2337 2505 2508 255 2686 2693 2722 277 2913 2963 300 3015 3036 305 3113 3165 3237 3288 3329 3348 3406 3512 3567 3609 3624 3651 3773 3837 3915 3926 396 4026 4045 406 4085 4126 4140 4163 4201 4235 4287 4372 4453 4489 4553 4655 4680 4743 4800 4899 4909 4961 4965 4973 514 569 595 60 611 7 71 788 809 814 930 945 987 998
1031 1036 1052 1149 1241 1367 1405 1541 1670 1854 1861 1887 1893 1903 1955 199 2123 2131 2290 2318 2378 2392 2395 2457 2474 2476 2635 2741 2968 2971 3036 3052 3088 311 3126 3128 3204 3283 3471 3581 3604 3726 3763 378 3813 4064 4094 4159 4167 4172 4186 4222 4238 4327 436 444 4442 4557 4610 469 4741 4780 4793 4876 4901 4932 498 691 74 766 8 933 943 972 982
126 1315 1380 1621 177 190 2058 2142 2580 2585 2657 2769 2869 2930 313 3156 3245 334 3441 36 3628 365 3694 3747 3810 385 3892 4023 4041 4062 4118 43 430 4544 4695 529 568 607 773 852 913 942
1161 1239 1354 14 1642 1646 1701 1756 1773 1793 1833 1858 1919 2029 214 268 2794 2856 2918 3276 3366 3559 3593 3644 3745 3836 391 4046 4065 4110 420 4250 4430 4504 4664 4770 488 4973 580 716 818 843 889 963
1010 1015 1038 1064 1450 1452 1476 1563 1571 1615 1679 1735 1749 1985 2008 208 2110 2147 2264 227 2288 2290 2298 2310 2423 2428 2441 2487 2544 2740 275 2760 2787 2817 2818 2840 2941 3001 3051 3092 3170 3229 3327 3329 3521 3532 3661 3861 3911 3966 3976 40 4008 4015 4047 4072 4186 4196 4279 4388 4393 4535 4705 4739 4755 4919 4926 4958 589 601 663 718 721 768 787 804 886 909 927 977
1033 1256 1590 1598 1842 1883 2052 2061 2116 2255 2511 2540 2568 2623 2913 3036 3153 3385 3816 3884 3934 4011 4032 4050 4060 4140 4187 4383 4492 4675 4689 4726 4812 4900 4981 512 545 55 707 758 772 792
124 143 1901 2016 2068 2186 2260 2282 2332 281 282 3011 3015 3202 3219 334 3450 3680 4537 4685 4932 773 945
1256 1283 1312 143 1561 1745 1834 1866 2342 2389 2562 2566 3114 3161 3173 3289 3330 3467 3476 3671 401 4747 4874 4945 5 672 712 755 856
1079 109 1120 115 1229 1235 1306 1329 137 1393 1435 1476 154 1651 1675 1684 1692 1713 1783 1853 1904 1905 2036 2052 2069 2112 2140 2147 231 24 2400 2457 2497 2504 2535 2538 2596 2664 2748 2756 2825 292 2994 3017 3033 3038 3138 3181 3255 3296 331 34 3420 3571 3586 3639 3651 3683 3826 3836 3923 3973 4039 4085 4180 433 442 4429 4523 4540 4574 4600 464 4660 4772 4773 4825 4833 4918 531 580 60 643 668 700 706 719 722 824 853 858 877 893 907 977
1315 1488 1559 1626 1833 1872 1957 196 1995 2007 2383 2689 2775 2776 3037 3122 3379 3718 376 4140 4467 4705 4837 486 4874 4930 573 595 780 83 861
1625 1716 2176 2215 2393 2421 2705 2823 2864 2956 316 3165 3848 443 4793 4947 645 652 725 817
10 1219 1328 1333 1410 1429 147 1624 1642 1645 1696 1731 1822 1830 1856 1913 1946 2002 2052 2231 2255 2295 2376 2410 2447 2575 2582 2766 282 2840 2916 3015 3108 3255 3266 3402 3432 3659 3769 3793 380 3809 3852 3977 3979 4082 4085 4147 4154 429 4399 4465 4612 4635 4654 4681 4810 4837 4904 4952 4968 510 595 600 619 718 740 746 776 854 865 921 945 962
1158 1304 1406 1453 1575 1595 2127 2178 2401 2652 2943 2957 3548 3570 3703 3733 3796 4277 445 4515 4685 688
1063 1094 1170 1178 1214 1257 1282 1356 1395 1558 1617 1627 1736 1764 1784 1794 2119 232 2357 237 243 2492 2619 2680 2891 3124 313 3209 3271 3283 3348 3367 3413 3506 369 3764 3775 3787 3936 403 4044 4150 4190 4206 4288 443 4478 4578 4686 4705 4754 477 4799 4846 4854 4937 801 848 858 950
1007 1009 1033 1039 1177 119 1258 1304 1356 1458 1618 1671 1726 1836 1869 1886 1919 1928 1979 2143 2507 2538 2600 2601 2674 27 279 282 2834 2875 292 2986 3015 3017 3367 3568 3709 3895 3984 4031 4037 46 4610 4687 4817 4823 492 5000 59 658 773
1048 1075 1103 1171 1173 1176 1183 125 1304 1363 1392 1458 1500 1642 1693 1776 1910 1924 1942 2066 2071 2207 2218 223 2238 2371 243 2436 2439 2472 2494 2536 2546 2560 2605 2633 2654 2810 2834 2864 2903 293 2993 3047 3065 3142 3251 3271 3296 3308 3336 334 3482 3526 3566 3635 3650 3761 3772 3774 3883 3912 3979 4037 4136 4140 4213 4222 4235 4253 4347 4355 4370 4394 4498 4577 4597 4613 4616 4713 4732 4828 4867 4896 4930 4951 4973 4987 500 581 594 678 788 799 910 911 924
1045 1094 1157 1198 1256 131 1323 1377 143 1563 1590 163 165 1971 1994 1995 2018 2127 2233 2260 2407 2718 2780 2818 2835 2840 2853 2866 3037 3039 3112 3240 3369 3494 3559 3588 3610 368 37 3729 3738 3765 3831 3865 388 3880 3952 3967 3979 4026 4030 4045 4384 4395 45 4512 4519 4523 4599 4623 4651 4730 4755 485 4862 4878 4904 4932 4934 4937 4947 580 634 690 75 798 847 887
1075 1217 1262 1386 1509 1892 2037 2190 2211 2225 2232 2236 2260 2316 2458 2468 25 2852 2882 3001 3028 3223 3322 3350 4377 4622 4817 4891 4967 581 600 643 949 984
1149 1215 1494 1526 1566 1568 1727 180 203 2313 2378 2404 2496 2825 2840 3196 3211 3219 3418 3608 3774 3858 3944 4158 421 4349 4529 4682 4876 586 70
1053 1054 1270 1338 1369 1391 1421 1577 1775 1795 1842 1843 1855 19 2037 2172 2185 2344 236 2411 2600 2647 2846 2848 2968 2982 3178 3222 3259 335 3396 3397 3400 3493 3611 3614 3666 3851 3853 3949 4024 4061 4181 4187 4505 4566 4585 4613 4729 4769 4820 4822 485 4915 498 518 704 719 721 753 768 826 935
1052 1098 1129 1157 1167 1290 1407 1420 1563 1627 1685 1760 1905 1992 2138 2253 2299 2308 2336 2418 2454 2501 2508 2645 2751 2760 2769 2864 3000 3071 322 3245 3262 3311 3328 3334 3394 3417 3517 3584 3646 3719 3836 3894 3961 4189 4202 4321 4358 4398 4403 4483 4492 4565 4567 472 4967 507 614 640 648 659 678 686 732 762 83 932 940 957
1020 1297 1474 1479 1483 1803 1833 2127 2155 2159 2398 2623 2743 2797 2881 2913 2964 3013 3017 3028 324 3324 3439 3806 381 3836 3891 4162 4272 462 4645 466 4903 579 67 697 814 910
1163 117 1208 1256 1508 1617 162 1718 1857 1941 1958 1968 20 2226 2294 231 2476 2594 2600 2818 2868 2946 3101 315 3273 3311 3617 3706 3800 3817 3818 3899 394 4222 4319 4768 4773 774
1073 1094 1096 1098 1108 1118 1222 1254 1407 1483 1571 1595 1619 1673 1738 1742 1748 1760 1873 1877 1885 1890 1893 1933 2000 206 2119 2154 2199 2229 2273 2380 2405 2473 2549 2692 2739 2791 2819 2850 2856 2889 2989 300 3148 3185 3239 3300 3352 336 3403 3451 3510 3518 3522 3623 3641 3681 3682 370 3751 3755 3979 4029 4051 4062 4152 423 4230 4235 4239 4282 4294 4299 4313 4341 4355 436 4492 4571 4613 4717 4796 4835 4837 4879 4891 4937 4971 532 595 599 667 678 685 7 733 78 914
1215 1243 168 1732 1754 1887 2369 244 2783 295 2987 3132 3178 3225 3284 3577 3778 3840 3918 4130 4464 4576 4871 4972 604 79 824
1050 1075 1218 1253 1269 1360 143 1534 1551 163 1654 1734 1735 1740 1741 1763 1808 1929 2003 2031 2052 2183 2240 2373 243 2457 2495 254 2611 2632 2637 2667 2688 2801 2831 2890 2985 3063 3098 3165 3207 3314 3323 3360 3427 3511 3748 3772 380 393 3996 4010 4034 4085 4100 4358 4368 4486 4492 4529 4569 4607 4620 4636 4645 4749 4763 4816 4826 4889 4895 4904 4905 4907 4930 608 697 715 858 896 975
1000 1052 1125 1241 1289 1327 1451 1551 1557 1662 1688 1756 1760 1769 1787 1825 1880 2001 2003 2011 2128 2131 2149 2372 2378 2526 2543 2547 2577 2623 2866 2872 2887 29 2907 2921 2948 295 3028 3042 3051 3104 3152 3168 3201 3245 3283 3301 3320 3323 3342 3388 3475 3485 3511 3593 3688 374 394 3943 3949 3957 4000 4109 4175 4213 435 4356 4393 4516 4610 4677 4693 4801 4817 4841 4862 4898 4954 4972 4977 504 528 536 629 773
1004 1006 1120 1367 142 1431 1598 1658 1749 1760 1887 2151 2179 2550 287 2947 2959 299 3125 3325 3338 3482 3558 3646 3742 3850 3854 3863 3922 3949 4014 4102 4263 4268 4336 4441 453 4547 4549 4596 4627 467 4750 4785 4814 4847 485 4947 645 88 997
1062 1100 1157 1181 1278 1364 1380 1554 1735 1840 1861 1871 1875 1892 2022 2039 2107 2175 2181 2243 2290 2297 2340 2600 2616 2646 2688 2721 2872 291 3018 3036 313 3139 3179 3213 3236 336 3373 3449 3455 3616 3652 3676 384 4074 420 4261 4308 4363 4367 444 4587 4716 4717 4719 4755 4867 573 632 678 753 773 801 862 885
1028 1154 1178 1409 1426 181 2038 2117 2133 2219 2501 2508 2566 2761 2816 2872 3037 3193 336 3367 3579 3668 3795 3904 3958 4062 4069 4165 4251 4271 4386 4533 4538 4589 4624 4723 4752 4793 4805 4851 4852 491 4986 521 7 729 881 936 984
1065 1367 1472 1520 1547 1564 1604 1645 1689 1718 1727 1756 1757 181 1827 1956 2047 2056 2246 2450 2520 2613 2804 2919 299 3073 3115 3235 3533 358 3622 3942 4026 4204 4220 4290 4368 4429 4514 4531 4626 4696 4714 4729 478 4790 4796 4807 4870 4871 4920 4930 4960 4967 4998 54 547 56 718 719 870 956 991
1054 1315 1342 1352 1360 1454 1465 1476 1493 1590 1671 169 1693 1896 1942 1991 2049 2109 2121 2357 243 2481 2678 2697 2769 2773 2800 2808 283 2901 2960 2962 3 3111 3339 3442 3576 3599 3842 3847 3920 416 4301 4365 4402 4411 4443 447 4471 4528 4558 4560 4579 4692 4725 4836 4865 4891 4930 61 617 646 655 697 7 730 849 889 895 945 97 974
1 1118 1157 1319 1521 1627 185 1892 1896 2290 2610 2614 2641 2832 2900 2977 3059 3222 3584 3597 3881 3887 425 4268 442 4584 53 627 856
1063 1101 1304 1346 1484 1803 188 1946 1966 2047 209 2214 2258 2268 2290 2353 2400 2532 2537 2606 2658 2962 306 308 31 3210 3492 355 3593 360 3683 3712 3728 3800 4033 4042 4045 4059 419 4323 4336 4405 471 4980 4989 508 635 709 775 889 9
1027 1035 1115 1136 1209 1464 1484 152 1591 1609 1642 1657 1727 1757 1814 1850 2086 2150 2196 2255 2274 2374 2390 2492 26 265 2740 2897 2963 297 3007 3022 314 3145 3178 3276 3304 3356 3389 3458 3556 3603 3670 3678 3710 3727 3774 3952 4007 4435 4702 4722 4782 4783 4794 4824 4972 518 580 600 603 620 838
1272 143 1439 1476 1658 1727 1867 2197 2595 2630 286 2952 3178 325 3412 3921 4185 433 4348 4836 587 952 98
1019 1061 1100 1209 1339 1388 1522 1565 1631 1756 1857 1932 2081 2198 2314 2325 2399 2400 2508 2618 2660 2666 2788 2789 291 2914 3037 3046 3065 312 314 3232 3647 3700 3746 3747 3772 3800 3928 3949 4061 4244 4278 4279 4383 4393 4397 4423 4427 4501 4545 4625 4690 4699 4721 4743 4789 4871 4904 641 743 788 881 919 946 967 984
1 1234 1476 1504 1617 1652 1803 1827 1876 1986 2108 2147 2157 2286 2308 2379 238 2645 2693 2839 3043 3101 3152 3231 3290 3582 3641 3929 3970 4026 4037 4495 4877 4947
100 1202 1757 2474 2501 2510 257 2580 2683 3126 3311 3731 3836 4048 4230 4324 434 4413 443 4756 4766 482 497 4972 500 586 708 764 869 879
1115 1222 1382 1544 1590 1629 1687 1727 1770 1823 1906 1915 2138 220 2212 2280 2430 2551 2579 2648 2688 2760 2835 29 2907 2935 3021 3105 3337 3347 3348 346 3478 3519 3547 3558 3600 3620 3649 3762 3766 3815 3870 3946 3948 4014 4045 4127 4195 4218 4253 4269 4443 4450 4457 455 4550 4639 4667 4706 474 4894 499 518 586 725 769 779 78 793 918
1069 1182 1241 1357 1442 1524 154 1786 2522 294 3245 3558 407 4162 4198 4392 4558 4770 483 4945 500 560 751 789 811
1037 1083 1101 1109 1225 1289 1330 1410 1423 1453 1599 1638 1645 167 1778 1818 1915 1952 1972 1997 2028 2033 2085 2287 229 2332 2357 2378 2403 2453 2462 2465 2501 2538 2685 2730 2760 2817 2869 2872 2927 3001 3317 3409 345 3491 350 3562 3669 3690 3760 3835 3888 3942 3968 3997 4021 405 4061 4112 4224 433 436 4525 4526 4556 4575 4589 4663 4777 4858 4895 492 4946 577 584 60 662 713 783 842 858 890
1055 1122 1160 1170 1208 1287 1371 1419 1529 1634 1747 1798 1891 1895 1949 1962 2072 2223 2384 2442 247 2476 2587 2598 2732 276 2830 2865 3026 3066 3315 3486 3641 3663 3775 379 4098 4124 4128 425 4307 4361 4368 443 4519 4679 4740 4945 523 565 567 573 609 683 816 888 922 924 970
1017 1033 1590 1655 1689 1874 2052 2162 2335 280 3176 3274 3431 3523 3973 41 4221 4259 4487 4533 4836 518 527 987
1149 1380 1467 1513 1612 18 1832 2024 2087 2088 2256 2278 231 2503 2551 2812 2820 2839 3091 3158 3332 3560 3593 3715 3821 3894 395 4032 4104 4164 4213 4245 4268 4379 4423 4496 4533 4538 4728 697 880 891
1013 1028 1085 1102 1141 1245 1391 1418 1589 1642 1772 1781 1788 2026 2047 2205 2241 2513 2813 2819 2835 2856 2891 2927 294 2958 312 3216 323 3256 3283 3329 3415 3747 3790 3810 3868 3874 392 3942 4154 4408 4649 4711 4959 602 675 805
1049 1101 1144 1147 161 1680 1699 1718 178 1831 2000 2474 2590 3 3084 3283 3454 3598 3637 3643 3744 3830 3867 3968 402 4094 4099 4223 4234 4268 432 434 4393 4475 4538 4542 4606 4924 4978 498 526 623 689 744 752 947
1606 1608 1892 2238 2343 2559 2650 2691 2824 2845 3034 3036 3060 3090 3477 3559 3569 3783 381 397 4217 442 4508 4897 767 951
1088 1120 1318 1469 1587 1602 1766 197 2148 2356 2485 2502 2563 3143 3248 3278 3280 3337 3604 3646 3927 3931 394 4115 4183 4422 460 4729 591 643 678 687 78
1478 1502 1548 155 1572 175 1972 1992 2063 2119 2165 2238 2486 2549 2551 2570 2839 2879 32 3217 334 3393 34 3465 3511 356 3596 3685 3914 3932 4136 4140 4211 4252 4256 4306 4536 4705 4729 4744 4773 4791 4913 4925 4982 506 60 87 934
103 1086 1187 1189 1288 129 1358 1408 1665 1674 172 1745 1826 1836 193 1942 2037 2054 2077 2092 21 2125 2308 239 2475 2489 254 2558 2605 2666 2694 2708 2734 290 299 3009 3101 3117 3169 3252 3279 3296 3440 3443 3481 3528 3536 3545 3676 3751 381 3857 3872 3938 395 4168 420 4235 4286 4298 435 4390 4509 4526 4561 4597 4710 4712 4753 479 4856 4860 4864 494 52 598 633 834 910 954 977
1116 1209 1215 1336 1396 1491 1496 1693 1836 1906 2098 2138 2267 243 2556 2628 274 2765 2886 326 347 3739 3772 3873 3929 3933 3988 4006 4111 415 453 4564 462 47 4897 518 598 622 702
1106 1107 1256 1274 1281 1384 1440 145 1663 1680 1715 1791 184 1892 2025 2079 2137 2147 2391 2452 2509 2736 2771 2864 2929 300 301 3150 3166 3237 3651 3663 3698 3700 371 3775 3859 3973 4015 4076 413 4140 4253 4346 4526 4755 4829 4918 496 571 732 803 813 910 929
1022 1023 1024 106 1114 1157 1168 1242 1309 1340 1379 1458 1478 167 1771 1799 1921 1946 1988 2041 2043 207 2094 2099 2166 2185 2197 2305 2387 2437 2614 2677 2907 292 2962 298 3015 3051 3080 3215 3220 326 3404 3444 3450 3656 3720 375 3890 3971 4230 4455 4519 4650 4685 4813 4837 4875 4996 537 800 950
1054 1118 1192 1195 1263 1289 1299 1301 1489 1538 1558 1593 1605 1615 1659 1669 167 1693 1797 1922 1946 196 205 220 234 2431 2433 247 2589 2614 2623 2642 2659 2696 2759 2834 2864 2869 2891 2925 3111 3118 3135 314 3243 326 3311 3375 3466 3600 3626 3724 3803 3866 3886 3950 3988 4065 4066 4138 4186 4266 4387 4518 4573 4603 4637 4658 4685 4701 4802 4824 484 4883 4897 4918 4942 4944 502 527 542 556 586 770 828 919 925 947
1030 1052 1082 1090 1101 1112 1190 1191 1271 1395 1408 1616 1617 1671 1742 1842 1885 1953 1970 2003 2010 2020 2059 2068 2168 2197 2244 2245 2266 2272 2276 2303 246 2470 2549 2594 261 2662 273 282 2834 29 2907 2954 2963 2990 3044 3053 3119 3178 3188 3195 3208 3226 3260 3353 3507 3543 3698 3757 3829 4004 4026 4087 4114 4154 4162 4187 426 4383 441 4426 448 4633 4755 4786 4823 4932 4936 4966 4981 642 644 673 717 721 787 814 928 950 987
1028 1148 1163 1966 2483 2740 284 2978 3004 339 349 3775 3788 3940 4014 4231 4339 435 4355 4503 4513 4529 4867 556 981
1047 1094 1170 1194 1443 195 1995 2382 2648 2694 3367 3516 3572 3629 3645 3740 3784 4438 4618 462 4768 4789 4918 806 919 947
11 1118 1203 1215 1240 1289 144 1553 1700 1724 1817 185 1942 207 2182 2211 2275 2327 2408 254 258 2737 2861 295 3030 304 3049 3062 3355 3369 3663 3676 3695 3700 373 3800 3875 4056 4065 4120 4151 4174 4354 4396 440 4423 4535 4570 4714 4795 4808 4819 4853 4877 4912 823 844 856 996
1094 117 1386 1540 1580 1627 1661 1680 1697 1827 1881 1911 2009 228 2357 2370 2396 2502 2515 254 2729 2804 2811 2847 2963 3028 3077 3127 319 3251 336 3474 3508 3512 3514 3535 3903 3988 4037 4238 439 4432 4523 4586 4666 4759 4768 4796 4877 598 78 898
1072 1074 1080 1128 128 1293 1350 1372 1380 1458 1478 1710 1755 1800 1820 1847 1914 1966 2147 2151 220 2214 2329 2348 2352 2471 2514 2523 2603 2643 2693 2696 2968 3040 3183 3296 3509 359 3810 3812 3834 3843 3896 3952 3954 4019 409 4094 4184 4527 4535 4615 4671 4672 4862 4871 4902 4953 595 637 645 690 833 864 979
1001 1012 1033 1123 1178 1186 1256 1321 1408 1590 1635 1760 1789 209 2189 2265 2617 2668 2790 3111 4236 4282 4366 4499 469 4736 4774 4778 4967 711 771
1155 1212 1483 1518 1551 1601 179 2268 231 2377 2605 2640 2907 2928 3047 3125 3206 3219 3243 3410 3515 3621 3626 3742 3757 4013 4085 4280 4340 4470 4717 4837 4844 4973 527 600 65 666 756 813 908
133 1497 1809 1815 1829 1857 187 1892 2100 2583 2614 2623 2665 2918 3391 3503 3544 3686 3800 3841 3992 4281 4461 4490 4506 4630 522 562 57 634 782 858
1089 1119 1574 1576 2090 2176 2272 2491 2608 2942 2972 3051 3348 3923 3980 3993 4333 436 4823 831
1003 1392 1555 163 1875 190 2075 2097 2134 2141 2260 2501 2661 2738 2842 2888 3263 3501 3575 3736 394 395 4022 4171 4268 527 556 822 919
1063 1115 1165 156 163 1836 1981 2360 2566 2567 2653 266 2819 2821 3182 3243 3306 3423 3604 4454 4973 527
1223 1307 1378 1453 1480 1498 1945 1992 1999 2194 2349 2600 2605 2655 2870 3120 3511 364 3657 4144 4293 4451 453 4533 4583 4811 549 575 590 736 884 986
1200 122 1391 1445 17 1742 1797 1827 1851 1905 2015 2106 2211 2296 2356 2409 2799 2911 3243 3270 3386 3524 3605 3651 3683 3707 3719 3956 410 4556 462 465 4717 4798 4876 492 538
104 1156 1317 1347 172 1767 2084 2170 2211 2345 2530 2694 2716 2754 2899 3152 4314 4373 4412 4918 824
1028 1043 1309 1386 1597 1656 2074 2136 2712 2796 3099 3341 3377 3436 3558 4 4336 4399 4431 4613 492
1221 1331 1395 1588 1650 1658 1868 1896 1967 2173 2565 2746 2840 2872 3048 313 3372 3439 3482 3512 3651 3730 378 3804 3810 3968 4371 4428 453 4597 462 4640 4738 489 4914 725 845 905
1084 1121 1222 1296 1303 1309 1395 1474 1629 1668 1731 1749 1805 1912 1938 1972 2046 2129 2302 2317 2502 2701 2760 2875 2906 3076 311 3146 3152 3276 3286 3296 3425 3511 3537 3574 3585 3632 3752 3821 3949 4014 4141 4282 4393 442 4466 4487 4519 4529 4534 4537 4610 4645 4657 475 4837 485 4937 540 558 605 620 825 941
1028 1033 1071 1134 117 1265 1315 1408 1416 1473 1475 1617 1682 172 1806 1919 20 2114 212 221 2221 249 2645 2770 278 2825 2862 2944 2945 2968 2998 3001 3152 3480 3498 4203 4238 4343 4368 4521 4551 458 4605 4714 4886 4911 4930 500 552 556 732 787 820 86 871 934 947 995
1058 1105 1152 1362 1447 1483 159 1739 1740 2254 2315 2500 2769 2873 2875 2962 2984 3001 3154 3276 3303 3407 3553 3805 3988 4053 4061 4085 4162 4273 4409 4511 4793 4880 4973 527 535 58 581 643 651 851 857
1326 1501 1552 157 1582 1660 1714 1803 2164 2268 2394 2629 294 3069 3072 314 3222 3296 337 3435 3500 374 3973 3988 4014 414 4233 4254 4282 4284 4523 4576 4789 4884 4891 630 697 710 738 763 787 808 919
1044 1366 1511 1551 1614 1676 2054 2127 2211 2443 2449 2819 2856 29 295 3047 3107 3368 348 3530 3594 3618 3700 3757 381 3827 3877 3949 4009 4049 4131 4305 435 4437 444 451 454 4562 457 4768 4893 4985 520 626 690 788
1014 1157 1353 1592 1598 1615 1645 1653 1812 1946 196 1984 2151 2153 2239 2252 229 2332 2339 2358 2367 254 2593 2648 2698 2699 2707 2769 2798 2815 2875 2877 2927 3075 3109 3228 3251 326 329 3294 3390 352 3552 3677 3734 3746 380 382 3898 3923 4010 4136 4188 4207 425 4297 433 4339 434 4399 4443 4538 4610 4697 4743 4755 4779 4824 4843 485 493 559 696 826 897 948 950
1081 1219 1503 171 1758 1875 2220 2261 2333 2735 2744 2966 3275 3323 3698 4032 420 4249 4300 4484 4665 4714 4715 552 574 582 753 841 944 987
112 1276 1433 151 2064 2068 2153 2167 218 2308 2476 2673 2695 2750 2926 3192 3421 3836 4497 4522 4576 4874 495 518 615 639
1127 1145 1209 1211 1216 1356 1386 1389 1392 1456 1558 1560 1571 1629 1893 1897 1982 2048 207 2200 229 2331 2448 2526 2549 2580 2594 271 2767 2792 2876 2893 303 3086 3126 3184 3459 3552 3565 361 3757 3774 3775 3777 378 383 3929 3991 4119 4336 4748 4923 4945 4975 650 660 677 681 757 801 846 924 959 961
1 1205 1543 1617 1709 2193 2328 2424 2526 3010 3167 3546 3550 366 3749 4032 4062 4309 4312 647
1 102 1034 1142 1277 1322 1356 136 141 1427 1434 1464 1510 1525 1535 1551 1610 1620 1667 1728 1813 1849 1919 1989 2045 2260 2356 2386 2433 2566 2614 270 2819 2853 291 2962 2963 3031 3092 311 3116 3346 3349 3364 3445 3449 3470 3584 3626 3698 3754 4045 4237 4238 4304 4357 4382 442 4429 4492 4597 4737 4866 4867 4938 501 718 748 836 863 872 977 985
1054 1360 1459 1530 1630 170 1954 2210 2580 2710 2762 2955 3160 3302 3822 3879 4279 4369 444 4543 4582 4878 505 727
1248 1289 1482 150 1645 1850 1923 1976 1978 2051 2604 3002 3395 3448 3660 4116 4368 4415 4448 4556 4684 4703 4797 492 570 678 768 815 82 902
1075 1100 1111 113 1146 1266 1268 1304 1309 1343 1397 1430 1457 1470 1514 1546 1583 167 1807 1898 1920 204 2054 2068 2197 22 230 2308 2356 2359 2365 2444 2492 2578 2581 2599 260 2625 2696 2860 292 3017 3051 310 3103 3110 3219 3222 3255 3323 3515 3590 3591 3797 4025 4065 4078 4133 4216 424 4291 4350 4433 4456 447 4487 4541 4546 4591 4641 4733 4796 4895 4897 4963 4976 556 573 643 645 670 727 978
1036 1040 1436 1446 1453 1486 1537 1983 20 2037 2309 233 2342 2356 2400 2895 2939 3 3005 3054 3162 3214 3219 3237 34 3450 3489 3654 3655 3721 3974 3983 4081 412 4226 4264 4318 434 444 4609 4661 4677 498 693 703 785 873 900 945
1100 1207 1244 1284 1316 1471 1677 1762 1870 1875 1893 191 1964 2202 2354 2772 2904 2992 3065 312 3125 3369 3584 3587 3638 3663 3722 374 3780 3964 4129 4326 4359 4425 4922 583 656 7 719 725 753
1011 1029 1041 1151 1279 1300 1315 1332 1403 1532 1595 1613 1680 1731 1838 1842 1860 189 1940 2000 2080 2135 2143 2146 2177 2191 2293 2501 254 2541 2580 2594 2627 2740 2827 2849 2853 295 3048 3083 3140 3227 3292 3399 3408 343 3439 3525 3552 3561 3584 3612 3651 3698 374 3746 3999 4015 4063 4094 4332 4339 440 4419 4632 4677 4685 4773 4789 4834 4873 4874 4937 4962 4981 546 786 810 837 973
1098 1120 1640 2666 2671 2733 3067 3203 3212 3351 3502 3505 3551 3636 3728 3961 4285 4381 4429 447 926 988 99
1036 1247 1495 1742 1887 202 2161 2214 2307 2554 2555 2569 2600 3029 3152 3311 3374 3529 3600 3699 3871 3960 3982 4187 4253 4416 561 855 904
1008 1033 1062 1076 1185 1222 1277 1298 1345 1359 1367 1385 1404 1413 1464 1484 1519 1579 1725 1733 1757 1861 1865 1875 1888 1893 1942 1966 209 2093 2095 2111 2208 2237 2281 2338 2485 2525 2549 2709 272 2740 2859 2864 2936 3068 309 3095 3100 314 3309 3479 3531 357 3604 3626 363 3648 3659 3691 3702 3728 374 3742 3756 3771 38 3832 3897 3919 3952 3985 4335 4376 4383 440 4463 4469 4597 4645 4729 4746 480 4803 4821 4878 596 634 645 690 747 787 91
1118 1163 1169 1277 1285 1302 1365 1417 172 1850 1998 2429 251 2552 2623 2636 2684 2922 2949 2968 3094 3126 3172 3224 3271 3673 3684 3776 3906 3962 3981 4015 4017 4067 4145 4148 4210 435 4487 4510 4556 4646 4673 4677 4717 4781 4836 4850 4878 4967 4991 550 614 649 784 84 881 892
1099 1142 1170 1344 1356 1368 1408 1422 163 1842 1846 1887 2053 213 224 2255 2571 282 2834 2880 2913 2918 300 3028 3064 3096 3293 33 3367 3398 3468 3499 3747 380 3808 4165 4173 4182 4186 4209 4212 4232 4253 4296 437 4538 4768 4784 4824 551 580 598 60 800 83 906 977
1138 1441 1567 1768 1827 1835 192 2138 2217 2247 2364 2490 2753 2923 2934 3081 3313 3433 3473 3728 3807 3909 3929 4040 4157 4303 4876 614 768
1093 1220 1261 1277 1455 1666 182 185 1861 1943 1959 1969 1977 2047 2188 2432 2457 2512 2666 2927 2975 3101 3251 3254 326 3378 3700 378 3825 3838 3917 3953 399 4279 4282 4429 4500 453 4556 4594 4619 4683 4931 4984 4997 533 588 69 697 721 727 753 867
1175 1401 1474 1492 1573 1594 1744 185 1882 1884 1887 1896 1963 20 209 2131 2206 2214 2238 241 2516 2551 256 2572 2607 2711 28 2806 3017 3121 3151 327 336 3362 3460 3542 3583 3641 3757 378 3916 4165 4378 4519 4589 462 4642 4645 4668 4773 4806 485 4871 4895 4897 4949 4990 511 566 580 643 739 801 83 969 989
1081 1178 1227 1349 1745 1802 1848 1907 1974 2385 3125 3249 3321 3767 393 4002 4084 4178 431 4399 4477 4529 4659 48 4817 759 85
1163 1424 1478 1571 158 2070 2204 2277 2311 2459 2464 2742 2755 285 2866 3037 3277 3295 4487 450 4768
1036 1075 1132 1149 121 1275 139 1390 1410 1516 1693 1704 1777 190 1930 1992 2012 2143 2185 2283 2388 2397 2445 2474 2492 2602 2621 2675 2688 269 2777 2781 2835 2854 2924 299 3048 313 3190 3245 3255 3276 3358 342 3453 3552 3602 3630 3701 3704 3705 3794 3973 4054 4079 4165 4192 4200 4255 4342 4375 4417 4472 4532 4535 4613 469 4708 4743 4751 4869 4929 4957 4981 578 614 674 73 812 835 840 856 924 947
154 1563 2551 2594 2638 2715 2814 291 2915 2932 2938 3055 312 3199 3200 3271 332 3434 3555 3693 3894 3910 4010 4246 4364 446 4662 4760 4796 597
1026 1068 1139 1149 1264 1375 1410 1453 154 1562 1681 1693 1718 1720 1859 1878 1926 194 1995 20 2139 2160 2171 2185 2214 2268 2323 2425 247 2474 2498 2696 2740 2863 292 2974 3092 3255 3337 3573 3607 367 3774 381 3860 4038 4097 4135 4154 4235 4242 4267 4395 4414 4535 4558 4831 4857 4876 4885 4941 4950 4995 516 581 585 68 78 826 875 881 910 939 94 992 993
1118 1292 1395 1406 1615 166 1819 186 1972 2419 2727 2795 294 3036 3345 3472 3482 3593 3732 3782 3810 4062 4132 4292 440 4443 4593 4727 714 732
1188 1309 1380 140 1756 1801 2656 2826 2983 3177 3267 3291 3329 3751 395 3951 408 4275 4290 4330 4595 461 4717 4743 4947 827
1042 1073 1222 1915 2042 2078 2238 2460 2466 2768 2835 2844 2896 291 2933 3065 3131 3483 3615 3626 3746 447 4617 4700 794 802 850
1208 1241 1381 1462 1628 1937 1995 2068 2248 2440 2463 2576 2679 3354 3426 3452 3662 3779 3814 4353 4526 4580 934
1070 1073 1098 127 1305 134 1468 1633 1740 1745 1885 2054 2083 2105 2120 2158 2176 2185 220 2262 2284 2326 2342 2361 2375 2413 2414 2433 2484 2499 2527 2564 259 2723 2855 2883 291 2913 2968 2996 3006 3065 3125 3126 3130 3144 3243 3337 3513 3515 3714 3741 3905 3913 3923 393 394 3998 4037 4088 4117 4213 4229 4262 433 4443 4517 456 4589 4647 468 4789 4818 4861 4877 4943 4955 534 552 553 620 690 695 768 814 874 889
1097 1184 1193 12 1201 1204 1400 1476 1731 1740 1751 1756 1757 1797 1857 1905 1906 1931 1993 2065 2192 2209 2222 2269 229 2422 2492 2561 2586 2592 2677 2807 2817 2867 2995 2997 3016 3045 3065 3070 3092 3233 3242 3243 3283 3429 3449 3450 3484 3504 3515 3539 3559 374 3757 3781 3846 3864 3882 3894 3942 3965 3979 4014 4015 4089 4108 4125 4146 4162 4193 4238 425 4279 4317 4421 443 4481 4492 4493 4502 4519 4533 4552 4555 4572 4775 487 4932 4972 556 680 684 765 955 980 984
1091 1092 1150 1277 1367 1412 1658 1671 1683 1691 1827 1906 2019 2021 2169 2342 2346 2434 2485 2749 2760 2838 2894 2963 299 3001 3003 3050 320 3255 3265 3361 3428 3437 3663 3676 4035 4096 4161 4186 4197 4315 4355 4473 4523 4563 4789 4969 4993 4999 554 701 705 830 878 92
101 1028 1057 1066 1110 1130 1143 1180 1291 1449 1484 1487 1563 1600 1622 1689 1695 173 1779 1850 1862 1900 1905 1906 1909 20 2000 2003 2131 2203 2242 2301 2332 2351 253 2719 2817 2819 2851 2856 2857 2892 2979 3015 3048 3056 3057 3129 3164 3171 3482 3640 3676 3679 3728 3785 3802 381 3821 3969 3995 4077 4101 4113 4187 4222 4329 4334 4344 4360 443 4529 4589 4610 4653 4694 4707 4742 4770 4804 4836 4874 4933 4956 519 544 564 573 598 721 741 813 814 881 915 990
1170 1208 1246 1351 1360 154 1627 1648 1803 181 2023 210 2145 219 2461 2474 2649 2676 2688 2836 2931 3014 3041 3071 3165 3272 3419 3430 3687 3728 3742 3799 3930 4238 4474 4530 4558 4830 4992 645 665 699 727 734 761 83
1032 1059 1117 1131 1135 1142 116 1219 143 1466 1641 1708 174 1885 1899 1915 2 2005 2143 2144 216 220 231 2342 2521 2706 2725 2778 2817 282 2858 2907 2918 296 299 3017 3089 3157 326 3456 3511 3595 3737 3798 3855 3878 420 4228 4310 4325 449 4592 4604 4611 469 4735 4770 4836 4859 4970 4979 498 509 541 614 634 718 749 790 801 964
1036 1063 1087 1098 1178 118 1209 1219 132 1386 1506 1550 1629 1671 1680 1694 172 1721 1731 1742 1749 1792 1797 1816 1850 1885 1889 2068 207 2124 2132 2238 2263 2272 2300 2356 2416 2634 2651 2666 2745 2779 2825 2840 2853 2869 289 2891 292 294 3198 3251 3269 3299 3311 3323 3331 334 3482 3774 3869 3901 3937 3961 3986 4165 4169 4191 4243 4320 4338 4374 4452 4460 4568 4581 4691 4745 4776 4824 4832 4895 515 620 657 671 77 787 791 859 894 919 977
1228 1411 149 1705 1790 1915 226 2456 2480 2485 2534 2645 2693 3559 3811 3819 4037 4160 4165 4351 4608 4862 773
1021 1052 1237 1313 1415 1437 1444 1523 1939 1960 1990 2003 2006 2151 3106 3244 3422 3461 3625 3735 3893 3923 3961 4070 4260 692
1374 1408 1458 1490 1581 1686 1782 183 2037 2067 2122 243 263 2704 3163 3165 344 3512 3747 4230 4401 4445 4558 49 552 653 727 795
107 1081 1115 1120 1231 1586 1678 1717 1735 1749 181 1833 1839 2014 2131 2151 2234 2250 2272 2426 2457 2612 2622 2669 2694 2834 2853 2917 30 3028 3071 3141 3189 3369 3558 3627 3667 3719 3786 3902 393 3995 4032 4290 4339 4399 4407 4423 4480 4485 4634 4765 4867 4874 4876 4948 498 4983 500 777 800 824 950 966
1073 108 1126 1174 1267 1280 154 1545 1603 1712 1896 2047 2104 2119 2176 225 2268 229 2700 2822 2833 2884 3025 3035 311 3246 3348 3463 3549 378 3823 4257 4410 453 4839 4897 4917 4921 614 682 754 901
1101 1250 1407 1711 1948 2214 2420 2427 2433 2549 2605 2804 3061 3101 3186 3247 3318 3369 3675 3792 3952 4028 440 4507 4524 679 983
117 1226 1259 1341 1406 1464 1549 1629 1658 1947 1961 2037 2054 2076 2502 2693 2720 3155 3258 3323 3414 3450 3495 3512 3554 3592 3659 3664 3725 3821 389 3979 4123 4176 4355 447 4526 4809 4817 4888 4918 4981 64 80 813 910 912
1 1054 1094 114 117 123 1273 1386 148 1484 1527 1595 1722 1752 176 1857 190 1946 201 2017 2034 2127 2176 2216 2357 242 2451 2476 2573 2591 2785 2809 2961 3024 3047 317 3329 3457 3515 3593 3646 3659 3697 3751 3929 4016 4052 4055 4058 4061 4142 4143 427 4537 4704 4705 4817 4838 4863 4928 525 634 732 788 796 813 984
1081 1380 1636 1729 1833 1966 1996 2047 252 2531 2551 2672 2724 2802 311 3271 3298 34 3988 4043 4154 4311 4380 4462 4878 572 593 654 725 727 824 916 920 96
1210 1277 1615 1757 1918 2073 2089 2147 2235 2268 2319 2940 2980 3165 341 3659 372 3791 3833 4062 4339 4352 4520 4537 4676 4678 4862 503 573 624 698 78
1098 1137 1398 1571 1745 1797 1845 1934 1972 2350 2366 2402 2574 3487 3717 3772 380 3942 4440 4620 832
1046 1051 110 1153 1249 1334 135 1402 1483 1703 1828 1894 1896 1942 196 1972 2174 2211 2406 2417 2446 2455 2478 248 2528 264 2757 2758 2885 300 307 3102 3191 3261 3264 334 3359 3381 3387 340 3538 3563 3606 3619 3631 3642 3674 3696 3821 3941 3945 3947 4012 4095 4187 4194 4213 4247 4358 4362 4400 4446 4576 4602 4620 4677 4823 4827 4849 4890 4932 4939 726 866 938 95
105 1164 1255 1361 1391 1392 1428 1483 1623 1707 1735 1746 181 2102 2249 2285 23 2433 2517 2526 2626 2694 2805 2835 2866 2950 3180 330 3411 3439 3626 3700 3716 3758 4001 4290 433 435 4395 440 4644 4685 4788 4867 737 829
