1080 1204 134 1524 1833 2218 2563 2744 2834 2878 2893 3330 4540 
1003 1141 1191 1444 1501 220 2324 2628 2763 2804 2931 3026 3194 3665 4028 4184 4519 4734 4920 692 967
111 1255 2197 2258 2323 2595 2934 3136 3188 3436 4373 4393 4683 4985 540 62 759
1216 1731 1805 1806 1908 1912 2017 2290 2404 2783 283 3732 4524 511 53
1450 1780 1874 2066 2337 2840 2929 3107 318 3989 4022 4120 4261 4407 4596 696 866
1503 1663 1704 2010 2120 216 2273 2277 2364 2703 3 3233 3268 3396 3686 4678 4690 4706 4797 503 94
1041 1153 1185 1325 1505 1515 1544 1618 1863 212 2125 2194 2325 2394 2735 2958 3154 3652 4407 4646 743 844
1320 1627 2122 3059 3186 3286 3495 3710 378 4089 4343 4398 4445 4779 4940 633 656 895
1619 1671 2274 2447 2557 2699 2999 3063 3266 380 3939 3962 3999 521 532 603 722
1114 1206 1329 2107 2364 2489 2899 4264 45 4523 4935 669 908
1043 1144 1326 1403 1578 215 2575 2621 2625 2880 2989 3168 3372 3512 3525 3847 4569 4734 4745 4794 526 573 691 979
173 2380 2422 3332 4057 4107 4127 4227 4230 4298 4389 704
1118 1276 1299 1357 1514 1584 1642 1656 1701 1735 1866 1949 2046 2256 2345 2351 2558 2651 2680 2736 3113 3153 3491 3773 3988 4042 4244 4533 4673 4683 4869 4930 576 606 824 853 884 974
1080 1179 1209 1315 1923 2 2260 2405 2468 2603 2657 307 3304 3376 3435 3699 3859 3862 4044 4287 4307 4365 4576 4716 4754 4819 4875 4888 4927 553 617 850 893
1009 1022 1025 1176 1200 1444 148 15 1517 1585 1694 2003 2135 2271 2360 2461 2491 2696 2807 3201 3277 3374 3410 3414 3481 3487 3495 3511 3823 410 4189 4245 428 4306 4425 4560 4587 4612 4724 4735 4801 4899 4955 4981 757 835 930 993
1 1071 1657 1961 2078 2091 2280 2346 2459 2485 2492 2587 2868 3009 3096 3181 3622 3777 3922 4056 413 4188 4281 4357 460 4800 558 590 754 763
1191 1394 1546 1640 1740 1763 1996 2064 2084 2387 2555 2571 2572 2824 2990 3110 3135 345 3733 3884 4007 4013 4027 4061 414 4150 4241 4293 4331 4390 444 4999 835
124 1292 1468 1606 1730 1772 2041 2051 242 2618 2862 3152 3573 41 4332 4440 4604 4618 4656 4667 880 892
1016 1087 15 1524 1592 1897 1908 1975 2054 2095 2276 2368 2441 255 2561 2792 2816 290 2905 3040 3393 3690 3738 4151 4159 4596 4605 4619 4628 466 4785 4806 4836 4885 618 809 95 969 998
1673 322 3686 4021 4413 4553 4701 4813 624 828 839
1048 1080 1174 1374 1543 1668 1676 1852 1866 1885 2115 2130 2137 215 2195 2277 241 2428 2562 2567 2583 2826 2848 2940 2966 2998 3020 3431 3565 3718 3721 3735 3781 3952 4009 4093 4311 4347 4460 4506 4509 4603 4940 4956 4998 559 600 723 730
1417 1801 1885 2442 2652 289 3063 3879 4016 4791 603 632
1337 2096 2297 2447 2938 3077 352 3525 4255 439 654 858 90 970
1345 1457 1531 1992 2947 3633 4359 517 924 982
1316 203 2143 2828 3473 3529 3859 4113 946 964
101 1628 1814 190 2144 3308 4034 408 4512 629 635 641
1534 2555 2641 2699 3057 3118 388 4466 824 879
1365 1537 1658 1785 2072 2172 222 2332 239 2757 3003 3231 3258 3389 3720 4015 4346 4746 63 760 952 961
1369 1407 1850 2294 3088 3178 3198 3234 3597 4497
1151 1417 1425 1612 1643 1716 1731 1904 1939 2081 2126 2289 2424 2621 2658 2729 2955 3106 3205 3254 331 3333 3423 3426 3615 3633 3940 3990 421 4220 4275 4343 4393 4438 4445 4744 482 4996 549 575 730 771 836 856 989
1027 1131 1163 12 1224 1608 1631 1668 176 1802 1817 1893 2015 2059 245 2732 2741 28 2872 306 3186 3469 3625 3704 389 398 3992 410 4174 4482 4562 4909 4931 4979 525 723 776 846
1014 1352 1558 1607 1674 1947 2375 2393 2885 3090 3440 3477 3484 3768 4199 4223 4387 4839 4976 796 898
1307 1388 1664 1823 2065 2162 2522 2806 3021 3153 3546 3944 3993 4067 4541 4651 4716 4735 4990 582 643 699
1185 1192 1245 1411 1523 1635 1664 1685 1791 1797 1857 1944 2075 2149 2187 2289 2533 2796 3101 3268 349 3576 3621 3902 4012 410 4219 4225 4296 4396 4640 465 4653 4897 516 563 580 582 877 932
10 1058 1648 1664 1829 1844 2077 2151 2607 2808 2961 3474 3514 3575 3969 4026 4209 4224 448 4650 975
1134 2808 281 3073 364 4627 4718 4893 612 616 741
1221 1645 2406 2924 2929 3066 3086 3096 3225 3373 4015 4466 4574 853
1116 1243 1292 1306 1339 1458 1515 1609 1626 1633 1668 1742 1764 1781 1820 187 2021 2160 2177 2256 2718 2854 2857 2883 2889 2893 3081 3192 3387 3453 3518 3656 3680 3821 4093 4105 4321 4340 4421 4554 4771 4815 4838 4982 4996 796 922 934
1010 1087 1366 1450 1981 2199 2781 2925 3346 3643 4010 4156 4218 4810 537
140 2072 241 2417 2672 2753 2784 3740 4492 4827
1094 1158 1202 1312 1409 1488 1629 1710 1781 1810 1824 205 23 2527 2678 2724 2758 3161 317 3202 3279 3448 3800 4168 424 4280 4576 4631 4674 4698 4829 4859 4943 648 92 930 960
1041 1792 2182 2517 2532 3213 3606 3656 446 4933 928
1056 1057 1276 1322 1481 1506 1617 1867 2387 2513 278 2849 2983 2990 3011 3030 3543 3678 384 3929 4059 440 4674 4676 486 4898 4976 711 724 883
1174 1247 1413 1527 1874 2096 2330 255 2833 29 2989 3107 338 3563 3720 3849 3936 4182 4206 4217 4238 4325 4733 696 881
1345 1409 1673 1855 1880 1931 2071 2087 211 2347 2361 2434 2458 2530 2664 2733 2845 2968 3005 3045 3084 3253 3433 3494 3603 3655 3682 3819 3892 3987 3994 4138 4532 4568 4570 4580 4639 4721 4897 4943 4958 4968 580 616 661 957 958 967 990
1077 131 1344 1368 1440 1565 1769 1774 1861 2056 2202 225 2314 2360 2467 2815 2848 2851 2860 2875 2962 3113 3466 3557 3743 3759 3792 3877 3902 3937 4092 4274 4407 4568 4839 4872 4966 565 657
1016 1440 176 1770 2827 301 3037 3303 3307 3480 3705 4105 4185 4187 4334 771
1072 1353 1435 1715 2090 2614 3156 3211 3384 3679 3964 4315 4385 442 4500
1214 1223 1415 1570 200 2107 2126 2216 2341 2451 2484 2512 2902 3010 3380 3612 3673 3733 4035 4146 4285 436 4363 4494 4524 4605 4639 4858 667 918 920
10 1173 1356 1631 1986 2177 2470 2506 2831 297 3028 319 3437 3469 3658 3685 3766 378 4089 4099 4150 4282 4438 4469 4475 4511 4526 4567 4618 4673 4938 4963 4987 4993 641
1317 1889 1890 1900 2623 2671 2827 3454 357 3570 3649 3883 3985 404 411 4217 4311 4779 732
1780 1892 1893 2428 259 263 2860 2915 3389 3979 4117 421 4249 4388 4513 4800 614 676 745
1017 1192 131 139 1484 1604 1640 1865 1880 1983 2079 2088 2259 2304 2391 2409 2412 2467 2474 2527 2748 3016 3036 305 343 3443 3632 3671 3764 3891 39 3957 3973 4073 408 413 4276 4402 4485 4555 463 4790 4867 4882 4920 678 868 888 907 975
1491 2055 232 2586 2822 2862 3064 3122 4199 4379 4605 4627 4652
1043 1143 1372 1479 1488 1514 1628 1873 2090 2236 2586 2606 2881 293 3000 3012 3376 3493 3552 3556 3569 3920 3963 3975 4292 4409 4460 4490 4634 4754 4772 4821 4850 539 604 678 737 75 965 986
1101 1140 1164 1402 1517 1518 157 1624 1833 188 1885 1939 1962 1994 2017 2112 239 2441 2663 2744 2782 2790 2864 3251 3439 3444 3641 375 3943 3990 4055 4084 4268 4346 4485 4500 4579 4955 4968 4974 614 929 988
1115 1146 1220 1233 1676 1964 1984 2039 2065 223 2652 267 2706 2870 3008 332 34 3668 4069 4124 4261 4405 4463 786 822 89
1073 1196 1428 1576 1734 202 232 2444 2558 3009 3058 310 321 3212 3232 3435 3438 3612 3656 4053 4062 420 4462 4500 4820 4921 4974 562 767 780 933 963 965
1363 1850 1898 2138 2425 2592 2657 285 3138 317 367 4043 4044 4328 4349 4382 4493 4634 4635 465 4748 4974 87 877
1007 1091 1179 1237 1381 1472 1510 1515 1621 1878 1890 2166 2493 2962 3009 3078 3183 3352 3662 3712 4077 4145 4378 4485 4581 4794 4846 4862 687 827 847
1285 1308 1381 1399 1430 1469 1558 16 1925 2043 2181 2227 2497 2737 2834 2884 2916 3045 3154 3334 3335 3605 3720 3892 3935 423 4324 4586 4603 4755 4783 4805 4846 531 693 892
112 1293 1322 1716 185 2154 2817 3553 4030 4066 4605 4915 4985 751
1091 1198 1442 1617 1809 1810 1953 2137 2179 2291 265 3002 3224 3661 4014 4044 42 4213 4334 4434 4451 4629 4814 4976 5000 987
1340 1390 1475 1614 1780 1946 1975 2280 2503 2534 3206 3545 3591 3601 368 3807 3826 3896 4111 412 4181 4323 4671 4728 4733 4779 4784 4814 4984 691 90
1390 1441 1651 3261 3628 3677 3748 4501 4567 520 773
107 1431 1454 1518 1770 1814 1869 2153 2286 2450 2457 2480 2642 2832 3100 3177 3194 3214 3457 3505 3534 3576 3692 4110 4266 4321 4538 4570 4571 479 612 627 974 997
1286 1770 2077 2264 2376 2983 3504 3580 360 4079 4081 4202 4246 548 59 655 66
1119 1126 1375 1883 2088 2670 2690 2834 3044 3346 3516 4469 4593 4764 900
1138 1201 130 1354 1528 1574 1676 1748 188 2044 2087 2112 2160 2437 2663 2933 3150 3158 3206 3396 3631 3697 3913 4321 4338 4376 4595 4877 4909 583 647 694 808 886 944
1154 2079 2091 3243 330 3643 3749 3845 402 4997 636 849
1129 1194 1305 1307 1315 1435 1436 1467 1499 15 1684 1813 1916 2018 2142 2451 2647 3077 3168 3469 349 3545 3739 3839 3937 3949 3970 4115 4147 4238 4239 4273 4478 4591 4818 485 4904 561 775 909 923 978
129 1418 1856 2025 2035 2178 2518 2641 275 2770 2840 3140 3177 3455 3466 3567 3763 382 3912 3929 4154 4415 4473 4569 4593 4691 4752 4956 941
1487 1694 1810 1996 2346 2589 2662 4624 521 697 799 815
1024 1108 176 1792 1839 1996 2340 2342 2964 2975 2979 3035 3207 335 3471 3617 3697 3774 4017 4137 628
1104 1162 1211 1288 1538 2171 2313 234 2486 258 2903 3249 3437 3459 3493 3712 4074 4401 4422 4444 4799 761 849 941
1084 1086 119 1335 1951 2071 222 2249 2252 2275 2826 2923 3460 3769 3813 3825 3831 388 3910 392 4087 436 87
2151 2412 2502 2630 2732 3462 3842 4820 67 805 896 96
103 1771 2051 2420 2705 3008 3054 3080 318 3303 3779 4075 4132 4229 4362 504
1330 1752 214 2462 2626 3266 3290 3409 3458 3504 353 3792 3822 3861 4046 4117 4212 4221 4240 475 4868 669 673 789
1041 1126 1290 1408 1430 1624 1783 1975 1980 2335 2584 2819 2875 2907 3031 3495 3597 3640 3720 3764 3789 3809 3957 4159 4219 423 4337 4353 45 4549 4581 4652 4778 4879 4964 4979 571 685 887 947
1399 1614 1947 2023 269 2760 2812 3157 3302 336 3464 362 4118 4504 559 571 692 79 974
1061 1251 1375 1835 2278 2353 2502 2744 2861 2900 3450 3519 3649 3675 3767 3851 3887 4086 423 4253 4254 4296 4777 559 709 802 874
1119 1252 1394 1505 1602 1779 1900 215 2159 2252 2541 2617 2629 2730 3145 3657 3773 3806 4107 4165 4378 4461 4480 4570 4727 4732 4943 4989 621 725 891
107 1084 1280 1343 1425 1670 1746 1871 1916 2156 2313 2486 2544 2619 2626 2879 2913 2931 2939 3006 3012 3158 3226 3304 3353 3390 3606 3651 412 4185 4249 4306 4430 4470 4580 4615 4661 4705 4871 4959 619 693 739 889
1181 1232 1299 1300 1510 1663 1740 1743 1769 185 1858 1867 1875 1892 2009 2414 2517 2601 2730 276 2890 3013 3038 3109 3125 341 3487 3525 3582 3697 3728 3794 3879 3907 3949 4139 4406 4595 4696 4697 4784 4865 4990 524 594 690
1386 2255 2489 2890 2992 3487 3561 3797 4358 4762 4983 671
1340 1922 2067 2583 2977 3353 3556 3615 3808 4063 440 523 585
115 1325 1596 1697 2011 2056 2101 2915 3031 3331 3363 3532 3608 3623 372 3774 415 4244 4485 4511 4537 4794 4818 4884 4907 4991 541 60 726
1257 1306 1593 1624 2016 2017 2176 2179 2311 2998 318 3293 3351 355 3718 3989 400 424 4341 4404 4445 4700 516 649 737 848
1212 1240 134 1348 1378 139 1577 1862 1895 1905 207 2357 2372 2427 2497 2506 2672 2784 2912 3072 3364 3468 3793 3830 4212 4501 4514 4533 4551 4685 754 957
1015 1894 1970 2266 2486 2517 3113 3250 3321 387 3910 4141 4154 4380 4550
1130 1864 2064 214 2603 3084 324 3275 3676 3743 4113 4245 4814 4849 4955 560 669 684 732 975
1010 1420 1506 2030 2317 3080 3237 3370 3614 3664 4739 4785 493 4964 633
1540 207 230 2389 2822 435 45 4946 665 926
1283 1306 1504 1693 1839 1871 3041 3267 4061 4070 4311 440 4632 892
2057 2240 2285 2707 2807 2832 3789 4557 4910 619 862
1090 1633 1782 1842 2490 2595 2767 2822 2890 3295 3540 3857 4145 4525 4869 700
1115 1249 1326 1637 1769 2096 2183 2871 3176 3199 3285 3334 3661 4121 4310 4766 4959 574
1046 1350 1422 1835 2028 2228 3034 415 4252 761
1003 1844 3006 3227 3278 330 3623 3782 3946 4257
1185 1996 2466 2671 3316 3335 3425 3463 3577 3801 4070 4172 4352 4469 4710 4770 538 558 911
1413 1432 147 1949 2008 2053 2109 2254 2627 2636 2949 3001 3079 3103 3140 3228 3335 3531 3766 3770 3884 4228 4330 4409 4541 4546 4773 4966 4986 635 829 930
1053 1069 1072 1132 1210 1307 167 183 2141 2252 249 2534 2606 270 3154 3399 3511 3621 3670 3917 3921 3949 4103 4382 4451 450 4551 4796 5000
1127 1154 1168 1525 1568 1592 2557 3292 3311 3451 3653 3750 3809 3950 3970 4296 4299 462 4964 527 846
1127 1400 1595 1777 1845 1858 2385 2611 2935 3363 3572 3837 4020 410 4357 4498 4766 728 85 896 995
1016 1245 1251 1885 189 1930 2038 2296 2332 2380 2668 2820 3130 3548 3569 3905 4001 4070 4293 4367 4545 4711 4714
1153 1378 1798 1802 1892 1896 2027 209 2194 2378 2489 2490 2761 2783 2904 3092 3174 3243 3659 3696 3726 382 4023 4052 4102 4128 4287 4324 4497 4604 4615 4657 4713 49 4973 736 804 977
1044 1765 1833 2128 2323 2623 2689 2717 3174 3824 3918 4211 4623 50 906
1554 1690 1693 1875 20 236 2826 3165 3316 4250 435 470 4938
1049 1342 147 1560 1766 1846 1972 2058 2679 2763 3055 3083 335 3521 3724 3931 3983 3984 418 4257 4479 4618 4739 4856 4919 4983 512 69 725 736 878 982
1015 1368 2257 2886 3639 3701 4105 675 899 948
1014 1022 1025 1027 1294 1410 1731 1768 1935 1974 2087 2269 2454 2692 2735 2812 2897 3151 3265 3314 366 3703 3752 3948 3955 3993 4166 4378 4400 4491 454 4550 4616 493 4962 585
1266 1962 2035 2246 2532 305 311 3333 3590 4666 4914 699
1140 1173 1351 1666 1720 2223 2276 3583 3589 4142 4226 4283 4452 4532 74
1241 1254 1318 1409 1475 1503 1855 1866 1936 194 2002 2054 2150 2336 2415 2493 2527 2581 262 2720 2907 3265 3501 3520 3629 3675 3741 3781 4011 4075 4329 4763 4775 4783 4875 489 513 692 714 780 980
1013 1197 1244 1337 1757 1818 2123 2136 2243 248 2553 3562 3653 3676 3896 3909 3958 4019 4439 4826 4846 504 586 984
1010 1042 128 1427 1490 1786 2310 2823 2944 3316 3344 3461 3516 3607 3868 3962 4175 4396 4583 4722
1082 1166 1195 1249 1295 144 1601 1756 1791 1806 1849 2219 2244 2349 2384 2750 277 2905 3105 3179 3634 3743 3931 3996 4039 4226 4349 4375 4418 4453 4709 4816 4897 499 534 586 618 654 822 951
1694 205 2215 2436 2494 2657 2754 3013 3116 3744 3975
1791 1830 1888 2051 2131 2537 2846 2855 3407 3410 3526 4006 815 946
1165 1194 136 1426 1496 1738 1953 2095 2110 2150 2189 2258 2588 2648 2675 2700 2813 2860 3013 3143 3313 3331 3344 3404 3579 3599 3673 3861 3896 4097 4130 4178 4179 4182 4362 4472 4543 4551 4687 4692 4745 4786 4990 636 672 743
1082 1348 1376 1391 1482 1537 1555 1807 1862 1963 211 2432 2611 2661 2667 2841 3630 3696 3772 3825 3936 399 4035 4150 4460 447 4778 4908 805
1086 1115 1151 1584 2116 2175 2454 2465 2663 2880 2961 302 3501 3577 3778 3785 3802 3817 3982 4180 4272 4339 4587 4776 4781 4877 4878 4891 850
1564 2142 2225 2262 2652 288 3451 3857 3875 4152 45 4818 495 952
1032 1106 1176 1267 1509 1518 1704 1751 1873 1913 2097 2725 2871 3038 3219 3445 3616 3682 3951 4015 4044 4329 4448 467 651 801
1152 1933 2241 2271 2552 271 2882 2908 3029 3086 309 3093 336 3411 3424 343 3477 357 3638 3734 3793 3950 4104 4352 4496 4617 4970 4986 582 734 737 875 89
1303 1431 1969 3271 3358 3428 3557 3897 4672 4676 4694 4927 4949
2020 2562 2566 2708 2762 2955 3170 4528 4868 700
1044 1193 1475 1541 1564 1604 1716 1815 1841 1934 2312 2425 2563 2627 2684 2686 2858 324 3259 3406 346 3728 3949 4042 4128 4165 4218 4348 4380 4387 4502 4523 4563 4607 4716 4839 514 529 531 532 82 845
1321 134 151 1694 1714 1835 248 2596 2613 4126 4369 442 4771 505 776
1118 1164 126 1338 1346 1364 1461 1512 1747 1825 1839 1899 1974 2294 2752 279 3000 3143 3146 3308 3374 3396 3550 3692 4179 4345 4390 4728 4749 4760 507 557 604 696 842 881 953 964
1208 1228 1366 1399 2081 3068 3111 3227 3527 4759 4774 617 762 826 927
1305 1805 2412 3046 3049 3199 3441 3634 680 685 695 70 940
1300 1887 2221 2301 2468 349 3625 3686 4117 4653 4777 4925 971
1083 1544 1932 2510 2576 2634 2851 3220 4056 809 950
1042 1060 1202 1237 1428 1493 1581 1718 1814 1823 2080 2102 2113 2144 2158 2215 2291 2452 2477 2586 2629 2630 2631 272 2921 3016 3279 339 3463 3630 3707 3861 3889 3911 4103 4209 4223 4830 4868 580 676 701 888 958
1092 1107 1170 1274 1608 1745 1788 1814 1890 1920 2019 216 262 2878 3078 311 326 3428 3493 3546 3571 3638 3743 3857 388 3960 4039 4068 4171 4179 4270 4347 450 453 4613 4679 4682 4687 4696 4764 4844 4889 622 695 75 761 766 930 941
1125 1134 114 1175 1544 1603 1678 1701 1787 1834 1865 1908 200 2053 2297 253 296 3054 3401 3410 3664 3787 43 4612 4788 4998 662 744
1006 1103 1107 1143 1166 1194 1699 1736 2079 2131 2271 2341 2456 2471 254 286 2911 2938 3045 3330 3408 3477 3634 3712 3728 3746 3877 3908 3914 392 4079 416 4165 4220 4225 4319 4381 4561 4563 4603 4612 4777 4911 583 59 611 766 923
1072 1126 1228 1440 1608 172 2037 2064 2313 246 2803 3083 3308 3371 3425 3567 3713 4076 4166 4414 517 677 700
1169 1355 1516 1550 1949 2044 2191 2371 2378 2418 2588 2630 277 3024 3184 3343 3388 3431 3456 3471 3605 3772 3789 3997 4055 4144 4231 4590 4604 4714 4762 4889 58 808 957
1016 1069 1070 1423 1741 1911 1965 1970 2455 2541 2674 2951 2960 2978 3337 3372 3376 3425 3454 353 3626 37 4034 4035 4038 4072 4197 4296 4334 4388 4417 4521 4570 4579 4661 4713 4763 4837 4874 4901 5 520 610 679 722 783 959
1191 1531 1718 23 2535 324 3554 3746 395 4018 4761
1119 1736 1870 2013 2139 2916 3536 3792 4039 4152 4189 4915 981
1236 1352 1378 159 192 2345 2557 3799 3842 3950 4302 4905 69 950
1063 1394 1449 1572 1838 1862 1912 2042 2248 2466 2643 2856 2910 3121 3136 331 3479 3755 3782 4135 4281 4457 4508 4557 4614 4758 4916 4918 598 802 88 983
1235 1350 152 1576 1667 2002 219 305 314 3276 3377 3388 3483 3879 3970 4183 4538 4874 4978 830 888
11 1829 184 2214 2232 2283 2612 3009 364 4188 4521 512 800
1358 1869 1923 2433 2611 2645 288 2946 3508 3564 391 3941 4393 4415 4574 4585 4610 4690 4902 4982 585 925 998
1077 1581 1650 1736 1820 1845 210 2103 2453 2563 3206 3358 3451 3454 3499 3816 4060 4085 4129 4202 4229 4317 4358 4422 4497 4648 4655 4728 4999 643 71 992 999
1723 2053 2152 2713 3038 3114 3370 3543 3555 408 4324 4512 4897 505 527 567 817
1200 2179 2276 2284 2362 2899 2999 3448 3640 3862 3940 4281 466 4745 60 618
2463 3292 3374 4074 4838 4870 695 932 964 970
1033 1080 1181 1317 1795 2090 2246 2327 2448 2508 2526 2764 2911 3035 3124 3345 3478 3513 3518 3610 3651 39 3937 4061 4139 4322 4349 435 4502 4521 4540 4736 4737 4982 506 712 89 99
1250 1412 1742 1759 1796 2010 2231 2315 2520 2660 2789 2805 3452 3814 3988 4090 4115 592 681 742 755 837 856
146 153 1693 21 2186 2438 3015 3428 3506 3719 4408 4516 457 4571 480 78 966
1068 1074 148 1927 2249 2559 3002 3092 3167 3268 4047 4439 4444 449 4564 469 4808 579 705 753
1005 1260 1465 1469 220 2261 2577 2587 2638 268 2686 2755 2773 2976 3039 3041 3058 330 3315 3324 3556 3616 3705 375 3822 4016 403 4183 4292 4497 4595 4629 4672 4724 4726 4917 506 507 548 561 704 759 803
1030 1121 1170 1212 1255 1346 1483 1632 1903 2007 21 2116 2183 2605 2650 2738 2846 2868 3132 3175 3202 340 3533 3573 3706 3859 3998 68 722 986
1375 1484 1550 1646 1875 1988 2076 2618 2723 2749 2782 2872 2950 3404 3439 4101 4333 4479 4530 574 606 626 910 943
1125 1237 1351 180 189 2356 2654 2706 2831 2960 3194 3499 4426 461 4682 502
1245 1384 142 1773 1800 2337 2375 2383 2559 2781 2818 2981 3002 3095 3110 3255 3594 3845 3846 4357 4467 4691 4859 4921 513 594 778 8 909
1251 1393 1663 1973 2058 2926 3367 3549 3673 3986 4374 4401 458 4602 4884 639 737 881 94 965
1051 1053 1296 1298 1434 1443 1451 1477 2192 2346 2366 2572 2607 2608 2618 2621 2657 2714 2755 2831 2904 2934 2953 3037 3667 3718 3927 4113 4138 4273 4675 4742 4798 489 624
1043 1500 1686 1834 1957 2227 2292 2856 3557 4013 442 4611 4836
1031 116 1162 1208 1286 1537 1560 1587 1607 1673 1811 1850 1982 2082 2176 2210 2216 2466 2488 2524 2573 2607 2677 2684 2936 3075 3260 3329 3435 3495 3536 3564 3594 3621 3820 388 415 4364 4371 4532 4606 4623 4814 4822 4950 552 852 90
1101 1488 1489 1612 1648 1680 1918 1984 2137 2146 216 2171 238 2465 2507 2638 2640 2728 2749 2763 2801 2897 2941 3090 3151 3292 3452 3492 3601 3695 3696 3835 3889 3990 4152 4341 4421 4458 4492 4718 4757 4958 565 740 829
1078 1136 122 1454 1781 2572 2687 3070 3185 3341 3906 4232 4326 4614 482 867 950
1023 1978 2098 255 257 2616 2960 3422 35 4134 443 4432 4561 4759 4763 4891 569 615 926
1469 1506 244 279 3628 3945 4417 4996 570 634 991
1028 1055 1105 1235 1317 1332 1342 1457 1492 1720 1733 2088 2276 2392 2484 2655 274 2931 2978 3039 3203 3625 3726 3773 4032 409 4467 4470 4486 4672 4722 4863 4921 4995 929 991
1025 1440 1644 1695 1761 1883 2175 2420 2435 2554 2671 2878 3037 3470 3547 3629 3685 3910 3913 4074 4179 4196 4221 4273 4401 4439 4610 4669 4834 4845 677
1102 1151 1966 2374 2451 2791 2856 3181 3364 3643 4022 4539
1807 1992 2306 2439 2725 287 2882 3206 3217 4299 4363 4639 780
1021 1151 1152 1349 1411 1531 1547 159 1710 183 1836 2057 233 2491 2550 2771 2821 2947 3014 3029 3210 3633 367 376 3834 3879 4 4067 4163 4326 4363 4390 4455 4545 455 4686 481 4905 4931 4933 498 526 533 734 753 940
10 1300 1761 185 1912 260 2608 2745 2916 312 3127 3305 3980 4010 4375 4838 4905 4987
1167 1334 1499 1711 1820 1887 1927 2150 2394 2562 2724 2761 2774 3010 3504 3588 3694 3837 3863 4380 4525 4553 4589 4806 4815 4827 613 668 7 774 923
1746 1773 1808 2014 2054 2217 2237 2420 3161 348 3960 4236 4468 920
1269 1391 1710 2287 2293 2424 2850 3051 3185 4229 4351 453 4550 4561 4840
1026 121 1252 1287 1490 1655 1941 2112 2246 2426 2592 2648 267 2947 3037 316 3330 3332 3497 3575 3605 3775 3919 4023 4055 4256 4285 4311 4454 4564 4775 4797 4819 485 4892 505 53 619 708 722 845
1289 1307 132 1395 1396 1858 2034 2186 2406 2494 2721 2864 3264 3667 3687 3851 39 4216 4325 4454 4765 4796 4978 547 718 807
1044 1045 1098 1309 1818 2035 2210 2215 2251 2470 2814 3047 3140 3280 3337 3440 642 801
1644 167 1988 1999 2341 2394 2520 2595 2620 2659 2706 2945 3204 3397 3871 4005 4074 4624 4683 4804 712 713 725 920
103 1336 2127 2173 2460 3144 3412 3583 3803 3866 3899 4061 4245 4336 4413 4432 4627 4876 531 951
1162 1280 1716 1844 1855 208 2348 2388 2434 2558 2696 2796 2851 30 304 3123 3160 3241 3474 3567 3627 3723 3802 3866 3956 3991 403 4283 4506 452 4675 4676 4704 4858 4861 4941 4978 59 614 736 880 968 982
1135 1200 1236 1255 1459 1548 1573 1656 1742 1776 1831 2151 2251 2310 2320 2380 2441 2608 2626 2744 3114 351 3519 365 3662 4033 4078 4175 4353 4471 4519 4843 598 602 703 717 791 98
11 1790 1916 2072 2136 2176 2215 2490 2627 2840 2863 2918 3512 3563 4457 4539 4580
102 1360 2316 2753 276 3053 3076 3210 3344 495
1012 1101 1478 1938 2084 2476 2496 2616 2634 2699 3114 3200 3302 3673 3753 378 3976 4072 4685 4956 4967 619
1133 1213 1308 1415 1437 1545 1571 1629 1659 1671 1755 1817 1852 2003 2241 2360 2399 2426 243 2560 2627 2714 292 3117 3143 3298 3392 3587 3593 4137 4175 4195 4265 4498 4502 4576 4581 4660 4731 4833 4848 4901 632 705 78 841 872 990
2263 2540 2896 3681 4027 4144 4240 4376 4540 4622 4874 798 924
1224 1504 1947 2085 2120 24 2541 2585 2842 2989 3144 3166 3587 4315 4382 4473 4545 4824 601 907
112 1230 1459 162 1631 1659 1905 2194 2309 267 2857 3079 3299 3852 4043 4193 4271 4321 4889 547 671 998
1256 145 1576 1733 2160 3645 4109 4559 4599 4935
1073 1505 1529 1745 2279 228 2287 2297 2333 2410 2502 267 2718 2765 3029 347 4312 4402 4577 967 970
1175 1593 2465 2788 2844 3376 3700 3835 555 889 914 962
138 1771 2180 2192 2453 2464 2849 3032 3339 3451 3815 3952 4517 640 691 781
1079 1081 1260 1359 1452 1602 1846 1870 1902 1929 2094 2269 25 2506 2743 277 2813 2971 33 3315 3352 3802 3849 3864 3872 4564 4615 4687 493 511 527 789 937
1095 1637 1772 1920 28 2808 2975 3026 3231 3366 3429 3703 4069 4408 4481 4603 47 4826 4884 541 547 682 810 912
1122 1408 1476 1517 1565 2218 2262 2552 2768 2918 3301 3333 3396 3560 4186 4339 4370 4380 4594 4714 4770 896 902 955
1034 1088 1299 1342 1382 141 1422 1425 1445 1970 200 2016 208 2172 2365 2390 2448 2583 2898 2905 2938 2997 321 3233 3340 3374 3434 3536 3620 3765 385 3932 3972 4046 4149 4178 4257 4344 4446 4478 4609 4970 4973 578 628 645 691 702 748 860
1154 1335 1368 1704 1828 1838 2088 2141 2144 2718 3243 3569 3586 3618 3714 3884 3981 4408 4546
121 1903 2731 2759 2995 3227 3303 3452 3931 4037 4039 4484 511 566
1529 1586 1813 1893 2039 2163 2169 2704 3414 3416 3496 3500 3694 4180 44 4479 4487 4522 645
1309 133 1686 1858 1903 20 2114 2669 2739 2866 2948 3093 3173 3579 3602 367 3829 4297 4366 4453 4610 4659 474 4766 484 4932 588 589 873 877 974
1018 1104 1181 1262 1493 1578 1672 168 1747 1891 2249 2265 2309 2555 2751 2810 2825 2903 297 3135 3275 3310 3427 35 3557 364 368 3888 4135 4252 4327 4457 4574 4597 4622 697 70 755 932 994
1303 149 1626 1707 1727 1764 2021 2048 2106 2108 2116 2195 2357 2538 2688 2818 2843 293 299 3215 3592 3845 3954 4145 4168 4204 4219 4289 4409 4432 4483 4517 4579 4619 471 4769 4841 4980 553 557 570 670 788 835 87 989 99
1437 1588 1764 188 2601 2604 2739 3233 3251 3892 3965 4670 4713 4821 4876 499 795
1001 1022 1502 2334 2542 3058 3277 3650 3851 4356 4453 4740 4854 4947 4997 891 987
1245 1400 1553 1580 3061 3916 4348 4359 440 4454 4982 677 816
1078 1084 1160 1390 1548 1779 1913 2106 2189 2636 2946 3054 3371 3460 3559 3588 3614 3782 4059 4063 411 4159 4196 4510 4530 4780 4924 4960 617 633 774
1113 1190 1235 1655 1674 1987 1991 2028 2037 2191 2211 2256 2285 2323 2343 2634 293 3105 3208 3246 3438 3453 3484 3487 3550 3622 3691 4066 415 4277 4384 4439 4520 4563 4773 4775 49 4960 591 688 935 977
1303 1313 1397 1536 2027 2133 2181 2182 2351 2636 2688 2793 3008 3121 3226 3647 3654 3846 4203 4775 4819
1063 1096 1128 1555 1705 1993 2361 2796 2832 2882 2988 2995 3277 3370 3444 3577 3653 3770 4251 4366 4453 4609 462 471 4732 4738 4825 56 652 765 845
1524 2012 2638 3062 3288 3551 387 394 430 4494 4610 486 960
1612 1761 1868 2255 2274 2387 2904 2966 397 4178 4316 4473 469 4728 4768 4773 4870 846
1422 1732 1781 1809 1846 1992 2201 2346 2363 2462 2836 2909 2987 3113 3225 3334 3380 3533 3571 3729 3933 3981 4058 4079 413 4149 4218 4488 4505 4524 4999 798 811 872
1278 1349 1779 2726 3252 359 4164 4288 4340 4533 872
1073 1085 1388 1637 1640 1930 2121 2471 2499 2533 2850 3988 4273 4336 4573 636
141 1488 1750 1779 3326 3476 3887 4819 4882 629 751
1069 1133 1225 1402 1478 1598 1786 1795 1859 1862 1971 2003 2028 203 2030 2108 2172 2283 2303 2382 2505 2530 2556 2580 2618 262 2645 2728 2735 2867 2873 2999 3137 3170 353 3601 4004 4007 4217 4529 4555 4717 4733 4950 4981 840 893
1438 2113 2121 2130 2561 2719 2755 2773 2834 3595 4238
1099 1227 1633 1849 1868 2102 2649 3032 3440 3491 3553 3578 3906 4137 4335 4417 4470 4506 4518 4644 4661 4947 940
139 1557 193 195 2002 208 2143 2411 2412 2535 2560 2877 3358 3617 3660 383 3888 4256 4623 607 944
1007 1046 1113 1186 1314 1704 1902 1919 1937 198 2045 2091 2278 2303 239 2576 2581 260 2640 2958 2969 2994 3006 3096 3168 3356 3417 3474 3770 3791 3940 4108 4370 4510 4522 4614 4659 4661 4680 4791 4870 4903 4921 4946 4970 4980 883 890
1006 111 1190 1401 1556 1636 1863 2027 2140 2186 2189 2202 2206 2318 2336 2423 2440 2684 2802 2841 2876 313 3195 3216 3327 3328 3855 3865 399 4202 4300 4397 574
1050 1152 1447 1535 1581 1595 1711 1807 1852 1927 2096 2184 2248 2319 279 2798 2927 306 3093 3246 3279 3364 3402 3530 361 3695 3765 3850 3907 392 3922 3992 400 4056 4115 4190 4611 4706 4737 4813 4896 599 763 791
1083 1584 1649 2537 2967 3546 3831 4004 4277 4423 4672 4785 4893
1237 1920 1942 2386 2452 2475 2617 2661 2864 3017 3061 3091 3414 3480 3519 3666 3681 387 3939 3973 3997 4235 4270 4375 4449 451 4764 4800 4864 51 512 578 873 907 925
1476 1524 1843 27 3004 3178 3975 4151 459 4762 903 904
1131 1188 1192 1449 1489 189 1951 2061 2173 2437 2444 2504 2599 2719 2992 3491 3726 4032 4252 436 457 613 783
1317 1349 1770 2082 2193 2520 260 278 3063 3077 3407 343 3566 3867 4513 4565 4725 533 554 571 759 795 823 878 885
1248 1456 2460 3371 3432 3512 3741 4111 4270 4520 4959
122 1370 1485 1818 1868 1959 2051 2322 2448 2570 2731 2768 2854 3319 3354 340 3533 3929 3939 411 4123 422 4279 4432 4920 4981 666 8 921
1174 1224 1265 1444 1449 1506 1581 1802 1834 1855 1874 1910 1912 2016 2087 2094 2231 2381 2653 2966 317 3202 3251 3284 3353 3360 3714 4014 4073 4293 4400 4492 4557 4566 4587 4589 4650 4926 533 548 697
1097 1135 1199 1452 1495 174 2131 2352 284 3031 3420 3515 3642 4089 4309 4344 826
104 1097 1098 1106 1272 128 1364 1470 1866 217 2320 2405 2734 280 2966 2988 3226 3232 3575 3657 3780 4083 4140 4163 4190 4511 4741 4759 4818
1144 1219 1597 1706 2257 252 2640 2666 2668 3349 3488 3491 3707 4106 4151 4162 424 4467 4503 4575 4620 4668 4679 942 96
1019 1285 1474 1548 1560 1681 1774 1838 1847 1954 1965 2025 210 2191 220 2256 2279 2400 2459 2681 2954 3071 3105 3285 336 3699 3766 3873 4361 4388 4402 4573 4593 4599 4600 4652 4696 4796 4902 4999 634 766 794 925 998
1050 1072 1086 1357 1452 1493 1549 1595 1654 175 1942 205 2212 254 2609 278 2833 2988 3011 3102 3386 36 3658 3700 3711 372 3785 427 4492 471 4783 4842 4877 4886 698 720 774 859 982
1379 1521 1612 1671 1940 1985 2160 2249 260 2682 2857 2927 3511 3514 400 4031 4471 4854 509 603 690 709
1209 1714 1878 2083 2290 2293 247 2617 2832 2871 2901 292 3400 3605 3802 3933 4329 4459 4534 743
1191 1478 148 1602 2201 2320 2348 2373 2935 3079 3168 3363 339 3646 3664 3725 3767 3892 3970 4024 4237 4337 4984
1173 1514 1845 1917 2136 2795 3100 3137 3587 4690
1047 1284 1425 1540 208 2081 2128 224 2299 2699 3240 3490 3541 3551 3826 3979 4111 4586 5 522 934
1181 1227 1429 2188 2207 2300 3107 3263 3357 367 3953 4124 4288 4523 4861 4867 4910 624 660 771 915
1604 1958 1988 2094 2318 2906 2940 4407 464 4836 83
1018 1094 1199 1255 1489 163 1632 1680 1791 1813 1942 2028 2119 2129 2184 2577 2588 2594 2667 2686 2690 2737 2835 2909 2955 3304 3498 3550 3581 3630 4119 4534 458 521 565
144 1758 2000 2367 2478 2526 2990 308 3751 3851 4142 442 501 739 839 950
1015 1130 1176 1324 142 1763 194 1955 1984 2005 2013 2510 2549 3502 3882 3911 3912 4376 4386 4595 4675 516 893
1019 1319 1390 1446 1458 159 2013 2142 2336 2851 3144 3306 3313 363 3799 4262 4781 4798 4849 4878 597 679 800 843 917
1513 182 1900 2519 2550 2894 3123 3151 3259 3718 429
1104 1251 1478 1748 1749 1961 214 2197 2221 2397 2455 246 2530 2613 2702 2772 2789 3817 3866 3957 401 4066 4079 4211 4248 4399 4521 4656 4698 4898 491 4910 4927 4983 604 668 679 795 813 97
1 1533 1579 1911 2072 2328 2337 2391 2755 3191 3437 3517 37 3880 4307 4397 4955 688 809 883
137 1559 1951 2030 2039 2498 2896 3084 3234 3362 3477 3657 3871 3925 4133 4343 4568 5000 583 825
147 1775 2238 2354 2551 4078 4715 4840 4946 99
2550 2666 2897 2927 2937 309 3139 3363 4160 4176 4490 4589 513 917
1027 1035 1321 1466 1528 1774 1891 2098 2403 2470 2481 2576 2740 2793 2998 313 3212 326 3384 3600 3682 3716 4080 423 4300 4366 4707 4824 4838 4904 4915 696 769 895 903 927 978
100 1011 1053 1249 1271 1674 1715 1819 1899 1993 1998 2295 2309 2510 2624 2637 2873 2935 2950 3085 31 3147 33 335 3856 4028 4261 4936 586 616 637 659 704 755 798 831 933
1710 278 2896 3004 3038 3391 3551 4349 4444 4694 472 697
1249 13 1531 154 1842 2037 2074 2102 220 2334 2552 268 2680 2686 2690 2741 2875 3187 3254 3618 368 3710 3963 3984 4033 4160 4205 44 4577 4609 4706 4724 4750 4782 4963 4975 53 638 802 849 870 926
1521 1540 1741 1962 2796 2909 4075 4340 4420 515 544 75 913
1082 1098 1133 1137 1184 1327 1741 1833 1837 1899 1901 2037 2329 2413 2736 2809 2812 2822 3127 3313 3378 3384 3963 4232 4400 4478 4809 4940 4976 645 849 949 984
123 1474 1824 1895 1916 207 2463 283 2862 292 329 3330 3647 3794 4274 4730
1219 122 2983 3342 3455 3594 3953 4499 4938 818
1348 2022 2888 3351 3588 3675 4142 4295 4592 4904
1019 1697 232 2350 2398 277 2800 2911 30 3058 3325 3492 3666 3894 4696 4725 4758 4901 609 783 989
1234 2333 3078 3273 3301 3379 3573 3596 3859 4109 4363 4669 663
1020 1164 1209 1378 1409 1475 173 1756 1946 2205 2230 2495 2498 2526 2651 2661 2712 2879 3022 3244 3430 3505 363 3767 3782 385 386 390 3911 3934 4049 4128 4265 4340 4500 4518 4643 4664 4708 4796 4797 4839 4995 500 668 694 751 769
1 1068 1081 1345 143 1503 1656 1683 1873 1921 2005 2018 2516 2519 2527 2534 2539 2639 2688 3004 3076 3105 3161 3214 3241 3254 3324 3388 3449 3540 3563 3637 3638 3888 3916 3973 3987 4196 4307 4324 4395 4823 4895 4986 618 629 707 736 744 95
1036 1198 1477 15 1508 1637 1667 167 1771 178 1873 2231 2321 2524 2705 2747 2824 2874 3267 3270 3338 3444 3489 3570 3712 3774 393 4010 4048 4071 4122 4149 4284 4288 4298 4301 4355 4438 4470 4716 4732 4791 4825 4862 4867 493 496 530 742 744
1264 1458 1471 159 1608 211 241 2515 3101 3348 3751 421 4313 4531 4555 509
1244 136 1578 2120 2327 2330 2833 2846 3306 3856 4096 4332 4761
1067 1198 1229 1490 1580 1584 1645 1730 177 1829 1867 2030 2173 2445 2587 2827 3284 3902 3911 3936 4026 4315 4326 4520 4974 538 69 776 845 945
1190 1418 1429 1643 2133 2275 2519 2695 2715 3355 3489 353 3741 4694 4781 795 853
112 2257 239 3 3087 331 3746 3877 3974 4339 652 734 824 952
1034 1041 1091 1115 1335 1691 1767 1772 1806 1823 1875 1920 2009 2181 2233 2364 2644 2900 3072 3139 3140 3222 325 3347 3623 3962 4159 4350 4384 4592 4690 4712 4923 498 583 606 70 726 794 961
1148 1166 141 1686 2020 2165 2183 2443 2542 3086 3166 3489 3620 370 3907 4007 4078 4195 4295 4345 4691 4844 4978 677 694 839 916
10 1034 1155 1611 1681 1737 1905 1998 2014 2047 2076 2133 2241 2251 2287 2372 2482 2600 2603 2714 2850 2918 3016 3173 3482 3489 3597 3610 3740 3776 3877 3913 3997 4211 437 4678 4815 4826 4847 4891 4901 508 628 668 678 693 756 826 92 920
1162 1458 1968 2984 3084 3216 3838 4139 4174 4682 4740 724
121 1214 136 1449 1643 1754 183 2058 2155 2186 2219 2224 2231 2529 2841 2849 3010 3119 3351 3447 3518 3589 360 3669 3680 37 3848 3957 4014 4069 4098 4101 4103 4252 4288 434 4389 461 479 4795 4858 4914 4924 4954 611 615 684 758 813 926
1050 1224 1957 2211 2219 2405 2456 2483 2560 2581 2634 2659 2694 2705 2741 2849 2976 3094 3197 3601 3907 4127 426 4281 4315 4450 4456 4749 4806 4913 506 730 806 892
1214 1629 1824 2018 2173 2255 2357 2405 2651 2879 2995 3241 3309 3389 3800 3816 3881 4028 4094 469 4772 483 50 768 895 95
1007 1252 1379 1569 1795 2500 3380 3437 352 36 4189 4682 4759 4968 575 700 728 796 962
108 1286 1292 1380 142 1614 1773 1788 2083 2105 2141 2219 2300 2348 2454 2547 2633 2871 2930 3012 3041 3076 3086 3121 3178 3196 3230 3236 3622 3669 3717 4073 4210 4214 424 4479 457 4609 4739 643 908
1157 1867 2258 2466 296 3000 3002 3127 3142 3407 766
1547 1553 1840 1883 1900 1965 2379 2723 2792 2847 3144 3321 3662 3681 3833 3887 4210 426 4352 445 4548 510 612 641 848 897
1047 1562 1918 2009 2298 2837 2989 4228 4347 4977 66
1128 1260 1484 1663 1728 2145 2324 363 3785 3843 3993 752 889
1017 2162 2304 2372 2459 2681 3061 3162 3620 3772 3895 4539 4553 4579 4864 495 609 873
1455 201 2033 2559 2763 2815 2946 3350 3472 3575 366 4502 4810 4827 541 603 747
1104 1641 1714 1747 2318 255 2839 3214 3343 4466 4596 556 597 636
1343 1542 171 2391 2747 3056 35 3962 4105 4309 4522 4752 4840 4859 4896 940
1209 1271 1305 2425 2706 2865 2963 3372 3624 3972 4512 477 509 891
1029 1043 1144 117 1459 146 1487 1665 1709 1845 1994 2097 2141 2143 2265 2339 2362 2593 29 3013 3255 3370 3570 366 3715 3723 3740 3741 3745 4107 4110 413 4247 4259 4428 4465 4877 4948 521 527 53 625 769 827 919
1312 1626 1655 1942 199 2118 2240 2463 2807 29 2914 3211 3224 3268 3547 3668 3689 4016 4111 432 4391 4599 4626 4787 4920 4995 912 964
1057 1457 1574 1632 1726 2097 21 2188 2285 2325 2543 2719 3011 3170 3185 3757 3846 3952 505 688
1913 2222 2302 2303 2676 3222 3800 3807 4137 4634 4963 807
1321 2020 211 2133 2156 2221 2474 2568 2632 2935 3375 412 4211 4652 4735 4941 714
1549 1788 2137 2263 2677 303 3398 3475 3656 401 4259 4866
1490 2430 2468 2664 2919 3133 3251 3538 3647 3659 3736 39 4153 4271 4423 4506 4563 4597 468 4840 4866 4958
2039 2175 2210 3082 3447 3462 3564 3809 4234 4422 4597 4771 4774 491
1517 1664 1719 1730 1794 1879 1880 2501 2610 2615 2682 272 3265 3536 3622 3722 4031 4866 546
1550 2029 2418 3034 3628 3694 3731 3791 4113 4263 4622 519 628 910
1107 1418 1448 1701 19 2189 2324 2327 2345 2535 2724 2749 30 3125 3136 3213 3515 3667 369 3825 4261 4346 4372 4593 4629 4756 4835 684
1462 149 1972 2128 2323 25 254 2668 3323 814
1273 1340 1961 2500 2844 2942 3310 4029 4824 4985 532 937
1000 1381 1613 1813 2157 2445 2878 3232 3463 3537 3668 3958 4640 608
1473 1899 1923 1946 2079 2149 2307 2416 2440 2564 2610 2817 2848 3335 339 3773 4068 4215 4526
1238 1341 1408 1429 1574 1700 1886 2073 2113 2164 2375 2502 261 2718 3259 3389 352 3571 3984 4221 4376 4598 539 577 613 649 650 652 707 858
1286 1849 2004 215 2336 2550 3543 4240 4525 4536 4537 4725
1349 1536 1724 2016 21 2119 2120 2205 2247 2505 2691 2807 281 30 3205 3484 3694 3889 3936 4397 4423 4685 4699 4754 4864 4932 869
1127 1352 1366 1487 1705 1835 1887 197 1984 2026 2149 2182 2188 2333 248 2512 2693 2788 3171 3318 3460 3543 387 4026 4182 4206 425 4256 4339 4471 4488 4689 4714 658 707 84 934
1285 1520 1559 1642 1840 1945 2205 2678 3129 3136 3455 3492 3707 3999 44 4637 4650 4734 4772 676
1047 1182 1444 1465 1476 1552 1585 1610 1623 1884 2227 2378 2458 2672 288 3236 3304 3311 3492 3517 3545 3615 3733 3826 4156 4163 4258 4263 4275 4289 435 4351 4444 4489 4571 4645 4670 469 4813 489 852
1002 1226 1411 1417 1511 1558 1665 1869 237 2587 2921 3082 3120 3169 3295 4344 4454 4467 4764 962
102 111 1129 1300 1387 1697 1957 2064 2076 2211 2262 2441 2448 2511 2641 2675 2711 2891 3100 3110 3154 3172 3534 354 3683 3702 371 3719 3866 390 3906 3956 4000 401 4013 4015 4194 4238 4289 4345 4451 4468 4673 509 526 664 698 906
1141 1561 2044 2121 2280 2419 2473 2567 2962 3007 347 3791 3876 4119 429 4494
1826 2277 2458 2492 2507 3991 4199 4717 81 946
1205 1271 1310 1507 1822 2071 2112 2286 2497 2675 3256 4272 4924 984
1077 1336 1994 251 2514 3081 3563 3594 390 4854 4878 764 792
107 1176 1180 1593 1699 1822 1846 2012 2014 2020 2036 2054 2084 2300 2590 26 2761 3152 3183 3201 3211 3448 3551 4256 4267 4373 4449 4601 4875 4924 4947 687 734 763 776 800 825 846 948
1057 1062 110 1241 1261 1435 1842 1970 2250 2266 2437 2581 2617 2622 2781 2787 2943 297 3031 305 3077 3139 3170 3181 3201 3438 3498 3515 3553 3663 3710 3795 3868 4099 4138 4436 4480 4483 4539 4544 4637 4666 4857 4922 4937 504 558 570 884
1277 1688 1712 2082 2678 2786 2793 2813 316 319 3287 3316 3499 3973 4051 4073 4127 4372 4415 4747 4960 4987 611 615 819 839
1236 1880 1956 22 2959 3087 3609 3637 3899 4151 4420 856
1134 1273 1346 1559 1751 1884 1959 1973 2196 2221 235 2458 273 2903 2905 3063 3137 3216 3225 3675 3705 3760 3785 3878 4054 4150 4173 4192 4195 4202 4259 4378 4786 4823 4849 4879 4893 4973 62 690 806 882 908
1040 1565 1585 1615 2689 2788 3332 35 3517 3523 3589 4168 4226 4581 4649 4698 4900 4925 866
1064 1140 1350 2286 2462 2792 3091 3579 3635 4669 4761 631 801
1125 1131 1179 1259 1291 1373 1418 1649 1659 1672 1790 2111 2139 2174 2185 2209 2243 2446 2558 2635 2698 2735 2909 292 2957 2981 3193 3265 3916 3979 4058 4065 4136 4320 4385 4482 4627 4680 4831 4914 4994 4996 665 728 932 979 990
1391 1532 1809 2288 2468 2761 2788 2928 3091 317 3382 3513 3696 4043 4128 4410 4710 724
1010 1035 1094 1171 196 2009 2082 2127 2294 23 2474 2476 2525 2530 3199 3510 3659 3798 3912 399 4343 4424 4523 4526 4571 4719 669 705 718 789
1018 1117 1617 1721 1857 1939 2076 2709 2737 2753 2837 3090 3213 3412 3914 4457 481 4914 564 611 741 790
1143 1144 1547 1707 1711 2590 2954 3167 3171 3516 3616 3845 4102 4154 4229 4438 4731 4808 4861
112 1265 1502 1610 1647 1681 1736 1748 1848 2170 2196 2278 2390 24 2462 2510 2610 2859 2985 3048 3069 3098 3223 3229 3269 327 3462 3719 3745 3862 4197 4476 4519 454 4572 4573 4679 4706 4790 4798 4943 507 704 735 754 989
1142 1277 1636 1681 1745 1751 189 1906 2507 2669 2852 321 3388 3405 3427 3438 3482 3525 3714 4014 4102 4125 4143 4395 4475 4499 4517 4656 4674 4730 4736 4869 543 878 898 9
1078 1430 1628 1764 1816 1817 1959 2003 2479 2747 3204 3236 3422 3485 3504 3800 3882 3989 4023 4166 4180 4212 4260 4277 4561 4576 4870 4890 4985 4991 692 850 881 929
1053 1127 1882 2005 2063 2210 2229 2240 2290 2418 2504 263 266 2684 2705 2843 3087 3171 3174 3239 3455 3519 3521 3612 3684 393 3939 4346 4473 456 4569 4578 4592 4638 4666 4828 4868 4998 516 610 713 903 92
1740 1789 1805 1959 1990 2139 2265 229 2312 2548 27 2846 2900 2972 3027 3167 3181 3628 3649 3713 4166 4225 4303 4309 4703 4739 4953 574 78 787 938 96 969
105 1094 1364 1496 1976 2014 2220 2702 2781 2841 2873 3151 3336 3357 3454 349 3521 3937 4146 4337 4596 4927 536 605 614 731 835 933
1130 1399 1952 24 263 2714 2925 3041 3860 396 4100 4686
1915 2599 2702 2872 3285 3871 4564 488 57 75 977
1400 1550 1636 1902 2063 2227 2679 3093 3539 3572 3634 3657 3864 3990 3997 4070 4145 4304 4501 48 4866 4909
1003 164 1863 2577 2598 2601 2674 2775 2927 3274 3727 3748 3966 73 917
1077 1221 1428 1496 1728 1905 2111 2213 2294 2536 2975 3868 3975 4146 418 4301 4483 4784 4909 5
1185 1720 1730 1756 1793 1799 1868 213 2144 2493 2522 2673 2959 316 3837 3846 3848 4270 4507 4815 4850 486
13 1417 2200 2463 2772 2848 3235 3403 4466 4715 4951 4953 596 72 977
1123 1433 1687 1792 1799 2511 2588 2850 2945 3081 3606 3869 3961 411 4175 4287 4377 716 872 975
1002 1680 1738 2062 2098 2116 2680 2732 2978 334 3725 3928 578 843 850
1207 1427 1450 147 1480 1505 1578 196 2183 2541 2593 2674 268 2720 2739 2926 2945 3155 3576 3614 3730 4101 4272 4300 4329 4419 4420 4429 4435 4495 4531 4551 4624 4629 4767 612 690 854 94
1070 1331 1381 2095 2113 2253 2383 3127 3352 3532 3705 385 4032 4271 4367 4861 4886 947
1113 1809 2637 2675 288 2956 3972 4265 4537 674 79
1066 1109 1219 1402 1636 2322 2534 2960 3092 369 3857 4305 4584 4632 4646 4763 4895 643 684 698 714 843
1091 128 1762 2279 2492 2506 2772 3764 3890 4567 4794
1006 1190 1199 1277 1586 1622 17 2024 2035 2047 2172 2459 2467 2520 262 279 2844 2922 3035 3145 3254 3358 3402 3453 363 3791 3971 403 4093 4228 4337 4597 4693 4713 4778 4808 4969 518 553 641 828 898 918 958
1171 1479 1519 2128 2431 2505 2513 2515 2981 3466 3569 3715 38 3886 4206 4541 4935
1113 1155 1165 1211 1267 1322 1462 1565 1590 1714 1937 2099 2108 2147 2148 2590 2613 2650 3092 3195 3237 3402 3427 3610 3659 3748 3788 3810 382 3861 3947 4042 4210 4294 4394 4482 4614 4619 4646 4810 497 4992 523 794
1282 1333 155 1685 1951 2065 2500 2582 335 3728 3981 4016 4119 4140 4257 478 4977 807
1404 1528 2771 3107 3217 3222 3523 3842 3955 4577
1225 1626 1731 1795 2746 3294 4130 4395 4554 479 495 4968 680 912
1035 1218 1292 1842 1877 2095 2267 2751 28 3131 3211 3530 3636 3820 3944 4146 4577 4749 976
1212 1227 1325 1945 1995 2047 3148 3357 3484 3529 3580 3715 4359 4373 578 699 868
1002 1092 1456 1540 1574 1886 1895 20 2230 2304 2537 2573 2873 3039 333 3547 3640 3697 3793 3972 4075 4385 4618 4701 4789 634 797
1225 1268 1627 1630 173 1876 1960 2012 2201 2312 2440 2570 2693 2925 2958 3019 3096 3257 3498 3515 3676 382 3958 403 4040 4368 4405 4527 4586 4862 4947 679 710 721 755
1208 1514 1774 2337 2437 284 2893 2916 2938 3669 3700 3769 3994 455 4941 4953 654
1194 1231 2168 2364 2370 2601 2659 2751 3081 319 3452 3469 3513 352 3621 3954 4017 4034 4071 4200 4265 4469 4774 4931 512 545 624 680
1061 1874 1884 2766 309 3135 3380 3547 3630 4790 4900 4969
1345 1356 1421 1536 1671 1865 1888 2027 2060 2127 2267 2292 2334 2950 3026 3097 325 3317 364 3955 4221 4318 433 4400 4403 4650 4688 4717 4891 4986 609 620
1046 121 1222 142 1725 1797 2258 2667 3141 3326 3465 3550 4499 4709 57
1324 1642 2065 2201 2882 2894 2976 2984 306 3275 4178 4291 4559 4568 4785 746
1265 2266 2702 2880 3280 3456 3633 3725 3826 4218 60 672 857
1152 1207 1457 1836 1918 1939 1957 196 2005 2171 2268 2422 2493 2513 2663 3082 3343 3938 3992 4025 4124 4149 4381 4510 4557 4680 4765 4869 86 979
1215 1252 1277 1309 1476 1489 1498 183 1945 2195 2517 2567 3618 4194 4280 4404 4884 525 759 791 800 936 951
1003 1044 1106 1154 1589 1669 1967 2081 2092 2211 2444 2637 2723 2929 2984 3143 319 3217 3597 362 3918 4055 4550 4701 4772 4850 4882 539 580 594 683 725 858
1415 1672 1836 1886 1895 2678 2918 3043 3572 3889 3995 4639 4875 771
1069 1118 1147 1431 1566 160 1788 1824 1878 1948 2057 2126 2158 2275 2326 2481 2509 2570 2583 2611 2737 2738 2786 2894 2947 296 2991 3280 3448 3674 3770 3807 3868 4059 4348 4415 4416 4574 4622 4729 4735 4783 4844 535 656 927
1092 1337 1747 1769 1832 2077 3032 324 3313 3361 3766 377 393 3933 4482 4534 4632 4673
131 1599 1657 1753 2002 2068 2666 2926 3006 3186 3217 3318 3528 3938 4081 4084 4422 4964 520 680
1033 1098 1100 1305 14 2117 2180 2184 2334 2385 2696 2779 3289 3637 3799 3836 3902 3956 4003 4280 4413 672 70
1012 1075 1122 1173 1236 1271 1328 1370 1431 1462 1653 191 2001 2056 2103 2196 2274 2447 2460 2465 2469 2491 254 2741 2811 2843 29 306 3742 3816 3856 3871 3904 3994 4058 4342 4427 4455 4559 4637 4853 4983 510 526 558 678 705 749 961
107 1141 1335 1823 1902 1943 2395 2607 2677 2783 2792 2953 2986 3166 32 3267 33 3764 3781 421 4223 4615 4935 497 57 575
1263 1367 2071 2154 2422 2547 2579 2900 3205 4116 485 597 649 686
1022 1208 1351 1357 1454 1614 18 1803 2052 2115 2234 2331 2351 237 2422 2636 2911 3087 3212 325 3271 3326 3749 3828 3952 3967 4220 4662 4778 4946 513 711 956
1063 1108 1891 2154 2192 2394 264 2786 370 3794 4097 4170 4180 4460 4537 4547 4883 551 783
1183 1604 1644 165 1841 194 2053 2180 2259 2284 2287 2341 2401 2578 281 2820 2880 3182 3534 366 3682 3765 3853 3960 3963 4344 4397 4458 4475 4717 4751 4864 4900 4912 4989 718
1377 1427 1759 1763 1790 1884 1925 1945 2292 2312 2423 2641 2751 3218 3337 3540 3632 3761 3944 3991 4272 4480 4681 4697 62 751 821 84 969 973
1039 1267 131 1385 1414 1567 1627 1665 1682 1744 2154 2574 2606 2727 2778 2862 3080 3707 4157 4161 4228 4859 498 517 662
1017 1065 1361 1435 1632 1640 1675 1810 1860 198 2013 2069 2234 2391 2449 2640 2688 2689 2771 2998 3173 3190 3205 3246 3571 3661 4020 4163 4299 4332 4437 4586 4598 4768 482 4824 4886 4894 4895 491 4948 4965 510 55 633 76 967 986
1007 1018 103 1101 1120 125 1394 1471 2047 2267 2303 2308 241 2616 2710 2731 2736 2783 2921 3123 3189 3194 3331 3368 347 3611 385 3883 4289 4300 443 4501 4755 4765 4813 4915 4932 494 585 694 770 90 901 944 957
1021 1416 1535 1907 2184 2359 2455 2524 2666 2698 2784 2965 3114 3199 3248 3352 4034 4132 4301 4420 4525 4528 4558 4718 4732 4743 4762 4967 8 954
1260 1309 1718 2269 2362 2380 2824 2887 3055 3324 3651 3938 401 4081 4196 4484 4686 4727 4906 656 670 724 806 812 827 843 924 927 970
1512 2240 3279 3281 3767 4456 450 4967 856 966
1021 1092 1357 1439 2086 25 2610 3130 3247 3353 4287 4969
1108 1143 1239 1247 1413 1471 1722 1786 1928 2031 2255 2361 2528 2584 2683 2776 2784 2820 2856 2869 2955 3055 315 3216 3301 3320 340 3499 3794 3994 4017 4022 4078 4109 4271 4367 4370 457 4821 579 698 71 732 742 796 831 996
1133 1172 127 1477 2324 2407 2434 2606 2669 2826 2907 3700 3933 4190 4401 4526 4592
1582 1741 1804 1834 1882 1946 2170 2265 237 2560 2652 2840 2929 2958 2974 3074 3318 3467 3632 3703 3727 3835 4002 4027 4031 4041 4043 4191 4295 4298 4536 454 4774 579 960
1057 1198 1366 1631 1806 1841 1911 2357 24 2504 2521 2602 263 2872 2978 3119 3195 3201 3311 3428 357 359 360 3632 3680 37 3874 3923 402 419 4225 4379 4384 4387 4483 4484 4513 4587 4591 4701 4755 4790 532 715 774 868 91
1068 109 1155 1202 1221 1242 1496 1851 1986 2018 2789 2895 2959 3 3055 3321 3647 3740 3922 4110 426 4598 4773 4817 565 748 884 888 896 959
1322 1404 1564 1914 2642 2680 3523 3529 3674 3988 499 562
1460 1529 2253 2980 3283 3404 3412 3615 3909 4411 4524 4980 685 917 934
1134 1340 1347 149 1501 1661 1685 2056 2119 2283 23 2362 3001 3317 3471 3482 3912 4738 706 798
1051 1086 1087 126 1338 1406 1659 19 1997 2637 2720 2742 284 296 3224 3245 3529 3929 4184 4844 572 623 670 685 739
1070 1129 1421 1888 2098 2162 221 2756 2813 2820 2996 3083 3173 3290 3562 3589 3792 4306 4358 4417 4488 4554 4765 4791 4860 4876 4957 568 623 689 785 807 87 96
1084 1279 1817 2197 2203 2487 2491 2665 2728 3234 3646 4004 4058 4530 4649 4876 660 671 808
1070 1153 1187 1199 1219 1273 1303 1350 1510 1526 1797 1799 1857 1925 1930 1991 2291 246 2470 2799 2981 3000 3227 3271 3413 3617 3685 405 4068 4099 4124 4156 4219 4341 4370 4390 4515 454 4598 4630 465 4812 4896 4898 4913 525 671 834
106 1253 203 2202 2426 3271 3364 3463 3585 3618 4140 4155 4458 465 4821 4977 4981 85
1645 1909 1961 2511 2561 2854 300 3153 3185 3355 4659
1343 1388 1462 167 1746 1751 2130 2297 2484 2492 2511 2512 2546 2661 2685 2769 2857 2899 2934 2995 3180 3183 3210 3351 3431 3514 3625 3676 3981 4067 4135 4201 4379 438 4414 443 4490 4633 4738 4793 491 4963 718
1228 1299 1330 1392 1536 1586 1627 1818 2252 2423 2650 2786 2903 3152 3210 3317 3784 3884 3890 3953 4302 4303 4474 4640 4984 739 866 925 939
205 2369 246 2515 2545 2829 3349 3572 4084 4556 4679 4722 4758 4932 4938 750 825
1325 146 1756 1844 1878 1994 2284 2377 2429 2648 276 3012 3357 3441 3661 375 3751 3885 3900 4412 4451 461 4715
1888 1935 237 2535 272 3246 3501 3511 3831 390 4036 4263 4697 517 66 868
1315 1375 1502 1652 1676 1852 1998 200 2358 2594 2668 2833 3600 372 4027 4097 4325 4392 4484 4624 481 497 806 984
1471 1549 1935 2593 2952 343 3532 3749 3914 4334 4413 4800 711
1006 1338 1593 1715 2021 2300 2320 2464 2814 3225 3275 3326 3373 3521 3754 3848 3858 4130 4233 4283 443 4658 4934 4948 523 672 69 89 894
1156 126 1351 1502 1518 2191 2235 2262 2305 2452 2476 2522 2586 2723 3034 3259 3303 3447 3620 3723 373 3783 3844 3960 3978 4031 4035 4189 4232 4388 4431 4874 4886 4945 541 604 93
1200 1494 1657 2402 2681 2773 3083 3282 359 4372 4710 4979 550
102 2593 2892 3011 3267 3584 3695 4170 4632 861
1324 1370 1576 1616 1634 1728 1886 2017 2092 2208 2406 2537 2645 2915 3045 3110 3158 325 3346 3435 3503 375 3930 3931 3991 3993 4020 4069 4381 4546 49 748 769 852 884 946 95
1097 1110 1265 1356 1474 1630 1697 1863 2156 2291 2318 2330 2569 2777 2815 282 2838 2868 2907 2932 2940 3065 3344 3390 342 3574 3692 3801 3954 4152 4160 4345 4353 4517 458 4589 462 4792 4827 4934 66 665 723 78 826 909
1019 1487 1553 1799 2425 2532 2988 3125 3385 3580 3637 3832 44 4950 71 991
1792 2063 2077 2103 3079 3306 3392 362 3666 3958 4364 4366 4418 4612 489 504 593 738 742
1015 1050 1112 1212 1276 1311 1379 1424 1486 1512 1521 1610 1703 1870 2282 2690 2794 284 2875 2984 3076 3300 3343 3456 3530 3799 3906 4008 418 4198 4325 4666 4720 4863 4898 4969 635 714 723
1228 1738 1913 2134 2489 2945 313 3333 3513 3533 3587 399 3992 4418 4663 4737 4820 5 50 600 754 959
1046 1052 1680 1893 1924 2177 2456 2773 3172 4518 4723 490 4902 726
1150 1244 1246 1324 1477 1953 2176 2190 2218 2348 2597 2638 2716 3082 3302 3651 3811 3854 3856 4072 4097 4402 4510 4528 4641 4649 4725 506 57 660 688 743 903
1170 1567 1689 1760 2372 2693 2853 2864 3272 3332 3614 368 4480 4913 525 6 84
1073 1415 144 1892 216 2378 2642 2817 2899 2931 3026 3337 3444 350 3890 3989 4033 4653 4823 561 708 741 865
1128 122 1323 136 1385 1639 1707 1821 2161 2181 2292 2313 2424 2573 2592 2650 2739 2753 3112 3134 3153 3212 4242 4471 4646 4684 4779 4849 644 880 909 966
1014 1125 1225 1595 1728 2108 2208 2360 2789 2934 2961 3177 3231 3356 3466 3648 3667 3713 3816 3914 3953 4060 4081 4167 4455 4493 4519 4541 4709 4723 4836 4971 4997 507 55 594 613 824 878 887
1111 1165 1247 1280 149 1563 1633 2115 2239 2524 2562 2626 2679 2749 2843 318 3255 3421 3501 3733 378 3918 3954 4017 4185 4220 4559 4731 4803 4831 4925 4929 4944 65 780 784 815 84 94 951 990
109 1135 1171 1192 1285 1413 176 1802 1930 198 2156 2171 2248 232 2330 2347 2371 2460 2577 2842 2915 3080 3126 330 331 3315 3746 381 3922 3999 4010 406 4089 4117 4119 4240 4490 4528 4683 4711 4879 4949 4952 542 553 713 753 85 912
1537 1630 2263 2385 2894 2975 3514 3662 4263 4336 4353 499
1076 1141 1171 1283 1352 1493 1696 1707 1820 184 1974 2058 227 2309 2396 2982 3004 33 3658 3681 3748 4023 4364 4540 4793 4910 4995 52 570
1221 1419 1497 1547 2025 2050 2456 2731 3171 3266 3544 4114 4307 4357 436 4405 4534 4552 523 79 99
1247 1975 2142 320 3266 3422 3562 3692 3793 4174 4659 4710
1093 1131 1280 2406 2519 2671 2904 3137 326 3535 4185 4723 4949 708 726 853
1346 1465 1504 1567 1629 1778 2218 2383 2390 3018 3060 3119 3629 3745 3762 3765 4144 4170 4177 4274 4468 4542 4637 4715 4722 4749 4761 4770 497 562 987
109 134 1701 198 2180 2266 231 281 3695 4046 4184 4418 4458 4511 473 4854
1089 1515 1544 1790 2747 3209 3373 3580 3771 649 959
1083 1430 1651 2677 2679 3474 3530 4072 4127 4970
1063 1642 2926 3604 3709 3756 4740 4768 4933 610 931 948
1159 1315 144 1535 170 2010 2025 2044 2347 2371 2490 2515 2616 2812 2950 3213 3290 3291 3324 3562 359 3674 3688 3783 3913 4408 4416 4538 455 4554 4619 4786 4820 4889 4893 49 4966 789 895
1119 113 1160 1227 1617 1667 1780 1797 1850 2121 2289 2768 2992 3125 3204 3372 3612 3809 4404 4414 4553 4809 4896 4933 4967 600 791 827 948 978
1068 1281 1308 1326 1343 1429 156 181 1839 1911 1988 2070 2107 2149 2192 2333 2445 2648 297 3295 3407 3505 36 3619 362 3672 3680 3699 3801 3812 4099 4222 4535 4797 4811 4850 4991 533 538 562 656 662 871 889
1312 1499 2453 2542 2730 3149 3507 3646 3699 4107 4348 4530 828 832
1177 1422 1592 1822 2563 2667 2682 2724 3161 4209
1991 2197 2277 2285 2428 3713 3999 4059 4244 4360 492 632 676 727 761 918
1012 1051 1551 1580 1729 1865 2032 2208 2293 2361 2682 2961 3067 3783 3909 4416 4591 4604 4745 4753 4808 699
1179 1308 1474 150 1693 173 1745 1923 2385 2547 2629 2738 2921 2990 3001 3441 3517 3583 3769 3862 4028 4112 4115 4158 4209 4364 4381 4493 4498 453 4711 4934 4939 4977 4991 4998 557 61 617 693 794 831 883 923 929 952 960
139 1591 2083 2533 2897 3130 3255 3318 3349 3359 3523 3623 400 4060 4387 4395 4421 4858 4883 498 905 947
1034 1877 1883 2104 2106 311 3159 3315 3394 3442 3658 3727 3882 520 729
1014 1337 1348 1559 1854 2057 2139 2245 2565 298 347 3486 3715 3772 4351 4445 450 4536 4674 510 793 852 891
1042 1129 1135 1312 1437 2010 2127 3317 3781 3849 4064 4670 4846 864 873
1078 1082 1160 1383 1450 1992 2097 2167 2243 2842 3284 3419 4095 4351 4934 910
1452 1585 166 2345 240 2418 2464 2568 3042 3414 3899 4493 937
1175 1580 1677 1871 2253 2325 2426 2447 3285 3638 370 3786 3849 4210 4259 4538 4784 4925 4987 708 782 877 893 962
1004 1330 2194 2573 2623 3516 4826 4904 805 866
1624 3023 3204 3312 3820 4144 4809 55 635 969 978
1122 1241 1336 1421 1427 1600 203 2226 2344 2424 2472 2476 2512 2642 2645 3163 3222 3242 3471 3524 3774 4020 4131 4156 4302 4358 4734 4793 4831 4972 5000 709 732 808 831 848
120 1306 1673 1713 196 1977 2234 2322 3135 3214 3322 3369 3573 3708 407 4342 4536 4863
1035 1140 1244 1555 1686 250 3292 3334 3346 3349 3827 4042 4292 4532 4582 4723 646 937
1202 128 2471 2689 2908 3101 3296 3540 3600 441 4520 4730 4736 71
2195 2513 256 2793 3505 3664 4298 466 481 4900 630 652 79
13 1379 1456 148 1504 1674 179 1838 1870 1887 1986 2090 222 2387 2561 2725 2808 2954 3158 3237 3302 3356 3390 3441 3600 3789 3883 3887 3888 3910 3979 4199 4285 4299 4382 4766 4803 4940 4941 4953 4988 511 62 629 711 712 815 833
1207 1258 1405 141 1784 1962 2089 2115 2150 2272 2423 2452 2474 2484 2497 2507 2533 2599 2629 2722 3356 3384 3482 3686 3749 379 3950 3955 4022 4101 412 4206 4302 4367 4372 4384 4447 4580 4698 4718 4755 4831 4832 4880 4942 4959 598 616 719 763
1042 1503 1605 1620 1708 184 1840 188 2103 2188 2263 2267 2732 313 3130 369 3940 4109 4140 4277 4477 4625 4636 4649 4653 4677 4694 471 4733 4752 4803 4873 941
1656 1771 2559 2681 2946 3418 3598 4007 4093 4172 4197 4290 4949 753
111 1170 1275 1453 1469 1607 1651 1698 1720 2049 2293 2325 2371 2444 2693 2696 2720 2736 3025 3054 3232 3236 339 3480 3542 3698 3864 3870 3918 3977 3987 402 4050 4188 4416 4475 4621 4687 4809 4881 4882 4887 4980 538 581 597 60 654 660 713
1214 1362 1705 186 2454 248 2837 2890 3172 321 3355 3564 369 3693 3737 40 4172 4352 4642 4669 4736 4740 4793
1153 1649 1655 2656 3121 3262 4154 4567 4611 4806 485 979
1054 1364 1370 1391 1400 1456 1501 1528 1558 1610 1748 1849 1877 2230 2383 2440 2613 2624 2768 2827 3104 316 3174 3373 3381 3498 3640 372 3726 3837 3938 4249 4303 4354 4362 4442 455 4731 4742 4862 4902 4960 55 571 623 707 741 822 918
1106 1368 1459 1479 1648 1840 2151 2198 2494 2584 2664 2782 2785 3029 3439 3532 3534 4165 4194 453 4531 4599 4702 4742 486 858 876
19 2486 295 2976 323 3576 3577 3898 4068 4132 4309 4546 4711 855
1083 1108 1203 1759 2251 2283 2322 2505 2818 2970 2993 3968 4160 4499 4533 687 733 838
1126 1235 1657 2124 2621 2983 3893 3926 4274 4656 4990
102 1038 1087 1594 1772 1903 2083 2092 210 2208 2814 3050 358 3899 4071 4232 4275 4464 4608 461 4685 4883 4984 582 818 906 924 987
1037 1128 1388 1881 1935 1991 2175 2281 2286 2504 3010 3195 3480 3903 4208 4341 557 906
1008 1012 1330 1389 1454 1937 2094 2555 2568 2624 2814 3033 3518 3669 3727 3820 4135 4383 4611 4883 818 887
1021 1107 1530 1660 1746 1869 1872 1882 1965 2102 2143 2202 2216 2269 2275 2351 2599 2624 2738 2830 2908 2992 3032 3061 3178 3512 3751 3805 3818 3924 4084 4449 4770 4852 539 547 772 801 985
1283 1510 1586 1672 1733 1882 1972 1993 2241 2338 2659 272 2730 2780 311 4067 4103 4217 4468 466 4781 4807 4810 4966 559 610 687 828
1165 1207 1392 146 1463 2253 2290 2375 2920 2953 3091 3145 3306 4226 4389 4654 4823 59 615 822
1002 1047 1145 1211 194 1979 2481 2542 2590 2698 2954 3008 3035 3241 3567 3606 3613 3882 3883 4243 4283 4303 4396 4423 46 4695 908
126 1385 1402 1428 1464 1645 1739 1759 2623 2630 27 3034 3186 3221 3277 3310 4013 402 431 4379 4404 4414 4569 4670 4678 4730 4851 4867 575 598 944
2106 2107 2844 3172 3556 356 3831 4170 4375 487
1267 1269 1385 161 1692 1773 2428 2595 268 3243 3280 3769 3790 4045 4293 4456 4727 482 4951 531 600 958 961
1241 1283 1301 1421 1638 1643 1649 1662 1665 1949 1974 206 2063 210 2170 2246 2257 2552 2842 2854 2879 2884 3089 3167 3493 3801 3890 4033 4373 4443 4647 4928 54 634 695 880 947 966
1321 1404 2092 2162 2500 3290 3666 3909 4190 4245 4285 4393 4951
135 1717 1998 2179 2467 2557 3226 3321 3916 4223 4336 462 4771
1097 1118 1217 1356 158 1829 1890 2242 226 2271 2310 2594 2697 2698 2837 2884 3001 3145 3202 3234 3310 3453 3758 3841 3864 3901 4063 4194 4207 4342 4449 4786 4956 653
1017 1033 1276 1560 2355 2464 2532 2672 2999 3152 3553 370 374 3822 3956 4421 4455 4588 4675 4798 4803 4989 77
1130 1161 1535 2408 2420 2815 3101 4110 4192 4737 587
1061 1408 1702 2158 2205 2284 2498 2523 2526 2531 293 2940 3714 4326 4686 4697 479 4913 4931 4948 972
1304 1411 1718 1742 2248 2547 3447 3646 887 991
109 1160 1553 1761 1763 1805 185 2119 2131 2196 2278 2782 2908 291 2959 3016 3123 3128 3164 3331 3392 3610 3685 4004 4032 4183 4212 4306 4488 4665 4895 561 825 829
1027 103 11 1302 1371 1555 1607 1630 1651 1715 1812 1989 2045 2091 2130 2158 218 2216 2230 2259 2390 2669 2824 2896 3456 3570 3629 3703 3822 3842 393 3959 4102 4188 4275 4320 4727 4958 85
1081 1564 1567 1583 1733 1827 1918 1925 1972 20 204 2093 2111 2126 2243 2259 2304 25 2664 2771 2772 2818 2953 2973 3177 3462 4071 4142 417 4195 4197 426 4269 4314 4332 4342 4545 458 4640 4709 4754 4961 665 779
1124 1950 2006 2012 2421 2572 2592 294 3817 4478
1211 1711 1807 1927 1947 1973 2455 2567 2701 2719 2860 3099 3425 3804 3840 3848 3896 3984 4456 4512 4678 4878 4979 802 863 933
1501 1705 1738 2280 28 2868 3383 3402 3404 3460 3617 3987 4056 4182 4555 476 584 606 965
1175 1479 1521 1548 1549 2045 2568 2591 2603 27 2797 2817 3395 36 3723 3942 4192 4295 4396 4409 4634 595 748
1025 118 1499 184 2111 2204 2917 3224 3297 3390 3415 3643 4088 4249 4385 4522 4531 4680 4742 4863 4989 709 813 848 986
1051 1122 1270 1336 1398 1522 1602 1685 1871 19 1993 2100 214 2182 2279 2289 2498 2646 2651 3072 3108 3295 3371 3440 3509 3522 3545 3568 3668 3944 4026 4130 4139 4174 418 4301 4320 4441 4513 4951 645 662 728 8 805 813
1081 1392 1437 1465 1740 2445 2453 2584 3166 3355 3446 3674 4132 4138 4494 4752 4777 818 898
1 1189 1269 1668 1699 1822 1908 1953 2471 2570 2576 2674 283 3072 3139 326 336 3412 3616 3710 3745 4082 4091 4184 4498 4518 4623 4676 4855 528 609 632 670 744
11 1139 1164 1273 1539 1575 1628 1699 1926 1986 2132 2177 2327 2522 2608 2725 276 283 2884 2962 3090 3231 3392 3410 3583 360 3644 3649 3653 3783 3796 3817 3915 4066 408 4183 4292 4320 4362 4758 4825 50 548 829 907 910
1392 1592 1644 2310 2332 2494 2831 3100 3747 4691
1149 1338 1484 1841 1877 1937 2347 2594 3039 328 3311 340 3431 344 3725 4060 4148 4359
13 1648 1836 1853 2728 3115 3301 4169 4591 4724 820
1178 1269 1529 1679 3078 3238 3308 3365 3825 4405 4879 4905 579 586
1033 1061 1404 2434 2925 337 3588 3719 3835 4168 4347 64 712 777 851
2170 2234 2332 2451 3284 3439 3558 392 4973 623
1059 1786 2040 207 222 3 309 3119 3183 3237 3427 4063 4192 4278 4280 429 4433 4738 4768 4950 4997
1155 1166 1174 1297 1326 1342 1512 1625 1667 169 1857 1891 1973 2021 2045 2084 2136 2270 2274 2481 2893 3052 3233 3422 3546 357 3579 3807 4046 4172 4244 4286 429 4308 4389 4573 4802 4825 730 80 809 92
