1145 1240 1433 1614 1764 1893 1926 2268 2525 2720 2958 3102 3299 3313 3618 3905 3967 401 4041 4064 4176 420 434 4381 4606 739 
1070 1356 1397 160 1790 18 1878 1929 1937 194 1959 2275 2283 2394 2396 2501 2509 2560 266 2665 3059 3084 3445 3460 3497 3574 362 3785 3904 4021 4053 4164 4190 4336 44 4433 4488 4579 4686 695 739 895 935
1050 106 1178 1607 1702 1790 1887 1929 2125 2232 2340 2398 256 265 2780 3219 3254 331 3382 3610 3822 4021 4023 4175 429 437 4409 4428 4465 4486 4634 4660 4902 631
1033 1254 1266 1318 1344 1356 1448 1461 1816 1836 2019 2073 2161 2196 2394 2419 2845 3308 3337 376 3802 3919 3953 4352 4694 4852 4930 60 677 796 982
1001 1123 1202 1408 1444 1448 147 1523 1761 1953 2059 2232 2285 2310 2374 2405 2618 2866 2919 2922 3 3219 3243 3311 3460 3512 3544 3554 3668 3672 3750 3771 3845 4023 4139 418 4305 438 4386 4389 4392 4434 4436 4631 4693 4717 4719 4722 4849 4874 4884 4930 4986 576 581 589 613 638 681 765 916 922
1043 1100 1174 131 1376 146 163 1905 1912 1922 2197 233 266 2788 2980 3004 3122 3158 3308 367 3711 374 4174 4224 4275 4373 4392 4478 4565 4592 4608 4644 4725 4918 4952 502 576 654 668 941 985 987
1334 1412 1446 1648 1704 1736 1757 2021 2099 231 2316 2425 248 2490 2656 2677 2771 2790 2958 3016 3060 3070 3330 348 3497 3626 381 3953 4181 4309 4605 4710 4761 4765 4776 4778 4779 4847 4918 511 534 637 85 932
1036 1915 1935 1952 1997 2413 2475 2519 2540 2675 3001 3308 3381 3626 3785 3801 3818 399 4106 4212 4328 4350 4369 4433 4459 4498 4549 4677 4695 4731 4776 4944 721 839 92 93
1008 1101 1372 1678 1702 1756 1809 1827 1870 198 225 2329 2380 2588 2672 2920 2959 3148 3162 3351 3516 3967 415 4319 4352 4400 4426 4454 4761 4776 4864 614 629 809
1016 1038 1210 136 1743 1827 1845 2024 2049 2232 2298 2382 2493 2713 2742 2847 2886 3189 3216 3546 3583 395 3985 4455 728 813 990
1006 1030 1140 1291 1344 1378 1719 195 1974 2048 2087 212 2157 2228 2320 2339 2522 2689 2692 2707 2798 286 3065 3135 3354 3370 3436 3439 3457 367 3684 3774 3777 4010 4433 4483 4619 4647 4742 4760 4811 4835 4848 4918 609 736 739 813 99
1253 1363 148 1498 1846 1850 2132 2253 2577 2894 3048 3083 3279 348 3599 3618 3824 4394 4575 4592 4681 851 867 902
1006 1050 1093 1115 1184 1236 1363 1424 1448 1607 1674 1678 1713 1901 2157 2165 2189 2319 2340 2367 2368 2394 2415 2488 2494 2595 2675 2683 2685 2802 2893 2968 3033 3052 3087 3111 3172 3203 3212 3346 3460 3482 3636 3750 3778 3818 3829 3862 390 4082 4100 4109 4149 4212 4213 4269 4275 4298 438 4476 4502 4672 476 4767 4835 4839 493 494 4978 498 4994 60 600 639 769 912
1005 1068 1168 1220 1401 1405 1640 1644 1727 1794 1825 1927 2061 2137 2149 2181 2190 242 2447 2469 2480 2595 2675 2701 2774 2861 2887 2920 2978 2998 3027 3031 3162 3279 3341 3358 3429 348 3526 3605 3778 3802 3864 4070 417 4215 4221 4232 4245 4262 430 4428 4511 4650 4728 4737 4760 4944 4987 603 608 665 751 752 916 965
1018 1019 1045 1047 1064 1072 1076 110 1174 1288 1302 1349 1361 1438 1489 161 1727 1737 1763 1800 1824 1899 1930 1936 1951 2042 2053 2087 2098 2317 2338 2368 2408 2411 2444 2447 2452 2496 2511 2603 2640 2690 2730 2991 300 3012 3016 3055 3067 3074 3100 3203 3245 3264 337 3396 3443 3445 3513 3615 3709 372 3747 3749 3755 3829 3895 3924 4058 4130 4171 4182 419 4224 43 4318 4350 443 4446 467 470 4719 4736 4763 4818 512 556 579 638 669 745 813 916 919 956 987
100 123 1320 148 1515 1755 207 2235 2253 2298 2321 2330 2485 2514 2669 2670 273 2851 2914 2947 2958 3016 3060 3083 3107 3140 3226 3235 3240 3308 3323 3534 3734 395 3953 3993 4025 4137 418 4196 4244 4307 4319 4340 4448 4478 4804 4961 511 596 638 775 83 840 857 876 891 929 981
1023 1133 1252 1363 1372 1593 1603 1637 1658 1820 1929 2052 2182 2237 2253 2275 2283 2333 2400 2635 2729 2758 2849 2958 3035 3240 3243 3258 3307 3351 347 3478 3499 3580 3581 3612 3638 3728 3897 3913 3936 4061 4120 4130 4230 4337 4435 449 4518 4560 4613 4619 4628 4639 4811 4838 4991 556 576 582 715 800 90 920 931 954 978
1141 1257 1747 1881 1894 1939 194 1963 2050 2092 2123 2389 2422 2600 2630 2711 2858 2955 3010 3134 3151 3203 3381 3400 3616 3822 3949 395 4033 4139 4238 4336 4347 4418 4624 4742 4874 4903 492 605 619 654 728
105 1060 1068 1096 1148 1420 1477 1588 1785 179 1792 1819 1849 1867 1895 1913 1929 1950 1955 2114 2148 2198 226 2299 2376 239 2396 2434 2440 2445 2677 2749 2758 2872 2895 2934 2942 2949 2996 3212 3257 3346 3386 3422 3449 345 3515 3571 365 3669 3696 3719 3778 3935 3994 4123 4136 4144 421 4279 436 4363 4433 446 4654 4692 4707 4805 483 4878 4945 4980 539 545 665 669 736 76 912
1508 2396 272 3021 3069 3073 3086 3192 3337 3417 348 3489 3898 4289 4438 4443 4764 540 80 828 954 98
1026 1046 1051 1096 1145 1163 1187 1267 1292 136 1421 1450 146 1491 1509 161 1626 164 1669 1681 1710 1726 1772 1790 1826 1855 1860 2019 2081 2148 2200 2246 2306 2310 2427 2453 2583 2622 2628 2666 275 2756 2830 2912 3027 3098 3105 3192 3216 3252 3312 3351 3381 3416 3473 3492 3525 3571 3606 367 3735 3745 375 3769 3799 3824 3886 3910 3915 4109 420 4207 4233 4268 4271 4291 438 4415 4470 4484 4525 4584 4613 466 4700 4739 478 4848 4948 4992 547 568 638 665 674 767 842 925
1078 1889 2106 2545 266 2670 2885 2900 3313 3369 3737 4124 4158 4177 4224 428 438 4454 4536 4589 556 583 598 758
1292 1424 1451 1549 158 1726 1737 1942 2219 2222 2603 2637 2666 2734 2775 2859 2950 3308 3876 3923 4075 4197 4629 4922 556 911 920 930
1096 1467 1502 1928 1932 1937 2155 2234 2539 2677 2998 3003 3441 3702 3744 3796 3897 4110 4405 523
100 1422 1645 1683 2500 2596 2723 2822 2931 3033 3198 3672 3771 4146 4197 4336 4547 48 922 934
1 1337 1364 1438 1626 1809 188 1886 2027 2073 2083 2219 225 2283 2845 2920 3002 3035 3089 3829 3962 4120 789 851 915
1307 2309 245 2621 2684 2785 2812 3153 3313 3440 3446 3482 3776 3824 4029 4269 4317 4557 604 684 870
1043 122 1418 1611 1642 1689 1850 1962 2055 2156 2163 2431 2464 2521 2697 2952 3130 3192 3262 3312 3345 3405 348 3492 3898 3902 4022 4068 412 4125 4147 4219 4289 4357 445 4613 4762 4931 4956 511 692 735 752 787 912
1195 1619 1824 1849 2082 2510 2631 2661 2765 2998 3152 3531 3767 4106 4199 420 4426 4450 901 961 977
1017 1057 1146 1165 1167 1266 1347 1350 1361 1389 1486 1513 1550 1559 1679 1840 1843 1880 2046 2070 2142 2153 2243 225 2310 2317 2339 2362 2423 256 2605 2635 2672 269 2760 2824 2831 2836 2893 3036 3053 3083 3202 3216 3232 3312 3330 334 3426 3444 3517 3543 3587 3614 3621 367 3689 3802 3868 3904 3997 4048 4117 4129 4153 4184 4216 428 4362 4366 4395 4409 4412 444 4440 4465 4563 4610 4637 4734 4922 4946 4964 504 550 551 734 979 987
1100 1114 1242 1291 1296 1433 1445 1900 1910 1932 198 2043 2048 2087 2131 2158 2176 2219 2232 2251 2267 2359 2369 2371 2379 2487 2635 2639 2688 2784 2866 2940 2998 3002 3124 3162 3222 3256 3276 3380 339 342 3482 3505 3569 3682 3702 3735 3873 3950 3962 3967 3974 4054 4138 4196 4348 4383 4389 4454 4501 4533 4597 4692 4697 472 4766 4839 4878 4958 731 898 905 957 973
1062 1107 146 1482 1506 162 1732 18 1849 187 2023 2204 2719 2865 3033 3083 3100 3120 3136 3209 3308 3381 34 3612 3685 376 3823 4130 4360 4399 4590 4613 4758 4787 4860 4910 559 623 730 737 834 866
1064 1085 1131 1635 1688 1702 1718 1830 1912 2082 24 2408 2557 2600 28 2890 2893 2965 3504 360 3651 3669 3750 3802 3841 3962 4043 4194 4469 4500 4730 481 4848 4874 4914 4931 519 533 563 588 64 71 866 872
1008 1013 103 1065 1146 12 135 1424 1459 1486 152 1523 1589 1727 1785 1790 1817 1912 2107 2144 2228 2302 2381 2395 2521 2557 2582 2603 3018 3021 3039 3121 3152 3155 3181 3215 3237 3318 3356 339 3430 3439 3445 3463 3494 350 363 3645 3711 3725 3753 38 3818 3864 393 4012 407 4267 428 429 4319 4354 4409 4551 4583 4769 4877 4947 530 541 58 629 70 709 727 765 768 898 903 955
1055 1157 1354 1364 1460 1570 1702 1745 1829 1902 1910 231 2368 2461 2952 3017 3037 3048 3153 3313 3389 3447 3540 3547 3773 3823 3941 3956 4219 4409 4437 4515 4522 4544 4709 478 486 629 745 793 903 989
1112 1431 1432 1638 1910 2045 2309 2368 2599 2702 2899 301 4219 4274 4341 4588 491 516 616 745 765 851 922
109 1181 1407 2027 2236 2248 2288 2375 2527 2676 2797 2871 291 3151 3175 3203 3217 3320 3330 3347 3381 3391 3453 3716 3866 4036 4259 4441 4619
1043 1070 1116 1211 1216 1253 1267 1274 1285 1289 1515 154 1570 1626 1643 1657 1692 1719 1809 1817 1819 1823 1849 1853 1871 1894 1925 1990 2078 2151 2225 2229 2339 2351 2380 2400 2521 2591 2640 2646 2657 2710 2724 2866 2962 2974 3124 3212 3219 3227 3240 333 3346 3390 3414 3457 3497 3500 3580 3626 3667 3672 3705 3742 3750 3854 3970 4005 4016 4022 4108 4109 4225 4232 4292 4319 4340 4506 4544 4706 4742 4821 4851 4886 4992 546 813 822 863 879 924 933 941 970 975
1377 2025 2211 2499 2606 2644 2991 3124 3181 3224 3240 3308 3321 3403 3529 363 3633 368 3933 4119 4139 4208 4234 425 4264 4466 4724 4788 4866 842 99
1100 1159 1262 1310 1362 2548 3183 321 3351 3778 4090 4224 4352 4363 4651 4674 486 494 4961 635
1008 1061 1062 107 1070 1071 114 1200 1242 1283 1327 1333 1352 1361 1363 1369 1385 1437 1438 148 1513 1618 1707 1809 198 2036 2162 2251 2275 2331 2499 2603 2640 2735 2770 2798 2866 2869 2893 3024 3082 3110 316 3226 3350 3434 3479 3481 3519 3527 3536 3641 3661 3696 3735 3825 3934 3942 4107 4112 4119 4247 4289 4444 4478 4562 4610 4678 4973 534 584 738 891 950
1062 1096 1454 1589 1725 2016 2029 2414 2501 2635 2680 315 3590 3597 3700 3750 3818 3953 4120 4440 514 80
1088 110 1138 1192 1242 1330 1356 1408 1469 1504 1511 1621 1708 1733 1786 2018 2232 2253 2266 2323 2325 2344 2433 2517 2578 2592 266 276 2952 3095 3203 3224 3629 390 3904 4130 4139 4158 4232 4342 4428 4453 4513 4524 4640 4642 4678 4767 4838 490 4922 4961 56 60 615 63 749 842 846 898
1004 104 1401 1426 1651 1740 1769 1780 1817 1839 1937 2009 2130 2207 2248 2260 2263 2380 2459 2499 2569 2731 2753 299 3079 3279 3571 3640 366 3897 3904 3929 4119 4157 4174 4222 434 4367 4435 4509 4835 4952 4985 558 606 654 661 776 848 945 991
1063 1065 1214 1291 1297 136 1409 1452 1474 1547 161 1692 1703 18 1818 1824 1849 1875 1936 1943 2057 2153 2262 227 2275 2368 2372 2394 2414 2436 2537 2586 2654 2696 2746 2863 2903 3021 307 3116 3145 3180 3194 3203 3219 33 3337 3347 339 3482 3585 3637 3649 3655 3684 3724 3765 3787 3830 3864 3941 4044 418 4189 4212 4289 4336 4362 4465 4498 4514 4557 4616 4652 4765 4770 4815 4817 49 4930 4956 4976 548 56 60 638 713 728 765 842 849 851 903 906 952 962 978
1028 1120 1205 124 1253 1268 1272 1369 1458 1514 152 1526 1585 1616 1624 1626 1650 168 1727 1765 1818 1819 1914 1923 1977 2309 2417 2428 2437 2626 2720 2740 2808 2817 2919 2961 3022 3075 3114 3193 3236 3330 3333 3407 3422 3469 3543 3607 3612 3823 3824 3857 3878 3882 401 4047 4169 420 4226 4319 4529 4542 4593 469 4745 4777 4839 4842 4855 4894 4905 4914 4922 4942 507 742 89 920
107 1137 1145 1170 1221 1239 1280 183 1927 2099 2228 2403 2459 2568 2918 3016 3127 3259 3284 3351 3579 3844 4139 420 4298 4684 469 4749 4760 4761 4765 4818 4899 736
1084 1408 1474 1544 1795 2078 2255 2291 283 30 3178 3181 3184 3211 3337 3408 3413 3580 3848 4123 4263 4564 4618 477 638 669 730 751 753 821 954
1030 1033 1180 1512 1538 1592 1607 1618 1633 1675 1719 1727 175 1818 194 1977 2027 2041 2091 2147 2253 2341 2394 2458 2499 2503 2636 2853 2857 2976 2982 2984 310 3100 3155 3163 3373 3581 3654 3898 3945 4022 4389 4398 4518 4519 4616 4682 4700 4896 4907 54 729 736 779 851 859 878 885 891 899 944 987
1043 1078 1100 1172 120 1269 1325 1386 1406 1494 161 1625 171 1927 229 240 2401 2429 2441 2489 2675 2754 2863 2919 2937 2995 3025 3030 3072 3206 3265 3300 3347 3381 3406 3445 3460 3507 3533 3711 3796 390 3968 4056 4134 4192 4227 4286 4329 44 4811 4822 4838 4872 4952 4961 511 597 610 629 676 688 754 765 888 897 941 956 987 992
1063 1133 1173 1235 1265 1306 1464 154 1719 1797 1903 1907 194 198 2233 2691 2734 3041 3098 3132 3181 356 3623 3721 3977 3981 4196 4206 431 434 4350 4393 4458 470 709 712 745 956
1063 1102 1222 1266 1374 1423 1438 1604 1818 2026 2309 2400 2459 2530 256 2840 3155 3511 3592 3716 3898 3903 4042 4120 4290 4298 44 4489 4612 4744 4767 4809 4993 511 564 590 891 996
1030 1043 1050 1063 1133 1152 1157 1315 1344 1453 1479 1511 1513 1596 1618 1654 1668 1678 182 1827 1881 1937 1967 2012 209 2097 2196 2208 225 2286 231 2327 2449 256 2600 2623 263 2725 2729 2821 2866 2903 2920 3019 3042 3060 309 3098 3105 3161 3162 3204 3311 3328 3349 3351 3359 338 3540 3662 371 3742 379 3941 3962 4119 4123 420 4326 4353 4465 4467 4478 4521 4526 4568 4688 4735 474 4761 4800 4827 486 4869 4935 4936 4961 4966 507 574 656 693 762 834 864 877 892 912 971
1245 1405 1433 2330 242 2552 2632 2666 277 2818 2832 2860 2941 3070 3958 3967 4180 4298 4389 4543 4635 4700 4760 621 646 959 979
1016 1062 1146 1167 118 1183 1263 1266 1291 132 1399 1401 1513 1584 1644 1702 1720 1730 1741 1801 1841 2076 2095 210 2232 2240 2288 2324 2339 2392 2399 2459 2491 266 2673 2758 2803 2819 2863 2932 2989 2991 2997 3006 3070 3196 3308 353 3534 3566 3646 3740 3754 3796 3864 3877 3885 3886 4066 4076 4212 423 4232 4242 4390 4601 4688 4698 485 4873 4956 4975 510 534 54 581 752 860 945 978 996
1031 1067 1070 1104 1106 1165 1244 14 1485 1487 154 1546 1569 1719 1738 1789 1790 1872 1886 1902 2066 2075 2199 23 2406 2419 2420 2423 2462 2463 2465 2545 2624 2647 2650 2758 2768 2774 2915 3044 308 3088 3204 3226 3228 3240 3285 3368 3426 3488 3501 3540 3565 3642 3677 370 3782 3786 3823 3846 4 4080 4106 4158 4197 4340 4358 4471 448 4610 462 4623 4636 4658 4829 4918 4954 4967 500 56 574 629 736 88 945 996
1030 1033 1326 1327 1413 1548 166 1673 1731 1772 2031 2153 2248 2298 2314 2610 2750 2761 2774 3040 3168 3218 3279 339 3502 3908 3943 3967 4022 4028 4042 4211 4275 4404 4548 468 4751 4834 4911 513 56 580 586 625 720 739 740 819 834 898 984
1008 1138 1145 1182 1219 1266 1291 1341 1589 1851 1891 191 1960 1992 2245 2296 2361 2595 2597 2623 2625 2660 2703 2799 2813 2816 2898 2928 2985 3125 3150 3245 3312 3366 3399 3401 3544 365 3702 3793 3839 401 4074 413 4139 4142 4189 4325 4431 4445 4616 4645 4689 4690 4692 4715 4760 4768 4801 4810 4979 524 622 654 906 941
1075 118 1222 17 1726 2087 2220 223 2283 2368 238 2419 250 2516 2653 2721 281 2827 2879 2965 314 3201 3292 3341 3577 3581 3674 3695 3819 3820 3886 3991 4042 4088 4174 4300 4305 4323 4336 4482 4544 471 4841 4990 6 60 628 829 875
1048 1062 1063 1079 1222 1357 1401 1433 1523 1540 1655 1800 1804 1806 1933 1942 1977 2048 2228 224 2275 2288 2412 2438 264 2642 2798 2938 3023 3071 3084 3152 3155 3204 3340 3341 3514 367 3708 3824 3886 3925 3972 4021 403 4048 4050 4111 4119 4249 4281 4429 4557 4720 4732 4838 4888 4932 4952 585 71 745 988
1037 1044 1068 1083 1090 110 113 1270 1292 1313 1324 1361 1382 1444 1523 1539 1556 1631 1726 1808 1814 1859 202 2033 2043 2172 2272 2400 2513 2774 2820 2893 2937 3002 3033 320 3205 3335 3336 3439 3497 3594 3602 3613 365 3665 3713 3742 3843 3946 3976 4011 4057 4121 4174 4210 4275 434 438 4616 4673 4692 4700 4732 4878 4952 642 654 682 694 739 801
111 1256 1589 2082 2396 2408 2545 2580 2585 2679 2964 3250 339 3543 4093 4386 4389 4552 4569 4617 4734 4824 4891 4956 703 709 752 937 999
1064 1157 1331 1364 1455 1515 1622 1748 1803 1931 2028 2064 2141 2148 2154 2244 2310 2315 236 2443 2455 2658 2677 2908 2920 3048 317 3243 3255 3312 3339 3561 3568 365 3742 3910 3912 3947 3948 3982 402 420 4350 4439 4449 46 4663 4773 4910 4922 756
1008 1146 118 1486 1494 1500 1532 1575 1667 1714 1749 1783 18 1886 1932 1936 1984 2005 214 2153 2310 2370 2378 2666 2893 2956 3090 3100 3101 313 3153 3197 3277 3313 3437 344 354 3544 3570 3670 3763 3898 401 4133 415 4151 4306 4367 438 4385 4413 4426 4512 4611 4619 4668 4992 68 680 77 793 813 954
1016 1100 1203 1232 1241 1495 1920 1981 2111 2175 2623 3034 3150 3151 3177 3212 341 3804 3984 4189 4193 4498 891
1078 1133 1257 126 1462 1626 1692 1738 1775 1793 1908 1927 198 2039 2111 2118 2248 2380 2420 2535 2601 2603 2729 2911 2919 293 2965 3083 3181 32 3224 3248 3261 3305 3351 3353 3426 3535 3618 3684 3711 3779 3814 3910 4152 4174 4212 428 4430 4498 4719 4726 4732 4776 478 4862 4953 5000 561 574 630 730 751 757 766 820 96
1363 1372 1586 1771 1810 1919 1926 1937 2019 2748 3153 3207 3457 365 3684 3750 3751 388 4007 4308 4340 4352 4440 4588 463 4648 4761 4765 4878 4885 612 631 733 91
1573 1856 1937 2248 2456 2604 3189 3334 3483 3490 3540 3630 3714 3746 3824 3880 42 4544 4604 4610 4613 4734 592 620 698 71 73 832 916 922
107 1138 1169 1316 1364 1396 1415 1457 1474 1523 1541 1598 1647 1809 1907 1938 2007 2021 2077 2097 21 2174 2186 2192 2275 2474 2616 2666 2751 2757 2905 3062 3135 3247 3249 3278 3342 3409 3457 348 3480 3492 3552 3581 3626 3672 3700 3701 3742 3802 383 3938 3953 3966 4049 4170 4174 4321 44 4516 4804 4945 4957 685 788 866 873 885 889 951 979
1448 1589 1607 1721 1724 2340 256 2626 2825 2868 328 3581 3700 3814 3930 4109 4128 4452 4772 49 4910 54 704 745 904
1006 1027 1228 1266 1291 1327 1370 1521 1539 170 172 1735 1759 1767 1888 1929 1957 1973 1998 2043 2074 2138 2194 2251 2254 2274 2304 2310 2345 2414 2807 297 2989 3032 3035 3068 3150 3171 324 3242 3243 3314 3367 3422 3457 3460 3465 3474 3540 3617 3666 3816 3883 4045 409 4115 4156 4189 4196 4197 4214 4219 4295 4312 4314 4324 4386 4389 4392 4399 4667 4692 496 534 719 728 729 74 793 803 808 842 96
1025 1121 1142 118 1189 1340 146 1475 1476 1545 1567 1581 1676 1692 1813 1818 1929 1932 1942 2004 2097 217 2219 2249 2468 2545 2556 2687 2693 2764 2924 3226 3267 332 3403 3497 3752 3811 3986 4048 4120 4219 4272 428 4392 4399 4499 4505 4653 4719 4868 60 629 645 691 743 75 838 996
107 1468 1488 178 1907 1921 1942 2373 2423 3181 3244 3432 3492 3626 3716 3802 415 4392 4425 531 537 8 938 948
1000 1160 1197 1230 1261 1405 1487 1562 1611 1685 1819 235 2414 2447 2495 2545 2706 2732 3054 3216 3223 3460 351 3690 377 3928 401 414 4148 4189 4260 4275 429 4428 4492 4610 4825 4920 631 862 922 951
100 1032 1127 1255 1560 1649 1701 1753 1790 1819 1850 2281 2288 2298 2414 2473 2862 2927 2946 2994 2999 3002 3105 3246 336 3548 3715 3735 3778 3818 383 3865 3926 4110 4150 4252 4367 4581 4678 4782 4848 4930 520 673 736 87 946 951
1062 1113 1134 1253 1356 1391 1424 1444 1511 1515 1606 1824 1833 1852 1877 2051 2100 2298 2363 2366 2561 2706 3056 3070 3098 3220 3317 3362 3452 3495 3547 3650 3871 3879 4105 4209 4295 4336 4480 4575 4619 4811 4863 4934 842 922
1049 1062 1138 1290 146 1480 1496 1511 1525 1854 2128 218 2416 2626 2635 2655 2767 279 3135 3451 3455 3686 4086 463 782 866
119 1222 1363 1494 1611 1618 1692 1738 1754 1796 1881 2196 2276 2339 2492 2845 2954 2958 3311 3346 3625 3669 3775 3789 4099 4166 4475 4616 4688 4838 507 912 99
1100 1150 1157 1167 1448 1523 1594 1778 1805 201 2058 2099 2224 2423 2737 2845 298 2993 3105 313 3176 3181 3330 3341 3383 3742 3785 3904 395 41 4106 4305 4454 4498 4534 4576 4578 4616 4700 4767 478 4836 4846 4954 552 60 651 83 945
1050 1069 1086 1094 1100 1139 1175 136 1365 1401 1405 1434 149 1511 1523 1571 1644 1663 1846 1881 1910 1926 2078 208 2082 2169 2193 2308 2317 2380 2595 2600 2810 3008 3174 3221 3243 3279 3287 3346 3448 3534 3543 3632 364 3672 3691 3706 376 3771 3814 3822 383 3839 3893 391 4021 4078 4172 418 4311 4367 4472 4594 465 4742 4791 4879 4910 4931 4944 4945 511 658 665 708 752 810 851 96 987
1165 1213 1253 1515 1815 1837 1886 198 2078 2208 2279 2414 2419 2423 2432 2590 2910 3035 3532 383 3901 4165 4186 4539 4661 4732 4880 4929 4943 507 529 603 71 736 852 866 928 954 995
1006 1050 107 1096 1126 1158 1194 1224 1405 1419 1424 151 1523 1534 1570 1774 1811 1929 1975 2179 2217 2557 2623 2834 3026 3075 311 3135 3188 3243 3319 337 3381 3508 3534 359 3675 3813 3834 4038 410 4318 4419 4433 4498 4831 4908 4972 527 572 654 770 774 903 986
100 1164 118 1319 1444 1630 1712 1726 2011 2097 2180 2218 2270 2288 2298 2311 2330 2453 2533 2544 2600 2848 2903 3192 3313 3360 3410 3457 3470 3471 3492 3551 3567 3612 3635 3671 3716 3952 4023 4059 4079 4178 4296 4340 4345 4440 4463 447 4518 4602 4688 4719 4734 4780 4818 4839 4971 56 632 84 956 987
100 108 1167 1171 1264 1343 1430 144 1513 1536 1587 1646 1697 1702 1726 1738 1781 1818 1886 220 2248 2251 2278 2282 2283 2287 2305 2340 2387 2414 2499 2528 2563 2617 2720 2729 2809 2838 2844 2845 2863 2926 3035 3066 3075 3084 3148 3240 3250 3253 3369 3595 3606 3698 3716 3778 3859 3897 3967 3980 4189 4219 4305 4356 4362 4426 4462 4523 4557 4599 4633 4659 4702 4738 4755 4818 4843 486 4919 4924 4939 665 672 805 880 885 898 926
1078 1099 1108 118 1335 1363 1369 1408 1410 1416 1490 1611 167 1726 1798 1827 1844 1956 1995 2001 2117 2140 2148 2203 2253 2418 242 2420 2595 2611 2615 2640 2667 2734 2792 2829 2923 2957 3002 3133 3151 3189 3224 3387 3419 3422 3458 3588 3598 3821 3864 3921 3959 3965 4023 408 4130 4158 4275 4295 4387 44 440 4408 4426 4478 4518 4588 461 4613 4621 4646 4692 4734 4898 4977 522 536 575 60 603 665 69 701 728 784 83 885 951 956 979
1068 1292 1371 152 1580 1691 1980 2191 2201 2208 2408 241 266 3014 3050 3439 3534 380 3967 4008 4407 4428 452 629 662
1003 1065 1201 1249 1700 1942 2083 2265 2394 2454 2722 280 2971 2991 3096 3439 3644 3652 4378 4603 4616 4741 4945 535 608 850
1008 1035 1064 112 1155 1250 1287 1338 136 1405 1486 1527 1539 1607 1611 1662 1698 1927 1934 1942 1965 2043 2120 268 2739 2801 2989 3021 3153 3293 3378 3424 346 3477 3540 3547 3584 363 365 3672 3717 3772 3861 3961 3987 3995 4037 4331 4435 4465 4747 4783 4835 4893 4930 494 739 876 936
1100 1146 1167 1267 1342 1360 1522 1677 1738 1964 2152 2184 2258 2396 2573 2706 2952 2972 2998 3033 3189 3304 3313 3435 3439 3771 3785 3796 3818 3839 3881 395 3964 3971 4255 4265 4352 4557 4571 4588 4670 4715 4729 4804 4862 54 56 603 608 67 683 761
1016 1078 1138 1165 1179 1257 1278 1308 1369 1373 161 1632 1737 1897 1916 2027 2071 2210 2228 2385 2393 2408 2419 2450 2501 2526 2595 2666 2670 2903 3070 3182 3216 3290 3302 3344 3506 3541 376 3822 3829 3853 3898 4069 4158 4399 4613 4676 4685 469 4715 4732 4742 4795 4848 4862 4870 489 4917 4956 4974 644 714 729 855
1029 1327 148 1678 1751 2047 2346 2704 2794 2958 2987 3226 3289 3415 3426 3523 3581 3612 3700 383 4062 4478 4585 4719 4933 4956 4980 66 669 806 816
1050 118 141 1484 1513 1684 1800 2062 2206 2288 2336 2499 2562 2903 2919 365 3760 3802 385 4027 4048 4091 4119 4187 4195 4295 4409 4520 4715 4857 4878 4926 576 581 626 81 853 906 953 979 996
1292 1424 1566 1932 2219 256 2706 2876 2935 3002 3250 3273 3631 3639 3838 3910 3992 4185 4380 4409 4610 4656 4826 4862 4914 4941 4944 576 71 729 80 866
1040 1068 1081 1613 231 2383 2587 2672 2903 3060 3092 3128 3703 3796 3810 4732 4761 532 866 956
1007 1117 1303 1438 1515 1699 1719 1727 1942 197 2019 2134 2280 2400 2447 2917 2969 3212 323 3337 3482 3800 3833 390 4294 4338 4700 610 790
1065 1439 1695 1894 2381 2559 2781 3051 3279 3663 367 4051 4229 47 4748 486 4952 4961 4980 4992 574 903
1162 1279 1298 1405 1570 1578 1655 1818 1850 1927 2275 2353 2447 266 2677 3098 3099 3272 3679 3791 4052 4334 434 4497 4531 4609 463 4700 4828 4931 745 765
1033 1145 1185 1233 1253 1369 1429 1528 1591 1737 2 205 2073 2079 2214 2232 2481 2555 2889 2903 296 3109 3286 3403 3492 3553 3571 3601 3999 4048 422 4340 4518 4592 4678 556 751
1092 1672 1785 1824 1966 2015 2150 2472 26 2670 3157 3385 3425 3664 3886 4018 4289 4422 730 80 890
1511 1516 1894 2022 2196 2273 2326 2888 2920 3155 3603 367 3684 3731 3909 395 4162 4305 4742 617 99
1176 1291 1327 1339 1369 1425 1517 1655 1692 184 1910 2090 2099 2146 2242 2289 2939 3048 3347 340 3785 3898 4288 441 4518 4557 4575 4700 4765 494 495 555 709 730 813 83 891 967
1052 1063 107 1073 1109 1281 1379 1441 1466 1494 1507 1531 1610 1644 1682 1727 1734 1785 1902 1985 1996 2082 2133 2309 2355 2505 2523 259 2598 2678 2841 2845 2893 3100 3149 3150 3155 3162 3179 3192 3219 3241 337 3421 3422 3591 3814 3888 4039 4119 4235 4335 4399 44 450 4575 4757 4804 484 4913 650 763 783 876 886
1006 1058 1246 1257 1408 15 1513 1715 1817 1912 1929 1993 2048 206 2109 2317 2330 2390 2453 2524 2575 2627 2672 2675 2763 3060 3144 3306 3347 3427 3543 3547 3581 3704 3736 3822 3823 3891 3941 3989 4083 4275 429 4363 4399 4406 4435 4566 4567 4774 4804 4845 4937 4997 507 709 834 97
1080 1147 1174 125 1257 1267 1322 1372 1384 1487 1570 1627 1790 1842 196 2087 2108 2309 2330 2380 246 2502 2603 2645 2675 2952 3156 3162 3212 3233 363 3653 4154 427 4289 4301 4305 4410 456 4614 4862 689 752
110 1191 1267 1474 1576 1607 1692 1706 1772 1886 1896 1968 204 2043 2116 2157 2168 2257 2259 2298 2612 2640 2989 3016 3170 3216 3311 3324 3438 3606 3711 3735 4020 4109 429 4352 4503 4610 804 871 954 96 99
115 1199 1222 1248 1282 1408 1570 173 1902 1926 1944 2021 2209 2297 2354 2448 2453 2521 2595 2733 2779 2866 2892 3245 3338 3418 3450 3537 363 369 3733 3910 4258 4297 4298 4397 4528 470 4742 4814 4988 543 653 745 907 99
1065 1105 1351 1356 1366 1503 152 1626 1659 1772 1773 1936 194 1977 2013 2027 2110 2119 2157 2196 231 2339 2497 2712 2720 2729 2762 2893 2992 3021 3060 3112 3129 3224 3280 3326 3327 3346 3412 3420 3460 3542 3547 3581 3781 3785 3805 3807 3817 3856 3874 397 4040 4109 4318 4367 4386 4454 4587 4591 470 4715 4716 478 4854 4992 5 576 608 610 696 71 765 841 893 958 996
1096 1174 1510 1607 1644 1656 1728 1977 2088 213 2312 2360 2572 2623 2945 2998 3027 3240 3626 3676 4310 4421 4435 4545 4703 4715 4858 557 834 920
1064 1165 1361 146 1750 232 234 2498 2547 2672 2706 3457 3626 3700 3931 3937 40 4158 4289 4346 4399 4657 497 573 881 978
1082 1225 1231 1356 136 1433 1448 1881 1902 194 1940 1970 1977 2054 2099 2102 222 231 2439 2478 2501 2741 2878 2902 3002 3021 3070 3085 3115 3245 3269 3276 3341 3433 3439 3503 3530 3564 3716 3757 3806 3829 3910 3960 3962 4277 435 4362 4371 4428 4588 4595 4692 4802 4835 494 4961 730 793 802 815 882 920 997
1655 1752 1824 1926 2043 2111 2420 2466 2734 2863 3337 3576 3889 4161 4313 4461 4598 709 79 906
1133 1223 1273 1277 1284 134 1369 1401 1563 1744 190 2034 2208 2250 2251 2410 242 2420 2426 2545 2738 2795 2864 302 3027 3060 3098 3124 3148 3164 3200 3210 3245 3271 3291 3311 3313 3330 3361 3398 3422 3442 3557 3618 3669 3672 3727 3803 3822 4132 4179 4197 4232 4269 4454 4615 4627 4727 4760 4790 4804 4848 4915 4922 4956 4962 556 649 705 752 80 885 941
1068 1242 1257 1722 2087 2420 2501 2518 2706 3497 361 3910 3941 4046 4120 4160 4359 453 4818 4835 4878 717 842 920
1165 1209 1361 1394 192 2008 2124 2126 2239 231 2420 253 2542 2626 2634 2874 2877 3135 3150 3151 3330 404 4123 4451 463 470 4715 4798 4875 542
101 1021 1033 1146 1332 1388 1401 1513 1636 1652 1678 1702 1822 1827 1832 1846 2143 2275 2283 2295 2332 2460 2501 2557 2705 2716 2773 278 2846 287 2998 3083 3139 3147 3152 3167 318 3186 3203 3250 3283 3298 3315 3521 3571 3582 3617 3658 3669 3693 3756 3761 3814 3839 4163 4202 4261 4319 4386 4537 4553 4622 4665 4760 4878 4928 4938 4940 526 54 544 549 574 581 610 709 71 726 764 793 941 951 994
1065 1135 1328 1524 1589 1618 1644 1729 1827 1971 1977 2083 2171 2213 2248 2317 242 2626 2633 2649 2726 2729 2884 2906 2953 2991 3048 3081 3135 3189 3426 3618 3839 3851 3910 4106 4198 4278 4409 4517 4544 458 4719 4901 4955 553 576 669 794
110 121 133 1664 1876 2048 2072 2122 215 2188 230 2545 2623 2727 2783 3005 306 3124 3150 3159 3189 3311 3341 365 3739 3750 3872 3963 4110 4298 4343 469 4708 4793 480 4876 554 581 780 83 96
1016 1070 1129 1221 1222 1267 128 1286 1358 1359 1381 154 1634 1817 186 1910 2227 2328 2368 2482 2486 2607 2609 2706 2791 2833 2845 2919 2998 3035 3048 3061 3124 3152 3181 3309 3322 3403 3562 3611 3735 3802 3808 3814 4015 4042 4081 4101 4197 4232 4266 4318 4363 4367 4377 438 4428 4518 4558 463 4662 4671 469 4759 4839 4848 4859 4914 4921 4992 65 655 71 72 750 786 80 831 876 942
1314 157 1628 1849 2101 2251 2381 244 2459 3070 3347 3369 4032 4120 4237 4280 4384 4433 503 507 729 874 945
1494 1497 1570 177 1912 2019 2083 2097 2248 2290 2384 2396 2419 2798 2866 3162 3403 3462 3783 4048 438 4485 4588 4592 4767 4813 629 690 920
1041 1103 1133 1157 1167 1206 1212 1222 1402 1539 1611 1655 1760 1819 1849 1850 1894 1991 1994 2038 2073 2159 2251 2283 2294 2313 2396 2423 2567 2600 270 2736 2745 2843 2863 2881 3084 3113 3142 3143 3192 3213 3263 3294 3303 3311 3312 3445 3547 3563 3571 3573 3606 3683 3742 3766 3771 3823 3867 3904 3944 3957 4071 4084 4114 4224 4241 4298 4350 4361 4664 469 4789 4811 4830 4835 487 4889 4945 4969 4970 4996 534 54 569 603 627 631 724 83 845 945 954
100 1006 1016 1068 1312 136 1494 1605 1680 169 1719 1809 1989 2136 2157 216 2421 2521 2579 2602 2708 2720 2758 2798 2913 3234 3251 3369 3403 3454 3464 3618 3684 3822 3852 3864 4017 4067 4167 4333 4336 4518 4577 4592 4643 4675 4720 4732 4785 4954 4995 506 603 751 843 885 916 966
1009 1011 1098 110 1146 1438 1473 1499 1518 153 2223 2241 2256 228 2343 2348 2420 2447 2883 29 2903 2919 3033 3077 3135 3226 3369 337 3550 3612 3617 3618 3702 3711 3720 3796 3809 4116 4243 4315 4389 4442 4574 4666 4704 4715 4761 4906 4909 4914 4952 508 528 847 906 908 963
1024 116 1355 165 1846 1902 2037 2638 2815 2882 3104 3119 3330 3372 3426 3534 3593 3681 3951 4021 4251 4435 4447 469 4733 4914 494 7 772
1070 1095 1119 1136 1165 1242 1364 138 1601 1850 1983 2000 2099 2153 2185 231 2347 2553 2595 2943 304 3076 3124 3260 3316 337 3388 339 35 352 3543 3572 3586 3589 3657 3659 3792 383 3904 4022 411 4110 416 4224 4340 4435 4487 4714 4820 4848 729 834 903
1012 1145 1221 1238 1257 1259 1327 1344 1363 1408 1440 1487 152 1539 154 1800 1821 1824 1846 185 1873 1886 1904 1932 1936 194 2035 2080 22 2230 2340 2356 2453 2529 260 2614 2620 2675 2839 2952 2989 3048 3105 3118 3216 3431 3456 3741 376 3870 4158 4257 4295 4379 4433 4477 4607 4862 4918 4952 4983 50 570 610 62 814
1345 1435 1551 1589 2082 2408 2423 2424 2479 3192 3208 3276 3897 390 4042 4155 4403 4428 4440 4544 4803 4819 53 739 78 951 996
1039 1056 1167 1390 1926 1988 2148 3341 339 3580 3869 3886 4095 415 4224 4535 4557 4818 4980 833 978
1074 1096 110 1122 1186 1217 130 1372 1387 1443 1474 1505 1529 1554 1558 1618 1737 1772 19 193 1937 2087 2097 2139 2177 2196 2317 2459 274 2743 2758 2863 295 2989 3047 3057 3098 3153 3204 3219 3279 3346 3397 3402 3422 3571 3580 3622 3669 3696 3797 3916 394 3975 3983 4022 4031 4174 4248 4269 4275 4417 4423 4426 4474 4478 4575 4596 469 4734 4754 4761 4786 4818 4838 4850 486 4954 4981 556 608 686 728 998
1124 1145 1356 1372 1626 1653 1705 1738 1861 200 2208 2277 2301 2394 3498 3669 3696 3742 3771 3794 387 4298 4465 618 624 671 792 834 876 9
1065 1153 1221 1267 1276 1300 1344 143 1487 1572 1660 1702 1776 1800 1936 2067 2089 2111 2195 2221 2381 2409 2520 2623 2681 2769 2774 2873 2920 3029 3135 3137 3152 319 3203 322 3343 3439 3702 3738 383 392 4003 4042 4096 4183 4197 4253 428 429 4295 4367 4372 4396 4479 4510 4610 470 4812 4818 4912 4944 51 534 631 687 700 834 836 912 913 916 964 979 99 996
1043 1519 1869 1911 198 2085 2099 2215 225 2774 2944 2960 3033 3108 3155 3275 3423 3884 3914 4022 4055 432 463 4720 4767 608 631 716 765 916
1305 1329 1465 1471 1716 1723 1762 1824 1894 1902 2032 221 2668 2929 2952 3100 3151 3493 3545 3634 3699 4173 4250 4283 434 4720
1050 1166 140 1790 199 2318 2342 2394 2557 2921 2937 3046 3124 3374 3375 3445 376 3897 4218 4287 4456 463 464 4956 813 851 980
1033 1087 117 1226 1291 13 1344 1902 2040 2407 289 2965 2977 2991 3084 3123 3204 3219 3818 4077 4231 44 4721
10 1030 1053 1078 1118 1424 1463 1486 1494 1535 1629 1661 1711 1737 1809 1827 1846 1907 1912 1978 2003 2021 2078 2148 2157 2173 2183 2202 2208 25 261 2664 2694 2695 2717 2948 2986 3075 313 3148 3150 3187 3204 3245 3295 3312 3445 3491 3543 357 37 3700 3898 3932 3941 3979 4023 4042 4094 4203 4240 4282 4330 4365 4392 4424 4580 463 470 4743 4837 4838 4882 4887 4910 4916 4923 4931 648 728 729 751 778 80 918 922 983
1146 1221 1271 1295 1367 1383 1398 1405 1428 1444 152 1552 156 1655 1709 1785 18 1864 1910 1917 1936 2006 2019 2021 211 2212 2292 2402 2554 2626 2640 2670 2699 2728 2772 2804 282 2916 2965 2989 3084 3100 3106 3131 3151 3152 3189 3226 3276 330 3395 3457 3487 3534 3544 3619 363 3718 3750 3790 3858 3864 3875 390 3920 4021 4065 4085 4089 4102 418 4188 4232 4344 4352 4389 4481 4498 4573 4892 4914 4930 4931 501 507 55 578 581 608 732 795 799 869 894 906 939 954
1043 127 1417 1442 1501 1511 1582 161 1644 1835 1906 1987 2017 2167 2232 2253 2288 2309 2532 2581 271 2835 3027 3138 3151 3204 3225 3276 3538 3617 3700 3762 3778 378 3988 4098 4110 4139 4530 460 4720 4760 4871 4918 4930 518 595 659 739 813 826 827 906 914 920 940
1016 102 1022 1064 1190 1208 1221 1237 1243 1253 1323 1356 1472 1474 1539 1717 176 1770 1846 1884 1886 1942 1976 1999 2048 2208 2219 2251 2334 2357 242 2501 2545 2558 2570 2635 2671 2700 2734 2798 2826 2958 3021 3028 3070 3216 3355 3379 3540 3544 3612 3627 3688 3826 3829 3837 4119 4196 4212 4269 4293 4336 4349 4465 4544 4588 4680 4688 4712 4718 4750 4753 4765 4771 4775 4781 4832 4833 4922 494 4944 4945 4949 4950 515 521 534 565 669 80 811 83 842 94 969 979
1043 1144 1188 1242 1433 1444 1487 1515 1907 1977 2094 2111 2231 2381 2504 2589 2863 2951 2965 3011 313 3226 3230 3281 3482 3485 3540 3560 3678 3732 3758 3962 4022 4103 4120 4219 4414 4435 4804 4811 4839 4918 4931 556 710 823
1016 1020 1033 1070 1198 1317 1346 1537 1574 1608 1686 1693 1726 18 1812 1838 1982 2083 2153 2307 2442 2600 2652 2789 2805 2897 2966 2981 2988 3027 3048 305 3063 3075 3219 3238 325 3348 3497 3528 3606 3759 3768 3835 3839 3864 400 4021 4042 4072 4109 418 4196 4276 4362 4546 4641 4678 4742 4796 4844 4944 631 654 675 699 722 760 797 876 900
1030 1110 1130 1215 1258 129 1520 154 1583 1626 1678 1687 1727 1739 1865 1866 1907 1926 1941 1948 1979 198 2103 2166 2208 2228 2253 2303 2310 2330 2349 2484 2499 2507 2508 2531 256 2571 2603 2608 262 2629 2672 27 2729 2787 2936 2975 3027 3240 3250 339 3403 3459 3544 358 3626 3702 376 3822 3827 3842 3906 3911 3922 3953 3998 4024 4174 420 4204 4205 4295 4318 4376 4440 4464 4630 4688 4734 475 4874 577 663 702 723 751 825 856 912 947 96 978
1077 1089 1444 1448 148 1481 1644 1969 252 2635 284 2855 2937 3020 3404 3978 4236 4692 49 587 636 793 921
1008 1034 1157 1292 1487 1641 1666 2073 2078 2459 2759 3117 313 3155 3250 3276 3510 3617 383 4363 4559 4638 4767 4961 599 744
1002 1151 154 159 1784 1961 2111 2153 258 2672 2798 2842 2965 2967 3126 3160 3204 326 373 3730 4217 4289 4305 4352 4669 478 517 830
1042 1157 1494 1831 1848 1857 1874 1879 194 1945 1972 203 2073 2097 2099 2111 2219 2566 2635 2677 2714 2752 2758 2814 2866 2965 2983 3043 3075 3153 3243 3274 3369 337 3580 363 3684 3696 3716 3764 3824 3899 395 4092 4285 4318 4363 4375 4416 4454 4557 4619 4688 473 4890 4968 611 791 798 812 851 887 910 960
1064 1065 1070 1078 1372 1433 1766 1785 1799 1800 1949 2078 2082 2083 2252 2322 255 2594 2777 2907 3105 3245 3743 3887 390 4104 4110 4269 4319 4382 4532 4613 4632 4678 4914 633 643 707 751 82 854 945
1156 1368 1898 2196 2205 2293 2400 2404 2557 2686 2720 3148 3381 3403 3482 3524 3692 4002 4130 415 439 4465 4592 4835 494 665 747
100 1064 1133 118 1447 146 1623 1655 1696 1772 1807 1827 1881 1907 1927 2027 2148 2164 2337 2381 2593 2659 2670 3094 3239 3365 3426 3555 3604 3696 3796 3907 4304 433 4332 4392 4432 4575 4679 4696 4765 4856 4862 4904 566 641 736
1149 1207 136 1364 1393 1487 1511 1665 1692 1779 189 2021 2096 2330 2340 2352 2368 2423 2546 2549 2603 2626 2774 2796 2800 290 2901 2958 3060 3064 3100 3296 3325 337 3371 3466 3475 3549 3606 3711 3778 3831 3917 3941 3969 4000 401 4023 4270 4327 434 4350 4401 4426 457 4797 4807 4865 4874 4878 4980 54 581 670 883 898 979
1361 142 1486 154 161 2113 2521 266 2991 3083 3185 3229 3276 3329 3351 3707 3796 4087 418 4302 4440 4468 4504 4720 4732 4752 486 4861 4960 4984 56 818 868 987
1054 1132 1266 1403 1470 174 1828 1892 2069 2269 2408 2430 247 2677 2852 2870 2896 303 3075 3169 3189 3288 3377 3556 3823 4006 415 4232 4765 4808 4954 603
1030 1404 1620 1639 1690 1885 2330 2501 2670 2952 3058 3411 3547 3600 3712 3824 3897 405 4600 4616 567
1066 11 1133 1221 1257 1301 1364 139 1400 1408 1411 146 1486 1590 1678 1746 1777 1782 1785 181 2048 2060 2073 2084 2104 2216 2310 2350 2414 2623 2875 2963 3078 3083 3153 3162 3310 3363 337 3482 3571 3575 3606 3612 3711 3795 3818 3900 3918 3927 3953 3962 4189 4212 4220 4320 4391 4460 4478 4619 4691 4701 4806 4883 4918 4930 4965 4980 581 601 652 654 730 824 858 917
1143 1174 1204 1218 1327 152 1533 1809 1924 1926 1986 20 2030 2111 2112 2187 2340 2446 2476 2776 2979 329 3346 343 3558 3696 3716 4030 4106 4197 4374 4386 4440 4538 4655 4734 4839 507 669 748 807 817 884 896 898 903
1030 1227 1299 1380 1577 1937 2043 2078 2083 2261 2264 2381 2391 2453 2706 2811 3268 3312 3347 3534 3547 3684 3829 39 4106 4196 4246 4420 4746 538 54 571 741 837 949
1050 1068 1138 1161 1719 18 2083 2228 2340 2550 2574 267 2670 2909 3038 3075 3080 3148 3224 3311 3331 3332 3486 3618 3620 3643 3847 4201 4508 4688 470 4705 4823 4839 4853 49 4910 4992 755 777 956
1006 1059 1154 1234 1253 1294 1311 1364 1372 1401 1414 148 1539 1589 1600 1611 1694 1858 2020 2065 2105 2121 2381 242 2483 2521 2543 2551 2619 2734 2782 2937 3015 3016 3035 3045 31 313 3150 3192 3337 3426 3472 3539 3544 3608 3617 3680 3748 3828 3839 3855 3860 389 3890 3962 4004 4023 4123 4143 4145 4318 4364 4427 451 4550 4683 4687 4723 478 4816 4840 4959 52 634 638 666 679 718 729 83 912 916 941 974
1010 1125 1275 1344 1424 1474 148 1530 1602 1655 1678 1738 1849 1881 1882 2027 2087 2196 225 2386 2400 2453 251 2541 2600 2613 2734 2823 288 292 3093 3105 3245 3509 3518 382 3849 3863 3896 3973 4060 4097 4123 4228 4254 4269 4303 4350 4362 45 4555 4811 488 4927 608 657 730 972 99
1063 1078 1336 1618 1772 1846 1850 1954 2127 2178 2447 2459 2477 2698 2774 2850 2937 3000 3002 3154 3212 327 3282 3341 3376 3580 3656 3660 367 3710 3735 3892 3954 4123 4159 4200 4399 4556 4776 478 4862 4925 562 574 603 610 752 922
1008 107 1222 1788 1818 1894 2115 2157 2419 2457 2512 2515 2651 2973 2991 3270 3394 3460 3476 3953 4023 4127 4158 424 4367 4496 4575 4881 4980 728 793 956
1174 1327 1433 1561 1609 1670 180 1800 2014 2153 219 2335 2365 237 2408 2453 2557 257 2715 2990 3084 3103 312 3146 3148 3166 3224 3301 335 3369 3484 3522 3723 3726 3771 3814 3897 3939 3996 4110 4239 429 4362 4368 4402 4454 4582 4592 4776 4895 4980 4999 525 591 631 638 640 660 891
1177 16 1607 1612 1742 1758 1881 1909 2043 2160 2388 2718 2880 2930 3016 3084 3190 3497 36 3624 3669 3673 3702 3735 4073 429 4319 434 4433 454 4544 4767 4794 4874 4922 4944 61 610 647 709
1138 1292 1321 1427 1449 1493 155 1615 1671 1785 1817 1883 1894 1907 2019 2027 2048 2097 2135 2145 2288 2309 2380 2396 2435 2499 254 2626 2720 2793 2925 2933 2937 313 3141 3173 3195 3392 3393 3467 3702 3839 3894 3904 398 401 4063 4130 4168 418 426 4273 4362 4561 4575 482 49 4945 4951 4954 509 511 574 607 844 865 909 923 96 976
1448 1474 148 1579 1597 1768 1802 2021 2238 2758 2806 2837 2854 3016 3035 3694 3722 3823 428 4351 49 4954 511 576 667 96
1015 1063 107 1097 110 1369 137 1444 145 1515 1555 1599 1737 1772 1787 18 1834 1863 1912 1918 1927 1932 2219 2298 2364 242 243 2576 2584 2641 2648 2766 2856 2937 2970 3021 3049 3098 3148 3250 3364 3369 348 3580 3596 3609 3697 3700 3780 3784 3832 3836 3850 395 4019 4026 4034 4196 4219 4224 4339 4363 44 4426 4493 4507 4527 459 4720 4756 4792 4799 4804 4838 49 4910 4931 4982 4989 499 4992 574 59 664 665 706 759 876 885 891 898 903 927 951 978 993
1096 1111 1145 1193 1196 1242 1348 1456 1483 152 1539 1564 1565 1568 1611 1618 1868 2063 2068 2082 225 2300 2339 2397 2640 2662 2744 2747 2755 2786 2798 2920 294 3007 3033 313 3199 3279 3347 3428 3445 3492 3628 3647 376 3814 3886 3940 3955 396 4009 4048 4106 4118 4126 4131 415 4212 428 4295 4305 4498 4554 4570 4592 4625 4626 4649 4678 4713 4719 4720 479 4811 4874 4897 4945 4963 4998 594 669 697 711 773 835 876 885 906 951 978
1006 1221 1438 1492 1542 1543 1553 1791 1819 2129 225 2271 2284 2377 2451 2470 256 2677 2720 2891 2989 3165 3492 3785 3967 4035 4223 4316 4322 4386 455 4620 4954 725 793
1091 1174 1247 1392 1486 1936 2093 2283 2317 2380 2534 2565 2663 2672 3009 3091 3224 3266 3337 3468 3543 3559 3578 3606 3617 3672 3840 386 415 4318 4392 4494 4540 4541 56 593 866 941 968
1157 1395 1890 2643 2709 2778 2919 349 3496 3544 3771 3788 3815 4110 4113 4256 4299 4490 4495 486 4874 678 95
100 1062 1242 1267 1292 1293 1304 1353 1438 1478 1570 161 1737 1817 2056 2086 2148 2157 2228 2317 2358 2400 2447 2467 249 2506 2536 2640 2734 2845 2867 2904 3097 3212 3250 3276 3384 3422 348 3648 3696 3729 3798 384 3990 401 4013 4048 4122 4123 4130 4135 4140 4269 4340 4350 4370 4388 4411 442 4572 4740 4776 4900 505 534 57 602 746 771 943 945
1014 1033 1128 1165 1229 1266 1309 1344 1375 150 1595 1738 1817 1819 1850 1932 1946 1947 2002 2010 2019 2073 2226 2471 2521 2666 2674 2675 2682 2729 2828 285 3027 3105 3191 3231 3297 3352 3461 355 363 3770 3812 3886 390 3941 4001 4109 4189 4191 4386 4457 4473 4586 4619 4678 4776 4867 49 610 781 86 861
1138 1167 1174 1361 1436 1557 1862 2044 2170 2247 2419 3013 3214 3357 4021 4139 4284 4355 4363 4491 4588 4699 4711 4910 785
1251 1260 1617 1800 1847 1910 1912 1958 2021 2339 2538 2557 2564 2666 3152 3243 3520 3617 3687 3785 3829 4014 406 4141 4409 4784 560
