1	7
1	582
1	808
1	847
2	334
2	626
2	843
2	903
3	75
3	467
3	857
3	933
4	459
4	867
4	928
4	966
5	309
5	532
5	710
5	858
5	889
5	939
6	653
6	755
6	976
6	992
7	1
7	17
7	731
7	906
8	446
8	519
8	893
8	960
9	661
9	815
9	934
9	964
10	322
10	442
10	953
10	991
11	80
11	264
11	368
11	626
12	413
12	641
12	910
12	961
13	396
13	580
13	828
13	987
14	600
14	751
14	961
14	999
15	860
15	903
15	918
15	990
16	280
16	942
16	991
16	997
17	7
17	634
17	667
17	837
17	913
18	63
18	530
18	614
18	763
18	780
19	117
19	624
19	756
19	991
20	650
20	899
20	956
20	990
20	993
21	615
21	680
21	855
21	866
22	662
22	961
22	973
22	999
23	593
23	684
23	837
23	896
24	31
24	659
24	998
24	1000
25	272
25	926
25	978
25	999
26	78
26	767
26	910
26	987
27	532
27	703
27	807
27	875
27	981
27	982
28	185
28	411
28	891
28	986
29	715
29	879
29	917
29	960
30	84
30	316
30	881
30	930
31	24
31	118
31	550
31	720
32	248
32	592
32	705
32	749
33	410
33	469
33	853
33	974
34	646
34	916
34	976
34	992
34	996
35	714
35	935
35	986
35	999
36	570
36	600
36	771
36	911
37	818
37	871
37	892
37	958
38	74
38	765
38	774
38	948
39	155
39	775
39	960
39	992
40	414
40	422
40	829
40	867
40	961
40	985
41	366
41	689
41	773
41	904
42	903
42	949
42	960
42	993
42	996
43	725
43	864
43	870
43	946
44	443
44	588
44	849
44	998
45	379
45	481
45	510
45	873
46	486
46	643
46	882
46	969
47	261
47	882
47	916
47	969
48	507
48	766
48	808
48	944
49	448
49	654
49	733
49	964
50	204
50	735
50	750
50	971
51	272
51	418
51	957
51	978
52	172
52	237
52	688
52	787
53	247
53	314
53	718
53	988
54	866
54	970
54	990
54	998
55	86
55	633
55	943
55	995
56	586
56	763
56	808
56	885
57	425
57	684
57	813
57	829
57	875
58	521
58	604
58	739
58	992
59	334
59	704
59	859
59	907
60	415
60	446
60	598
60	953
61	253
61	550
61	831
61	991
62	480
62	688
62	797
62	999
63	18
63	496
63	924
63	970
64	497
64	646
64	703
64	958
65	736
65	758
65	956
65	973
66	185
66	759
66	921
66	976
67	126
67	357
67	402
67	673
68	214
68	542
68	955
68	962
69	509
69	929
69	981
69	995
70	101
70	368
70	887
70	912
70	982
71	804
71	860
71	957
71	993
72	317
72	650
72	729
72	769
72	793
73	254
73	306
73	479
73	940
74	38
74	259
74	966
74	980
75	3
75	141
75	471
75	989
76	844
76	845
76	880
76	987
77	96
77	504
77	648
77	996
78	26
78	636
78	709
78	721
79	105
79	505
79	935
79	986
80	11
80	378
80	754
80	912
80	992
81	597
81	790
81	891
81	973
82	457
82	710
82	747
82	859
83	811
83	898
83	934
83	986
83	997
84	30
84	631
84	975
84	993
85	249
85	335
85	586
85	977
86	55
86	438
86	902
86	957
87	592
87	806
87	900
87	989
88	844
88	967
88	993
88	994
89	204
89	785
89	883
89	959
90	291
90	571
90	981
90	986
90	996
91	549
91	586
91	839
91	937
92	384
92	734
92	877
92	950
93	446
93	808
93	911
93	925
94	317
94	654
94	726
94	933
95	163
95	278
95	668
95	981
96	77
96	504
96	648
96	996
97	656
97	795
97	820
97	890
97	939
97	977
98	686
98	824
98	941
98	964
99	386
99	399
99	790
99	898
100	718
100	781
100	869
100	998
101	70
101	168
101	272
101	768
101	899
102	271
102	574
102	788
102	970
103	534
103	838
103	844
103	985
104	482
104	863
104	875
104	943
105	79
105	311
105	851
105	979
106	411
106	430
106	602
106	966
107	692
107	757
107	859
107	867
107	936
107	984
108	435
108	700
108	722
108	869
109	207
109	294
109	584
109	802
109	852
110	255
110	807
110	820
110	904
110	922
111	975
111	991
111	995
111	999
112	381
112	702
112	783
112	878
112	939
113	235
113	482
113	863
113	999
114	317
114	836
114	889
114	961
115	136
115	606
115	935
115	999
116	319
116	638
116	790
116	1000
117	19
117	553
117	991
117	997
118	31
118	374
118	451
118	879
119	794
119	858
119	888
119	948
120	591
120	887
120	976
120	979
121	827
121	884
121	970
121	987
122	581
122	757
122	851
122	888
123	566
123	782
123	931
123	932
124	782
124	786
124	913
124	986
125	553
125	672
125	901
125	951
126	67
126	255
126	423
126	925
127	438
127	779
127	894
127	982
128	266
128	745
128	804
128	858
129	423
129	470
129	683
129	687
130	586
130	606
130	726
130	870
130	934
130	988
130	996
131	628
131	757
131	888
131	936
131	966
132	149
132	235
132	977
132	988
133	142
133	538
133	766
133	978
134	780
134	793
134	948
134	971
134	993
134	994
135	585
135	729
135	929
135	997
136	115
136	561
136	707
136	923
137	428
137	480
137	789
137	846
138	500
138	581
138	610
138	995
139	788
139	851
139	897
139	898
139	996
140	217
140	860
140	862
140	979
141	75
141	803
141	954
141	955
141	985
141	994
142	133
142	354
142	888
142	936
142	999
143	395
143	464
143	608
143	966
144	304
144	656
144	771
144	899
144	958
144	995
145	260
145	713
145	776
145	987
146	521
146	835
146	851
146	868
147	228
147	531
147	724
147	978
148	205
148	683
148	687
148	763
149	132
149	498
149	960
149	977
150	807
150	885
150	901
150	957
151	662
151	867
151	902
151	935
151	966
151	996
152	629
152	853
152	947
152	969
153	351
153	590
153	623
153	980
154	831
154	905
154	938
154	967
155	39
155	200
155	841
155	975
156	275
156	696
156	913
156	1000
157	653
157	705
157	800
157	992
158	388
158	957
158	978
158	990
159	478
159	604
159	981
159	997
160	776
160	827
160	960
160	972
160	974
161	696
161	788
161	845
161	902
162	324
162	388
162	933
162	958
163	95
163	312
163	941
163	981
164	188
164	329
164	676
164	988
165	250
165	674
165	818
165	999
166	753
166	772
166	954
166	972
167	314
167	723
167	839
167	995
168	101
168	859
168	897
168	952
169	428
169	820
169	925
169	942
169	996
170	192
170	274
170	759
170	894
171	638
171	809
171	964
171	979
172	52
172	234
172	235
172	928
173	375
173	508
173	674
173	727
174	572
174	642
174	934
174	952
174	977
175	623
175	906
175	965
175	987
176	241
176	333
176	884
176	995
177	223
177	420
177	498
177	900
178	275
178	807
178	910
178	977
178	997
179	722
179	861
179	930
179	989
180	428
180	489
180	720
180	790
181	248
181	264
181	745
181	981
182	299
182	752
182	887
182	919
183	525
183	776
183	893
183	896
183	967
183	988
184	441
184	742
184	843
184	885
184	898
185	28
185	66
185	202
185	966
185	996
186	347
186	799
186	992
186	994
187	265
187	500
187	707
187	725
188	164
188	748
188	889
188	941
189	826
189	851
189	880
189	949
190	252
190	621
190	791
190	954
190	995
191	783
191	839
191	934
191	995
192	170
192	346
192	603
192	780
192	836
193	394
193	780
193	936
194	397
194	805
194	903
194	973
195	654
195	696
195	741
195	997
196	339
196	505
196	666
196	823
197	205
197	828
197	905
197	987
198	303
198	589
198	976
198	978
199	386
199	728
199	795
199	948
200	155
200	453
200	671
200	733
201	481
201	495
201	767
201	975
202	185
202	741
202	890
202	971
203	801
203	812
203	882
203	916
204	50
204	89
204	800
204	895
205	148
205	197
205	232
205	687
206	287
206	734
206	776
206	858
207	109
207	255
207	911
207	946
208	372
208	913
208	975
208	993
209	289
209	766
209	970
209	982
209	996
210	792
210	906
210	953
210	956
211	245
211	600
211	739
211	886
212	558
212	934
212	938
212	955
213	700
213	722
213	930
213	1000
214	68
214	955
214	962
214	971
215	678
215	720
215	884
215	972
215	996
216	601
216	875
216	903
216	968
217	140
217	802
217	872
217	980
218	851
218	896
218	935
218	950
218	998
219	453
219	671
219	960
219	975
220	633
220	738
220	866
220	905
221	536
221	547
221	865
221	941
222	371
222	502
222	772
222	968
223	177
223	884
223	893
223	998
224	608
224	632
224	829
224	926
225	414
225	520
225	724
225	983
226	282
226	499
226	838
226	982
227	772
227	779
227	954
227	972
228	147
228	697
228	776
228	972
228	992
229	289
229	328
229	768
229	803
229	855
229	996
230	266
230	430
230	741
230	749
230	778
230	994
231	443
231	476
231	580
231	752
231	977
232	205
232	470
232	683
232	687
232	926
233	318
233	892
233	956
233	961
233	969
234	172
234	402
234	746
234	835
234	966
235	113
235	132
235	172
235	755
235	904
236	338
236	910
236	979
236	983
236	994
237	52
237	657
237	851
237	974
237	977
238	571
238	714
238	913
238	935
238	986
239	736
239	740
239	758
239	797
239	956
240	753
240	772
240	936
240	954
240	972
241	176
241	805
241	866
241	913
241	947
242	269
242	731
242	837
242	848
242	880
242	957
243	463
243	609
243	777
243	804
243	837
243	981
243	994
244	925
244	956
244	967
244	983
244	1000
245	211
245	766
245	847
245	924
245	928
245	963
246	559
246	893
246	907
246	927
246	992
247	53
247	522
247	851
247	972
247	974
247	979
248	32
248	181
248	401
248	785
248	993
248	997
249	85
249	721
249	769
249	806
249	865
250	165
250	383
250	818
250	871
250	999
251	472
251	598
251	626
251	887
251	899
251	993
252	190
252	586
252	665
252	971
252	989
253	61
253	866
253	987
253	999
253	1000
254	73
254	630
254	690
254	870
254	940
255	110
255	126
255	207
255	531
255	635
256	697
256	787
256	813
256	967
256	975
257	276
257	501
257	538
257	613
257	885
258	513
258	818
258	877
258	942
258	949
259	74
259	922
259	966
259	971
259	993
260	145
260	426
260	686
260	772
260	848
260	879
260	936
261	47
261	512
261	882
261	916
261	969
262	288
262	462
262	613
262	796
262	877
263	440
263	551
263	984
263	990
263	998
264	11
264	181
264	814
264	820
264	974
265	187
265	526
265	568
265	794
265	935
266	128
266	230
266	718
266	729
266	834
266	896
266	936
267	667
267	742
267	810
267	867
267	883
267	884
267	929
268	679
268	708
268	745
268	846
268	943
269	242
269	581
269	721
269	813
269	880
270	676
270	880
270	885
270	917
270	939
270	946
271	102
271	946
271	960
271	962
271	985
272	25
272	51
272	101
272	740
272	896
272	950
273	402
273	572
273	680
273	748
273	983
274	170
274	765
274	846
274	899
274	955
274	995
275	156
275	178
275	602
275	625
275	713
276	257
276	555
276	663
276	841
276	885
277	682
277	840
277	912
277	927
277	985
278	95
278	670
278	839
278	981
278	997
279	770
279	949
279	986
279	987
279	995
280	16
280	285
280	553
280	991
280	997
281	674
281	809
281	817
281	942
281	950
282	226
282	499
282	730
282	881
282	982
283	453
283	851
283	934
283	941
283	980
283	988
284	305
284	890
284	943
284	946
284	965
285	280
285	789
285	964
285	991
285	997
286	397
286	766
286	771
286	793
286	971
287	206
287	363
287	876
287	891
287	991
288	262
288	532
288	684
288	837
288	896
289	209
289	229
289	810
289	886
289	900
290	596
290	666
290	928
290	929
290	995
291	90
291	342
291	350
291	853
291	893
292	522
292	746
292	778
292	838
292	977
293	413
293	704
293	741
293	876
293	995
294	109
294	661
294	845
294	926
294	934
295	484
295	891
295	894
295	941
295	989
295	994
296	522
296	803
296	810
296	856
296	894
296	937
296	942
297	496
297	790
297	824
297	892
297	998
298	841
298	873
298	952
298	975
298	979
299	182
299	587
299	627
299	639
299	887
300	714
300	819
300	906
300	909
300	976
301	629
301	747
301	939
301	992
302	870
302	877
302	880
302	885
302	944
303	198
303	345
303	403
303	465
303	986
304	144
304	364
304	574
304	853
304	877
304	994
305	284
305	416
305	932
305	946
305	960
306	73
306	479
306	690
306	925
306	940
307	649
307	662
307	804
307	898
307	987
308	733
308	858
308	920
308	992
308	999
309	5
309	855
309	892
309	950
309	999
310	756
310	983
310	991
310	997
310	1000
311	105
311	659
311	754
311	893
311	920
312	163
312	509
312	928
312	929
312	995
313	715
313	722
313	872
313	930
313	989
314	53
314	167
314	469
314	676
314	993
315	905
315	925
315	933
315	938
315	964
316	30
316	477
316	665
316	881
316	988
317	72
317	94
317	114
317	400
317	776
318	233
318	349
318	657
318	733
318	987
319	116
319	524
319	838
319	895
319	971
320	404
320	583
320	623
320	644
320	883
320	996
321	734
321	886
321	895
321	906
321	989
322	10
322	617
322	662
322	754
322	946
323	665
323	669
323	785
323	899
323	931
323	961
323	978
323	985
324	162
324	568
324	819
324	846
324	881
324	936
325	672
325	901
325	951
325	967
325	1000
326	374
326	414
326	665
326	833
326	991
327	668
327	691
327	946
327	977
327	988
328	229
328	708
328	846
328	862
328	999
329	164
329	408
329	420
329	530
329	693
329	807
329	867
330	530
330	726
330	860
330	958
330	985
331	521
331	700
331	754
331	892
331	991
331	996
332	439
332	648
332	933
332	959
332	996
333	176
333	694
333	743
333	828
333	856
333	962
334	2
334	59
334	863
334	968
334	992
335	85
335	350
335	548
335	563
335	995
336	434
336	633
336	855
336	972
336	974
336	990
337	484
337	581
337	817
337	847
337	990
338	236
338	420
338	892
338	977
338	999
339	196
339	703
339	843
339	856
339	862
339	954
339	988
339	997
340	405
340	468
340	830
340	901
340	951
341	753
341	772
341	954
341	972
341	992
342	291
342	473
342	716
342	851
342	857
343	432
343	561
343	679
343	846
343	874
344	374
344	451
344	699
344	960
344	988
345	303
345	387
345	938
345	949
345	980
346	192
346	601
346	875
346	943
346	962
347	186
347	417
347	618
347	624
347	728
348	637
348	760
348	889
348	923
348	944
349	318
349	866
349	920
349	965
349	980
350	291
350	335
350	603
350	894
350	904
351	153
351	447
351	592
351	769
351	917
352	493
352	512
352	790
352	816
352	969
353	744
353	765
353	848
353	886
353	995
354	142
354	699
354	799
354	857
354	881
355	368
355	480
355	778
355	949
355	953
355	990
356	667
356	707
356	726
356	731
356	795
357	67
357	492
357	538
357	618
357	939
358	694
358	920
358	921
358	937
358	975
359	496
359	656
359	658
359	872
359	973
359	986
360	441
360	622
360	681
360	852
360	909
361	477
361	711
361	774
361	776
361	981
362	753
362	772
362	943
362	954
362	972
363	287
363	528
363	548
363	884
363	953
364	304
364	486
364	811
364	815
364	829
365	484
365	584
365	887
365	907
365	943
366	41
366	773
366	814
366	815
366	950
367	401
367	955
367	962
367	993
367	999
368	11
368	70
368	355
368	611
368	923
369	818
369	871
369	949
369	964
369	999
370	501
370	645
370	714
370	947
370	988
371	222
371	458
371	655
371	746
371	998
372	208
372	665
372	744
372	835
372	948
373	463
373	567
373	785
373	793
373	823
373	990
374	118
374	326
374	344
374	948
374	950
375	173
375	727
375	730
375	819
375	952
376	654
376	678
376	775
376	851
376	995
376	996
377	471
377	536
377	559
377	771
377	836
378	80
378	680
378	759
378	796
378	855
379	45
379	408
379	433
379	883
379	917
379	951
379	963
380	602
380	727
380	847
380	865
380	928
380	951
381	112
381	729
381	883
381	906
381	937
381	952
382	540
382	725
382	804
382	910
382	946
383	250
383	752
383	851
383	871
383	915
383	976
384	92
384	437
384	631
384	701
384	776
384	919
385	639
385	651
385	778
385	848
385	931
385	996
386	99
386	199
386	439
386	610
386	929
386	993
387	345
387	827
387	835
387	869
387	911
387	993
388	158
388	162
388	852
388	946
388	957
388	974
389	584
389	710
389	770
389	915
389	970
389	988
390	395
390	653
390	737
390	813
390	821
390	937
390	997
391	570
391	606
391	693
391	798
391	933
391	978
392	565
392	576
392	620
392	702
392	712
392	909
393	505
393	717
393	839
393	888
393	942
393	998
394	193
394	780
394	936
395	143
395	390
395	551
395	657
395	959
395	968
396	13
396	643
396	664
396	669
396	940
396	995
397	194
397	286
397	766
397	793
397	918
397	954
398	753
398	772
398	922
398	954
398	972
398	992
399	99
399	863
399	867
399	913
399	992
399	997
400	317
400	604
400	675
400	893
400	926
400	997
401	248
401	367
401	542
401	955
401	962
401	999
402	67
402	234
402	273
402	875
402	937
402	961
402	965
403	303
403	605
403	638
403	885
403	919
403	998
404	320
404	607
404	902
404	917
404	935
404	986
405	340
405	409
405	672
405	862
405	901
405	951
406	523
406	713
406	777
406	807
406	827
406	896
406	991
407	540
407	837
407	950
407	981
407	991
407	999
408	329
408	379
408	586
408	631
408	757
408	877
409	405
409	468
409	672
409	901
409	951
409	960
410	33
410	557
410	571
410	808
410	897
410	971
411	28
411	106
411	600
411	601
411	921
411	999
412	414
412	520
412	724
412	836
412	844
412	878
413	12
413	293
413	749
413	776
413	843
413	934
413	976
413	985
414	40
414	225
414	326
414	412
414	836
414	860
415	60
415	425
415	875
415	876
415	981
415	996
416	305
416	750
416	932
416	946
416	964
416	1000
417	347
417	718
417	721
417	780
417	915
417	966
417	996
418	51
418	783
418	845
418	890
418	913
418	936
418	955
419	891
419	897
419	922
419	941
419	957
419	998
420	177
420	329
420	338
420	949
420	976
420	977
421	494
421	529
421	531
421	879
421	918
421	983
422	40
422	476
422	688
422	701
422	821
422	874
423	126
423	129
423	598
423	974
423	992
423	996
423	998
424	569
424	844
424	877
424	892
424	905
424	981
425	57
425	415
425	534
425	605
425	784
425	988
426	260
426	463
426	549
426	669
426	959
426	999
427	655
427	742
427	837
427	884
427	885
427	984
428	137
428	169
428	180
428	540
428	834
428	917
429	787
429	859
429	861
429	891
429	921
429	947
430	106
430	230
430	445
430	653
430	789
430	805
431	687
431	759
431	870
431	887
431	913
431	948
432	343
432	805
432	827
432	835
432	874
432	966
433	379
433	567
433	830
433	877
433	913
433	927
433	966
434	336
434	520
434	707
434	836
434	861
434	983
435	108
435	511
435	841
435	873
435	892
435	930
436	494
436	590
436	803
436	819
436	937
436	939
436	994
437	384
437	909
437	939
437	952
437	975
437	987
438	86
438	127
438	519
438	779
438	894
438	982
439	332
439	386
439	648
439	878
439	959
439	996
440	263
440	832
440	873
440	984
440	990
440	998
441	184
441	360
441	550
441	787
441	964
441	977
442	10
442	680
442	763
442	811
442	855
442	1000
443	44
443	231
443	462
443	678
443	870
443	991
444	850
444	879
444	886
444	906
444	964
444	994
445	430
445	517
445	795
445	944
445	984
445	989
445	990
446	8
446	60
446	93
446	547
446	913
446	951
447	351
447	534
447	587
447	721
447	755
447	983
447	985
448	49
448	557
448	654
448	819
448	874
448	877
449	638
449	718
449	902
449	941
449	971
449	980
450	494
450	528
450	736
450	806
450	944
450	961
451	118
451	344
451	677
451	749
451	963
451	968
452	708
452	777
452	870
452	926
452	928
452	972
453	200
453	219
453	283
453	637
453	671
453	778
454	460
454	738
454	742
454	789
454	890
454	975
455	585
455	870
455	905
455	914
455	957
455	974
456	496
456	580
456	630
456	828
456	905
456	982
457	82
457	667
457	791
457	903
457	932
457	954
457	958
457	962
458	371
458	692
458	823
458	918
458	929
458	936
458	978
459	4
459	478
459	740
459	931
459	949
459	951
459	985
459	990
459	991
460	454
460	738
460	923
460	965
460	975
460	983
461	636
461	808
461	853
461	893
461	925
461	993
462	262
462	443
462	719
462	958
462	976
462	984
463	243
463	373
463	426
463	541
463	826
463	925
464	143
464	529
464	587
464	788
464	809
464	951
464	992
465	303
465	720
465	880
465	926
465	935
465	999
466	510
466	560
466	788
466	843
466	892
466	991
467	3
467	550
467	806
467	862
467	902
467	988
468	340
468	409
468	901
468	951
468	953
468	1000
469	33
469	314
469	877
469	888
469	944
469	999
470	129
470	232
470	687
470	926
470	952
470	999
471	75
471	377
471	518
471	611
471	681
471	989
472	251
472	859
472	867
472	884
472	939
472	973
472	997
473	342
473	526
473	847
473	889
473	926
473	952
473	996
474	573
474	917
474	959
474	968
474	979
474	988
475	506
475	657
475	757
475	846
475	972
475	979
475	997
476	231
476	422
476	537
476	938
476	943
476	948
476	981
476	994
477	316
477	361
477	492
477	789
477	910
477	968
478	159
478	459
478	614
478	624
478	845
478	890
479	73
479	306
479	690
479	940
479	983
479	989
480	62
480	137
480	355
480	744
480	861
480	977
481	45
481	201
481	823
481	884
481	931
481	951
481	958
481	995
482	104
482	113
482	591
482	601
482	895
482	941
483	801
483	818
483	871
483	963
483	980
483	981
484	295
484	337
484	365
484	872
484	887
484	907
485	536
485	678
485	680
485	805
485	829
485	832
485	954
486	46
486	364
486	812
486	879
486	916
486	969
487	536
487	548
487	623
487	657
487	739
487	909
487	982
488	613
488	754
488	868
488	923
488	951
488	961
488	966
488	994
489	180
489	641
489	699
489	927
489	962
489	988
489	990
489	991
489	994
490	676
490	829
490	843
490	848
490	858
490	883
490	943
490	963
491	773
491	793
491	884
491	897
491	946
491	953
491	972
492	357
492	477
492	654
492	873
492	874
492	969
492	978
493	352
493	629
493	812
493	861
493	864
493	905
493	916
494	421
494	436
494	450
494	897
494	971
494	983
494	984
495	201
495	667
495	744
495	835
495	909
495	969
495	996
496	63
496	297
496	359
496	456
496	533
496	793
496	838
496	939
496	985
497	64
497	509
497	666
497	928
497	929
497	984
497	995
498	149
498	177
498	608
498	735
498	848
498	900
498	977
499	226
499	282
499	621
499	675
499	686
499	880
499	982
500	138
500	187
500	665
500	701
500	737
500	943
500	988
501	257
501	370
501	538
501	600
501	675
501	885
501	904
502	222
502	654
502	779
502	897
502	956
502	977
502	988
503	689
503	712
503	718
503	727
503	761
503	807
503	972
503	994
504	77
504	96
504	648
504	786
504	834
504	919
504	996
505	79
505	196
505	393
505	589
505	888
505	942
505	948
506	475
506	702
506	793
506	894
506	910
506	974
506	977
507	48
507	517
507	921
507	935
507	938
507	973
507	976
507	997
508	173
508	714
508	754
508	779
508	817
508	951
508	972
508	984
509	69
509	312
509	497
509	666
509	928
509	929
509	995
510	45
510	466
510	810
510	853
510	931
510	945
510	962
510	972
510	977
511	435
511	596
511	673
511	722
511	892
511	930
511	981
512	261
512	352
512	816
512	882
512	916
512	959
512	969
513	258
513	624
513	662
513	692
513	885
513	909
513	990
513	997
514	597
514	603
514	681
514	781
514	961
514	973
514	998
515	799
515	826
515	832
515	972
515	986
515	990
515	998
516	550
516	609
516	715
516	842
516	936
516	940
516	969
517	445
517	507
517	613
517	764
517	814
517	885
517	992
518	471
518	574
518	591
518	785
518	814
518	955
518	996
518	997
519	8
519	438
519	746
519	779
519	860
519	886
519	894
520	225
520	412
520	434
520	549
520	724
520	821
520	878
521	58
521	146
521	331
521	724
521	836
521	862
521	889
522	247
522	292
522	296
522	530
522	783
522	855
522	942
523	406
523	856
523	867
523	914
523	926
523	978
523	996
524	319
524	638
524	644
524	971
524	980
524	993
524	1000
525	183
525	552
525	815
525	828
525	888
525	956
525	986
526	265
526	473
526	588
526	723
526	789
526	815
526	829
527	628
527	870
527	872
527	947
527	968
527	991
527	995
528	363
528	450
528	653
528	747
528	803
528	883
528	906
528	985
529	421
529	464
529	711
529	850
529	897
529	941
529	983
530	18
530	329
530	330
530	522
530	733
530	953
530	957
531	147
531	255
531	421
531	855
531	857
531	953
531	986
532	5
532	27
532	288
532	593
532	684
532	837
532	896
533	496
533	560
533	845
533	862
533	878
533	884
533	989
534	103
534	425
534	447
534	542
534	883
534	938
534	939
534	945
535	622
535	817
535	903
535	938
535	951
535	981
535	985
535	997
536	221
536	377
536	485
536	487
536	872
536	883
536	931
536	973
536	987
537	476
537	607
537	610
537	913
537	935
537	979
537	986
538	133
538	257
538	357
538	501
538	613
538	885
538	965
539	585
539	644
539	803
539	832
539	851
539	868
539	911
539	962
540	382
540	407
540	428
540	679
540	757
540	784
540	896
540	981
541	463
541	633
541	798
541	899
541	909
541	940
541	969
542	68
542	401
542	534
542	955
542	962
542	998
542	999
543	691
543	773
543	794
543	868
543	909
543	929
543	934
544	594
544	682
544	750
544	840
544	912
544	927
544	985
545	810
545	967
545	973
545	978
545	990
545	993
545	996
546	641
546	816
546	865
546	882
546	916
546	959
546	969
547	221
547	446
547	735
547	922
547	986
547	993
547	995
548	335
548	363
548	487
548	855
548	885
548	931
548	934
548	951
548	980
549	91
549	426
549	520
549	777
549	899
549	931
549	955
549	979
549	990
550	31
550	61
550	441
550	467
550	516
550	749
550	959
551	263
551	395
551	659
551	807
551	826
551	911
551	929
551	962
552	525
552	748
552	769
552	868
552	889
552	920
552	950
553	117
553	125
553	280
553	756
553	915
553	991
553	997
554	579
554	692
554	799
554	847
554	857
554	965
554	978
555	276
555	609
555	645
555	865
555	937
555	962
555	966
556	593
556	626
556	627
556	843
556	849
556	864
556	953
556	993
557	410
557	448
557	645
557	754
557	944
557	972
557	988
558	212
558	585
558	625
558	810
558	834
558	864
558	974
559	246
559	377
559	709
559	762
559	782
559	821
559	853
559	976
560	466
560	533
560	655
560	742
560	884
560	889
560	910
560	960
561	136
561	343
561	838
561	916
561	926
561	951
561	978
561	995
562	567
562	584
562	620
562	703
562	856
562	951
562	975
562	982
562	992
563	335
563	576
563	739
563	744
563	870
563	958
563	971
563	976
564	638
564	671
564	844
564	881
564	898
564	958
564	983
564	986
565	392
565	615
565	620
565	622
565	783
565	829
565	834
565	909
566	123
566	782
566	822
566	917
566	931
566	942
566	949
566	980
567	373
567	433
567	562
567	769
567	792
567	938
567	944
567	974
568	265
568	324
568	773
568	813
568	894
568	948
568	952
568	988
569	424
569	633
569	701
569	714
569	749
569	785
569	795
569	869
569	997
570	36
570	391
570	598
570	729
570	768
570	877
570	981
570	993
571	90
571	238
571	410
571	803
571	832
571	926
571	982
571	985
572	174
572	273
572	751
572	854
572	939
572	961
572	964
572	996
573	474
573	680
573	688
573	920
573	944
573	957
573	993
573	996
574	102
574	304
574	518
574	619
574	791
574	862
574	884
574	995
575	683
575	830
575	892
575	962
575	972
575	990
575	991
575	995
575	996
576	392
576	563
576	670
576	743
576	825
576	843
576	956
576	990
577	589
577	635
577	678
577	839
577	937
577	944
577	954
577	974
577	986
578	774
578	821
578	854
578	969
578	974
578	985
578	994
578	995
579	554
579	717
579	735
579	888
579	934
579	935
579	970
579	973
580	13
580	231
580	456
580	709
580	828
580	853
580	982
580	987
581	122
581	138
581	269
581	337
581	723
581	754
581	800
581	893
582	1
582	837
582	884
582	955
582	965
582	973
582	984
582	986
583	320
583	632
583	689
583	785
583	878
583	912
583	978
583	989
584	109
584	365
584	389
584	562
584	679
584	768
584	931
584	985
585	135
585	455
585	539
585	558
585	781
585	923
585	956
585	957
586	56
586	85
586	91
586	130
586	252
586	408
586	602
586	837
587	299
587	447
587	464
587	627
587	865
587	932
587	950
587	958
588	44
588	526
588	656
588	724
588	793
588	807
588	936
588	990
589	198
589	505
589	577
589	621
589	818
589	859
589	921
589	931
590	153
590	436
590	726
590	879
590	883
590	964
590	979
590	988
591	120
591	482
591	518
591	735
591	765
591	776
591	868
591	982
592	32
592	87
592	351
592	801
592	827
592	928
592	961
592	994
593	23
593	532
593	556
593	684
593	790
593	837
593	864
593	896
594	544
594	660
594	682
594	840
594	912
594	927
594	985
594	1000
595	631
595	794
595	804
595	823
595	833
595	932
595	968
595	976
596	290
596	511
596	700
596	717
596	802
596	930
596	981
596	989
597	81
597	514
597	641
597	833
597	844
597	876
597	961
597	973
598	60
598	251
598	423
598	570
598	699
598	831
598	874
598	974
598	980
599	665
599	688
599	701
599	820
599	852
599	853
599	906
599	949
600	14
600	36
600	211
600	411
600	501
600	774
600	816
600	993
601	216
601	346
601	411
601	482
601	875
601	905
601	941
601	943
602	106
602	275
602	380
602	586
602	852
602	863
602	878
602	963
603	192
603	350
603	514
603	828
603	899
603	929
603	977
603	985
604	58
604	159
604	400
604	721
604	724
604	836
604	844
604	1000
605	403
605	425
605	628
605	940
605	969
605	987
605	992
605	996
606	115
606	130
606	391
606	706
606	811
606	911
606	942
606	950
607	404
607	537
607	695
607	881
607	913
607	935
607	986
607	988
608	143
608	224
608	498
608	698
608	904
608	960
608	976
608	977
609	243
609	516
609	555
609	698
609	823
609	888
609	934
609	942
610	138
610	386
610	537
610	676
610	900
610	907
610	913
610	986
611	368
611	471
611	748
611	785
611	868
611	875
611	937
611	961
611	994
612	874
612	900
612	938
612	940
612	974
612	984
612	988
612	994
613	257
613	262
613	488
613	517
613	538
613	756
613	805
613	885
614	18
614	478
614	635
614	669
614	788
614	862
614	902
614	947
615	21
615	565
615	768
615	845
615	894
615	940
615	974
615	990
616	674
616	688
616	778
616	819
616	820
616	874
616	953
616	982
617	322
617	662
617	871
617	917
617	927
617	963
617	990
617	997
618	347
618	357
618	734
618	739
618	949
618	965
618	980
618	983
619	574
619	712
619	726
619	743
619	797
619	919
619	938
619	989
620	392
620	562
620	565
620	622
620	705
620	712
620	909
620	963
621	190
621	499
621	589
621	846
621	865
621	874
621	956
621	996
622	360
622	535
622	565
622	620
622	702
622	712
622	909
622	924
622	963
623	153
623	175
623	320
623	487
623	635
623	657
623	920
623	922
623	982
624	19
624	347
624	478
624	513
624	807
624	856
624	883
624	954
624	974
625	275
625	558
625	781
625	826
625	886
625	957
625	963
625	974
625	984
626	2
626	11
626	251
626	556
626	748
626	800
626	851
626	872
626	952
627	299
627	556
627	587
627	639
627	646
627	771
627	887
627	922
627	971
628	131
628	527
628	605
628	649
628	713
628	759
628	776
628	852
628	872
629	152
629	301
629	493
629	812
629	816
629	882
629	916
629	957
629	969
630	254
630	456
630	656
630	847
630	875
630	940
630	945
630	957
630	998
631	84
631	384
631	408
631	595
631	693
631	700
631	864
631	931
631	985
632	224
632	583
632	813
632	827
632	901
632	931
632	945
632	978
632	997
633	55
633	220
633	336
633	541
633	569
633	783
633	787
633	887
633	986
634	17
634	716
634	778
634	827
634	835
634	854
634	966
634	980
634	993
635	255
635	577
635	614
635	623
635	788
635	862
635	922
635	982
635	987
636	78
636	461
636	664
636	812
636	838
636	925
636	936
636	965
636	974
637	348
637	453
637	888
637	892
637	912
637	929
637	942
637	978
637	997
638	116
638	171
638	403
638	449
638	524
638	564
638	705
638	806
638	902
639	299
639	385
639	627
639	668
639	797
639	887
639	922
639	932
639	958
640	643
640	671
640	796
640	933
640	937
640	939
640	941
640	987
640	995
641	12
641	489
641	546
641	597
641	880
641	891
641	922
641	924
641	973
642	174
642	738
642	766
642	824
642	888
642	893
642	959
642	978
642	1000
643	46
643	396
643	640
643	812
643	816
643	882
643	916
643	969
643	988
644	320
644	524
644	539
644	858
644	865
644	870
644	916
644	981
644	991
645	370
645	555
645	557
645	712
645	834
645	852
645	924
645	948
645	970
646	34
646	64
646	627
646	797
646	803
646	864
646	897
646	907
646	975
647	678
647	702
647	732
647	830
647	836
647	842
647	871
647	950
647	952
648	77
648	96
648	332
648	439
648	504
648	933
648	959
648	968
648	996
649	307
649	628
649	658
649	727
649	765
649	937
649	952
649	955
649	969
650	20
650	72
650	669
650	789
650	873
650	892
650	919
650	970
650	998
651	385
651	699
651	830
651	934
651	935
651	944
651	954
651	968
651	998
652	719
652	791
652	830
652	838
652	854
652	863
652	898
652	984
652	989
653	6
653	157
653	390
653	430
653	528
653	789
653	824
653	878
653	992
654	49
654	94
654	195
654	376
654	448
654	492
654	502
654	989
654	992
655	371
655	427
655	560
655	704
655	793
655	903
655	921
655	940
655	968
656	97
656	144
656	359
656	588
656	630
656	739
656	803
656	884
656	988
657	237
657	318
657	395
657	475
657	487
657	623
657	980
657	982
657	987
658	359
658	649
658	863
658	907
658	927
658	990
658	992
658	994
658	996
659	24
659	311
659	551
659	710
659	731
659	798
659	802
659	893
659	960
660	594
660	682
660	840
660	908
660	912
660	927
660	936
660	984
660	985
661	9
661	294
661	786
661	879
661	914
661	926
661	934
661	961
661	964
662	22
662	151
662	307
662	322
662	513
662	617
662	727
662	782
662	924
663	276
663	664
663	746
663	825
663	853
663	924
663	928
663	937
663	962
664	396
664	636
664	663
664	792
664	869
664	947
664	956
664	983
664	1000
665	252
665	316
665	323
665	326
665	372
665	500
665	599
665	917
665	988
666	196
666	290
666	497
666	509
666	928
666	929
666	981
666	984
666	995
667	17
667	267
667	356
667	457
667	495
667	799
667	826
667	857
667	978
668	95
668	327
668	639
668	770
668	792
668	854
668	954
668	963
668	968
668	984
669	323
669	396
669	426
669	614
669	650
669	923
669	939
669	940
669	944
669	945
670	278
670	576
670	681
670	697
670	908
670	934
670	955
670	975
670	994
670	996
671	200
671	219
671	453
671	564
671	640
671	674
671	819
671	841
671	865
671	946
672	125
672	325
672	405
672	409
672	866
672	901
672	926
672	951
672	967
672	1000
673	67
673	511
673	747
673	848
673	869
673	896
673	909
673	935
673	954
673	1000
674	165
674	173
674	281
674	616
674	671
674	711
674	789
674	857
674	884
674	995
675	400
675	499
675	501
675	773
675	856
675	896
675	908
675	953
675	960
675	972
675	977
676	164
676	270
676	314
676	490
676	610
676	714
676	770
676	913
676	935
676	986
677	451
677	683
677	732
677	787
677	877
677	939
677	942
677	957
677	994
677	995
678	215
678	376
678	443
678	485
678	577
678	647
678	849
678	905
678	948
678	990
679	268
679	343
679	540
679	584
679	708
679	760
679	846
679	865
679	869
679	943
680	21
680	273
680	378
680	442
680	485
680	573
680	686
680	855
680	947
680	975
681	360
681	471
681	514
681	670
681	714
681	783
681	832
681	936
681	983
681	986
682	277
682	544
682	594
682	660
682	840
682	871
682	912
682	927
682	985
682	1000
683	129
683	148
683	232
683	575
683	677
683	687
683	876
683	917
683	952
683	999
684	23
684	57
684	288
684	532
684	593
684	837
684	876
684	896
684	923
684	976
685	706
685	709
685	743
685	753
685	757
685	856
685	928
685	934
685	989
685	995
686	98
686	260
686	499
686	680
686	760
686	828
686	900
686	940
686	945
686	1000
687	129
687	148
687	205
687	232
687	431
687	470
687	683
687	757
687	952
687	999
688	52
688	62
688	422
688	573
688	599
688	616
688	701
688	706
688	820
688	953
689	41
689	503
689	583
689	752
689	773
689	904
689	907
689	920
689	950
689	991
690	254
690	306
690	479
690	841
690	869
690	910
690	940
690	981
690	987
690	989
691	327
691	543
691	737
691	751
691	920
691	932
691	942
691	945
691	952
691	980
692	107
692	458
692	513
692	554
692	799
692	809
692	831
692	857
692	873
692	978
693	329
693	391
693	631
693	697
693	787
693	813
693	847
693	889
693	914
693	967
694	333
694	358
694	695
694	737
694	842
694	920
694	921
694	923
694	937
694	975
695	607
695	694
695	716
695	769
695	780
695	815
695	857
695	880
695	923
695	949
696	156
696	161
696	195
696	746
696	817
696	836
696	837
696	856
696	956
696	977
697	228
697	256
697	670
697	693
697	787
697	813
697	821
697	847
697	889
697	975
698	608
698	609
698	810
698	895
698	929
698	931
698	967
698	970
698	990
698	996
699	344
699	354
699	489
699	598
699	651
699	936
699	939
699	975
699	977
699	985
700	108
700	213
700	331
700	596
700	631
700	750
700	859
700	930
700	971
700	981
701	384
701	422
701	500
701	569
701	599
701	688
701	898
701	965
701	968
701	971
702	112
702	392
702	506
702	622
702	647
702	712
702	796
702	830
702	850
702	909
703	27
703	64
703	339
703	562
703	743
703	800
703	853
703	947
703	984
703	987
704	59
704	293
704	655
704	718
704	763
704	790
704	869
704	949
704	965
704	988
705	32
705	157
705	620
705	638
705	847
705	934
705	939
705	976
705	994
705	998
706	606
706	685
706	688
706	719
706	749
706	877
706	927
706	942
706	945
706	974
707	136
707	187
707	356
707	434
707	726
707	791
707	795
707	814
707	872
707	947
708	268
708	328
708	452
708	679
708	745
708	846
708	862
708	864
708	890
708	972
709	78
709	559
709	580
709	685
709	725
709	895
709	930
709	931
709	937
709	982
710	5
710	82
710	389
710	659
710	730
710	817
710	925
710	954
710	962
710	984
711	361
711	529
711	674
711	881
711	897
711	907
711	937
711	966
711	969
711	972
711	993
712	392
712	503
712	619
712	620
712	622
712	645
712	702
712	882
712	909
712	910
712	963
713	145
713	275
713	406
713	628
713	792
713	848
713	860
713	930
713	939
713	986
713	994
714	35
714	238
714	300
714	370
714	508
714	569
714	676
714	681
714	849
714	935
714	986
715	29
715	313
715	516
715	843
715	855
715	877
715	899
715	922
715	940
715	944
715	956
716	342
716	634
716	695
716	824
716	827
716	852
716	881
716	932
716	966
716	980
716	993
717	393
717	579
717	596
717	755
717	839
717	904
717	931
717	945
717	974
717	977
717	990
718	53
718	100
718	266
718	417
718	449
718	503
718	704
718	830
718	950
718	965
718	988
719	462
719	652
719	706
719	778
719	814
719	838
719	854
719	870
719	933
719	984
719	989
720	31
720	180
720	215
720	465
720	815
720	916
720	935
720	954
720	974
720	985
720	1000
721	78
721	249
721	269
721	417
721	447
721	604
721	727
721	773
721	870
721	881
721	939
722	108
722	179
722	213
722	313
722	511
722	775
722	900
722	930
722	952
722	956
722	971
723	167
723	526
723	581
723	794
723	803
723	806
723	869
723	934
723	945
723	952
723	957
724	147
724	225
724	412
724	520
724	521
724	588
724	604
724	836
724	874
724	923
724	983
725	43
725	187
725	382
725	709
725	814
725	817
725	902
725	946
725	965
725	987
725	1000
726	94
726	130
726	330
726	356
726	590
726	619
726	707
726	795
726	814
726	837
726	947
727	173
727	375
727	380
727	503
727	649
727	662
727	721
727	759
727	781
727	932
727	952
728	199
728	347
728	762
728	924
728	930
728	964
728	966
728	969
728	991
728	993
728	994
729	72
729	135
729	266
729	381
729	570
729	867
729	872
729	886
729	959
729	998
730	282
730	375
730	710
730	774
730	820
730	891
730	945
730	973
730	979
730	982
730	989
731	7
731	242
731	356
731	659
731	790
731	849
731	872
731	936
731	955
731	969
731	985
732	647
732	677
732	862
732	930
732	937
732	950
732	953
732	960
732	962
732	976
732	996
733	49
733	200
733	308
733	318
733	530
733	799
733	817
733	873
733	912
733	941
733	979
734	92
734	206
734	321
734	618
734	768
734	835
734	856
734	861
734	901
734	983
734	990
735	50
735	498
735	547
735	579
735	591
735	789
735	860
735	872
735	904
735	977
735	999
736	65
736	239
736	450
736	758
736	792
736	876
736	889
736	948
736	960
736	983
736	984
737	390
737	500
737	691
737	694
737	764
737	766
737	820
737	848
737	943
737	955
737	970
737	994
738	220
738	454
738	460
738	642
738	853
738	866
738	890
738	905
738	923
738	975
738	983
739	58
739	211
739	487
739	563
739	618
739	656
739	896
739	932
739	953
739	973
739	985
740	239
740	272
740	459
740	851
740	867
740	903
740	916
740	940
740	954
740	979
740	983
741	195
741	202
741	230
741	293
741	751
741	913
741	931
741	938
741	987
741	990
741	992
742	184
742	267
742	427
742	454
742	560
742	748
742	802
742	867
742	928
742	991
742	993
743	333
743	576
743	619
743	685
743	703
743	829
743	923
743	933
743	963
743	975
743	979
744	353
744	372
744	480
744	495
744	563
744	853
744	882
744	945
744	977
744	990
744	996
745	128
745	181
745	268
745	708
745	756
745	833
745	888
745	895
745	944
745	951
745	989
745	997
746	234
746	292
746	371
746	519
746	663
746	696
746	767
746	783
746	939
746	946
746	966
746	974
747	82
747	301
747	528
747	673
747	752
747	764
747	795
747	849
747	892
747	904
747	939
747	992
748	188
748	273
748	552
748	611
748	626
748	742
748	798
748	886
748	936
748	957
748	979
748	997
749	32
749	230
749	413
749	451
749	550
749	569
749	706
749	948
749	959
749	960
749	963
749	994
750	50
750	416
750	544
750	700
750	769
750	828
750	843
750	909
750	970
750	972
750	991
750	997
751	14
751	572
751	691
751	741
751	881
751	907
751	932
751	942
751	945
751	952
751	958
751	980
752	182
752	231
752	383
752	689
752	747
752	755
752	827
752	856
752	867
752	930
752	939
752	959
753	166
753	240
753	341
753	362
753	398
753	685
753	772
753	941
753	947
753	954
753	972
753	992
754	80
754	311
754	322
754	331
754	488
754	508
754	557
754	581
754	798
754	806
754	893
754	923
755	6
755	235
755	447
755	717
755	752
755	767
755	828
755	887
755	961
755	973
755	977
755	979
756	19
756	310
756	553
756	613
756	745
756	848
756	914
756	915
756	920
756	968
756	991
756	997
757	107
757	122
757	131
757	408
757	475
757	540
757	685
757	687
757	841
757	886
757	924
757	979
758	65
758	239
758	736
758	792
758	797
758	815
758	918
758	921
758	943
758	956
758	967
758	980
759	66
759	170
759	378
759	431
759	628
759	727
759	776
759	782
759	800
759	854
759	947
759	985
760	348
760	679
760	686
760	766
760	773
760	818
760	846
760	854
760	936
760	954
760	983
760	989
761	503
761	822
761	899
761	941
761	979
761	999
762	559
762	728
762	856
762	917
762	919
762	924
762	926
762	937
762	943
762	957
762	967
762	985
763	18
763	56
763	148
763	442
763	704
763	873
763	900
763	902
763	906
763	919
763	929
763	963
764	517
764	737
764	747
764	871
764	879
764	885
764	925
764	932
764	937
764	969
764	991
764	997
765	38
765	274
765	353
765	591
765	649
765	862
765	902
765	932
765	959
765	961
765	968
765	976
766	48
766	133
766	209
766	245
766	286
766	397
766	642
766	737
766	760
766	771
766	793
766	918
767	26
767	201
767	746
767	755
767	788
767	794
767	880
767	908
767	949
767	958
767	975
767	987
768	101
768	229
768	570
768	584
768	615
768	734
768	890
768	945
768	956
768	965
768	976
768	994
769	72
769	249
769	351
769	552
769	567
769	695
769	750
769	789
769	796
769	865
769	951
769	982
770	279
770	389
770	668
770	676
770	827
770	835
770	876
770	945
770	972
770	973
770	982
770	988
771	36
771	144
771	286
771	377
771	627
771	766
771	838
771	884
771	916
771	929
771	945
771	1000
772	166
772	222
772	227
772	240
772	260
772	341
772	362
772	398
772	753
772	838
772	954
772	972
773	41
773	366
773	491
773	543
773	568
773	675
773	689
773	721
773	760
773	814
773	907
773	920
773	950
774	38
774	361
774	578
774	600
774	730
774	826
774	838
774	865
774	876
774	966
774	982
774	989
774	992
775	39
775	376
775	722
775	829
775	854
775	873
775	878
775	921
775	927
775	938
775	955
775	962
775	985
776	145
776	160
776	183
776	206
776	228
776	317
776	361
776	384
776	413
776	591
776	628
776	759
776	815
777	243
777	406
777	452
777	549
777	784
777	808
777	831
777	897
777	922
777	941
777	953
777	992
777	1000
778	230
778	292
778	355
778	385
778	453
778	616
778	634
778	719
778	845
778	903
778	944
778	947
778	966
779	127
779	227
779	438
779	502
779	508
779	519
779	823
779	839
779	849
779	894
779	904
779	941
779	982
780	18
780	134
780	192
780	193
780	394
780	417
780	695
780	796
780	839
780	872
780	878
780	921
780	936
781	100
781	514
781	585
781	625
781	727
781	822
781	833
781	936
781	937
781	950
781	964
781	965
781	977
781	981
782	123
782	124
782	559
782	566
782	662
782	759
782	908
782	911
782	921
782	931
782	942
782	949
782	980
783	112
783	191
783	418
783	522
783	565
783	633
783	681
783	746
783	810
783	829
783	895
783	926
783	974
784	425
784	540
784	777
784	818
784	897
784	907
784	928
784	938
784	939
784	948
784	995
784	996
784	997
785	89
785	248
785	323
785	373
785	518
785	569
785	583
785	611
785	803
785	879
785	883
785	920
785	959
786	124
786	504
786	661
786	870
786	896
786	906
786	909
786	929
786	934
786	948
786	986
786	994
786	995
787	52
787	256
787	429
787	441
787	633
787	677
787	693
787	697
787	813
787	830
787	847
787	866
787	875
788	102
788	139
788	161
788	464
788	466
788	614
788	635
788	767
788	853
788	924
788	925
788	982
788	984
789	137
789	285
789	430
789	454
789	477
789	526
789	650
789	653
789	674
789	735
789	769
789	946
789	977
790	81
790	99
790	116
790	180
790	297
790	352
790	593
790	704
790	731
790	892
790	914
790	919
790	998
791	190
791	457
791	574
791	652
791	707
791	795
791	849
791	900
791	950
791	988
791	991
791	994
791	998
792	210
792	567
792	664
792	668
792	713
792	736
792	758
792	797
792	921
792	950
792	953
792	956
792	1000
793	72
793	134
793	286
793	373
793	397
793	491
793	496
793	506
793	588
793	655
793	766
793	864
793	918
794	119
794	265
794	543
794	595
794	723
794	767
794	834
794	908
794	930
794	931
794	937
794	943
794	990
795	97
795	199
795	356
795	445
795	569
795	707
795	726
795	747
795	791
795	821
795	865
795	924
795	948
796	262
796	378
796	640
796	702
796	769
796	780
796	809
796	854
796	871
796	879
796	936
796	940
796	990
797	62
797	239
797	619
797	639
797	646
797	758
797	792
797	850
797	921
797	943
797	947
797	956
797	967
798	391
798	541
798	659
798	748
798	754
798	826
798	833
798	893
798	911
798	920
798	932
798	943
798	987
799	186
799	354
799	515
799	554
799	667
799	692
799	733
799	876
799	880
799	915
799	940
799	978
799	980
800	157
800	204
800	581
800	626
800	703
800	759
800	835
800	857
800	866
800	871
800	973
800	981
800	993
801	203
801	483
801	592
801	820
801	848
801	850
801	868
801	890
801	939
801	952
801	977
801	987
801	989
802	109
802	217
802	596
802	659
802	742
802	804
802	887
802	905
802	950
802	952
802	953
802	969
802	986
803	141
803	229
803	296
803	436
803	528
803	539
803	571
803	646
803	656
803	723
803	785
803	895
803	988
804	71
804	128
804	243
804	307
804	382
804	595
804	802
804	810
804	843
804	883
804	903
804	912
804	937
804	974
805	194
805	241
805	430
805	432
805	485
805	613
805	823
805	843
805	858
805	945
805	964
805	976
805	982
805	993
806	87
806	249
806	450
806	467
806	638
806	723
806	754
806	831
806	909
806	932
806	940
806	948
806	949
806	989
807	27
807	110
807	150
807	178
807	329
807	406
807	503
807	551
807	588
807	624
807	834
807	843
807	863
807	971
808	1
808	48
808	56
808	93
808	410
808	461
808	777
808	831
808	897
808	942
808	959
808	978
808	981
808	992
809	171
809	281
809	464
809	692
809	796
809	854
809	868
809	936
809	953
809	978
809	988
809	989
809	993
809	994
810	267
810	289
810	296
810	510
810	545
810	558
810	698
810	783
810	804
810	863
810	878
810	915
810	923
810	974
811	83
811	364
811	442
811	606
811	825
811	868
811	875
811	888
811	901
811	929
811	938
811	988
811	990
811	995
812	203
812	486
812	493
812	629
812	636
812	643
812	816
812	864
812	882
812	905
812	916
812	968
812	969
812	1000
813	57
813	256
813	269
813	390
813	568
813	632
813	693
813	697
813	787
813	889
813	910
813	914
813	975
813	997
814	264
814	366
814	517
814	518
814	707
814	719
814	725
814	726
814	773
814	927
814	945
814	946
814	964
814	985
815	9
815	364
815	366
815	525
815	526
815	695
815	720
815	758
815	776
815	851
815	934
815	955
815	962
815	972
816	352
816	512
816	546
816	600
816	629
816	643
816	812
816	882
816	916
816	925
816	955
816	957
816	969
816	1000
817	281
817	337
817	508
817	535
817	696
817	710
817	725
817	733
817	824
817	845
817	863
817	864
817	968
817	991
818	37
818	165
818	250
818	258
818	369
818	483
818	589
818	760
818	784
818	844
818	871
818	915
818	949
818	958
818	980
819	300
819	324
819	375
819	436
819	448
819	616
819	671
819	890
819	916
819	953
819	956
819	973
819	984
819	991
819	997
820	97
820	110
820	169
820	264
820	599
820	616
820	688
820	730
820	737
820	801
820	841
820	915
820	917
820	965
820	988
821	390
821	422
821	520
821	559
821	578
821	697
821	795
821	834
821	877
821	901
821	924
821	947
821	975
821	986
821	991
822	566
822	761
822	781
822	852
822	895
822	899
822	914
822	915
822	923
822	948
822	979
822	999
823	196
823	373
823	458
823	481
823	595
823	609
823	779
823	805
823	825
823	863
823	867
823	930
823	935
823	938
823	986
824	98
824	297
824	642
824	653
824	716
824	817
824	835
824	867
824	913
824	922
824	953
824	962
824	976
824	987
824	1000
825	576
825	663
825	811
825	823
825	832
825	866
825	889
825	906
825	918
825	941
825	943
825	944
825	960
825	967
825	976
826	189
826	463
826	515
826	551
826	625
826	667
826	774
826	798
826	877
826	894
826	930
826	936
826	974
826	978
826	982
827	121
827	160
827	387
827	406
827	432
827	592
827	632
827	634
827	716
827	752
827	770
827	835
827	841
827	966
827	993
828	13
828	197
828	333
828	456
828	525
828	580
828	603
828	686
828	750
828	755
828	869
828	905
828	969
828	982
828	987
829	40
829	57
829	224
829	364
829	485
829	490
829	526
829	565
829	743
829	775
829	783
829	896
829	917
829	946
829	974
830	340
830	433
830	575
830	647
830	651
830	652
830	702
830	718
830	787
830	847
830	883
830	909
830	927
830	961
830	985
831	61
831	154
831	598
831	692
831	777
831	806
831	808
831	871
831	875
831	881
831	928
831	960
831	966
831	993
831	995
832	440
832	485
832	515
832	539
832	571
832	681
832	825
832	839
832	866
832	923
832	942
832	943
832	944
832	960
832	976
833	326
833	595
833	597
833	745
833	781
833	798
833	846
833	862
833	943
833	954
833	967
833	973
833	982
833	991
833	997
834	266
834	428
834	504
834	558
834	565
834	645
834	794
834	807
834	821
834	839
834	843
834	856
834	905
834	980
834	981
834	996
835	146
835	234
835	372
835	387
835	432
835	495
835	634
835	734
835	770
835	800
835	824
835	827
835	839
835	966
835	972
835	993
836	114
836	192
836	377
836	412
836	414
836	434
836	521
836	604
836	647
836	696
836	724
836	860
836	861
836	874
836	963
836	983
837	17
837	23
837	242
837	243
837	288
837	407
837	427
837	532
837	582
837	586
837	593
837	684
837	696
837	726
837	896
837	923
838	103
838	226
838	292
838	319
838	496
838	561
838	636
838	652
838	719
838	771
838	772
838	774
838	850
838	907
838	911
838	954
839	91
839	167
839	191
839	278
839	393
839	577
839	717
839	779
839	780
839	832
839	834
839	835
839	888
839	929
839	944
839	995
840	277
840	544
840	594
840	660
840	682
840	892
840	912
840	924
840	926
840	927
840	970
840	983
840	984
840	985
840	1000
841	155
841	276
841	298
841	435
841	671
841	690
841	757
841	820
841	827
841	924
841	940
841	966
841	968
841	977
841	981
841	998
842	516
842	647
842	694
842	856
842	874
842	890
842	891
842	919
842	928
842	937
842	963
842	967
842	973
842	986
842	994
842	995
843	2
843	184
843	339
843	413
843	466
843	490
843	556
843	576
843	715
843	750
843	804
843	805
843	807
843	834
843	863
843	971
844	76
844	88
844	103
844	412
844	424
844	564
844	597
844	604
844	818
844	871
844	887
844	904
844	912
844	927
844	970
844	990
844	994
845	76
845	161
845	294
845	418
845	478
845	533
845	615
845	778
845	817
845	912
845	919
845	927
845	934
845	966
845	976
845	987
845	999
846	137
846	268
846	274
846	324
846	328
846	343
846	475
846	621
846	679
846	708
846	760
846	833
846	864
846	865
846	869
846	906
846	958
847	1
847	245
847	337
847	380
847	473
847	554
847	630
847	693
847	697
847	705
847	787
847	830
847	850
847	866
847	910
847	914
847	975
848	242
848	260
848	353
848	385
848	490
848	498
848	673
848	713
848	737
848	756
848	801
848	922
848	935
848	955
848	991
848	993
848	998
849	44
849	556
849	678
849	714
849	731
849	747
849	779
849	791
849	877
849	888
849	894
849	919
849	935
849	939
849	969
849	970
849	974
850	444
850	529
850	702
850	797
850	801
850	838
850	847
850	901
850	938
850	951
850	966
850	967
850	970
850	982
850	984
850	993
850	994
851	105
851	122
851	139
851	146
851	189
851	218
851	237
851	247
851	283
851	342
851	376
851	383
851	539
851	626
851	740
851	815
851	965
852	109
852	360
852	388
852	599
852	602
852	628
852	645
852	716
852	822
852	858
852	899
852	900
852	904
852	930
852	968
852	978
852	992
853	33
853	152
853	291
853	304
853	461
853	510
853	559
853	580
853	599
853	663
853	703
853	738
853	744
853	788
853	903
853	946
853	960
854	572
854	578
854	634
854	652
854	668
854	719
854	759
854	760
854	775
854	796
854	809
854	863
854	870
854	933
854	984
854	989
854	996
855	21
855	229
855	309
855	336
855	378
855	442
855	522
855	531
855	548
855	680
855	715
855	890
855	892
855	902
855	942
855	950
855	1000
856	296
856	333
856	339
856	523
856	562
856	624
856	675
856	685
856	696
856	734
856	752
856	762
856	834
856	842
856	905
856	945
856	963
857	3
857	342
857	354
857	531
857	554
857	667
857	674
857	692
857	695
857	800
857	904
857	915
857	957
857	978
857	979
857	980
857	990
858	5
858	119
858	128
858	206
858	308
858	490
858	644
858	805
858	852
858	900
858	901
858	912
858	948
858	951
858	981
858	985
858	999
859	59
859	82
859	107
859	168
859	429
859	472
859	589
859	700
859	879
859	907
859	933
859	938
859	950
859	956
859	957
859	982
859	1000
860	15
860	71
860	140
860	330
860	414
860	519
860	713
860	735
860	836
860	873
860	893
860	894
860	970
860	974
860	980
860	990
860	997
861	179
861	429
861	434
861	480
861	493
861	734
861	836
861	871
861	901
861	930
861	932
861	933
861	938
861	951
861	971
861	980
861	981
861	992
862	140
862	328
862	339
862	405
862	467
862	521
862	533
862	574
862	614
862	635
862	708
862	732
862	765
862	833
862	958
862	980
862	989
862	999
863	104
863	113
863	334
863	399
863	602
863	652
863	658
863	807
863	810
863	817
863	823
863	843
863	854
863	868
863	907
863	949
863	963
863	976
864	43
864	493
864	556
864	558
864	593
864	631
864	646
864	708
864	793
864	812
864	817
864	846
864	896
864	905
864	919
864	964
864	974
864	989
865	221
865	249
865	380
865	546
865	555
865	587
865	621
865	644
865	671
865	679
865	769
865	774
865	795
865	846
865	876
865	969
865	975
865	999
866	21
866	54
866	220
866	241
866	253
866	349
866	672
866	738
866	787
866	800
866	825
866	832
866	847
866	951
866	964
866	987
866	989
866	990
867	4
867	40
867	107
867	151
867	267
867	329
867	399
867	472
867	523
867	729
867	740
867	742
867	752
867	823
867	824
867	872
867	886
867	998
868	146
868	488
868	539
868	543
868	552
868	591
868	611
868	801
868	809
868	811
868	863
868	925
868	950
868	957
868	959
868	963
868	970
868	982
869	100
869	108
869	387
869	569
869	664
869	673
869	679
869	690
869	704
869	723
869	828
869	846
869	952
869	956
869	987
869	988
869	991
869	997
870	43
870	130
870	254
870	302
870	431
870	443
870	452
870	455
870	527
870	563
870	644
870	719
870	721
870	786
870	854
870	876
870	887
870	940
870	984
871	37
871	250
871	369
871	383
871	483
871	617
871	647
871	682
871	764
871	796
871	800
871	818
871	831
871	844
871	861
871	908
871	918
871	963
871	976
872	217
872	313
872	359
872	484
872	527
872	536
872	626
872	628
872	707
872	729
872	731
872	735
872	780
872	867
872	936
872	952
872	970
872	980
872	990
873	45
873	298
873	435
873	440
873	492
873	650
873	692
873	733
873	763
873	775
873	860
873	891
873	930
873	961
873	970
873	978
873	990
873	995
873	1000
874	343
874	422
874	432
874	448
874	492
874	598
874	612
874	616
874	621
874	724
874	836
874	842
874	876
874	893
874	905
874	990
874	991
874	993
874	997
875	27
875	57
875	104
875	216
875	346
875	402
875	415
875	601
875	611
875	630
875	787
875	811
875	831
875	895
875	921
875	922
875	943
875	963
875	968
876	287
876	293
876	415
876	597
876	683
876	684
876	736
876	770
876	774
876	799
876	865
876	870
876	874
876	894
876	896
876	950
876	956
876	963
876	965
877	92
877	258
877	262
877	302
877	304
877	408
877	424
877	433
877	448
877	469
877	570
877	677
877	706
877	715
877	821
877	826
877	849
877	925
877	964
878	112
878	412
878	439
878	520
878	533
878	583
878	602
878	653
878	775
878	780
878	810
878	895
878	898
878	924
878	928
878	958
878	977
878	995
878	996
879	29
879	118
879	260
879	421
879	444
879	486
879	590
879	661
879	764
879	785
879	796
879	859
879	882
879	883
879	885
879	934
879	964
879	983
879	994
880	76
880	189
880	242
880	269
880	270
880	302
880	465
880	499
880	641
880	695
880	767
880	799
880	935
880	955
880	962
880	963
880	973
880	978
880	998
881	30
881	282
881	316
881	324
881	354
881	564
881	607
881	711
881	716
881	721
881	751
881	831
881	945
881	966
881	968
881	970
881	978
881	990
881	998
882	46
882	47
882	203
882	261
882	512
882	546
882	629
882	643
882	712
882	744
882	812
882	816
882	879
882	899
882	916
882	918
882	947
882	969
882	1000
883	89
883	267
883	320
883	379
883	381
883	490
883	528
883	534
883	536
883	590
883	624
883	785
883	804
883	830
883	879
883	906
883	920
883	959
883	983
884	121
884	176
884	215
884	223
884	267
884	363
884	427
884	472
884	481
884	491
884	533
884	560
884	574
884	582
884	656
884	674
884	771
884	889
884	910
885	56
885	150
885	184
885	257
885	270
885	276
885	302
885	403
885	427
885	501
885	513
885	517
885	538
885	548
885	613
885	764
885	879
885	965
885	996
886	211
886	289
886	321
886	353
886	444
886	519
886	625
886	729
886	748
886	757
886	867
886	908
886	911
886	918
886	937
886	955
886	958
886	960
886	962
886	994
887	70
887	120
887	182
887	251
887	299
887	365
887	431
887	484
887	627
887	633
887	639
887	755
887	802
887	844
887	870
887	904
887	906
887	919
887	943
887	953
888	119
888	122
888	131
888	142
888	393
888	469
888	505
888	525
888	579
888	609
888	637
888	642
888	745
888	811
888	839
888	849
888	907
888	917
888	948
888	998
889	5
889	114
889	188
889	348
889	473
889	521
889	552
889	560
889	693
889	697
889	736
889	813
889	825
889	884
889	906
889	919
889	921
889	959
889	978
889	982
890	97
890	202
890	284
890	418
890	454
890	478
890	708
890	738
890	768
890	801
890	819
890	842
890	855
890	893
890	955
890	958
890	962
890	975
890	992
890	993
891	28
891	81
891	287
891	295
891	419
891	429
891	641
891	730
891	842
891	873
891	902
891	908
891	911
891	915
891	920
891	948
891	959
891	961
891	973
891	999
892	37
892	233
892	297
892	309
892	331
892	338
892	424
892	435
892	466
892	511
892	575
892	637
892	650
892	747
892	790
892	840
892	855
892	939
892	960
892	975
893	8
893	183
893	223
893	246
893	291
893	311
893	400
893	461
893	581
893	642
893	659
893	754
893	798
893	860
893	874
893	890
893	960
893	975
893	980
893	987
894	127
894	170
894	295
894	296
894	350
894	438
894	506
894	519
894	568
894	615
894	779
894	826
894	849
894	860
894	876
894	904
894	941
894	957
894	982
894	998
895	204
895	319
895	321
895	482
895	698
895	709
895	745
895	783
895	803
895	822
895	875
895	878
895	899
895	906
895	913
895	929
895	976
895	977
895	992
895	995
896	23
896	183
896	218
896	266
896	272
896	288
896	406
896	532
896	540
896	593
896	673
896	675
896	684
896	739
896	786
896	829
896	837
896	864
896	876
896	923
897	139
897	168
897	410
897	419
897	491
897	494
897	502
897	529
897	646
897	711
897	777
897	784
897	808
897	907
897	942
897	947
897	952
897	953
897	984
897	992
897	1000
898	83
898	99
898	139
898	184
898	307
898	564
898	652
898	701
898	878
898	906
898	925
898	936
898	942
898	944
898	946
898	947
898	970
898	973
898	978
898	981
898	989
899	20
899	101
899	144
899	251
899	274
899	323
899	541
899	549
899	603
899	715
899	761
899	822
899	852
899	882
899	895
899	914
899	915
899	923
899	979
899	997
899	999
900	87
900	177
900	289
900	498
900	610
900	612
900	686
900	722
900	763
900	791
900	852
900	858
900	930
900	960
900	965
900	967
900	977
900	984
900	988
900	992
900	998
901	125
901	150
901	325
901	340
901	405
901	409
901	468
901	632
901	672
901	734
901	811
901	821
901	850
901	858
901	861
901	904
901	951
901	953
901	957
901	967
901	1000
902	86
902	151
902	161
902	404
902	449
902	467
902	614
902	638
902	725
902	763
902	765
902	855
902	891
902	908
902	910
902	927
902	933
902	946
902	971
902	985
902	986
903	2
903	15
903	42
903	194
903	216
903	457
903	535
903	655
903	740
903	778
903	804
903	853
903	952
903	954
903	961
903	972
903	973
903	979
903	981
903	990
903	998
904	41
904	110
904	235
904	350
904	501
904	608
904	689
904	717
904	735
904	747
904	779
904	844
904	852
904	857
904	887
904	894
904	901
904	918
904	938
904	955
904	962
904	980
905	154
905	197
905	220
905	315
905	424
905	455
905	456
905	493
905	601
905	678
905	738
905	802
905	812
905	828
905	834
905	856
905	864
905	874
905	938
905	963
905	974
905	989
906	7
906	175
906	210
906	300
906	321
906	381
906	444
906	528
906	599
906	763
906	786
906	825
906	846
906	883
906	887
906	889
906	895
906	898
906	944
906	965
906	988
906	994
907	59
907	246
907	365
907	484
907	610
907	646
907	658
907	689
907	711
907	751
907	773
907	784
907	838
907	859
907	863
907	888
907	897
907	913
907	930
907	945
907	950
907	986
908	660
908	670
908	675
908	767
908	782
908	794
908	871
908	886
908	891
908	902
908	928
908	929
908	931
908	933
908	935
908	938
908	952
908	958
908	961
908	973
908	986
908	995
909	300
909	360
909	392
909	437
909	487
909	495
909	513
909	541
909	543
909	565
909	620
909	622
909	673
909	702
909	712
909	750
909	786
909	806
909	830
909	910
909	916
909	963
909	970
910	12
910	26
910	178
910	236
910	382
910	477
910	506
910	560
910	690
910	712
910	813
910	847
910	884
910	902
910	909
910	921
910	940
910	943
910	946
910	958
910	967
910	973
910	994
911	36
911	93
911	207
911	387
911	539
911	551
911	606
911	782
911	798
911	838
911	886
911	891
911	931
911	932
911	933
911	942
911	955
911	961
911	962
911	965
911	972
911	980
911	993
912	70
912	80
912	277
912	544
912	583
912	594
912	637
912	660
912	682
912	733
912	804
912	840
912	844
912	845
912	858
912	915
912	926
912	927
912	970
912	983
912	984
912	985
912	1000
913	17
913	124
913	156
913	208
913	238
913	241
913	399
913	418
913	431
913	433
913	446
913	537
913	607
913	610
913	676
913	741
913	824
913	895
913	907
913	935
913	986
913	987
913	999
914	455
914	523
914	661
914	693
914	756
914	790
914	813
914	822
914	847
914	899
914	919
914	928
914	929
914	932
914	934
914	953
914	964
914	970
914	973
914	991
914	995
914	997
915	383
915	389
915	417
915	553
915	756
915	799
915	810
915	818
915	820
915	822
915	857
915	891
915	899
915	912
915	918
915	919
915	926
915	961
915	973
915	978
915	985
915	989
915	997
916	34
916	47
916	203
916	261
916	486
916	493
916	512
916	546
916	561
916	629
916	643
916	644
916	720
916	740
916	771
916	812
916	816
916	819
916	882
916	909
916	959
916	969
916	1000
917	29
917	270
917	351
917	379
917	404
917	428
917	474
917	566
917	617
917	665
917	683
917	762
917	820
917	829
917	888
917	928
917	931
917	935
917	965
917	977
917	981
917	986
917	998
918	15
918	397
918	421
918	458
918	758
918	766
918	793
918	825
918	871
918	882
918	886
918	904
918	915
918	919
918	938
918	944
918	951
918	956
918	959
918	960
918	964
918	967
918	971
919	182
919	384
919	403
919	504
919	619
919	650
919	762
919	763
919	790
919	842
919	845
919	849
919	864
919	887
919	889
919	914
919	915
919	918
919	954
919	957
919	972
919	996
919	999
920	308
920	311
920	349
920	358
920	552
920	573
920	623
920	689
920	691
920	694
920	756
920	773
920	785
920	798
920	883
920	891
920	937
920	941
920	945
920	961
920	982
920	987
920	991
920	997
921	66
921	358
921	411
921	429
921	507
921	589
921	655
921	694
921	758
921	775
921	780
921	782
921	792
921	797
921	875
921	889
921	910
921	922
921	931
921	936
921	937
921	959
921	978
921	979
922	110
922	259
922	398
922	419
922	547
922	623
922	627
922	635
922	639
922	641
922	715
922	777
922	824
922	848
922	875
922	921
922	956
922	961
922	968
922	971
922	982
922	987
922	989
922	993
923	136
923	348
923	368
923	460
923	488
923	585
923	669
923	684
923	694
923	695
923	724
923	738
923	743
923	754
923	810
923	822
923	832
923	837
923	896
923	899
923	937
923	944
923	963
923	975
924	63
924	245
924	622
924	641
924	645
924	662
924	663
924	728
924	757
924	762
924	788
924	795
924	821
924	840
924	841
924	878
924	925
924	933
924	961
924	970
924	977
924	979
924	982
924	984
924	994
925	93
925	126
925	169
925	244
925	306
925	315
925	461
925	463
925	636
925	710
925	764
925	788
925	816
925	868
925	877
925	898
925	924
925	938
925	946
925	967
925	969
925	977
925	982
925	984
925	990
926	25
926	224
926	232
926	294
926	400
926	452
926	465
926	470
926	473
926	523
926	561
926	571
926	661
926	672
926	762
926	783
926	840
926	912
926	915
926	934
926	940
926	949
926	951
926	985
926	991
926	997
927	246
927	277
927	433
927	489
927	544
927	594
927	617
927	658
927	660
927	682
927	706
927	775
927	814
927	830
927	840
927	844
927	845
927	902
927	912
927	943
927	970
927	981
927	983
927	984
927	985
927	1000
928	4
928	172
928	245
928	290
928	312
928	380
928	452
928	497
928	509
928	592
928	663
928	666
928	685
928	742
928	784
928	831
928	842
928	878
928	908
928	914
928	917
928	929
928	964
928	981
928	984
928	995
929	69
929	135
929	267
929	290
929	312
929	386
929	458
929	497
929	509
929	543
929	551
929	603
929	637
929	666
929	698
929	763
929	771
929	786
929	811
929	839
929	895
929	908
929	914
929	928
929	957
929	984
929	995
930	30
930	179
930	213
930	313
930	435
930	511
930	596
930	700
930	709
930	713
930	722
930	728
930	732
930	752
930	794
930	823
930	826
930	852
930	861
930	873
930	900
930	907
930	952
930	971
930	981
930	984
930	989
931	123
931	323
931	385
931	459
931	481
931	510
931	536
931	548
931	549
931	566
931	584
931	589
931	631
931	632
931	698
931	709
931	717
931	741
931	782
931	794
931	908
931	911
931	917
931	921
931	942
931	949
931	980
932	123
932	305
932	416
932	457
932	587
932	595
932	639
932	691
932	716
932	727
932	739
932	751
932	764
932	765
932	798
932	806
932	861
932	911
932	914
932	945
932	946
932	950
932	966
932	970
932	988
932	993
933	3
933	94
933	162
933	315
933	332
933	391
933	640
933	648
933	719
933	743
933	854
933	859
933	861
933	902
933	908
933	911
933	924
933	938
933	949
933	962
933	975
933	979
933	986
933	987
933	989
933	994
933	996
934	9
934	83
934	130
934	174
934	191
934	212
934	283
934	294
934	413
934	543
934	548
934	579
934	609
934	651
934	661
934	670
934	685
934	705
934	723
934	786
934	815
934	845
934	879
934	914
934	926
934	942
934	947
934	964
935	35
935	79
935	115
935	151
935	218
935	238
935	265
935	404
935	465
935	507
935	537
935	579
935	607
935	651
935	673
935	676
935	714
935	720
935	823
935	848
935	849
935	880
935	908
935	913
935	917
935	958
935	986
935	998
936	107
936	131
936	142
936	193
936	240
936	260
936	266
936	324
936	394
936	418
936	458
936	516
936	588
936	636
936	660
936	681
936	699
936	731
936	748
936	760
936	780
936	781
936	796
936	809
936	826
936	872
936	898
936	921
937	91
937	296
937	358
937	381
937	390
937	402
937	436
937	555
937	577
937	611
937	640
937	649
937	663
937	694
937	709
937	711
937	732
937	762
937	764
937	781
937	794
937	804
937	842
937	886
937	920
937	921
937	923
937	975
938	154
938	212
938	315
938	345
938	476
938	507
938	534
938	535
938	567
938	612
938	619
938	741
938	775
938	784
938	811
938	823
938	850
938	859
938	861
938	904
938	905
938	908
938	918
938	925
938	933
938	945
938	950
938	967
939	5
939	97
939	112
939	270
939	301
939	357
939	436
939	437
939	472
939	496
939	534
939	572
939	640
939	669
939	677
939	699
939	705
939	713
939	721
939	746
939	747
939	752
939	784
939	801
939	849
939	892
939	970
939	992
940	73
940	254
940	306
940	396
940	479
940	516
940	541
940	605
940	612
940	615
940	630
940	655
940	669
940	686
940	690
940	715
940	740
940	796
940	799
940	806
940	841
940	870
940	910
940	926
940	968
940	981
940	987
940	989
941	98
941	163
941	188
941	221
941	283
941	295
941	419
941	449
941	482
941	529
941	601
941	640
941	733
941	753
941	761
941	777
941	779
941	825
941	894
941	920
941	944
941	954
941	959
941	963
941	965
941	967
941	972
941	1000
942	16
942	169
942	258
942	281
942	296
942	393
942	505
942	522
942	566
942	606
942	609
942	637
942	677
942	691
942	706
942	751
942	782
942	808
942	832
942	855
942	897
942	898
942	911
942	931
942	934
942	944
942	945
942	947
942	949
943	55
943	104
943	268
943	284
943	346
943	362
943	365
943	476
943	490
943	500
943	601
943	679
943	737
943	758
943	762
943	794
943	797
943	798
943	825
943	832
943	833
943	875
943	887
943	910
943	927
943	944
943	946
943	956
943	971
944	48
944	302
944	348
944	445
944	450
944	469
944	557
944	567
944	573
944	577
944	651
944	669
944	715
944	745
944	778
944	825
944	832
944	839
944	898
944	906
944	918
944	923
944	941
944	942
944	943
944	958
944	960
944	967
944	976
945	510
945	534
945	630
945	632
945	669
945	686
945	691
945	706
945	717
945	723
945	730
945	744
945	751
945	768
945	770
945	771
945	805
945	814
945	856
945	881
945	907
945	920
945	932
945	938
945	942
945	952
945	958
945	980
945	986
946	43
946	207
946	270
946	271
946	284
946	305
946	322
946	327
946	382
946	388
946	416
946	491
946	671
946	725
946	746
946	789
946	814
946	829
946	853
946	898
946	902
946	910
946	925
946	932
946	943
946	964
946	965
946	976
946	987
946	1000
947	152
947	241
947	370
947	429
947	527
947	614
947	664
947	680
947	703
947	707
947	726
947	753
947	759
947	778
947	797
947	821
947	882
947	897
947	898
947	934
947	942
947	948
947	954
947	966
947	969
947	971
947	972
947	993
947	994
947	1000
948	38
948	119
948	134
948	199
948	372
948	374
948	431
948	476
948	505
948	568
948	645
948	678
948	736
948	749
948	784
948	786
948	795
948	806
948	822
948	858
948	888
948	891
948	947
948	955
948	956
948	957
948	958
948	962
948	965
948	973
948	998
949	42
949	189
949	258
949	279
949	345
949	355
949	369
949	420
949	459
949	566
949	599
949	618
949	695
949	704
949	767
949	782
949	806
949	818
949	863
949	926
949	931
949	933
949	942
949	961
949	965
949	968
949	973
949	974
949	975
949	983
949	987
950	92
950	218
950	272
950	281
950	309
950	366
950	374
950	407
950	552
950	587
950	606
950	647
950	689
950	718
950	732
950	773
950	781
950	791
950	792
950	802
950	855
950	859
950	868
950	876
950	907
950	932
950	938
950	967
950	988
950	998
950	999
951	125
951	325
951	340
951	379
951	380
951	405
951	409
951	446
951	459
951	464
951	468
951	481
951	488
951	508
951	535
951	548
951	561
951	562
951	672
951	745
951	769
951	850
951	858
951	861
951	866
951	901
951	918
951	926
951	953
951	967
951	1000
952	168
952	174
952	298
952	375
952	381
952	437
952	470
952	473
952	568
952	626
952	647
952	649
952	683
952	687
952	691
952	722
952	723
952	727
952	751
952	801
952	802
952	869
952	872
952	897
952	903
952	908
952	930
952	945
952	965
952	968
952	989
953	10
953	60
953	210
953	355
953	363
953	468
953	491
953	530
953	531
953	556
953	616
953	675
953	688
953	732
953	739
953	777
953	792
953	802
953	809
953	819
953	824
953	887
953	897
953	901
953	914
953	951
953	955
953	958
953	959
953	966
953	986
953	993
954	141
954	166
954	190
954	227
954	240
954	339
954	341
954	362
954	397
954	398
954	457
954	485
954	577
954	624
954	651
954	668
954	673
954	710
954	720
954	740
954	753
954	760
954	772
954	833
954	838
954	903
954	919
954	941
954	947
954	967
954	972
954	992
955	68
955	141
955	212
955	214
955	274
955	367
955	401
955	418
955	518
955	542
955	549
955	582
955	649
955	670
955	731
955	737
955	775
955	815
955	816
955	848
955	880
955	886
955	890
955	904
955	911
955	948
955	953
955	962
955	971
955	978
955	998
955	999
956	20
956	65
956	210
956	233
956	239
956	244
956	502
956	525
956	576
956	585
956	621
956	664
956	696
956	715
956	722
956	758
956	768
956	792
956	797
956	819
956	859
956	869
956	876
956	918
956	922
956	943
956	948
956	960
956	967
956	975
956	983
956	984
957	51
957	71
957	86
957	150
957	158
957	242
957	388
957	419
957	455
957	530
957	573
957	585
957	625
957	629
957	630
957	677
957	723
957	748
957	762
957	816
957	857
957	859
957	868
957	894
957	901
957	919
957	929
957	948
957	961
957	969
957	974
957	978
958	37
958	64
958	144
958	162
958	330
958	457
958	462
958	481
958	563
958	564
958	587
958	639
958	751
958	767
958	818
958	846
958	862
958	878
958	886
958	890
958	908
958	910
958	935
958	944
958	945
958	948
958	953
958	964
958	968
958	973
958	980
958	989
959	89
959	332
959	395
959	426
959	439
959	474
959	512
959	546
959	550
959	642
959	648
959	729
959	749
959	752
959	765
959	785
959	808
959	868
959	883
959	889
959	891
959	916
959	918
959	921
959	941
959	953
959	960
959	964
959	968
959	970
959	975
959	983
959	996
960	8
960	29
960	39
960	42
960	149
960	160
960	219
960	271
960	305
960	344
960	409
960	560
960	608
960	659
960	675
960	732
960	736
960	749
960	825
960	831
960	832
960	853
960	886
960	892
960	893
960	900
960	918
960	944
960	956
960	959
960	979
960	987
960	988
961	12
961	14
961	22
961	40
961	114
961	233
961	323
961	402
961	450
961	488
961	514
961	572
961	592
961	597
961	611
961	661
961	755
961	765
961	830
961	873
961	891
961	903
961	908
961	911
961	915
961	920
961	922
961	924
961	949
961	957
961	973
961	998
961	999
962	68
962	214
962	271
962	333
962	346
962	367
962	401
962	457
962	489
962	510
962	539
962	542
962	551
962	555
962	575
962	663
962	710
962	732
962	775
962	815
962	824
962	880
962	886
962	890
962	904
962	911
962	933
962	948
962	955
962	971
962	993
962	998
962	999
963	245
963	379
963	451
963	483
963	490
963	602
963	617
963	620
963	622
963	625
963	668
963	712
963	743
963	749
963	763
963	836
963	842
963	856
963	863
963	868
963	871
963	875
963	876
963	880
963	905
963	909
963	923
963	941
963	968
963	974
963	979
963	988
963	994
964	9
964	49
964	98
964	171
964	285
964	315
964	369
964	416
964	441
964	444
964	572
964	590
964	661
964	728
964	781
964	805
964	814
964	864
964	866
964	877
964	879
964	914
964	918
964	928
964	934
964	946
964	958
964	959
964	982
964	983
964	987
964	991
964	997
964	1000
965	175
965	284
965	349
965	402
965	460
965	538
965	554
965	582
965	618
965	636
965	701
965	704
965	718
965	725
965	768
965	781
965	820
965	851
965	876
965	885
965	900
965	906
965	911
965	917
965	941
965	946
965	948
965	949
965	952
965	970
965	978
965	979
965	983
965	988
966	4
966	74
966	106
966	131
966	143
966	151
966	185
966	234
966	259
966	417
966	432
966	433
966	488
966	555
966	634
966	711
966	716
966	728
966	746
966	774
966	778
966	827
966	831
966	835
966	841
966	845
966	850
966	881
966	932
966	947
966	953
966	978
966	980
966	993
967	88
967	154
967	183
967	244
967	256
967	325
967	545
967	672
967	693
967	698
967	758
967	762
967	797
967	825
967	833
967	842
967	850
967	900
967	901
967	910
967	918
967	925
967	938
967	941
967	944
967	950
967	951
967	954
967	956
967	976
967	980
967	983
967	991
967	994
968	216
968	222
968	334
968	395
968	451
968	474
968	477
968	527
968	595
968	648
968	651
968	655
968	668
968	701
968	756
968	765
968	812
968	817
968	841
968	852
968	875
968	881
968	922
968	940
968	949
968	952
968	958
968	959
968	963
968	971
968	982
968	991
968	992
968	997
969	46
969	47
969	152
969	233
969	261
969	352
969	486
969	492
969	495
969	512
969	516
969	541
969	546
969	578
969	605
969	629
969	643
969	649
969	711
969	728
969	731
969	764
969	802
969	812
969	816
969	828
969	849
969	865
969	882
969	916
969	925
969	947
969	957
969	992
969	1000
970	54
970	63
970	102
970	121
970	209
970	389
970	579
970	645
970	650
970	698
970	737
970	750
970	840
970	844
970	849
970	850
970	860
970	868
970	872
970	873
970	881
970	898
970	909
970	912
970	914
970	924
970	927
970	932
970	939
970	959
970	965
970	979
970	985
970	990
970	998
971	50
971	134
971	202
971	214
971	252
971	259
971	286
971	319
971	410
971	449
971	494
971	524
971	563
971	627
971	700
971	701
971	722
971	807
971	843
971	861
971	902
971	918
971	922
971	930
971	943
971	947
971	955
971	962
971	968
971	976
971	984
971	989
971	998
972	160
972	166
972	215
972	227
972	228
972	240
972	247
972	336
972	341
972	362
972	398
972	452
972	475
972	491
972	503
972	508
972	510
972	515
972	557
972	575
972	675
972	708
972	711
972	750
972	753
972	770
972	772
972	815
972	835
972	903
972	911
972	919
972	941
972	947
972	954
972	992
973	22
973	65
973	81
973	194
973	359
973	472
973	507
973	514
973	536
973	545
973	579
973	582
973	597
973	641
973	730
973	739
973	755
973	770
973	800
973	819
973	833
973	842
973	880
973	891
973	898
973	903
973	908
973	910
973	914
973	915
973	948
973	949
973	958
973	961
973	998
973	999
974	33
974	160
974	237
974	247
974	264
974	336
974	388
974	423
974	455
974	506
974	558
974	567
974	577
974	578
974	598
974	612
974	615
974	624
974	625
974	636
974	706
974	717
974	720
974	746
974	783
974	804
974	810
974	826
974	829
974	849
974	860
974	864
974	905
974	949
974	957
974	963
974	980
975	84
975	111
975	155
975	201
975	208
975	219
975	256
975	298
975	358
975	437
975	454
975	460
975	562
975	646
975	670
975	680
975	694
975	697
975	699
975	738
975	743
975	767
975	813
975	821
975	847
975	865
975	890
975	892
975	893
975	923
975	933
975	937
975	949
975	956
975	959
975	979
975	983
975	989
976	6
976	34
976	66
976	120
976	198
976	300
976	383
976	413
976	420
976	462
976	507
976	559
976	563
976	595
976	608
976	684
976	705
976	732
976	765
976	768
976	805
976	824
976	825
976	832
976	845
976	863
976	871
976	895
976	944
976	946
976	967
976	971
976	977
976	979
976	983
976	991
976	992
976	997
976	1000
977	85
977	97
977	132
977	149
977	174
977	178
977	231
977	237
977	292
977	327
977	338
977	420
977	441
977	480
977	498
977	502
977	506
977	510
977	603
977	608
977	675
977	696
977	699
977	717
977	735
977	744
977	755
977	781
977	789
977	801
977	841
977	878
977	895
977	900
977	917
977	924
977	925
977	976
977	979
978	25
978	51
978	133
978	147
978	158
978	198
978	323
978	391
978	458
978	492
978	523
978	545
978	554
978	561
978	583
978	632
978	637
978	642
978	667
978	692
978	799
978	808
978	809
978	826
978	852
978	857
978	873
978	880
978	881
978	889
978	898
978	915
978	921
978	955
978	957
978	965
978	966
978	979
978	980
979	105
979	120
979	140
979	171
979	236
979	247
979	298
979	474
979	475
979	537
979	549
979	590
979	730
979	733
979	740
979	743
979	748
979	755
979	757
979	761
979	822
979	857
979	899
979	903
979	921
979	924
979	933
979	960
979	963
979	965
979	970
979	975
979	976
979	977
979	978
979	983
979	994
979	999
979	1000
980	74
980	153
980	217
980	283
980	345
980	349
980	449
980	483
980	524
980	548
980	566
980	598
980	618
980	634
980	657
980	691
980	716
980	751
980	758
980	782
980	799
980	818
980	834
980	857
980	860
980	861
980	862
980	872
980	893
980	904
980	911
980	931
980	945
980	958
980	966
980	967
980	974
980	978
980	993
980	999
981	27
981	69
981	90
981	95
981	159
981	163
981	181
981	243
981	278
981	361
981	407
981	415
981	424
981	476
981	483
981	511
981	535
981	540
981	570
981	596
981	644
981	666
981	690
981	700
981	781
981	800
981	808
981	834
981	841
981	858
981	861
981	898
981	903
981	917
981	927
981	928
981	930
981	940
981	987
981	989
981	995
982	27
982	70
982	127
982	209
982	226
982	282
982	438
982	456
982	487
982	499
982	562
982	571
982	580
982	591
982	616
982	623
982	635
982	657
982	709
982	730
982	769
982	770
982	774
982	779
982	788
982	805
982	826
982	828
982	833
982	850
982	859
982	868
982	889
982	894
982	920
982	922
982	924
982	925
982	964
982	968
982	994
983	225
983	236
983	244
983	273
983	310
983	421
983	434
983	447
983	460
983	479
983	494
983	529
983	564
983	618
983	664
983	681
983	724
983	734
983	736
983	738
983	740
983	760
983	836
983	840
983	879
983	883
983	912
983	927
983	949
983	956
983	959
983	964
983	965
983	967
983	975
983	976
983	979
983	985
983	991
983	994
983	997
984	107
984	263
984	427
984	440
984	445
984	462
984	494
984	497
984	508
984	582
984	612
984	625
984	652
984	660
984	666
984	668
984	703
984	710
984	719
984	736
984	788
984	819
984	840
984	850
984	854
984	870
984	897
984	900
984	912
984	924
984	925
984	927
984	928
984	929
984	930
984	956
984	971
984	985
984	989
984	990
984	995
984	1000
985	40
985	103
985	141
985	271
985	277
985	323
985	330
985	413
985	447
985	459
985	496
985	528
985	535
985	544
985	571
985	578
985	584
985	594
985	603
985	631
985	660
985	682
985	699
985	720
985	731
985	739
985	759
985	762
985	775
985	814
985	830
985	840
985	858
985	902
985	912
985	915
985	926
985	927
985	970
985	983
985	984
985	1000
986	28
986	35
986	79
986	83
986	90
986	124
986	238
986	279
986	303
986	359
986	404
986	515
986	525
986	531
986	537
986	547
986	564
986	577
986	582
986	607
986	610
986	633
986	676
986	681
986	713
986	714
986	786
986	802
986	821
986	823
986	842
986	902
986	907
986	908
986	913
986	917
986	933
986	935
986	945
986	953
986	988
986	999
987	13
987	26
987	76
987	121
987	145
987	175
987	197
987	253
987	279
987	307
987	318
987	437
987	536
987	580
987	605
987	635
987	640
987	657
987	690
987	703
987	725
987	741
987	767
987	798
987	801
987	824
987	828
987	845
987	866
987	869
987	893
987	913
987	920
987	922
987	933
987	940
987	946
987	949
987	960
987	964
987	981
987	989
987	1000
988	53
988	130
988	132
988	164
988	183
988	283
988	316
988	327
988	339
988	344
988	370
988	389
988	425
988	467
988	474
988	489
988	500
988	502
988	557
988	568
988	590
988	607
988	612
988	643
988	656
988	665
988	704
988	718
988	770
988	791
988	803
988	809
988	811
988	820
988	869
988	900
988	906
988	932
988	950
988	960
988	963
988	965
988	986
989	75
989	87
989	179
989	252
989	295
989	313
989	321
989	445
989	471
989	479
989	533
989	583
989	596
989	619
989	652
989	654
989	685
989	690
989	719
989	730
989	745
989	760
989	774
989	801
989	806
989	809
989	854
989	862
989	864
989	866
989	898
989	905
989	915
989	922
989	930
989	933
989	940
989	952
989	958
989	971
989	975
989	981
989	984
989	987
990	15
990	20
990	54
990	158
990	263
990	336
990	337
990	355
990	373
990	440
990	445
990	459
990	489
990	513
990	515
990	545
990	549
990	575
990	576
990	588
990	615
990	617
990	658
990	678
990	698
990	717
990	734
990	741
990	744
990	794
990	796
990	811
990	844
990	857
990	860
990	866
990	872
990	873
990	874
990	881
990	903
990	925
990	970
990	984
990	998
991	10
991	16
991	19
991	61
991	111
991	117
991	280
991	285
991	287
991	310
991	326
991	331
991	406
991	407
991	443
991	459
991	466
991	489
991	527
991	553
991	575
991	644
991	689
991	728
991	742
991	750
991	756
991	764
991	791
991	817
991	819
991	821
991	833
991	848
991	869
991	874
991	914
991	920
991	926
991	964
991	967
991	968
991	976
991	983
991	997
992	6
992	34
992	39
992	58
992	80
992	157
992	186
992	228
992	246
992	301
992	308
992	334
992	341
992	398
992	399
992	423
992	464
992	517
992	562
992	605
992	653
992	654
992	658
992	741
992	747
992	753
992	774
992	777
992	808
992	852
992	861
992	890
992	895
992	897
992	900
992	939
992	954
992	968
992	969
992	972
992	976
992	996
992	1000
993	20
993	42
993	71
993	84
993	88
993	134
993	208
993	248
993	251
993	259
993	314
993	367
993	386
993	387
993	461
993	524
993	545
993	547
993	556
993	570
993	573
993	600
993	634
993	711
993	716
993	728
993	742
993	800
993	805
993	809
993	827
993	831
993	835
993	848
993	850
993	874
993	890
993	911
993	922
993	932
993	947
993	953
993	962
993	966
993	980
994	88
994	134
994	141
994	186
994	230
994	236
994	243
994	295
994	304
994	436
994	444
994	476
994	488
994	489
994	503
994	578
994	592
994	611
994	612
994	658
994	670
994	677
994	705
994	713
994	728
994	737
994	749
994	768
994	786
994	791
994	809
994	842
994	844
994	850
994	879
994	886
994	906
994	910
994	924
994	933
994	947
994	963
994	967
994	979
994	982
994	983
995	55
995	69
995	111
995	138
995	144
995	167
995	176
995	190
995	191
995	274
995	279
995	290
995	293
995	312
995	335
995	353
995	376
995	396
995	481
995	497
995	509
995	527
995	547
995	561
995	574
995	575
995	578
995	640
995	666
995	674
995	677
995	685
995	784
995	786
995	811
995	831
995	839
995	842
995	873
995	878
995	895
995	908
995	914
995	928
995	929
995	981
995	984
996	34
996	42
996	77
996	90
996	96
996	130
996	139
996	151
996	169
996	185
996	209
996	215
996	229
996	320
996	331
996	332
996	376
996	385
996	415
996	417
996	423
996	439
996	473
996	495
996	504
996	518
996	523
996	545
996	572
996	573
996	575
996	605
996	621
996	648
996	658
996	670
996	698
996	732
996	744
996	784
996	834
996	854
996	878
996	885
996	919
996	933
996	959
996	992
997	16
997	83
997	117
997	135
997	159
997	178
997	195
997	248
997	278
997	280
997	285
997	310
997	339
997	390
997	399
997	400
997	472
997	475
997	507
997	513
997	518
997	535
997	553
997	569
997	617
997	632
997	637
997	745
997	748
997	750
997	756
997	764
997	784
997	813
997	819
997	833
997	860
997	869
997	874
997	899
997	914
997	915
997	920
997	926
997	964
997	968
997	976
997	983
997	991
998	24
998	44
998	54
998	100
998	218
998	223
998	263
998	297
998	371
998	393
998	403
998	419
998	423
998	440
998	514
998	515
998	542
998	630
998	650
998	651
998	705
998	729
998	790
998	791
998	841
998	848
998	867
998	880
998	881
998	888
998	894
998	900
998	903
998	917
998	935
998	948
998	950
998	955
998	961
998	962
998	970
998	971
998	973
998	990
998	999
999	14
999	22
999	25
999	35
999	62
999	111
999	113
999	115
999	142
999	165
999	250
999	253
999	308
999	309
999	328
999	338
999	367
999	369
999	401
999	407
999	411
999	426
999	465
999	469
999	470
999	542
999	683
999	687
999	735
999	761
999	822
999	845
999	858
999	862
999	865
999	891
999	899
999	913
999	919
999	950
999	955
999	961
999	962
999	973
999	979
999	980
999	986
999	998
1000	24
1000	116
1000	156
1000	213
1000	244
1000	253
1000	310
1000	325
1000	416
1000	442
1000	468
1000	524
1000	594
1000	604
1000	642
1000	664
1000	672
1000	673
1000	682
1000	686
1000	720
1000	725
1000	771
1000	777
1000	792
1000	812
1000	816
1000	824
1000	840
1000	855
1000	859
1000	873
1000	882
1000	897
1000	901
1000	912
1000	916
1000	927
1000	941
1000	946
1000	947
1000	951
1000	964
1000	969
1000	976
1000	979
1000	984
1000	985
1000	987
1000	992
