1	406
1	428
1	934
1	981
2	226
2	768
2	773
2	948
3	700
3	839
3	993
3	997
4	886
4	922
4	960
4	972
5	157
5	798
5	896
5	967
6	793
6	882
6	981
6	984
7	556
7	588
7	825
7	882
8	702
8	813
8	926
8	999
9	696
9	920
9	976
9	986
10	503
10	678
10	877
10	953
11	132
11	672
11	726
11	977
12	31
12	931
12	976
12	982
13	757
13	832
13	863
13	885
14	17
14	563
14	632
14	981
15	340
15	903
15	940
15	995
16	503
16	647
16	917
16	955
17	14
17	567
17	965
17	1000
18	529
18	960
18	974
18	982
19	40
19	176
19	889
19	914
20	842
20	854
20	920
20	969
21	116
21	521
21	530
21	988
22	713
22	931
22	982
22	996
23	930
23	960
23	968
23	1000
24	726
24	826
24	876
24	940
25	298
25	679
25	769
25	856
26	255
26	693
26	907
26	982
27	681
27	682
27	778
27	954
28	316
28	885
28	948
28	999
29	857
29	923
29	978
29	989
30	364
30	969
30	992
30	993
31	12
31	289
31	696
31	979
32	409
32	703
32	866
32	947
33	552
33	664
33	875
33	969
34	776
34	882
34	940
34	979
35	493
35	754
35	986
35	988
36	543
36	666
36	908
36	987
37	233
37	917
37	978
37	979
38	811
38	908
38	956
38	976
39	112
39	254
39	343
39	994
40	19
40	715
40	779
40	796
41	216
41	547
41	610
41	889
42	695
42	757
42	934
42	954
43	447
43	558
43	856
43	924
44	615
44	743
44	943
44	980
45	329
45	721
45	854
45	995
46	178
46	715
46	769
46	806
47	306
47	628
47	985
47	998
48	588
48	610
48	863
48	886
49	874
49	895
49	996
49	1000
50	65
50	852
50	942
50	958
51	438
51	512
51	946
51	964
52	349
52	872
52	909
52	976
53	261
53	645
53	952
53	995
54	601
54	897
54	928
54	944
55	62
55	840
55	877
55	997
56	231
56	504
56	867
56	885
57	311
57	389
57	803
57	912
58	198
58	660
58	784
58	928
59	429
59	868
59	886
59	944
60	443
60	979
60	981
60	992
61	368
61	507
61	797
61	843
62	55
62	547
62	961
62	996
63	739
63	858
63	897
63	913
64	204
64	975
64	985
64	997
65	50
65	838
65	860
65	978
66	415
66	474
66	576
66	685
67	826
67	935
67	963
67	977
68	478
68	700
68	713
68	1000
69	547
69	730
69	895
69	1000
70	180
70	656
70	689
70	996
71	948
71	983
71	996
71	1000
72	345
72	602
72	738
72	762
73	662
73	882
73	939
73	979
74	678
74	927
74	929
74	941
75	267
75	481
75	795
75	998
76	586
76	910
76	963
76	988
77	691
77	915
77	933
77	994
78	764
78	774
78	813
78	842
79	378
79	385
79	707
79	943
80	87
80	919
80	978
80	989
81	135
81	314
81	709
81	971
82	481
82	725
82	737
82	985
83	235
83	393
83	865
83	876
84	541
84	710
84	853
84	953
85	480
85	505
85	575
85	867
86	530
86	594
86	798
86	994
87	80
87	601
87	836
87	944
88	483
88	727
88	738
88	926
89	273
89	761
89	982
89	987
90	497
90	708
90	964
90	967
91	234
91	405
91	772
91	983
92	835
92	874
92	895
92	996
93	450
93	686
93	761
93	806
94	793
94	945
94	978
94	984
95	552
95	650
95	885
95	901
96	100
96	845
96	936
96	949
97	411
97	898
97	933
97	961
98	151
98	292
98	766
98	848
99	216
99	645
99	837
99	930
100	96
100	545
100	921
100	937
101	539
101	858
101	919
101	944
102	710
102	810
102	835
102	977
103	154
103	727
103	792
103	990
104	598
104	756
104	792
104	968
105	584
105	632
105	870
105	986
106	511
106	533
106	689
106	881
107	425
107	602
107	668
107	944
108	196
108	815
108	906
108	997
109	220
109	868
109	872
109	925
110	672
110	805
110	885
110	976
111	608
111	692
111	874
111	1000
112	39
112	185
112	369
112	974
113	128
113	421
113	834
113	835
114	403
114	557
114	785
114	993
115	404
115	913
115	934
115	967
116	21
116	244
116	586
116	995
117	288
117	292
117	562
117	912
118	635
118	666
118	809
118	917
119	411
119	573
119	972
119	973
120	603
120	625
120	913
120	955
121	136
121	234
121	877
121	944
122	499
122	930
122	974
122	1000
123	805
123	872
123	940
123	986
124	127
124	592
124	623
124	889
125	859
125	961
125	962
125	995
126	339
126	978
126	984
126	996
127	124
127	443
127	697
127	976
128	113
128	571
128	795
128	989
129	557
129	863
129	914
129	997
130	909
130	987
130	990
130	994
131	511
131	787
131	920
131	951
132	11
132	799
132	833
132	994
133	671
133	748
133	763
133	943
134	152
134	402
134	772
134	955
135	81
135	171
135	259
135	911
136	121
136	764
136	948
136	968
137	383
137	946
137	964
137	985
138	591
138	866
138	918
138	934
139	619
139	897
139	944
139	968
140	862
140	875
140	969
140	989
141	292
141	376
141	878
141	956
142	391
142	872
142	940
142	975
143	312
143	790
143	826
143	992
144	563
144	716
144	925
144	989
145	365
145	779
145	807
145	935
146	558
146	833
146	835
146	950
147	428
147	461
147	541
147	899
148	512
148	724
148	803
148	925
149	248
149	693
149	933
149	991
150	928
150	932
150	934
150	964
151	98
151	723
151	791
151	997
152	134
152	218
152	427
152	966
153	781
153	794
153	927
153	941
154	103
154	859
154	951
154	981
155	356
155	904
155	965
155	973
156	851
156	923
156	939
156	978
157	5
157	918
157	954
157	967
158	240
158	507
158	779
158	889
159	269
159	584
159	846
159	986
160	464
160	499
160	853
160	992
161	333
161	867
161	879
161	996
162	629
162	874
162	996
162	1000
163	340
163	633
163	885
163	922
164	176
164	534
164	904
164	990
165	296
165	733
165	764
165	944
166	401
166	986
166	988
166	996
167	553
167	963
167	993
167	997
168	889
168	914
168	924
168	950
169	560
169	785
169	944
169	971
170	836
170	944
170	985
170	989
171	135
171	949
171	971
171	980
172	665
172	849
172	951
172	970
173	755
173	807
173	935
173	977
174	200
174	566
174	947
174	996
175	690
175	701
175	833
175	924
176	19
176	164
176	914
176	969
177	449
177	932
177	954
177	998
178	46
178	743
178	806
178	996
179	330
179	686
179	856
179	996
180	70
180	640
180	891
180	961
181	218
181	701
181	815
181	835
182	360
182	422
182	538
182	933
183	211
183	715
183	825
183	917
184	823
184	959
184	971
184	974
185	112
185	230
185	309
185	603
186	190
186	327
186	981
186	997
187	888
187	921
187	929
187	974
188	612
188	853
188	964
188	992
189	728
189	796
189	889
189	925
190	186
190	586
190	686
190	988
191	315
191	615
191	953
191	992
192	446
192	565
192	729
192	957
193	779
193	889
193	931
193	987
194	776
194	921
194	941
194	952
195	517
195	535
195	718
195	907
196	108
196	880
196	926
196	968
197	741
197	750
197	912
197	982
198	58
198	409
198	976
198	982
199	578
199	777
199	876
199	959
200	174
200	692
200	714
200	979
201	459
201	724
201	979
201	997
202	390
202	564
202	912
202	992
203	496
203	897
203	939
203	979
204	64
204	847
204	970
204	991
205	322
205	464
205	641
205	670
206	643
206	780
206	956
206	976
207	634
207	712
207	848
207	904
208	214
208	590
208	951
208	989
209	661
209	968
209	984
209	999
210	417
210	890
210	898
210	924
211	183
211	554
211	769
211	895
212	763
212	766
212	865
212	982
213	418
213	651
213	821
213	844
214	208
214	306
214	436
214	985
215	867
215	900
215	978
215	997
216	41
216	99
216	654
216	998
217	895
217	957
217	996
217	1000
218	152
218	181
218	850
218	912
219	692
219	707
219	874
219	997
220	109
220	946
220	975
220	985
221	300
221	660
221	881
221	960
222	382
222	607
222	953
222	992
223	770
223	805
223	847
223	885
224	612
224	657
224	797
224	894
225	949
225	987
225	990
225	994
226	2
226	881
226	891
226	958
227	357
227	870
227	920
227	986
228	480
228	894
228	939
228	991
229	565
229	740
229	938
229	977
230	185
230	485
230	947
230	955
230	965
231	56
231	245
231	885
231	922
231	999
232	764
232	783
232	880
232	922
232	985
233	37
233	878
233	926
233	939
233	951
234	91
234	121
234	636
234	948
234	980
235	83
235	872
235	876
235	940
235	975
236	660
236	810
236	954
236	964
236	998
237	302
237	429
237	621
237	900
237	932
238	363
238	536
238	687
238	861
238	968
239	623
239	864
239	963
239	990
239	993
240	158
240	557
240	562
240	740
240	796
241	632
241	706
241	847
241	957
241	974
242	794
242	927
242	929
242	941
242	952
243	502
243	512
243	786
243	930
243	985
244	116
244	367
244	612
244	920
244	995
245	231
245	630
245	794
245	851
245	941
246	516
246	868
246	873
246	940
246	948
247	294
247	572
247	948
247	950
247	972
248	149
248	615
248	840
248	990
248	995
249	504
249	807
249	809
249	968
249	977
250	648
250	723
250	814
250	867
250	972
251	626
251	865
251	903
251	921
251	986
252	926
252	966
252	970
252	976
252	982
253	350
253	377
253	489
253	878
253	956
254	39
254	504
254	750
254	886
254	894
255	26
255	281
255	581
255	856
255	866
256	652
256	663
256	736
256	829
256	986
257	491
257	703
257	925
257	975
257	985
258	551
258	642
258	816
258	940
258	970
259	135
259	400
259	688
259	731
259	732
260	439
260	512
260	737
260	884
260	985
261	53
261	489
261	612
261	969
261	976
262	452
262	701
262	950
262	965
262	973
263	607
263	654
263	774
263	953
263	992
264	792
264	936
264	949
264	957
264	974
265	696
265	837
265	976
265	987
265	991
266	378
266	900
266	917
266	981
266	984
267	75
267	624
267	869
267	966
267	998
268	272
268	519
268	680
268	898
268	933
269	159
269	465
269	686
269	806
269	988
270	360
270	680
270	961
270	981
270	990
271	535
271	804
271	928
271	944
271	982
272	268
272	519
272	855
272	923
272	966
273	89
273	510
273	716
273	966
273	970
274	537
274	746
274	962
274	978
274	989
275	589
275	731
275	934
275	947
275	998
276	355
276	799
276	894
276	912
276	983
277	533
277	549
277	813
277	948
277	960
278	749
278	758
278	906
278	963
278	997
279	639
279	760
279	862
279	877
279	993
280	344
280	356
280	464
280	821
280	888
281	255
281	383
281	899
281	918
281	991
282	335
282	819
282	913
282	919
282	944
283	529
283	575
283	782
283	844
283	983
284	368
284	820
284	902
284	932
284	986
285	751
285	851
285	860
285	942
285	993
286	503
286	875
286	884
286	946
286	985
287	722
287	737
287	891
287	922
287	948
288	117
288	493
288	908
288	933
288	987
289	31
289	377
289	492
289	793
289	999
290	370
290	678
290	756
290	809
290	868
291	502
291	654
291	789
291	930
291	974
292	98
292	117
292	141
292	745
292	970
293	815
293	854
293	896
293	920
293	969
294	247
294	876
294	942
294	973
294	984
295	774
295	803
295	901
295	985
295	992
296	165
296	337
296	673
296	802
296	873
297	918
297	947
297	964
297	965
297	967
298	25
298	307
298	538
298	940
298	984
299	626
299	822
299	855
299	905
299	990
300	221
300	396
300	699
300	841
300	896
301	807
301	883
301	959
301	968
301	977
302	237
302	828
302	866
302	928
302	970
303	636
303	764
303	823
303	960
303	995
304	433
304	589
304	932
304	935
304	967
305	355
305	621
305	799
305	868
305	986
306	47
306	214
306	438
306	499
306	946
307	298
307	424
307	462
307	463
307	671
308	909
308	987
308	990
308	991
308	994
309	185
309	603
309	757
309	832
309	951
310	514
310	653
310	725
310	924
310	950
311	57
311	436
311	669
311	946
311	1000
312	143
312	334
312	484
312	987
312	994
313	431
313	727
313	861
313	916
313	953
314	81
314	809
314	959
314	975
314	980
315	191
315	582
315	672
315	815
315	972
316	28
316	514
316	753
316	867
316	886
317	577
317	796
317	835
317	945
317	950
318	836
318	887
318	896
318	905
318	986
319	525
319	794
319	857
319	976
319	982
320	875
320	923
320	943
320	955
320	995
321	349
321	884
321	950
321	989
321	999
322	205
322	741
322	855
322	952
322	955
323	740
323	796
323	820
323	867
323	916
324	784
324	825
324	910
324	917
324	945
325	653
325	924
325	945
325	950
325	972
326	593
326	640
326	933
326	941
326	987
327	186
327	375
327	840
327	863
327	958
328	339
328	497
328	971
328	974
328	1000
329	45
329	451
329	590
329	694
329	832
330	179
330	743
330	793
330	939
330	979
331	598
331	791
331	845
331	996
331	1000
332	494
332	723
332	751
332	814
332	993
333	161
333	465
333	621
333	745
333	961
334	312
334	666
334	970
334	976
334	987
335	282
335	858
335	919
335	962
335	971
336	362
336	466
336	866
336	925
336	954
337	296
337	912
337	925
337	931
337	985
338	868
338	970
338	982
338	983
338	994
339	126
339	328
339	435
339	547
339	996
340	15
340	163
340	635
340	942
340	968
341	486
341	570
341	825
341	900
341	981
342	444
342	720
342	953
342	975
342	985
343	39
343	563
343	849
343	901
343	966
344	280
344	676
344	888
344	971
344	1000
345	72
345	404
345	880
345	899
345	938
346	798
346	847
346	936
346	949
346	959
347	567
347	596
347	898
347	965
347	975
348	372
348	938
348	950
348	973
348	999
349	52
349	321
349	607
349	774
349	953
350	253
350	406
350	900
350	993
350	997
351	842
351	843
351	857
351	878
351	956
352	463
352	863
352	916
352	963
352	993
353	655
353	700
353	762
353	877
353	997
354	516
354	903
354	942
354	984
354	999
355	276
355	305
355	564
355	744
355	805
356	155
356	280
356	949
356	955
356	971
357	227
357	458
357	843
357	878
357	956
358	424
358	511
358	763
358	940
358	975
359	495
359	525
359	695
359	878
359	956
360	182
360	270
360	585
360	901
360	981
361	833
361	950
361	965
361	972
361	977
362	336
362	493
362	579
362	978
362	989
363	238
363	556
363	598
363	861
363	959
364	30
364	768
364	864
364	936
364	951
365	145
365	807
365	957
365	993
365	997
366	447
366	734
366	747
366	788
366	878
367	244
367	833
367	874
367	924
367	950
368	61
368	284
368	441
368	667
368	986
369	112
369	731
369	759
369	943
369	952
370	290
370	486
370	707
370	974
370	987
371	721
371	804
371	864
371	962
371	974
372	348
372	704
372	950
372	965
372	973
373	440
373	442
373	469
373	900
373	979
374	602
374	789
374	806
374	988
374	996
375	327
375	464
375	837
375	961
375	998
376	141
376	606
376	848
376	983
376	994
377	253
377	289
377	857
377	885
377	886
378	79
378	266
378	544
378	834
378	979
379	742
379	905
379	916
379	923
379	943
380	592
380	802
380	907
380	908
380	956
381	601
381	803
381	919
381	956
381	982
382	222
382	626
382	664
382	742
382	838
383	137
383	281
383	494
383	669
383	706
383	985
384	465
384	917
384	918
384	922
384	965
384	996
385	79
385	815
385	820
385	943
385	990
385	995
386	576
386	842
386	879
386	913
386	932
386	934
387	493
387	736
387	883
387	887
387	938
387	986
388	727
388	809
388	861
388	909
388	990
388	994
389	57
389	794
389	803
389	927
389	941
389	964
390	202
390	774
390	853
390	921
390	953
390	992
391	142
391	667
391	755
391	911
391	938
391	977
392	574
392	631
392	709
392	837
392	849
392	860
393	83
393	823
393	826
393	838
393	865
393	995
394	433
394	830
394	902
394	932
394	965
394	967
395	426
395	531
395	689
395	813
395	851
395	960
396	300
396	688
396	736
396	883
396	887
396	986
397	629
397	673
397	679
397	772
397	849
397	968
398	705
398	843
398	866
398	902
398	945
398	967
399	554
399	684
399	747
399	823
399	996
399	1000
400	259
400	526
400	868
400	953
400	985
400	989
401	166
401	588
401	883
401	921
401	938
401	986
402	134
402	441
402	907
402	956
402	966
402	982
403	114
403	635
403	839
403	851
403	927
403	941
404	115
404	345
404	549
404	902
404	918
404	983
405	91
405	685
405	892
405	902
405	947
405	965
406	1
406	350
406	516
406	662
406	841
406	939
407	432
407	523
407	561
407	778
407	832
407	986
408	735
408	810
408	833
408	924
408	973
408	999
409	32
409	198
409	600
409	703
409	776
409	914
410	526
410	551
410	560
410	633
410	784
410	979
411	97
411	119
411	554
411	628
411	701
411	800
412	431
412	435
412	475
412	774
412	974
412	992
413	555
413	632
413	671
413	795
413	883
413	986
414	467
414	481
414	884
414	912
414	964
414	985
415	66
415	605
415	624
415	790
415	806
415	988
416	456
416	560
416	799
416	897
416	919
416	994
417	210
417	501
417	640
417	958
417	998
417	999
418	213
418	455
418	518
418	548
418	857
418	999
419	483
419	752
419	946
419	975
419	988
419	996
420	894
420	955
420	972
420	983
420	991
420	997
421	113
421	726
421	946
421	964
421	985
421	989
422	182
422	594
422	726
422	745
422	876
422	988
423	438
423	606
423	611
423	946
423	989
423	1000
424	307
424	358
424	671
424	745
424	942
424	984
425	107
425	469
425	780
425	897
425	919
425	944
426	395
426	643
426	651
426	923
426	952
426	995
427	152
427	452
427	753
427	782
427	899
427	995
428	1
428	147
428	578
428	948
428	979
428	981
429	59
429	237
429	855
429	865
429	975
429	991
430	460
430	811
430	908
430	931
430	970
430	982
431	313
431	412
431	541
431	625
431	953
431	992
432	407
432	804
432	845
432	879
432	888
432	980
433	304
433	394
433	815
433	891
433	948
433	960
434	587
434	674
434	881
434	927
434	941
434	952
435	339
435	412
435	593
435	930
435	936
435	1000
436	214
436	311
436	708
436	946
436	967
436	975
437	682
437	760
437	877
437	963
437	988
437	997
438	51
438	306
438	423
438	722
438	795
438	953
439	260
439	886
439	925
439	985
439	987
439	990
440	373
440	585
440	817
440	882
440	970
440	979
441	368
441	402
441	562
441	614
441	693
441	966
442	373
442	661
442	900
442	939
442	979
442	984
443	60
443	127
443	774
443	906
443	907
443	992
444	342
444	485
444	491
444	912
444	953
444	989
445	836
445	897
445	920
445	933
445	944
445	981
446	192
446	782
446	816
446	937
446	940
446	995
447	43
447	366
447	577
447	650
447	689
447	973
448	689
448	715
448	773
448	860
448	890
448	961
449	177
449	601
449	934
449	947
449	954
449	967
450	93
450	532
450	976
450	987
450	991
450	998
451	329
451	695
451	757
451	897
451	928
451	944
452	262
452	427
452	643
452	729
452	923
452	943
453	670
453	690
453	753
453	755
453	855
453	926
454	523
454	688
454	699
454	798
454	887
454	986
455	418
455	517
455	722
455	772
455	960
455	980
456	416
456	534
456	768
456	780
456	919
456	969
457	659
457	673
457	738
457	795
457	813
457	948
458	357
458	580
458	603
458	618
458	842
458	878
459	201
459	784
459	835
459	882
459	900
459	939
460	430
460	489
460	605
460	818
460	837
460	991
461	147
461	656
461	880
461	922
461	980
461	987
462	307
462	865
462	893
462	937
462	959
462	995
463	307
463	352
463	552
463	644
463	763
463	863
464	160
464	205
464	280
464	375
464	634
464	937
465	269
465	333
465	384
465	915
465	978
465	983
466	336
466	528
466	760
466	954
466	967
466	997
467	414
467	503
467	811
467	877
467	946
467	992
468	473
468	722
468	793
468	817
468	872
468	985
469	373
469	425
469	574
469	780
469	858
469	946
470	575
470	633
470	709
470	739
470	885
470	961
471	539
471	739
471	822
471	919
471	976
471	982
472	730
472	735
472	797
472	991
472	996
472	1000
473	468
473	717
473	841
473	900
473	939
473	945
474	66
474	538
474	586
474	679
474	812
474	983
475	412
475	513
475	864
475	874
475	927
475	941
476	504
476	830
476	879
476	938
476	957
476	958
477	656
477	794
477	851
477	927
477	941
477	952
478	68
478	488
478	791
478	909
478	963
478	994
479	693
479	848
479	868
479	899
479	983
479	994
480	85
480	228
480	514
480	619
480	891
480	933
481	75
481	82
481	414
481	669
481	783
481	946
482	615
482	700
482	705
482	765
482	993
482	997
483	88
483	419
483	632
483	736
483	861
483	887
484	312
484	581
484	594
484	679
484	765
484	769
485	230
485	444
485	937
485	940
485	947
485	984
486	341
486	370
486	677
486	922
486	945
486	948
487	679
487	681
487	772
487	813
487	906
487	960
487	980
488	478
488	720
488	738
488	777
488	779
488	914
488	959
489	253
489	261
489	460
489	508
489	747
489	976
489	979
490	539
490	720
490	780
490	803
490	919
490	928
490	944
491	257
491	444
491	737
491	783
491	795
491	937
491	946
492	289
492	670
492	778
492	925
492	946
492	973
492	999
493	35
493	288
493	362
493	387
493	870
493	932
493	947
494	332
494	383
494	616
494	708
494	723
494	976
494	993
495	359
495	618
495	857
495	866
495	902
495	929
495	958
496	203
496	661
496	784
496	882
496	939
496	978
496	981
497	90
497	328
497	623
497	852
497	884
497	969
497	985
498	787
498	828
498	859
498	951
498	962
498	978
498	989
499	122
499	160
499	306
499	786
499	930
499	974
499	1000
500	666
500	777
500	841
500	861
500	916
500	939
500	979
501	417
501	509
501	574
501	744
501	840
501	961
501	998
502	243
502	291
502	845
502	959
502	962
502	971
502	974
503	10
503	16
503	286
503	467
503	725
503	802
503	989
504	56
504	249
504	254
504	476
504	740
504	886
504	957
505	85
505	588
505	610
505	824
505	854
505	867
505	886
506	713
506	719
506	895
506	901
506	992
506	996
506	1000
507	61
507	158
507	609
507	655
507	749
507	910
507	992
508	489
508	737
508	832
508	853
508	878
508	926
508	951
509	501
509	640
509	758
509	837
509	849
509	869
509	961
510	273
510	586
510	638
510	679
510	769
510	790
510	996
511	106
511	131
511	358
511	673
511	800
511	865
511	940
512	51
512	148
512	243
512	260
512	531
512	803
512	975
513	475
513	580
513	842
513	927
513	941
513	949
513	956
514	310
514	316
514	480
514	620
514	633
514	792
514	977
515	522
515	767
515	905
515	909
515	987
515	990
515	994
516	246
516	354
516	406
516	604
516	783
516	903
516	984
517	195
517	455
517	649
517	681
517	948
517	960
517	982
518	418
518	529
518	834
518	854
518	888
518	904
518	960
519	268
519	272
519	805
519	818
519	822
519	935
519	958
520	763
520	783
520	876
520	940
520	975
520	984
520	996
521	21
521	749
521	791
521	814
521	862
521	985
521	993
522	515
522	646
522	871
522	909
522	987
522	990
522	994
523	407
523	454
523	683
523	870
523	883
523	921
523	938
524	784
524	830
524	841
524	900
524	939
524	981
524	984
525	319
525	359
525	580
525	597
525	857
525	878
525	956
526	400
526	410
526	531
526	550
526	619
526	632
526	991
527	548
527	687
527	945
527	951
527	962
527	977
527	989
528	466
528	799
528	894
528	909
528	970
528	990
528	994
529	18
529	283
529	518
529	873
529	881
529	983
529	999
530	21
530	86
530	867
530	877
530	988
530	992
530	993
531	395
531	512
531	526
531	752
531	912
531	953
531	985
532	450
532	605
532	654
532	753
532	756
532	769
532	988
533	106
533	277
533	804
533	844
533	895
533	925
533	1000
534	164
534	456
534	675
534	721
534	905
534	969
534	995
535	195
535	271
535	802
535	867
535	970
535	976
535	987
536	238
536	641
536	738
536	769
536	844
536	861
536	968
537	274
537	784
537	930
537	939
537	962
537	981
537	1000
538	182
538	298
538	474
538	623
538	765
538	920
538	969
539	101
539	471
539	490
539	858
539	897
539	919
539	944
540	579
540	759
540	922
540	924
540	968
540	980
540	999
541	84
541	147
541	431
541	606
541	813
541	899
541	901
542	705
542	712
542	904
542	905
542	929
542	931
542	932
543	36
543	568
543	906
543	908
543	970
543	982
543	987
544	378
544	554
544	876
544	895
544	903
544	975
544	1000
545	100
545	825
545	841
545	921
545	955
545	978
545	979
546	611
546	622
546	848
546	874
546	924
546	973
546	999
547	41
547	62
547	69
547	339
547	971
547	996
547	1000
548	418
548	527
548	759
548	764
548	782
548	881
548	968
549	277
549	404
549	844
549	891
549	917
549	948
549	960
550	526
550	562
550	728
550	848
550	868
550	915
550	933
551	258
551	410
551	750
551	785
551	894
551	957
551	994
552	33
552	95
552	463
552	624
552	633
552	885
552	886
553	167
553	665
553	723
553	760
553	862
553	877
553	993
554	211
554	399
554	411
554	544
554	713
554	730
554	1000
555	413
555	649
555	670
555	690
555	732
555	986
555	988
556	7
556	363
556	635
556	777
556	909
556	987
556	994
557	114
557	129
557	240
557	785
557	796
557	889
557	914
558	43
558	146
558	761
558	908
558	945
558	972
558	977
559	746
559	829
559	859
559	960
559	978
559	980
559	989
560	169
560	410
560	416
560	564
560	595
560	621
560	767
560	896
561	407
561	604
561	788
561	865
561	938
561	940
561	984
561	986
562	117
562	240
562	441
562	550
562	693
562	821
562	908
562	970
563	14
563	144
563	343
563	770
563	801
563	957
563	966
563	977
564	202
564	355
564	560
564	751
564	797
564	815
564	906
564	915
565	192
565	229
565	667
565	801
565	911
565	957
565	977
565	983
566	174
566	751
566	801
566	830
566	902
566	954
566	958
566	964
567	17
567	347
567	866
567	918
567	947
567	959
567	964
567	965
568	543
568	616
568	697
568	811
568	884
568	982
568	987
568	991
569	631
569	638
569	734
569	824
569	945
569	988
569	992
569	997
570	341
570	766
570	882
570	917
570	926
570	952
570	979
570	995
571	128
571	749
571	754
571	778
571	791
571	802
571	964
571	997
572	247
572	620
572	704
572	735
572	810
572	945
572	950
572	972
573	119
573	646
573	871
573	905
573	909
573	987
573	990
573	994
574	392
574	469
574	501
574	629
574	648
574	714
574	890
574	961
575	85
575	283
575	470
575	808
575	885
575	980
575	983
575	999
576	66
576	386
576	869
576	931
576	947
576	958
576	967
576	998
577	317
577	447
577	622
577	835
577	843
577	945
577	950
577	999
578	199
578	428
578	872
578	873
578	903
578	948
578	975
578	999
579	362
579	540
579	711
579	829
579	891
579	922
579	948
579	980
580	458
580	513
580	525
580	747
580	843
580	853
580	857
580	998
581	255
581	484
581	589
581	602
581	617
581	885
581	932
581	935
582	315
582	631
582	652
582	760
582	790
582	856
582	962
582	997
583	768
583	853
583	870
583	909
583	934
583	987
583	990
583	998
584	105
584	159
584	679
584	883
584	887
584	920
584	921
584	986
585	360
585	440
585	722
585	884
585	946
585	975
585	985
585	989
586	76
586	116
586	190
586	474
586	510
586	605
586	686
586	806
587	434
587	794
587	893
587	903
587	927
587	929
587	941
587	952
588	7
588	48
588	401
588	505
588	610
588	633
588	672
588	886
589	275
589	304
589	581
589	660
589	691
589	773
589	988
589	992
590	208
590	329
590	688
590	757
590	812
590	832
590	926
590	951
591	138
591	775
591	847
591	949
591	955
591	971
591	980
591	1000
592	124
592	380
592	614
592	645
592	811
592	966
592	982
592	990
593	326
593	435
593	752
593	879
593	966
593	974
593	976
593	982
594	86
594	422
594	484
594	613
594	689
594	850
594	994
594	996
595	560
595	735
595	750
595	912
595	915
595	933
595	950
595	983
596	347
596	749
596	815
596	849
596	898
596	906
596	972
596	993
597	525
597	661
597	747
597	845
597	878
597	939
597	945
597	979
598	104
598	331
598	363
598	658
598	659
598	738
598	809
598	861
599	748
599	816
599	918
599	932
599	940
599	954
599	984
599	998
600	409
600	740
600	822
600	852
600	854
600	889
600	914
600	943
601	54
601	87
601	381
601	449
601	668
601	739
601	858
601	944
602	72
602	107
602	374
602	581
602	751
602	797
602	963
602	988
603	120
603	185
603	309
603	458
603	680
603	697
603	840
603	961
604	516
604	561
604	763
604	816
604	903
604	937
604	940
604	954
605	415
605	460
605	532
605	586
605	715
605	789
605	856
605	996
606	376
606	423
606	541
606	672
606	848
606	936
606	991
606	1000
607	222
607	263
607	349
607	774
607	782
607	853
607	953
607	992
608	111
608	895
608	907
608	966
608	976
608	982
608	996
608	1000
609	507
609	724
609	791
609	807
609	824
609	863
609	963
609	992
610	41
610	48
610	505
610	588
610	796
610	886
610	889
610	914
611	423
611	546
611	690
611	698
611	888
611	927
611	973
611	974
612	188
612	224
612	244
612	261
612	712
612	896
612	969
612	990
613	594
613	636
613	835
613	874
613	894
613	912
613	972
613	994
614	441
614	592
614	718
614	823
614	966
614	982
614	987
614	991
615	44
615	191
615	248
615	482
615	786
615	850
615	993
615	1000
616	494
616	568
616	766
616	874
616	946
616	964
616	975
616	982
617	581
617	647
617	706
617	928
617	934
617	935
617	947
617	984
618	458
618	495
618	725
618	857
618	877
618	910
618	938
618	988
619	139
619	480
619	526
619	894
619	895
619	899
619	996
619	1000
620	514
620	572
620	653
620	835
620	874
620	924
620	950
620	973
621	237
621	305
621	333
621	560
621	799
621	899
621	991
621	994
622	546
622	577
622	729
622	761
622	909
622	977
622	987
622	990
622	994
623	124
623	239
623	497
623	538
623	809
623	854
623	862
623	875
623	990
624	267
624	415
624	552
624	824
624	863
624	886
624	966
624	981
624	998
625	120
625	431
625	725
625	747
625	774
625	843
625	953
625	956
625	992
626	251
626	299
626	382
626	664
626	795
626	834
626	887
626	909
626	986
627	687
627	724
627	737
627	882
627	900
627	939
627	946
627	975
627	978
628	47
628	411
628	805
628	818
628	942
628	958
628	961
628	981
628	983
629	162
629	397
629	574
629	782
629	813
629	898
629	901
629	933
629	948
630	245
630	707
630	781
630	813
630	881
630	927
630	941
630	983
630	994
631	392
631	569
631	582
631	703
631	756
631	846
631	860
631	890
631	996
632	14
632	105
632	241
632	413
632	483
632	526
632	819
632	985
632	986
633	163
633	410
633	470
633	514
633	552
633	588
633	863
633	885
633	886
634	207
634	464
634	708
634	770
634	820
634	838
634	896
634	904
634	969
635	118
635	340
635	403
635	556
635	659
635	777
635	861
635	959
635	968
636	234
636	303
636	613
636	740
636	750
636	796
636	914
636	948
636	960
637	670
637	758
637	759
637	855
637	911
637	935
637	943
637	952
637	995
638	510
638	569
638	734
638	753
638	756
638	773
638	790
638	812
638	888
639	279
639	752
639	771
639	823
639	864
639	879
639	915
639	955
639	959
640	180
640	326
640	417
640	509
640	890
640	913
640	961
640	966
640	996
641	205
641	536
641	665
641	711
641	750
641	880
641	889
641	914
641	980
642	258
642	655
642	928
642	954
642	967
642	976
642	982
642	987
642	991
643	206
643	426
643	452
643	670
643	729
643	851
643	911
643	932
643	995
644	463
644	671
644	700
644	816
644	827
644	937
644	963
644	972
644	975
645	53
645	99
645	592
645	652
645	696
645	956
645	966
645	987
645	991
646	522
646	573
646	808
646	905
646	909
646	972
646	987
646	990
646	994
647	16
647	617
647	768
647	781
647	818
647	893
647	927
647	941
647	947
648	250
648	574
648	837
648	871
648	877
648	898
648	966
648	975
648	993
649	517
649	555
649	773
649	811
649	931
649	952
649	982
649	995
649	999
650	95
650	447
650	719
650	734
650	765
650	790
650	871
650	901
650	992
651	213
651	426
651	801
651	891
651	892
651	931
651	968
651	998
651	999
652	256
652	582
652	645
652	880
652	930
652	937
652	949
652	963
652	988
653	310
653	325
653	620
653	710
653	950
653	965
653	973
653	977
653	999
654	216
654	263
654	291
654	532
654	790
654	808
654	971
654	988
654	1000
655	353
655	507
655	642
655	691
655	692
655	902
655	963
655	967
655	972
656	70
656	461
656	477
656	681
656	689
656	881
656	948
656	983
656	999
657	224
657	687
657	768
657	778
657	800
657	832
657	951
657	973
657	999
658	598
658	659
658	687
658	716
658	727
658	738
658	861
658	959
658	968
659	457
659	598
659	635
659	658
659	756
659	777
659	809
659	861
659	871
660	58
660	221
660	236
660	589
660	828
660	860
660	934
660	965
660	998
661	209
661	442
661	496
661	597
661	784
661	900
661	981
661	984
661	987
662	73
662	406
662	859
662	910
662	952
662	962
662	978
662	979
662	989
663	256
663	788
663	798
663	841
663	912
663	930
663	957
663	962
663	1000
664	33
664	382
664	626
664	742
664	842
664	855
664	870
664	916
664	969
665	172
665	553
665	641
665	697
665	728
665	889
665	914
665	976
665	991
666	36
666	118
666	334
666	500
666	704
666	727
666	818
666	959
666	991
667	368
667	391
667	565
667	683
667	694
667	699
667	807
667	836
667	896
668	107
668	601
668	733
668	858
668	897
668	913
668	919
668	928
668	934
668	944
669	311
669	383
669	481
669	706
669	722
669	723
669	725
669	946
669	985
669	989
670	205
670	453
670	492
670	555
670	637
670	643
670	741
670	851
670	923
670	955
671	133
671	307
671	413
671	424
671	644
671	826
671	937
671	942
671	975
671	984
672	11
672	110
672	315
672	588
672	606
672	799
672	824
672	886
672	915
672	994
673	296
673	397
673	457
673	511
673	848
673	873
673	876
673	880
673	899
673	960
674	434
674	781
674	858
674	897
674	913
674	927
674	928
674	941
674	944
674	954
675	534
675	725
675	823
675	838
675	854
675	904
675	943
675	969
675	990
675	995
676	344
676	776
676	915
676	930
676	936
676	949
676	957
676	959
676	974
676	997
677	486
677	734
677	753
677	769
677	787
677	828
677	856
677	962
677	978
677	989
678	10
678	74
678	290
678	724
678	817
678	872
678	903
678	927
678	941
678	952
679	25
679	397
679	474
679	484
679	487
679	510
679	584
679	711
679	782
679	980
680	268
680	270
680	603
680	789
680	846
680	860
680	869
680	871
680	961
680	980
681	27
681	487
681	517
681	656
681	694
681	711
681	812
681	832
681	938
681	960
682	27
682	437
682	839
682	895
682	902
682	931
682	934
682	967
682	993
682	997
683	523
683	667
683	732
683	736
683	770
683	909
683	986
683	987
683	990
683	994
684	399
684	742
684	820
684	834
684	862
684	904
684	905
684	946
684	969
684	995
685	66
685	405
685	792
685	856
685	869
685	918
685	932
685	934
685	958
685	966
686	93
686	179
686	190
686	269
686	586
686	734
686	785
686	806
686	812
686	996
687	238
687	527
687	627
687	657
687	658
687	710
687	809
687	950
687	959
687	973
688	259
688	396
688	454
688	590
688	795
688	841
688	883
688	887
688	896
688	986
689	70
689	106
689	395
689	447
689	448
689	594
689	656
689	783
689	829
689	881
690	175
690	453
690	555
690	611
690	712
690	789
690	835
690	973
690	995
690	999
691	77
691	589
691	655
691	813
691	848
691	933
691	935
691	954
691	970
691	991
692	111
692	200
692	219
692	655
692	704
692	730
692	874
692	895
692	996
692	1000
693	26
693	149
693	441
693	479
693	562
693	837
693	908
693	976
693	982
693	987
694	329
694	667
694	681
694	757
694	768
694	778
694	812
694	849
694	926
694	951
695	42
695	359
695	451
695	757
695	832
695	857
695	878
695	951
695	956
695	967
696	9
696	31
696	265
696	645
696	718
696	764
696	906
696	970
696	976
696	982
697	127
697	568
697	603
697	665
697	827
697	846
697	901
697	931
697	966
697	998
698	611
698	786
698	804
698	821
698	847
698	864
698	881
698	955
698	962
698	980
699	300
699	454
699	667
699	732
699	736
699	887
699	902
699	920
699	921
699	986
700	3
700	68
700	353
700	482
700	644
700	814
700	910
700	937
700	988
700	992
701	175
701	181
701	262
701	411
701	729
701	819
701	829
701	973
701	977
701	999
702	8
702	810
702	812
702	849
702	918
702	924
702	926
702	951
702	977
702	999
703	32
703	257
703	409
703	631
703	856
703	884
703	928
703	935
703	946
703	985
704	372
704	572
704	666
704	692
704	707
704	730
704	895
704	924
704	996
704	999
705	398
705	482
705	542
705	814
705	831
705	910
705	911
705	935
705	938
705	993
706	241
706	383
706	617
706	669
706	918
706	928
706	954
706	967
706	975
706	996
707	79
707	219
707	370
707	630
707	704
707	713
707	764
707	829
707	895
707	996
708	90
708	436
708	494
708	634
708	783
708	795
708	953
708	975
708	985
708	989
709	81
709	392
709	470
709	739
709	789
709	800
709	860
709	942
709	961
709	966
710	84
710	102
710	653
710	687
710	735
710	833
710	965
710	972
710	973
710	977
711	579
711	641
711	679
711	681
711	739
711	873
711	881
711	891
711	948
711	968
711	999
712	207
712	542
712	612
712	690
712	773
712	782
712	920
712	923
712	952
712	990
712	995
713	22
713	68
713	506
713	554
713	707
713	730
713	804
713	850
713	895
713	929
713	996
714	200
714	574
714	744
714	830
714	837
714	840
714	869
714	893
714	942
714	981
714	998
715	40
715	46
715	183
715	448
715	605
715	734
715	743
715	756
715	773
715	806
715	996
716	144
716	273
716	658
716	740
716	907
716	908
716	911
716	957
716	970
716	977
716	991
717	473
717	761
717	859
717	882
717	900
717	951
717	962
717	969
717	978
717	979
717	989
718	195
718	614
718	696
718	811
718	907
718	908
718	931
718	956
718	976
718	982
718	999
719	506
719	650
719	774
719	794
719	839
719	901
719	927
719	929
719	941
719	953
719	992
720	342
720	488
720	490
720	765
720	779
720	802
720	889
720	914
720	946
720	953
720	975
721	45
721	371
721	534
721	771
721	786
721	838
721	943
721	980
721	989
721	990
721	1000
722	287
722	438
722	455
722	468
722	585
722	669
722	725
722	737
722	752
722	964
722	985
723	151
723	250
723	332
723	494
723	553
723	669
723	906
723	963
723	972
723	993
723	997
724	148
724	201
724	609
724	627
724	678
724	728
724	760
724	814
724	872
724	913
724	953
725	82
725	310
725	503
725	618
725	625
725	669
725	675
725	722
725	857
725	868
725	956
726	11
726	24
726	421
726	422
726	763
726	785
726	816
726	821
726	903
726	970
726	994
727	88
727	103
727	313
727	388
727	658
727	666
727	730
727	777
727	809
727	861
727	959
728	189
728	550
728	665
728	724
728	779
728	785
728	826
728	914
728	963
728	992
728	993
729	192
729	452
729	622
729	643
729	701
729	875
729	923
729	950
729	960
729	973
729	999
730	69
730	472
730	554
730	692
730	704
730	713
730	727
730	804
730	874
730	895
730	1000
731	259
731	275
731	369
731	746
731	758
731	859
731	892
731	926
731	955
731	978
731	989
732	259
732	555
732	683
732	699
732	759
732	836
732	841
732	883
732	887
732	921
732	986
733	165
733	668
733	748
733	803
733	836
733	858
733	897
733	913
733	919
733	928
733	981
734	366
734	569
734	638
734	650
734	677
734	686
734	715
734	753
734	806
734	808
734	820
735	408
735	472
735	572
735	595
735	710
735	754
735	785
735	912
735	970
735	973
735	993
736	256
736	387
736	396
736	483
736	683
736	699
736	771
736	841
736	883
736	938
736	986
737	82
737	260
737	287
737	491
737	508
737	627
737	722
737	802
737	868
737	964
737	985
738	72
738	88
738	457
738	488
738	536
738	598
738	658
738	756
738	792
738	861
738	968
739	63
739	470
739	471
739	601
739	709
739	711
739	744
739	897
739	919
739	961
739	991
740	229
740	240
740	323
740	504
740	600
740	636
740	716
740	807
740	914
740	938
740	964
741	197
741	322
741	670
741	827
741	855
741	909
741	911
741	923
741	926
741	943
741	995
742	379
742	382
742	664
742	684
742	846
742	862
742	896
742	904
742	943
742	969
742	995
743	44
743	178
743	330
743	715
743	820
743	830
743	934
743	954
743	964
743	967
743	988
744	355
744	501
744	714
744	739
744	755
744	798
744	822
744	846
744	879
744	966
744	998
745	292
745	333
745	422
745	424
745	763
745	816
745	821
745	831
745	841
745	848
745	942
745	991
746	274
746	559
746	731
746	787
746	828
746	859
746	892
746	951
746	962
746	978
746	980
746	989
747	366
747	399
747	489
747	580
747	597
747	625
747	788
747	853
747	857
747	878
747	880
747	956
748	133
748	599
748	733
748	816
748	858
748	919
748	928
748	937
748	940
748	944
748	975
748	988
749	278
749	507
749	521
749	571
749	596
749	797
749	839
749	863
749	931
749	963
749	988
749	993
750	197
750	254
750	551
750	595
750	636
750	641
750	779
750	799
750	829
750	889
750	899
750	914
751	285
751	332
751	564
751	566
751	602
751	754
751	760
751	791
751	916
751	963
751	993
751	997
752	419
752	531
752	593
752	639
752	722
752	783
752	808
752	832
752	884
752	949
752	977
752	980
753	316
753	427
753	453
753	532
753	638
753	677
753	734
753	759
753	827
753	856
753	923
753	995
754	35
754	571
754	735
754	751
754	762
754	814
754	824
754	827
754	845
754	916
754	992
754	997
755	173
755	391
755	453
755	744
755	762
755	807
755	875
755	923
755	926
755	935
755	957
755	995
756	104
756	290
756	532
756	631
756	638
756	659
756	715
756	738
756	777
756	968
756	980
756	988
757	13
757	42
757	309
757	451
757	590
757	694
757	695
757	812
757	832
757	849
757	926
757	965
758	278
758	509
758	637
758	731
758	803
758	818
758	822
758	830
758	840
758	952
758	955
758	995
759	369
759	540
759	548
759	637
759	732
759	753
759	844
759	855
759	873
759	922
759	995
759	999
760	279
760	437
760	466
760	553
760	582
760	724
760	751
760	877
760	981
760	988
760	993
760	1000
761	89
761	93
761	558
761	622
761	717
761	810
761	817
761	900
761	965
761	973
761	978
761	979
762	72
762	353
762	754
762	755
762	866
762	911
762	938
762	957
762	977
762	992
762	993
762	997
763	133
763	212
763	358
763	463
763	520
763	604
763	726
763	745
763	865
763	876
763	937
763	946
764	78
764	136
764	165
764	232
764	303
764	548
764	696
764	707
764	772
764	813
764	844
764	968
765	482
765	484
765	538
765	650
765	720
765	779
765	789
765	790
765	796
765	889
765	914
765	988
766	98
766	212
766	570
766	616
766	844
766	908
766	922
766	976
766	980
766	982
766	983
766	999
767	515
767	560
767	905
767	909
767	912
767	917
767	933
767	970
767	983
767	990
767	991
767	994
768	2
768	364
768	456
768	583
768	647
768	657
768	694
768	792
768	918
768	926
768	947
768	951
769	25
769	46
769	211
769	484
769	510
769	532
769	536
769	677
769	806
769	812
769	820
769	837
770	223
770	563
770	634
770	683
770	805
770	838
770	849
770	854
770	904
770	969
770	981
770	998
771	639
771	721
771	736
771	850
771	888
771	915
771	930
771	936
771	955
771	959
771	974
771	1000
772	91
772	134
772	397
772	455
772	487
772	764
772	813
772	873
772	891
772	911
772	948
772	960
773	2
773	448
773	589
773	638
773	649
773	712
773	715
773	790
773	875
773	911
773	923
773	952
773	971
774	78
774	263
774	295
774	349
774	390
774	412
774	443
774	607
774	625
774	719
774	953
774	992
774	997
775	591
775	847
775	864
775	921
775	930
775	936
775	949
775	952
775	955
775	959
775	962
775	971
775	974
776	34
776	194
776	409
776	676
776	804
776	852
776	864
776	888
776	937
776	949
776	957
776	971
776	974
777	199
777	488
777	500
777	556
777	635
777	659
777	727
777	756
777	809
777	830
777	861
777	959
777	968
778	27
778	407
778	492
778	571
778	657
778	694
778	849
778	872
778	926
778	935
778	953
778	975
778	985
779	40
779	145
779	158
779	193
779	488
779	720
779	728
779	750
779	765
779	785
779	796
779	889
779	914
780	206
780	425
780	456
780	469
780	490
780	803
780	819
780	836
780	858
780	897
780	913
780	919
780	944
781	153
781	630
781	647
781	674
781	838
781	839
781	851
781	893
781	903
781	927
781	929
781	941
781	952
782	283
782	427
782	446
782	548
782	607
782	629
782	679
782	712
782	911
782	923
782	952
782	955
782	983
783	232
783	481
783	491
783	516
783	520
783	689
783	708
783	752
783	816
783	865
783	872
783	977
783	984
784	58
784	324
784	410
784	459
784	496
784	524
784	537
784	661
784	801
784	910
784	939
784	979
784	984
785	114
785	169
785	551
785	557
785	686
785	726
785	728
785	735
785	779
785	889
785	914
785	933
785	994
786	243
786	499
786	615
786	698
786	721
786	930
786	936
786	941
786	949
786	959
786	971
786	974
786	1000
787	131
787	498
787	677
787	746
787	800
787	859
787	892
787	951
787	962
787	972
787	978
787	989
787	993
788	366
788	561
788	663
788	747
788	842
788	853
788	878
788	883
788	896
788	938
788	956
788	986
788	990
789	291
789	374
789	605
789	680
789	690
789	709
789	765
789	860
789	871
789	901
789	928
789	966
789	996
790	143
790	415
790	510
790	582
790	638
790	650
790	654
790	765
790	773
790	820
790	855
790	988
790	996
791	151
791	331
791	478
791	521
791	571
791	609
791	751
791	828
791	880
791	963
791	972
791	992
791	993
792	103
792	104
792	264
792	514
792	685
792	738
792	768
792	934
792	954
792	959
792	964
792	968
792	998
793	6
793	94
793	289
793	330
793	468
793	825
793	879
793	917
793	939
793	978
793	979
793	982
793	984
794	153
794	242
794	245
794	319
794	389
794	477
794	587
794	719
794	839
794	927
794	929
794	941
794	952
795	75
795	128
795	413
795	438
795	457
795	491
795	626
795	688
795	708
795	883
795	920
795	986
795	989
796	40
796	189
796	240
796	317
796	323
796	557
796	610
796	636
796	765
796	779
796	852
796	889
796	914
797	61
797	224
797	472
797	564
797	602
797	749
797	850
797	898
797	899
797	933
797	963
797	974
797	983
798	5
798	86
798	346
798	454
798	663
798	744
798	860
798	883
798	887
798	890
798	913
798	921
798	990
799	132
799	276
799	305
799	416
799	528
799	621
799	672
799	750
799	850
799	894
799	951
799	970
799	994
800	411
800	511
800	657
800	709
800	787
800	818
800	859
800	942
800	951
800	962
800	978
800	989
800	998
801	563
801	565
801	566
801	651
801	784
801	828
801	831
801	899
801	925
801	934
801	935
801	965
801	977
802	296
802	380
802	503
802	535
802	571
802	720
802	737
802	884
802	907
802	925
802	930
802	982
802	991
803	57
803	148
803	295
803	381
803	389
803	490
803	512
803	733
803	758
803	780
803	913
803	944
803	991
804	271
804	371
804	432
804	533
804	698
804	713
804	730
804	776
804	874
804	895
804	918
804	936
804	971
804	1000
805	110
805	123
805	223
805	355
805	519
805	628
805	770
805	830
805	890
805	942
805	958
805	961
805	966
805	998
806	46
806	93
806	178
806	269
806	374
806	415
806	586
806	686
806	715
806	734
806	769
806	820
806	856
806	903
807	145
807	173
807	249
807	301
807	365
807	609
807	667
807	740
807	755
807	843
807	911
807	935
807	938
807	977
808	575
808	646
808	654
808	734
808	752
808	871
808	888
808	905
808	930
808	936
808	949
808	987
808	990
808	994
809	118
809	249
809	290
809	314
809	388
809	598
809	623
809	659
809	687
809	727
809	777
809	959
809	968
809	993
810	102
810	236
810	408
810	572
810	702
810	761
810	819
810	833
810	924
810	950
810	965
810	972
810	973
810	999
811	38
811	430
811	467
811	568
811	592
811	649
811	718
811	893
811	906
811	907
811	908
811	976
811	982
811	991
812	474
812	590
812	638
812	681
812	686
812	694
812	702
812	757
812	769
812	832
812	926
812	988
812	992
812	996
813	8
813	78
813	277
813	395
813	457
813	487
813	541
813	629
813	630
813	691
813	764
813	772
813	899
813	960
814	250
814	332
814	521
814	700
814	705
814	724
814	754
814	839
814	877
814	880
814	926
814	963
814	993
814	997
815	108
815	181
815	293
815	315
815	385
815	433
815	564
815	596
815	827
815	904
815	910
815	916
815	920
815	995
816	258
816	446
816	599
816	604
816	644
816	726
816	745
816	748
816	783
816	876
816	940
816	942
816	973
816	984
817	440
817	468
817	678
817	761
817	825
817	910
817	924
817	939
817	965
817	972
817	973
817	977
817	979
817	999
818	460
818	519
818	628
818	647
818	666
818	758
818	800
818	846
818	907
818	942
818	961
818	970
818	976
818	982
818	991
819	282
819	632
819	701
819	780
819	810
819	833
819	836
819	858
819	897
819	919
819	924
819	944
819	945
819	972
819	973
820	284
820	323
820	385
820	634
820	684
820	734
820	743
820	769
820	790
820	806
820	838
820	904
820	988
820	990
820	996
821	213
821	280
821	562
821	698
821	726
821	745
821	850
821	868
821	888
821	950
821	955
821	962
821	970
821	974
821	983
822	299
822	471
822	519
822	600
822	744
822	758
822	846
822	854
822	855
822	892
822	913
822	916
822	942
822	990
822	998
823	184
823	303
823	393
823	399
823	614
823	639
823	675
823	834
823	850
823	904
823	936
823	937
823	949
823	962
823	969
824	505
824	569
824	609
824	624
824	672
824	754
824	836
824	839
824	867
824	885
824	886
824	916
824	970
824	988
824	997
825	7
825	183
825	324
825	341
825	545
825	793
825	817
825	845
825	882
825	910
825	939
825	945
825	979
825	981
825	984
826	24
826	67
826	143
826	393
826	671
826	728
826	865
826	876
826	955
826	963
826	972
826	975
826	984
826	988
826	997
827	644
827	697
827	741
827	753
827	754
827	815
827	862
827	875
827	923
827	926
827	943
827	963
827	993
827	995
827	997
828	302
828	498
828	660
828	677
828	746
828	791
828	801
828	859
828	892
828	947
828	951
828	954
828	967
828	989
828	998
829	256
829	559
829	579
829	689
829	701
829	707
829	750
829	850
829	852
829	891
829	922
829	948
829	949
829	980
829	1000
830	394
830	476
830	524
830	566
830	714
830	743
830	758
830	777
830	805
830	866
830	931
830	935
830	961
830	967
830	981
831	705
831	745
831	801
831	872
831	885
831	894
831	911
831	915
831	933
831	935
831	957
831	970
831	977
831	983
831	991
832	13
832	309
832	329
832	407
832	508
832	590
832	657
832	681
832	695
832	752
832	757
832	812
832	849
832	926
832	951
833	132
833	146
833	175
833	361
833	367
833	408
833	710
833	810
833	819
833	924
833	945
833	950
833	972
833	973
833	977
834	113
834	378
834	518
834	626
834	684
834	823
834	854
834	855
834	893
834	904
834	905
834	916
834	936
834	969
834	990
834	995
835	92
835	102
835	113
835	146
835	181
835	317
835	459
835	577
835	613
835	620
835	690
835	874
835	924
835	950
835	965
835	972
836	87
836	170
836	318
836	445
836	667
836	732
836	733
836	780
836	819
836	824
836	841
836	858
836	870
836	887
836	896
836	986
837	99
837	265
837	375
837	392
837	460
837	509
837	648
837	693
837	714
837	769
837	846
837	933
837	942
837	956
837	966
837	991
838	65
838	382
838	393
838	634
838	675
838	721
838	770
838	781
838	820
838	854
838	855
838	862
838	893
838	904
838	990
838	995
839	3
839	403
839	682
839	719
839	749
839	781
839	794
839	814
839	824
839	870
839	893
839	927
839	929
839	941
839	952
839	997
840	55
840	248
840	327
840	501
840	603
840	714
840	758
840	846
840	872
840	890
840	901
840	957
840	958
840	961
840	966
840	998
841	300
841	406
841	473
841	500
841	524
841	545
841	663
841	688
841	732
841	736
841	745
841	836
841	900
841	920
841	979
841	986
842	20
842	78
842	351
842	386
842	458
842	513
842	664
842	788
842	857
842	875
842	878
842	904
842	920
842	943
842	953
842	969
843	61
843	351
843	357
843	398
843	577
843	580
843	625
843	807
843	853
843	857
843	878
843	911
843	938
843	956
843	957
843	977
844	213
844	283
844	533
844	536
844	549
844	759
844	764
844	766
844	848
844	873
844	881
844	891
844	922
844	929
844	948
844	960
844	983
845	96
845	331
845	432
845	502
845	597
845	754
845	825
845	910
845	930
845	937
845	949
845	957
845	963
845	980
845	988
845	992
845	993
846	159
846	631
846	680
846	697
846	742
846	744
846	818
846	822
846	837
846	840
846	890
846	898
846	901
846	913
846	933
846	981
846	998
847	204
847	223
847	241
847	346
847	591
847	698
847	775
847	907
847	910
847	931
847	955
847	956
847	966
847	974
847	976
847	980
847	982
848	98
848	207
848	376
848	479
848	546
848	550
848	606
848	673
848	691
848	745
848	844
848	873
848	881
848	894
848	899
848	983
848	991
849	172
849	343
849	392
849	397
849	509
849	596
849	694
849	702
849	757
849	770
849	778
849	832
849	898
849	913
849	926
849	951
849	961
850	218
850	594
850	615
850	713
850	771
850	797
850	799
850	821
850	823
850	829
850	852
850	894
850	936
850	949
850	957
850	983
850	991
851	156
851	245
851	285
851	395
851	403
851	477
851	643
851	670
851	781
851	875
851	903
851	926
851	927
851	941
851	952
851	963
851	969
852	50
852	497
852	600
852	776
852	796
852	829
852	850
852	864
852	888
852	904
852	920
852	921
852	969
852	971
852	980
852	990
852	995
853	84
853	160
853	188
853	390
853	508
853	580
853	583
853	607
853	747
853	788
853	843
853	857
853	878
853	901
853	953
853	956
853	992
854	20
854	45
854	293
854	505
854	518
854	600
854	623
854	675
854	770
854	822
854	834
854	838
854	862
854	875
854	893
854	985
854	990
855	272
855	299
855	322
855	429
855	453
855	637
855	664
855	741
855	759
855	790
855	822
855	834
855	838
855	920
855	923
855	955
855	969
856	25
856	43
856	179
856	255
856	582
856	605
856	677
856	685
856	703
856	753
856	806
856	870
856	892
856	932
856	967
856	996
856	998
857	29
857	319
857	351
857	377
857	418
857	495
857	525
857	580
857	618
857	695
857	725
857	747
857	842
857	843
857	853
857	878
857	956
858	63
858	101
858	335
858	469
858	539
858	601
858	668
858	674
858	733
858	748
858	780
858	819
858	836
858	897
858	919
858	944
858	951
859	125
859	154
859	498
859	559
859	662
859	717
859	731
859	746
859	787
859	800
859	828
859	892
859	951
859	961
859	962
859	978
859	989
860	65
860	285
860	392
860	448
860	631
860	660
860	680
860	709
860	789
860	798
860	871
860	890
860	928
860	942
860	958
860	981
860	998
861	238
861	313
861	363
861	388
861	483
861	500
861	536
861	598
861	635
861	658
861	659
861	727
861	738
861	777
861	904
861	939
861	959
861	968
862	140
862	279
862	521
862	553
862	623
862	684
862	742
862	827
862	838
862	854
862	880
862	898
862	921
862	969
862	972
862	988
862	995
862	998
863	13
863	48
863	129
863	327
863	352
863	463
863	609
863	624
863	633
863	749
863	867
863	875
863	885
863	886
863	898
863	972
863	993
863	997
864	239
864	364
864	371
864	475
864	639
864	698
864	775
864	776
864	852
864	879
864	915
864	921
864	930
864	936
864	962
864	971
864	974
864	978
865	83
865	212
865	251
865	393
865	429
865	462
865	511
865	561
865	763
865	783
865	826
865	876
865	936
865	940
865	942
865	965
865	975
865	984
866	32
866	138
866	255
866	302
866	336
866	398
866	495
866	567
866	762
866	830
866	892
866	902
866	923
866	932
866	934
866	947
866	954
866	965
867	56
867	85
867	161
867	215
867	250
867	316
867	323
867	505
867	530
867	535
867	824
867	863
867	885
867	886
867	963
867	988
867	993
867	997
868	59
868	109
868	246
868	290
868	305
868	338
868	400
868	479
868	550
868	725
868	737
868	821
868	884
868	897
868	912
868	946
868	970
868	991
869	267
869	509
869	576
869	680
869	685
869	714
869	890
869	898
869	902
869	905
869	929
869	940
869	947
869	961
869	964
869	966
869	967
869	998
870	105
870	227
870	493
870	523
870	583
870	664
870	836
870	839
870	856
870	887
870	918
870	921
870	931
870	932
870	934
870	938
870	947
870	965
870	986
871	522
871	573
871	648
871	650
871	659
871	680
871	789
871	808
871	860
871	890
871	905
871	909
871	913
871	942
871	958
871	961
871	987
871	990
871	994
872	52
872	109
872	123
872	142
872	235
872	468
872	578
872	678
872	724
872	778
872	783
872	831
872	840
872	925
872	940
872	942
872	975
872	984
872	985
873	246
873	296
873	529
873	578
873	673
873	711
873	759
873	772
873	844
873	848
873	891
873	899
873	922
873	956
873	960
873	980
873	983
873	994
873	999
874	49
874	92
874	111
874	162
874	219
874	367
874	475
874	546
874	613
874	616
874	620
874	692
874	730
874	804
874	835
874	924
874	973
874	996
874	1000
875	33
875	140
875	286
875	320
875	623
875	729
875	755
875	773
875	827
875	842
875	851
875	854
875	863
875	904
875	916
875	923
875	943
875	955
875	969
876	24
876	83
876	199
876	235
876	294
876	422
876	520
876	544
876	673
876	763
876	816
876	826
876	865
876	937
876	940
876	942
876	961
876	975
876	984
877	10
877	55
877	121
877	279
877	353
877	437
877	467
877	530
877	553
877	618
877	648
877	760
877	814
877	906
877	916
877	972
877	988
877	993
877	997
878	141
878	233
878	253
878	351
878	357
878	359
878	366
878	458
878	508
878	525
878	597
878	695
878	747
878	788
878	842
878	843
878	853
878	857
878	981
879	161
879	386
879	432
879	476
879	593
879	639
879	744
879	793
879	864
879	890
879	898
879	901
879	903
879	937
879	961
879	962
879	974
879	980
879	998
880	196
880	232
880	345
880	461
880	641
880	652
880	673
880	747
880	791
880	814
880	862
880	922
880	932
880	948
880	963
880	968
880	972
880	997
880	999
881	106
881	221
881	226
881	434
881	529
881	548
881	630
881	656
881	689
881	698
881	711
881	844
881	848
881	891
881	922
881	948
881	960
881	980
881	999
882	6
882	7
882	34
882	73
882	440
882	459
882	496
882	570
882	627
882	717
882	825
882	900
882	910
882	917
882	945
882	958
882	963
882	978
882	979
883	301
883	387
883	396
883	401
883	413
883	523
883	584
883	688
883	732
883	736
883	788
883	795
883	798
883	884
883	887
883	896
883	920
883	938
883	986
884	260
884	286
884	321
884	414
884	497
884	568
884	585
884	703
884	752
884	802
884	868
884	883
884	912
884	925
884	953
884	964
884	975
884	985
884	989
885	13
885	28
885	56
885	95
885	110
885	163
885	223
885	231
885	377
885	470
885	552
885	575
885	581
885	633
885	824
885	831
885	863
885	867
885	886
886	4
886	48
886	59
886	254
886	316
886	377
886	439
886	504
886	505
886	552
886	588
886	610
886	624
886	633
886	672
886	824
886	863
886	867
886	885
886	951
887	318
887	387
887	396
887	454
887	483
887	584
887	626
887	688
887	699
887	732
887	798
887	836
887	870
887	883
887	896
887	920
887	938
887	985
887	986
887	990
888	187
888	280
888	344
888	432
888	518
888	611
888	638
888	771
888	776
888	808
888	821
888	852
888	915
888	937
888	949
888	957
888	959
888	971
888	974
888	980
889	19
889	41
889	124
889	158
889	168
889	189
889	193
889	557
889	600
889	610
889	641
889	665
889	720
889	750
889	765
889	779
889	785
889	796
889	914
889	922
890	210
890	448
890	574
890	631
890	640
890	798
890	805
890	840
890	846
890	860
890	869
890	871
890	879
890	901
890	913
890	942
890	961
890	973
890	981
890	996
891	180
891	226
891	287
891	433
891	480
891	549
891	579
891	651
891	711
891	772
891	829
891	844
891	873
891	881
891	948
891	960
891	968
891	980
891	983
891	985
892	405
892	651
892	731
892	746
892	787
892	822
892	828
892	856
892	859
892	866
892	899
892	929
892	932
892	951
892	958
892	962
892	967
892	978
892	989
892	998
893	462
893	587
893	647
893	714
893	781
893	811
893	834
893	838
893	839
893	854
893	903
893	904
893	905
893	916
893	927
893	929
893	941
893	943
893	952
893	969
894	224
894	228
894	254
894	276
894	420
894	528
894	551
894	613
894	619
894	799
894	831
894	848
894	850
894	899
894	930
894	970
894	979
894	983
894	991
894	994
895	49
895	69
895	92
895	211
895	217
895	506
895	533
895	544
895	608
895	619
895	682
895	692
895	704
895	707
895	713
895	730
895	804
895	907
895	996
895	1000
896	5
896	293
896	300
896	318
896	560
896	612
896	634
896	667
896	688
896	742
896	788
896	836
896	883
896	887
896	938
896	943
896	969
896	986
896	990
896	995
897	54
897	63
897	139
897	203
897	416
897	425
897	445
897	451
897	539
897	668
897	674
897	733
897	739
897	780
897	819
897	858
897	868
897	913
897	919
897	928
897	944
898	97
898	210
898	268
898	347
898	596
898	629
898	648
898	797
898	846
898	849
898	862
898	863
898	869
898	879
898	919
898	970
898	981
898	992
898	993
898	997
898	998
899	147
899	281
899	345
899	427
899	479
899	541
899	619
899	621
899	673
899	750
899	797
899	801
899	813
899	848
899	873
899	892
899	894
899	912
899	960
899	983
899	991
900	215
900	237
900	266
900	341
900	350
900	373
900	442
900	459
900	473
900	524
900	627
900	661
900	717
900	761
900	841
900	882
900	939
900	954
900	979
900	981
900	984
901	95
901	295
901	343
901	360
901	506
901	541
901	629
901	650
901	697
901	719
901	789
901	840
901	846
901	853
901	879
901	890
901	953
901	955
901	966
901	992
901	994
902	284
902	394
902	398
902	404
902	405
902	495
902	566
902	655
902	682
902	699
902	866
902	869
902	928
902	929
902	932
902	933
902	934
902	935
902	954
902	958
902	998
903	15
903	251
903	354
903	516
903	544
903	578
903	587
903	604
903	678
903	726
903	781
903	806
903	851
903	879
903	893
903	927
903	929
903	937
903	941
903	942
903	952
904	155
904	164
904	207
904	518
904	542
904	634
904	675
904	684
904	742
904	770
904	815
904	820
904	823
904	834
904	838
904	842
904	852
904	861
904	875
904	893
904	969
904	984
905	299
905	318
905	379
905	515
905	534
905	542
905	573
905	646
905	684
905	767
905	808
905	834
905	869
905	871
905	893
905	909
905	916
905	943
905	964
905	987
905	990
905	994
906	108
906	278
906	443
906	487
906	543
906	564
906	596
906	696
906	723
906	811
906	877
906	907
906	908
906	912
906	956
906	970
906	976
906	988
906	992
906	993
906	997
906	999
907	26
907	195
907	380
907	402
907	443
907	608
907	716
907	718
907	802
907	811
907	818
907	847
907	895
907	906
907	908
907	911
907	931
907	956
907	966
907	976
907	987
907	991
908	36
908	38
908	288
908	380
908	430
908	543
908	558
908	562
908	693
908	716
908	718
908	766
908	811
908	906
908	907
908	931
908	956
908	958
908	976
908	982
908	987
908	991
909	52
909	130
909	308
909	388
909	478
909	515
909	522
909	528
909	556
909	573
909	583
909	622
909	626
909	646
909	683
909	741
909	767
909	871
909	905
909	975
909	987
909	990
909	994
910	76
910	324
910	507
910	618
910	662
910	700
910	705
910	784
910	815
910	817
910	825
910	845
910	847
910	882
910	916
910	945
910	963
910	968
910	978
910	979
910	981
910	984
910	997
911	135
911	391
911	565
911	637
911	643
911	705
911	716
911	741
911	762
911	772
911	773
911	782
911	807
911	831
911	843
911	907
911	923
911	926
911	935
911	939
911	943
911	977
911	995
912	57
912	117
912	197
912	202
912	218
912	276
912	337
912	414
912	444
912	531
912	595
912	613
912	663
912	735
912	767
912	868
912	884
912	899
912	906
912	946
912	964
912	985
912	994
913	63
913	115
913	120
913	282
913	386
913	640
913	668
913	674
913	724
913	733
913	780
913	798
913	803
913	822
913	846
913	849
913	871
913	890
913	897
913	919
913	928
913	933
913	944
914	19
914	129
914	168
914	176
914	409
914	488
914	557
914	600
914	610
914	636
914	641
914	665
914	720
914	728
914	740
914	750
914	765
914	779
914	785
914	796
914	889
914	945
914	986
915	77
915	465
915	550
915	564
915	595
915	639
915	672
915	676
915	771
915	831
915	864
915	888
915	930
915	933
915	949
915	966
915	971
915	973
915	974
915	983
915	991
915	994
915	1000
916	313
916	323
916	352
916	379
916	500
916	664
916	751
916	754
916	815
916	822
916	824
916	834
916	875
916	877
916	893
916	905
916	910
916	943
916	963
916	988
916	992
916	995
916	997
917	16
917	37
917	118
917	183
917	266
917	324
917	384
917	549
917	570
917	767
917	793
917	882
917	918
917	925
917	929
917	932
917	954
917	958
917	964
917	979
917	981
917	984
917	998
918	138
918	157
918	281
918	297
918	384
918	404
918	567
918	599
918	685
918	702
918	706
918	768
918	804
918	870
918	917
918	929
918	934
918	935
918	947
918	954
918	958
918	967
918	998
919	80
919	101
919	282
919	335
919	381
919	416
919	425
919	456
919	471
919	490
919	539
919	668
919	733
919	739
919	748
919	780
919	819
919	858
919	897
919	898
919	913
919	944
919	988
920	9
920	20
920	131
920	227
920	244
920	293
920	445
920	538
920	584
920	699
920	712
920	795
920	815
920	841
920	842
920	852
920	855
920	883
920	887
920	921
920	938
920	950
920	969
920	986
921	100
921	187
921	194
921	251
921	390
921	401
921	523
921	545
921	584
921	699
921	732
921	775
921	798
921	852
921	862
921	864
921	870
921	920
921	936
921	938
921	949
921	957
921	979
921	986
922	4
922	163
922	231
922	232
922	287
922	384
922	461
922	486
922	540
922	579
922	759
922	766
922	829
922	844
922	873
922	880
922	881
922	889
922	948
922	960
922	968
922	980
922	983
922	999
923	29
923	156
923	272
923	320
923	379
923	426
923	452
923	670
923	712
923	729
923	741
923	753
923	755
923	773
923	782
923	827
923	855
923	866
923	875
923	911
923	943
923	952
923	955
923	995
924	43
924	168
924	175
924	210
924	310
924	325
924	367
924	408
924	540
924	546
924	620
924	702
924	704
924	810
924	817
924	819
924	833
924	835
924	874
924	945
924	950
924	965
924	973
924	995
924	999
925	109
925	144
925	148
925	189
925	257
925	336
925	337
925	439
925	492
925	533
925	801
925	802
925	872
925	884
925	917
925	929
925	931
925	932
925	934
925	935
925	947
925	958
925	967
925	978
925	989
926	8
926	88
926	196
926	233
926	252
926	453
926	508
926	570
926	590
926	694
926	702
926	731
926	741
926	755
926	757
926	768
926	778
926	812
926	814
926	827
926	832
926	849
926	851
926	911
926	943
926	995
927	74
927	153
927	242
927	389
927	403
927	434
927	475
927	477
927	513
927	587
927	611
927	630
927	647
927	674
927	678
927	719
927	781
927	794
927	839
927	851
927	893
927	903
927	929
927	941
927	952
927	994
928	54
928	58
928	150
928	271
928	302
928	451
928	490
928	617
928	642
928	668
928	674
928	703
928	706
928	733
928	748
928	789
928	860
928	897
928	902
928	913
928	931
928	935
928	954
928	958
928	962
928	965
929	74
929	187
929	242
929	495
929	542
929	587
929	713
929	719
929	781
929	794
929	839
929	844
929	869
929	892
929	893
929	902
929	903
929	917
929	918
929	925
929	927
929	932
929	935
929	941
929	947
929	952
929	958
930	23
930	99
930	122
930	243
930	291
930	435
930	499
930	537
930	652
930	663
930	676
930	771
930	775
930	786
930	802
930	808
930	845
930	864
930	894
930	915
930	937
930	949
930	962
930	971
930	974
930	980
930	997
931	12
931	22
931	193
931	337
931	430
931	542
931	576
931	649
931	651
931	682
931	697
931	718
931	749
931	830
931	847
931	870
931	907
931	908
931	925
931	928
931	947
931	949
931	954
931	958
931	964
931	967
931	976
932	150
932	177
932	237
932	284
932	304
932	386
932	394
932	493
932	542
932	581
932	599
932	643
932	685
932	856
932	866
932	870
932	880
932	892
932	902
932	917
932	925
932	929
932	934
932	954
932	964
932	967
932	998
933	77
933	97
933	149
933	182
933	268
933	288
933	326
933	445
933	480
933	550
933	595
933	629
933	691
933	767
933	785
933	797
933	831
933	837
933	846
933	902
933	913
933	915
933	947
933	958
933	981
933	982
933	983
934	1
934	42
934	115
934	138
934	150
934	275
934	386
934	449
934	583
934	617
934	660
934	668
934	682
934	685
934	743
934	792
934	801
934	866
934	870
934	902
934	918
934	925
934	932
934	947
934	954
934	967
934	972
934	998
935	67
935	145
935	173
935	304
935	519
935	581
935	617
935	637
935	691
935	703
935	705
935	755
935	778
935	801
935	807
935	830
935	831
935	902
935	911
935	918
935	925
935	928
935	929
935	938
935	947
935	957
935	967
935	977
936	96
936	264
936	346
936	364
936	435
936	606
936	676
936	771
936	775
936	786
936	804
936	808
936	823
936	834
936	850
936	864
936	865
936	921
936	937
936	949
936	955
936	957
936	959
936	962
936	971
936	974
936	976
936	1000
937	100
937	446
937	462
937	464
937	485
937	491
937	604
937	644
937	652
937	671
937	700
937	748
937	763
937	776
937	823
937	845
937	876
937	879
937	888
937	903
937	930
937	936
937	940
937	942
937	949
937	959
937	971
937	984
938	229
938	345
938	348
938	387
938	391
938	401
938	476
938	523
938	561
938	618
938	681
938	705
938	736
938	740
938	762
938	788
938	807
938	843
938	870
938	883
938	887
938	896
938	920
938	921
938	935
938	957
938	977
938	986
939	73
939	156
939	203
939	228
939	233
939	330
939	406
939	442
939	459
939	473
939	496
939	500
939	524
939	537
939	597
939	627
939	784
939	793
939	817
939	825
939	861
939	900
939	911
939	945
939	978
939	979
939	981
939	984
940	15
940	24
940	34
940	123
940	142
940	235
940	246
940	258
940	298
940	358
940	446
940	485
940	511
940	520
940	561
940	599
940	604
940	748
940	816
940	865
940	869
940	872
940	876
940	937
940	942
940	946
940	975
940	984
941	74
941	153
941	194
941	242
941	245
941	326
941	389
941	403
941	434
941	475
941	477
941	513
941	587
941	630
941	647
941	674
941	678
941	719
941	781
941	786
941	794
941	839
941	851
941	893
941	903
941	927
941	929
941	952
942	50
942	285
942	294
942	340
942	354
942	424
942	628
942	671
942	709
942	714
942	745
942	800
942	805
942	816
942	818
942	822
942	837
942	860
942	865
942	871
942	872
942	876
942	890
942	903
942	937
942	940
942	956
942	962
942	975
943	44
943	79
943	133
943	320
943	369
943	379
943	385
943	452
943	600
943	637
943	675
943	721
943	741
943	742
943	827
943	842
943	875
943	893
943	896
943	905
943	911
943	916
943	923
943	926
943	955
943	969
943	989
943	995
943	1000
944	54
944	59
944	87
944	101
944	107
944	121
944	139
944	165
944	169
944	170
944	271
944	282
944	425
944	445
944	451
944	490
944	539
944	601
944	668
944	674
944	748
944	780
944	803
944	819
944	858
944	897
944	913
944	919
944	989
945	94
945	317
945	324
945	325
945	398
945	473
945	486
945	527
945	558
945	569
945	572
945	577
945	597
945	819
945	825
945	833
945	882
945	910
945	914
945	924
945	939
945	950
945	973
945	977
945	978
945	979
945	981
945	984
945	999
946	51
946	137
946	220
946	286
946	306
946	311
946	419
946	421
946	423
946	436
946	467
946	469
946	481
946	491
946	492
946	585
946	616
946	627
946	669
946	684
946	703
946	720
946	763
946	868
946	912
946	940
946	953
946	964
946	985
946	989
947	32
947	174
947	230
947	275
947	297
947	405
947	449
947	485
947	493
947	567
947	576
947	617
947	647
947	768
947	828
947	866
947	869
947	870
947	918
947	925
947	929
947	931
947	933
947	934
947	935
947	953
947	954
947	959
947	967
947	998
948	2
948	28
948	71
948	136
948	234
948	246
948	247
948	277
948	287
948	428
948	433
948	457
948	486
948	517
948	549
948	578
948	579
948	629
948	636
948	656
948	711
948	772
948	829
948	844
948	880
948	881
948	891
948	922
948	960
948	992
948	999
949	96
949	171
949	225
949	264
949	346
949	356
949	513
949	591
949	652
949	676
949	752
949	775
949	776
949	786
949	808
949	823
949	829
949	845
949	850
949	888
949	915
949	921
949	930
949	931
949	936
949	937
949	957
949	959
949	971
949	974
949	1000
950	146
950	168
950	247
950	262
950	310
950	317
950	321
950	325
950	348
950	361
950	367
950	372
950	572
950	577
950	595
950	620
950	653
950	687
950	729
950	810
950	821
950	833
950	835
950	920
950	924
950	945
950	965
950	972
950	973
950	977
950	999
951	131
951	154
951	172
951	208
951	233
951	309
951	364
951	498
951	508
951	527
951	590
951	657
951	694
951	695
951	702
951	717
951	746
951	768
951	787
951	799
951	800
951	828
951	832
951	849
951	858
951	859
951	886
951	892
951	962
951	978
951	989
952	53
952	194
952	242
952	322
952	369
952	426
952	434
952	477
952	570
952	587
952	637
952	649
952	662
952	678
952	712
952	758
952	773
952	775
952	781
952	782
952	794
952	839
952	851
952	893
952	903
952	923
952	927
952	929
952	941
952	955
952	977
953	10
953	84
953	191
953	222
953	263
953	313
953	342
953	349
953	390
953	400
953	431
953	438
953	444
953	531
953	607
953	625
953	708
953	719
953	720
953	724
953	774
953	778
953	842
953	853
953	884
953	901
953	946
953	947
953	985
953	989
953	992
953	997
954	27
954	42
954	157
954	177
954	236
954	336
954	449
954	466
954	566
954	599
954	604
954	642
954	674
954	691
954	706
954	743
954	792
954	828
954	866
954	900
954	902
954	917
954	918
954	928
954	931
954	932
954	934
954	947
954	964
954	965
954	967
954	998
955	16
955	120
955	134
955	230
955	320
955	322
955	356
955	420
955	545
955	591
955	639
955	670
955	698
955	731
955	758
955	771
955	775
955	782
955	821
955	826
955	847
955	855
955	875
955	901
955	923
955	936
955	943
955	952
955	957
955	971
955	974
955	995
956	38
956	141
956	206
956	253
956	351
956	357
956	359
956	380
956	381
956	402
956	513
956	525
956	625
956	645
956	695
956	718
956	725
956	747
956	788
956	837
956	843
956	847
956	853
956	857
956	873
956	906
956	907
956	908
956	942
956	970
956	973
956	982
957	192
957	217
957	241
957	264
957	365
957	476
957	504
957	551
957	563
957	565
957	663
957	676
957	716
957	755
957	762
957	776
957	831
957	840
957	843
957	845
957	850
957	888
957	921
957	935
957	936
957	938
957	949
957	955
957	959
957	971
957	974
957	977
958	50
958	226
958	327
958	417
958	476
958	495
958	519
958	566
958	576
958	628
958	685
958	805
958	840
958	860
958	871
958	882
958	892
958	902
958	908
958	917
958	918
958	925
958	928
958	929
958	931
958	933
958	961
958	964
958	966
958	967
958	980
958	998
959	184
959	199
959	301
959	314
959	346
959	363
959	462
959	488
959	502
959	567
959	635
959	639
959	658
959	666
959	676
959	687
959	727
959	771
959	775
959	777
959	786
959	792
959	809
959	861
959	888
959	936
959	937
959	947
959	949
959	957
959	968
959	971
959	974
960	4
960	18
960	23
960	221
960	277
960	303
960	395
960	433
960	455
960	487
960	517
960	518
960	549
960	559
960	636
960	673
960	681
960	729
960	772
960	813
960	844
960	873
960	881
960	891
960	899
960	922
960	948
960	966
960	968
960	980
960	983
960	995
960	999
961	62
961	97
961	125
961	180
961	270
961	333
961	375
961	448
961	470
961	501
961	509
961	574
961	603
961	628
961	640
961	680
961	709
961	739
961	805
961	818
961	830
961	840
961	849
961	859
961	869
961	871
961	876
961	879
961	890
961	958
961	981
961	993
961	998
962	125
962	274
962	335
962	371
962	498
962	502
962	527
962	537
962	582
962	662
962	663
962	677
962	698
962	717
962	746
962	775
962	787
962	800
962	821
962	823
962	859
962	864
962	879
962	892
962	928
962	930
962	936
962	942
962	951
962	971
962	978
962	980
962	989
963	67
963	76
963	167
963	239
963	278
963	352
963	437
963	478
963	602
963	609
963	644
963	652
963	655
963	723
963	728
963	749
963	751
963	791
963	797
963	814
963	826
963	827
963	845
963	851
963	867
963	880
963	882
963	910
963	916
963	974
963	992
963	993
963	997
964	51
964	90
964	137
964	150
964	188
964	236
964	297
964	389
964	414
964	421
964	566
964	567
964	571
964	616
964	722
964	737
964	740
964	743
964	792
964	869
964	884
964	905
964	912
964	917
964	931
964	932
964	946
964	954
964	958
964	965
964	975
964	985
964	989
964	991
965	17
965	155
965	230
965	262
965	297
965	347
965	361
965	372
965	384
965	394
965	405
965	567
965	653
965	660
965	710
965	757
965	761
965	801
965	810
965	817
965	835
965	865
965	866
965	870
965	924
965	928
965	950
965	954
965	964
965	973
965	977
965	988
965	998
965	999
966	152
966	252
966	267
966	272
966	273
966	343
966	402
966	441
966	563
966	592
966	593
966	608
966	614
966	624
966	640
966	645
966	648
966	685
966	697
966	709
966	744
966	789
966	805
966	837
966	840
966	847
966	869
966	901
966	907
966	915
966	958
966	960
966	976
966	987
967	5
967	90
967	115
967	157
967	297
967	304
967	394
967	398
967	436
967	449
967	466
967	576
967	642
967	655
967	682
967	695
967	706
967	743
967	828
967	830
967	856
967	869
967	892
967	918
967	925
967	931
967	932
967	934
967	935
967	947
967	954
967	958
967	984
967	998
968	23
968	104
968	136
968	139
968	196
968	209
968	238
968	249
968	301
968	340
968	397
968	536
968	540
968	548
968	635
968	651
968	658
968	711
968	738
968	756
968	764
968	777
968	792
968	809
968	861
968	880
968	891
968	910
968	922
968	959
968	960
968	971
968	983
968	999
969	20
969	30
969	33
969	140
969	176
969	261
969	293
969	456
969	497
969	534
969	538
969	612
969	634
969	664
969	675
969	684
969	717
969	742
969	770
969	823
969	834
969	842
969	851
969	852
969	855
969	862
969	875
969	893
969	896
969	904
969	920
969	943
969	971
969	990
969	995
970	172
970	204
970	252
970	258
970	273
970	292
970	302
970	334
970	338
970	430
970	440
970	528
970	535
970	543
970	562
970	691
970	696
970	716
970	726
970	735
970	767
970	799
970	818
970	821
970	824
970	831
970	868
970	894
970	898
970	906
970	956
970	982
970	983
970	987
970	991
971	81
971	169
971	171
971	184
971	328
971	335
971	344
971	356
971	502
971	547
971	591
971	654
971	773
971	775
971	776
971	786
971	804
971	852
971	864
971	888
971	915
971	930
971	936
971	937
971	949
971	955
971	957
971	959
971	962
971	968
971	969
971	974
971	976
971	980
971	1000
972	4
972	119
972	247
972	250
972	315
972	325
972	361
972	420
972	558
972	572
972	596
972	613
972	644
972	646
972	655
972	710
972	723
972	787
972	791
972	810
972	817
972	819
972	826
972	833
972	835
972	862
972	863
972	877
972	880
972	934
972	950
972	977
972	992
972	993
972	997
972	999
973	119
973	155
973	262
973	294
973	348
973	372
973	408
973	447
973	492
973	546
973	611
973	620
973	653
973	657
973	687
973	690
973	701
973	710
973	729
973	735
973	761
973	810
973	816
973	817
973	819
973	833
973	874
973	890
973	915
973	924
973	945
973	950
973	956
973	965
973	977
973	999
974	18
974	112
974	122
974	184
974	187
974	241
974	264
974	291
974	328
974	370
974	371
974	412
974	499
974	502
974	593
974	611
974	676
974	771
974	775
974	776
974	786
974	797
974	821
974	847
974	864
974	879
974	888
974	915
974	930
974	936
974	949
974	955
974	957
974	959
974	963
974	971
974	980
975	64
975	142
975	220
975	235
975	257
975	314
975	342
975	347
975	358
975	419
975	429
975	436
975	512
975	520
975	544
975	578
975	585
975	616
975	627
975	644
975	648
975	671
975	706
975	708
975	720
975	748
975	778
975	826
975	865
975	872
975	876
975	884
975	909
975	940
975	942
975	964
975	984
975	985
976	9
976	12
976	38
976	52
976	110
976	127
976	198
976	206
976	252
976	261
976	265
976	319
976	334
976	450
976	471
976	489
976	494
976	535
976	593
976	608
976	642
976	665
976	693
976	696
976	718
976	766
976	811
976	818
976	847
976	906
976	907
976	908
976	931
976	936
976	966
976	971
976	982
976	987
976	991
977	11
977	67
977	102
977	173
977	229
977	249
977	301
977	361
977	391
977	514
977	527
977	558
977	563
977	565
977	622
977	653
977	701
977	702
977	710
977	716
977	752
977	762
977	783
977	801
977	807
977	817
977	831
977	833
977	843
977	911
977	935
977	938
977	945
977	950
977	952
977	957
977	965
977	972
977	973
978	29
978	37
978	65
978	80
978	94
978	126
978	156
978	215
978	274
978	362
978	465
978	496
978	498
978	545
978	559
978	627
978	662
978	677
978	717
978	731
978	746
978	761
978	787
978	793
978	800
978	859
978	864
978	882
978	892
978	910
978	925
978	939
978	945
978	951
978	962
978	979
978	981
978	984
978	989
979	31
979	34
979	37
979	60
979	73
979	200
979	201
979	203
979	330
979	373
979	378
979	410
979	428
979	440
979	442
979	489
979	500
979	545
979	570
979	597
979	662
979	717
979	761
979	784
979	793
979	817
979	825
979	841
979	882
979	894
979	900
979	910
979	917
979	921
979	939
979	945
979	978
979	981
979	984
980	44
980	171
980	234
980	314
980	432
980	455
980	461
980	487
980	540
980	559
980	575
980	579
980	591
980	641
980	679
980	680
980	698
980	721
980	746
980	752
980	756
980	766
980	829
980	845
980	847
980	852
980	873
980	879
980	881
980	888
980	891
980	922
980	930
980	958
980	960
980	962
980	971
980	974
980	983
980	999
981	1
981	6
981	14
981	60
981	154
981	186
981	266
981	270
981	341
981	360
981	428
981	445
981	496
981	524
981	537
981	624
981	628
981	661
981	714
981	733
981	760
981	770
981	825
981	830
981	846
981	860
981	878
981	890
981	898
981	900
981	910
981	917
981	933
981	939
981	945
981	961
981	978
981	979
981	984
981	998
981	1000
982	12
982	18
982	22
982	26
982	89
982	197
982	198
982	212
982	252
982	271
982	319
982	338
982	381
982	402
982	430
982	471
982	517
982	543
982	568
982	592
982	593
982	608
982	614
982	616
982	642
982	649
982	693
982	696
982	718
982	766
982	793
982	802
982	811
982	818
982	847
982	908
982	933
982	956
982	970
982	976
982	991
983	71
983	91
983	276
983	283
983	338
983	376
983	404
983	420
983	465
983	474
983	479
983	529
983	565
983	575
983	595
983	628
983	630
983	656
983	766
983	767
983	782
983	797
983	821
983	831
983	844
983	848
983	850
983	873
983	891
983	894
983	899
983	915
983	922
983	933
983	960
983	968
983	970
983	980
983	989
983	991
983	994
984	6
984	94
984	126
984	209
984	266
984	294
984	298
984	354
984	424
984	442
984	485
984	516
984	520
984	524
984	561
984	599
984	617
984	661
984	671
984	783
984	784
984	793
984	816
984	825
984	826
984	865
984	872
984	876
984	900
984	904
984	910
984	917
984	937
984	939
984	940
984	945
984	967
984	975
984	978
984	979
984	981
984	987
985	47
985	64
985	82
985	137
985	170
985	214
985	220
985	232
985	243
985	257
985	260
985	286
985	295
985	337
985	342
985	383
985	400
985	414
985	421
985	439
985	468
985	497
985	521
985	531
985	585
985	632
985	669
985	703
985	708
985	722
985	737
985	778
985	854
985	872
985	884
985	887
985	891
985	912
985	946
985	953
985	964
985	975
986	9
986	35
986	105
986	123
986	159
986	166
986	227
986	251
986	256
986	284
986	305
986	318
986	368
986	387
986	396
986	401
986	407
986	413
986	454
986	555
986	561
986	584
986	626
986	632
986	683
986	688
986	699
986	732
986	736
986	788
986	795
986	836
986	841
986	870
986	883
986	887
986	896
986	914
986	920
986	921
986	938
986	1000
987	36
987	89
987	130
987	193
987	225
987	265
987	288
987	308
987	312
987	326
987	334
987	370
987	439
987	450
987	461
987	515
987	522
987	535
987	543
987	556
987	568
987	573
987	583
987	614
987	622
987	642
987	645
987	646
987	661
987	683
987	693
987	808
987	871
987	905
987	907
987	908
987	909
987	966
987	970
987	976
987	984
987	990
987	994
988	21
988	35
988	76
988	166
988	190
988	269
988	374
988	415
988	419
988	422
988	437
988	530
988	532
988	555
988	569
988	589
988	602
988	618
988	652
988	654
988	700
988	743
988	748
988	749
988	756
988	760
988	765
988	790
988	812
988	820
988	824
988	826
988	845
988	862
988	867
988	877
988	906
988	916
988	919
988	965
988	993
988	996
988	997
989	29
989	80
989	128
989	140
989	144
989	170
989	208
989	274
989	321
989	362
989	400
989	421
989	423
989	444
989	498
989	503
989	527
989	559
989	585
989	662
989	669
989	677
989	708
989	717
989	721
989	731
989	746
989	787
989	795
989	800
989	828
989	859
989	884
989	892
989	925
989	943
989	944
989	946
989	951
989	953
989	962
989	964
989	978
989	983
990	103
990	130
990	164
990	225
990	239
990	248
990	270
990	299
990	308
990	385
990	388
990	439
990	515
990	522
990	528
990	573
990	583
990	592
990	612
990	622
990	623
990	646
990	675
990	683
990	712
990	721
990	767
990	788
990	798
990	808
990	820
990	822
990	834
990	838
990	852
990	854
990	871
990	887
990	896
990	905
990	909
990	969
990	987
990	994
990	995
991	149
991	204
991	228
991	265
991	281
991	308
991	420
991	429
991	450
991	460
991	472
991	526
991	568
991	606
991	614
991	621
991	642
991	645
991	665
991	666
991	691
991	716
991	739
991	745
991	767
991	802
991	803
991	811
991	818
991	831
991	837
991	848
991	850
991	868
991	894
991	899
991	907
991	908
991	915
991	964
991	970
991	976
991	982
991	983
991	994
992	30
992	60
992	143
992	160
992	188
992	191
992	202
992	222
992	263
992	295
992	390
992	412
992	431
992	443
992	467
992	506
992	507
992	530
992	569
992	589
992	607
992	609
992	625
992	650
992	700
992	719
992	728
992	754
992	762
992	774
992	791
992	812
992	845
992	853
992	898
992	901
992	906
992	916
992	948
992	953
992	963
992	972
992	993
992	997
992	998
993	3
993	30
993	114
993	167
993	239
993	279
993	285
993	332
993	350
993	352
993	365
993	482
993	494
993	521
993	530
993	553
993	596
993	615
993	648
993	682
993	705
993	723
993	728
993	735
993	749
993	751
993	760
993	762
993	787
993	791
993	809
993	814
993	827
993	845
993	863
993	867
993	877
993	898
993	906
993	961
993	963
993	972
993	988
993	992
993	997
994	39
994	77
994	86
994	130
994	132
994	225
994	308
994	312
994	338
994	376
994	388
994	416
994	478
994	479
994	515
994	522
994	528
994	551
994	556
994	573
994	594
994	613
994	621
994	622
994	630
994	646
994	672
994	683
994	726
994	767
994	785
994	799
994	808
994	871
994	873
994	894
994	901
994	905
994	909
994	912
994	915
994	927
994	983
994	987
994	990
994	991
995	15
995	45
995	53
995	116
995	125
995	244
995	248
995	303
995	320
995	385
995	393
995	426
995	427
995	446
995	462
995	534
995	570
995	637
995	643
995	649
995	675
995	684
995	690
995	712
995	741
995	742
995	753
995	755
995	758
995	759
995	815
995	827
995	834
995	838
995	852
995	862
995	896
995	911
995	916
995	923
995	924
995	926
995	943
995	955
995	960
995	969
995	990
996	22
996	49
996	62
996	70
996	71
996	92
996	126
996	161
996	162
996	166
996	174
996	178
996	179
996	217
996	331
996	339
996	374
996	384
996	399
996	419
996	472
996	506
996	510
996	520
996	547
996	594
996	605
996	608
996	619
996	631
996	640
996	686
996	692
996	704
996	706
996	707
996	713
996	715
996	789
996	790
996	812
996	820
996	856
996	874
996	890
996	895
996	988
996	1000
997	3
997	55
997	64
997	108
997	129
997	151
997	167
997	186
997	201
997	215
997	219
997	278
997	350
997	353
997	365
997	420
997	437
997	466
997	482
997	569
997	571
997	582
997	676
997	682
997	723
997	751
997	754
997	762
997	774
997	814
997	824
997	826
997	827
997	839
997	863
997	867
997	877
997	880
997	898
997	906
997	910
997	916
997	930
997	953
997	963
997	972
997	988
997	992
997	993
998	47
998	75
998	177
998	216
998	236
998	267
998	275
998	375
998	417
998	450
998	501
998	576
998	580
998	583
998	599
998	624
998	651
998	660
998	697
998	714
998	744
998	770
998	792
998	800
998	805
998	822
998	828
998	840
998	846
998	856
998	860
998	862
998	869
998	879
998	892
998	898
998	902
998	917
998	918
998	932
998	934
998	947
998	954
998	958
998	961
998	965
998	967
998	981
998	992
999	8
999	28
999	209
999	231
999	289
999	321
999	348
999	354
999	408
999	417
999	418
999	492
999	529
999	540
999	546
999	575
999	577
999	578
999	649
999	651
999	653
999	656
999	657
999	690
999	701
999	702
999	704
999	711
999	718
999	729
999	759
999	766
999	810
999	817
999	873
999	880
999	881
999	906
999	922
999	924
999	945
999	948
999	950
999	960
999	965
999	968
999	972
999	973
999	980
1000	17
1000	23
1000	49
1000	68
1000	69
1000	71
1000	111
1000	122
1000	162
1000	217
1000	311
1000	328
1000	331
1000	344
1000	399
1000	423
1000	435
1000	472
1000	499
1000	506
1000	533
1000	537
1000	544
1000	547
1000	554
1000	591
1000	606
1000	608
1000	615
1000	619
1000	654
1000	663
1000	692
1000	721
1000	730
1000	760
1000	771
1000	786
1000	804
1000	829
1000	874
1000	895
1000	915
1000	936
1000	943
1000	949
1000	971
1000	981
1000	986
1000	996
