103 122 130 142 152 156 178 199 201 206 21 217 218 220 229 23 276 286 304 318 319 337 377 379 386 4 400 416 432 434 436 455 461 493 502 512 517 524 527 54 555 559 57 589 594 598 602 609 625 63 639 652 656 665 673 701 719 734 744 768 78 799 840 867 880 882 890 899 904 924 94 
110 114 211 238 246 285 3 331 404 407 416 422 427 474 485 517 54 542 562 564 608 634 639 670 68 690 74 749 767 769 778 781 793 807 812 822 830 832 874 898 899 909 915 950 971 993 994 997
122 134 141 18 191 199 201 227 244 253 307 312 333 364 377 379 412 416 425 44 450 454 469 482 497 524 533 547 559 584 590 595 702 715 726 73 740 742 753 77 869 878 899 903 908 915 941 95 974 992 999
103 116 131 155 173 201 218 230 231 235 263 291 341 390 441 445 453 454 479 485 499 5 555 564 568 663 757 807 831 866 887 944 956 995
122 153 179 201 227 263 268 37 487 531 548 568 63 637 671 714 731 747 887 933 940 944 958 963
10 110 116 122 137 139 167 171 182 187 193 215 229 251 257 258 266 267 278 28 281 282 325 331 335 372 373 382 394 397 432 433 436 468 47 478 490 491 5 50 506 512 517 566 571 573 610 612 615 623 641 642 644 650 654 66 668 68 701 728 729 735 74 744 746 753 758 761 768 785 807 810 811 815 821 83 835 836 839 868 869 876 888 891 903 909 913 919 933 950 965 971 994
1 124 127 128 148 162 174 211 226 229 248 256 258 259 27 281 288 289 311 317 336 337 339 343 357 364 369 376 386 409 414 418 422 427 43 439 44 453 458 46 480 481 502 511 527 555 568 581 587 597 598 604 61 613 626 644 681 701 709 71 714 732 741 744 746 750 761 776 78 786 824 831 834 837 847 855 881 888 895 90 903 909 912 916 922 939 941 942 948 964 977 979
106 111 167 258 275 357 369 419 53 533 555 564 581 610 612 652 666 673 674 726 728 758 798 878 91 940 999
139 187 189 193 231 233 265 298 313 329 35 360 40 402 421 448 491 493 527 533 546 557 559 608 653 715 718 735 736 743 769 834 836 875 905 91 944 957 959 993
116 118 126 160 162 174 180 282 289 326 366 409 501 515 518 570 60 608 621 665 673 729 837 854 895 916 999
107 12 142 150 163 173 181 206 212 255 267 269 294 316 339 359 368 381 386 397 398 415 433 470 473 518 528 531 548 567 588 596 610 619 626 653 664 667 681 687 691 692 705 731 735 740 742 768 808 820 83 832 847 852 900 91 914 966 969 982 991
1 103 106 113 129 139 141 153 155 19 202 231 239 255 259 267 286 295 302 311 320 323 33 339 364 373 382 398 402 406 412 422 423 432 434 450 463 47 480 491 502 506 507 512 513 516 521 531 535 543 546 55 552 559 588 592 600 610 647 65 654 669 675 676 681 683 690 694 714 731 743 750 79 793 8 804 806 808 812 822 83 833 835 9 90 928 94 948 955 990 997
123 132 134 135 17 331 343 355 4 405 414 489 508 538 652 672 764 770 788 86 888 923 924 94 949 965 970
10 108 116 118 129 141 144 154 170 194 204 215 216 220 228 231 233 238 241 25 261 268 269 274 282 284 286 30 313 32 325 335 351 355 379 391 396 400 427 431 483 486 504 518 53 539 542 562 563 565 571 578 601 615 618 62 627 645 662 680 682 685 686 702 715 721 727 740 753 778 784 793 808 843 86 864 875 877 880 885 910 918 935 938 942 957 962 963 985
118 129 142 153 16 173 191 192 193 196 206 215 231 241 27 286 291 312 313 332 347 351 364 391 398 403 414 422 425 467 47 477 506 509 539 553 563 57 584 593 596 598 599 602 604 614 626 627 637 647 648 671 684 688 690 715 717 734 742 744 746 757 764 770 78 781 793 797 8 810 811 823 836 838 847 86 877 889 896 910 913 914 94 940 957 960 970 971 972 982 985 995
110 113 116 226 28 330 439 48 50 503 504 539 554 57 584 600 672 715 721 736 790 81 829 831 848 887 888 907 924 940
167 189 213 3 311 354 369 371 377 400 418 469 482 485 496 514 515 540 584 687 69 718 729 736 751 752 758 809 836 844 854 882 965 978
1000 115 117 122 128 137 151 178 18 185 191 199 206 218 222 223 229 250 262 266 274 313 33 332 336 347 353 362 394 416 421 436 443 462 480 488 499 505 552 554 578 615 622 627 63 642 644 647 653 661 672 678 684 687 695 698 705 706 717 751 767 768 769 773 775 788 790 796 797 81 811 82 823 827 831 833 844 854 86 881 882 883 887 896 9 901 913 914 928 95 957 965 975 985 994
10 105 120 130 176 207 212 217 257 281 288 310 319 327 331 336 347 351 355 362 377 389 414 441 454 481 492 504 515 534 542 570 586 595 608 61 610 623 639 667 68 683 686 703 709 746 750 756 759 760 763 769 774 820 864 889 9 918 95 954 955 980
161 173 226 233 246 278 28 289 331 339 39 392 432 45 502 571 59 596 659 675 681 685 689 737 766 818 844 849 878 905 931 951 971 972 992 997
102 114 121 134 137 150 153 170 22 224 244 258 263 266 267 269 274 291 330 349 362 368 372 377 415 419 423 433 434 440 441 482 486 488 49 527 528 533 536 562 566 577 581 601 604 626 63 644 645 673 676 68 685 7 703 73 731 739 744 751 756 763 790 797 802 81 822 830 837 838 873 874 878 880 898 900 935 964 99 992 993 998
131 144 151 152 156 170 172 182 184 203 272 284 292 311 333 34 37 396 418 450 454 458 473 506 545 564 578 62 648 654 667 701 703 722 743 760 761 770 784 811 833 855 865 866 874 904 922 95 96 961 964 986 994
123 128 137 171 223 229 248 257 278 281 373 427 431 454 477 484 488 5 521 536 538 544 588 60 614 631 707 743 770 774 795 823 831 864 881 915 922 979
1 110 175 236 270 325 337 379 393 398 414 425 499 652 665 667 672 739 758 784 80 820 824 898 985
10 121 130 171 174 193 212 215 235 244 247 249 262 265 269 280 292 3 315 33 336 337 339 357 362 378 382 402 409 425 427 486 488 494 5 50 511 521 529 536 54 542 559 563 572 578 60 615 663 667 668 675 676 698 722 734 756 76 763 766 773 825 865 882 889 891 895 924 962 967 968 979
100 102 121 129 130 134 152 166 168 170 175 182 187 189 194 24 261 272 274 281 292 293 305 313 364 374 391 393 394 41 42 427 431 477 509 515 536 538 543 546 598 607 614 619 626 628 630 636 642 650 698 719 736 752 753 797 841 864 866 892 90 913 915 921 922 923 944 95 954 955 96 960 963 978 985 997
104 110 123 162 184 199 223 261 276 284 368 458 476 482 493 528 54 546 555 563 566 574 582 597 602 617 648 656 682 702 703 714 718 73 751 766 775 792 885 907 916 918 970 994
1 10 108 120 154 155 159 170 187 192 196 214 218 232 243 245 251 252 255 28 282 313 315 324 327 351 367 373 382 399 416 457 464 477 485 504 521 53 530 542 554 575 590 595 602 637 668 671 673 698 699 7 700 703 746 758 760 779 788 79 82 833 835 864 874 876 883 9 914 915 933 941 982 992 995
128 155 159 163 164 184 188 192 196 206 262 292 296 324 325 37 388 393 419 421 43 431 435 447 481 491 499 518 520 563 588 61 616 62 631 642 650 691 693 719 748 773 774 775 784 809 817 825 837 842 859 869 877 887 905 907 910 928 941 944 950 96 963 978 990 994
140 144 196 2 263 347 433 493 507 528 546 604 62 654 833 855 899 904 908 909
141 151 16 163 167 184 21 221 289 328 355 358 363 379 384 387 398 412 419 425 428 451 453 50 504 512 524 575 581 61 619 63 644 658 663 676 690 733 764 779 78 800 823 830 844 869 872 880 896 898 908 922 964 993 995
248 262 264 28 280 324 343 365 37 439 44 458 521 548 557 583 676 68 692 706 719 729 739 772 796 808 834 855 859 865 87 882 886 89 903 905 935 997
103 106 108 118 139 144 149 154 2 212 215 220 242 266 27 277 280 289 291 294 328 330 338 345 359 368 37 383 388 418 431 439 441 452 47 49 503 55 555 557 584 585 586 6 632 638 640 655 656 676 690 694 709 718 719 74 744 758 767 776 790 800 808 816 824 834 845 854 856 86 883 888 891 896 907 914 940 941 954 965 972 976 981 99
110 114 129 130 142 144 151 153 174 18 184 198 226 229 238 265 268 294 312 348 372 414 421 423 429 432 453 458 468 469 47 488 502 506 511 517 531 548 586 598 62 652 662 681 7 702 705 706 709 712 717 74 742 747 763 77 772 778 79 8 800 809 810 822 832 833 837 911 922 942 946 95 954 955 96 976 990 997
113 13 134 151 178 209 211 214 217 263 268 27 272 3 309 334 351 370 372 402 436 449 459 509 516 52 528 57 587 600 619 694 745 753 761 764 784 80 807 830 889 90 903 950 957
121 131 19 259 4 412 439 509 516 526 660 682 700 706 721 788 880 918 94 990 999
111 113 125 129 137 150 152 154 159 16 171 175 227 243 251 259 260 263 269 285 287 290 319 330 332 333 372 38 386 388 394 415 437 50 500 515 516 519 523 526 528 531 533 54 557 559 575 587 591 601 618 621 623 627 642 653 665 680 684 685 686 694 700 705 722 728 735 747 756 762 78 796 800 820 835 861 887 9 900 913 914 916 923 94 944 945 953 966 98 982 996
103 134 16 171 175 182 184 199 218 219 235 246 248 268 29 325 326 388 395 4 464 49 503 53 533 556 596 604 609 623 639 656 665 667 672 704 715 742 779 787 859 960 979
111 113 131 162 187 194 262 283 291 294 327 339 37 386 39 397 415 512 515 518 55 550 552 566 581 73 742 747 750 767 823 848 876 880 904 948
113 114 12 150 191 251 285 319 33 332 335 369 471 495 526 570 61 668 690 698 723 752 77 770 835 874 891 895 897 905 916 933 935 948 964 987 99
156 167 178 19 21 255 280 311 372 39 392 418 472 5 546 600 631 656 691 697 731 740 760 805 814 825 926
120 19 233 261 272 278 31 377 393 481 486 524 531 538 570 595 596 597 606 663 686 692 697 754 780 80 822 927 945 983
102 120 123 147 163 173 175 182 189 195 197 208 215 227 243 246 262 27 291 297 324 325 350 357 362 368 39 396 468 469 502 503 517 536 539 562 580 596 603 618 629 639 64 644 648 649 651 671 675 681 725 761 766 77 772 775 776 790 811 819 83 834 844 848 868 894 895 923 940 942 945 960 962 984 990 992
12 123 15 16 183 189 19 21 243 261 268 279 328 344 359 368 422 432 434 436 464 473 493 516 560 584 609 618 623 631 646 668 684 693 706 721 74 755 757 774 776 797 830 838 852 858 859 871 879 891 900 932 942 948
142 157 178 18 187 196 201 238 239 240 254 273 28 284 285 312 321 326 335 364 382 391 396 419 433 441 499 510 525 549 605 614 619 624 626 631 656 662 686 692 693 7 706 726 728 729 738 740 752 803 804 807 814 838 848 850 859 868 876 903 917 918 99
178 205 26 276 351 482 521 581 587 601 710 711 722 752 778 814 836 848 852 853 876 925
111 12 159 163 191 192 194 2 214 241 259 319 335 397 416 513 615 639 654 671 709 760 779 80 824 881 950 970
102 111 128 136 142 159 169 19 196 241 251 299 312 396 4 421 442 453 481 486 513 543 564 571 600 604 621 623 643 662 680 694 724 756 776 860 865 889 904 909 91 921 93 937 941 96 962 985
109 111 121 123 141 150 152 16 162 173 193 200 223 267 284 315 330 340 343 359 361 373 392 400 424 43 466 477 482 507 511 517 539 543 56 562 563 566 590 642 645 673 717 735 736 747 763 769 773 793 8 80 800 804 82 824 834 883 899 90 930 935 978 988 989 992
102 108 120 131 152 156 186 191 193 2 206 223 235 243 251 257 258 266 285 315 324 328 330 332 355 362 380 39 391 397 400 402 409 411 420 43 434 441 444 453 464 469 480 488 49 503 507 509 518 538 55 552 554 561 570 586 602 608 618 627 637 645 647 680 682 693 700 702 722 734 736 747 753 757 763 766 771 772 797 82 826 847 851 852 855 878 906 907 918 921 934 935 966 976
119 175 18 220 239 261 267 276 288 311 315 326 33 332 336 345 4 409 410 417 473 480 49 498 507 527 53 542 557 597 60 600 633 648 662 671 680 683 686 692 726 77 778 78 781 8 801 804 812 847 848 907 913 915 928 955 964 966 970 971
1 11 118 128 138 141 146 163 182 190 192 218 226 231 238 244 246 248 266 280 282 303 306 327 333 347 382 392 402 419 421 43 438 44 465 468 473 475 485 486 526 536 537 571 575 608 61 612 653 668 67 677 68 682 683 691 692 70 705 709 714 716 717 728 73 74 757 767 775 776 781 804 81 812 823 825 830 86 875 883 888 928 954 96 99 999
12 155 156 171 174 189 21 212 234 241 246 265 284 322 388 44 450 481 513 538 554 562 587 588 595 60 615 637 645 675 682 691 721 726 734 764 770 793 8 808 81 812 820 876 883 885 895 902 950 966 970
120 153 167 201 211 225 241 244 292 345 373 418 422 430 439 51 512 571 578 587 588 610 612 63 648 663 680 734 768 79 814 82 852 905 921 933 948 954
106 143 177 192 194 212 243 27 278 294 337 345 347 355 357 379 398 412 425 446 454 469 473 477 506 511 526 551 557 566 579 58 590 609 620 627 652 665 718 726 739 740 774 777 790 804 809 810 813 814 820 828 835 836 865 866 877 962 979
101 114 226 237 258 288 328 392 394 409 507 568 576 60 687 693 698 705 743 751 760 761 765 779 83 832 884 893 91 924 982 993
106 139 150 21 315 423 485 564 595 601 650 675 684 687 693 7 714 731 789 796 824 838 84 85 869 899 908 945 965 972 978
121 162 2 214 233 235 238 265 276 278 280 288 308 326 327 385 388 412 436 468 47 5 504 513 522 55 552 569 575 578 597 635 653 683 697 750 764 766 779 782 794 796 807 810 866 868 874 875 877 885 898 9 910 923 928 963 972 976 978 979
214 235 239 255 257 300 33 369 433 44 527 548 609 614 62 631 697 713 752 784 809 822 832 865 947 993 995
1 102 108 12 154 199 223 292 331 386 396 401 460 468 558 601 685 700 722 757 783 788 809 810 868 870 900 920 955 976 999
112 114 133 137 170 194 217 227 286 328 333 337 345 356 369 393 423 450 491 516 526 539 590 718 728 769 775 80 812 844 847 852 854 855 859 864 881 882 885 90 908 909 921 936 943 960 976
139 18 217 272 319 343 39 391 413 513 543 55 552 568 662 877 896 923 929 962 971
106 122 131 220 257 265 286 333 343 346 392 426 50 511 524 54 548 57 570 590 602 612 614 621 647 672 696 700 701 735 767 778 796 800 854 875 896 900 910 945 952 960 966 982
10 210 271 276 282 327 336 352 359 397 415 456 458 554 597 619 650 694 701 717 721 739 75 772 773 846 862 866 869 878 88 99
103 118 14 145 155 156 165 20 211 220 233 239 255 269 281 288 301 342 36 375 393 408 423 43 431 480 503 53 532 541 543 568 57 575 586 598 609 612 618 621 637 650 654 679 683 685 702 739 756 768 772 781 788 79 791 81 811 814 825 837 863 868 875 885 889 904 908 92 933 97
151 154 159 2 259 274 285 289 312 335 359 434 464 509 703 72 720 82 831 891 91 924 995
108 130 158 174 227 324 326 357 415 524 586 647 687 697 73 730 746 751 825 83 881 898 942 972
116 144 217 244 248 272 274 294 3 314 394 400 450 464 49 491 611 621 663 708 773 838 916 921 945 957 963 973
211 214 239 3 345 493 499 645 657 684 691 697 7 719 729 743 750 77 774 781 79 832 857 910 990
