1	84
1	743
1	820
1	912
2	654
2	909
2	947
2	993
3	670
3	718
3	790
3	968
4	434
4	534
4	874
4	949
5	518
5	753
5	926
5	956
5	979
6	108
6	491
6	854
6	981
7	399
7	763
7	946
7	974
8	173
8	647
8	837
8	979
9	445
9	543
9	975
9	980
10	821
10	918
10	926
10	961
11	465
11	612
11	948
11	992
12	820
12	891
12	987
12	997
13	509
13	903
13	950
13	984
14	97
14	555
14	772
14	963
15	858
15	871
15	932
15	934
16	872
16	953
16	958
16	985
17	128
17	452
17	949
17	960
18	911
18	914
18	935
18	999
19	669
19	926
19	964
19	983
19	999
20	532
20	889
20	904
20	974
21	575
21	652
21	804
21	805
22	137
22	416
22	935
22	998
23	202
23	799
23	882
23	924
24	758
24	841
24	864
24	921
25	220
25	483
25	760
25	938
26	711
26	787
26	853
26	925
27	439
27	688
27	927
27	940
28	81
28	251
28	951
28	957
29	605
29	704
29	766
29	787
30	62
30	843
30	957
30	976
31	780
31	927
31	982
31	983
32	53
32	216
32	388
32	727
33	94
33	652
33	758
33	947
33	1000
34	389
34	559
34	961
34	986
35	40
35	193
35	743
35	939
36	739
36	869
36	889
36	904
37	192
37	958
37	986
37	1000
38	111
38	804
38	914
38	996
39	294
39	778
39	926
39	929
39	931
40	35
40	318
40	360
40	964
41	42
41	536
41	614
41	911
42	41
42	374
42	928
42	960
43	435
43	511
43	982
43	993
44	365
44	381
44	912
44	947
44	974
45	377
45	849
45	931
45	951
46	714
46	939
46	979
46	996
47	313
47	334
47	812
47	836
48	206
48	790
48	829
48	940
49	482
49	845
49	948
49	960
49	973
50	241
50	420
50	735
50	924
51	225
51	345
51	921
51	937
52	370
52	423
52	734
52	957
53	32
53	464
53	798
53	975
54	336
54	564
54	867
54	922
55	655
55	806
55	876
55	929
55	991
56	749
56	930
56	988
56	989
57	593
57	840
57	887
57	968
58	579
58	609
58	777
58	972
59	74
59	818
59	849
59	951
60	249
60	326
60	707
60	969
61	928
61	968
61	977
61	980
62	30
62	713
62	842
62	926
62	986
63	142
63	883
63	958
63	960
64	629
64	651
64	786
64	984
65	535
65	592
65	806
65	959
66	810
66	821
66	851
66	919
67	306
67	537
67	775
67	778
68	236
68	414
68	749
68	815
69	189
69	496
69	874
69	978
70	677
70	883
70	892
70	999
71	313
71	939
71	941
71	977
72	720
72	822
72	918
72	995
73	273
73	482
73	903
73	993
74	59
74	182
74	634
74	845
75	210
75	434
75	846
75	862
76	231
76	667
76	722
76	968
77	635
77	946
77	987
77	999
78	867
78	870
78	939
78	994
79	402
79	703
79	778
79	819
80	236
80	449
80	607
80	983
81	28
81	483
81	810
81	975
82	269
82	831
82	930
82	995
83	771
83	807
83	969
83	990
84	1
84	675
84	789
84	820
85	582
85	789
85	838
85	945
86	563
86	684
86	933
86	949
87	343
87	886
87	908
87	997
88	271
88	600
88	721
88	846
89	121
89	365
89	796
89	916
90	320
90	912
90	915
90	947
91	666
91	863
91	959
91	960
92	788
92	791
92	863
92	979
93	915
93	937
93	957
93	985
94	33
94	346
94	734
94	949
95	364
95	667
95	695
95	871
96	607
96	910
96	972
96	986
97	14
97	605
97	702
97	885
98	753
98	798
98	945
98	996
99	486
99	702
99	883
99	987
100	175
100	607
100	630
100	961
101	576
101	884
101	893
101	964
102	802
102	819
102	870
102	892
103	625
103	792
103	930
103	956
104	143
104	566
104	574
104	648
105	610
105	637
105	746
105	954
106	139
106	674
106	891
106	984
107	664
107	691
107	947
107	972
108	6
108	779
108	928
108	957
109	785
109	930
109	988
109	989
110	746
110	793
110	829
110	982
111	38
111	415
111	533
111	946
112	356
112	783
112	943
112	976
113	370
113	822
113	829
113	963
114	778
114	937
114	946
114	987
114	998
115	564
115	769
115	959
115	1000
116	201
116	289
116	611
116	785
116	923
117	622
117	859
117	994
117	1000
118	180
118	938
118	966
118	985
119	319
119	633
119	955
119	964
120	399
120	864
120	910
120	983
121	89
121	244
121	757
121	967
122	890
122	942
122	958
122	974
123	317
123	707
123	949
123	994
124	155
124	912
124	977
124	996
125	591
125	844
125	953
125	955
126	366
126	476
126	729
126	854
127	741
127	746
127	922
127	958
128	17
128	588
128	964
128	1000
129	594
129	764
129	938
129	997
130	544
130	698
130	840
130	980
131	870
131	918
131	956
131	961
132	135
132	521
132	682
132	949
133	648
133	921
133	936
133	943
134	547
134	819
134	847
134	949
135	132
135	289
135	538
135	949
136	489
136	643
136	860
136	937
137	22
137	821
137	977
137	994
138	303
138	438
138	440
138	885
139	106
139	325
139	918
139	929
139	959
140	433
140	855
140	904
140	940
141	351
141	806
141	894
141	974
142	63
142	392
142	863
142	969
143	104
143	579
143	777
143	979
144	493
144	882
144	938
144	973
144	986
145	301
145	584
145	679
145	916
146	475
146	673
146	677
146	812
147	725
147	819
147	964
147	984
148	418
148	914
148	939
148	977
149	638
149	800
149	845
149	846
150	523
150	902
150	969
150	987
150	998
151	733
151	901
151	983
151	986
152	473
152	628
152	867
152	941
153	423
153	602
153	786
153	958
154	649
154	699
154	777
154	938
155	124
155	398
155	956
155	995
156	594
156	654
156	759
156	926
157	605
157	631
157	654
157	726
158	704
158	730
158	898
158	972
159	232
159	842
159	916
159	976
160	409
160	434
160	501
160	999
161	391
161	931
161	951
161	995
162	256
162	352
162	399
162	916
162	988
163	381
163	780
163	828
163	990
164	296
164	325
164	899
164	978
165	445
165	791
165	863
165	908
166	584
166	892
166	923
166	963
167	540
167	585
167	641
167	673
167	926
168	636
168	841
168	963
168	977
169	937
169	962
169	969
169	985
170	449
170	483
170	802
170	961
171	815
171	896
171	922
171	979
172	922
172	944
172	961
172	986
173	8
173	398
173	956
173	981
173	989
174	212
174	665
174	927
174	977
175	100
175	818
175	923
175	985
176	386
176	389
176	534
176	980
177	367
177	813
177	820
177	828
178	436
178	472
178	473
178	578
178	840
178	925
179	631
179	944
179	958
179	963
180	118
180	671
180	854
180	999
181	433
181	541
181	969
181	991
182	74
182	626
182	961
182	966
183	858
183	879
183	899
183	932
184	262
184	582
184	977
184	986
185	443
185	790
185	990
185	1000
186	561
186	696
186	826
186	906
187	418
187	550
187	785
187	959
188	296
188	588
188	764
188	843
189	69
189	323
189	875
189	973
190	465
190	537
190	595
190	716
191	307
191	659
191	960
191	975
191	987
192	37
192	282
192	372
192	972
193	35
193	423
193	811
193	815
193	988
194	305
194	761
194	778
194	904
195	629
195	744
195	819
195	984
196	223
196	698
196	793
196	817
197	829
197	894
197	984
197	987
198	709
198	898
198	946
198	976
199	455
199	974
199	975
199	986
200	480
200	884
200	930
200	988
201	116
201	840
201	974
201	994
202	23
202	491
202	559
202	928
203	776
203	903
203	961
203	986
204	227
204	843
204	852
204	938
205	729
205	800
205	853
205	925
206	48
206	744
206	983
206	991
207	492
207	844
207	918
207	945
208	468
208	651
208	947
208	990
209	334
209	807
209	908
209	957
210	75
210	672
210	832
210	862
211	364
211	528
211	838
211	994
212	174
212	759
212	869
212	991
213	729
213	751
213	928
213	942
214	397
214	457
214	713
214	790
214	831
214	857
215	325
215	815
215	971
215	1000
216	32
216	837
216	938
216	985
217	459
217	542
217	701
217	910
217	929
217	973
218	357
218	625
218	920
218	956
219	503
219	787
219	882
219	979
220	25
220	640
220	720
220	867
221	384
221	872
221	931
221	964
222	262
222	793
222	905
222	1000
223	196
223	248
223	919
223	975
223	989
224	756
224	814
224	873
224	954
225	51
225	430
225	912
225	933
226	786
226	818
226	831
226	897
227	204
227	958
227	974
227	996
228	487
228	575
228	910
228	938
229	502
229	746
229	868
229	959
230	235
230	341
230	390
230	445
230	885
231	76
231	506
231	762
231	944
231	993
232	159
232	399
232	906
232	914
232	992
233	684
233	685
233	858
233	951
233	959
233	983
234	322
234	486
234	513
234	764
234	970
235	230
235	556
235	906
235	947
235	968
235	981
236	68
236	80
236	270
236	941
236	985
237	546
237	623
237	765
237	884
237	893
238	670
238	712
238	850
238	872
238	935
239	525
239	633
239	657
239	677
239	806
239	919
239	993
240	549
240	557
240	614
240	618
240	738
241	50
241	727
241	937
241	970
241	989
242	640
242	680
242	914
242	940
242	981
243	684
243	760
243	808
243	879
243	894
244	121
244	382
244	848
244	973
244	992
244	1000
245	270
245	796
245	933
245	982
245	992
246	263
246	474
246	931
246	979
246	988
247	357
247	737
247	929
247	967
247	968
248	223
248	741
248	795
248	806
248	886
248	973
249	60
249	402
249	494
249	712
249	889
250	354
250	622
250	678
250	831
250	957
251	28
251	457
251	584
251	987
251	996
252	673
252	731
252	744
252	779
252	982
253	412
253	547
253	656
253	747
253	908
254	609
254	624
254	850
254	903
254	917
255	530
255	713
255	775
255	926
255	928
255	991
255	996
256	162
256	589
256	644
256	939
256	948
257	647
257	768
257	916
257	947
257	979
257	980
258	753
258	798
258	801
258	977
258	996
259	535
259	699
259	786
259	991
259	999
260	533
260	700
260	809
260	953
260	996
261	630
261	682
261	811
261	918
261	983
262	184
262	222
262	702
262	807
262	967
263	246
263	466
263	830
263	956
263	958
264	583
264	706
264	769
264	854
264	886
265	497
265	681
265	715
265	820
265	968
266	661
266	776
266	821
266	861
266	998
267	274
267	521
267	787
267	988
267	991
267	994
268	303
268	712
268	761
268	958
268	985
269	82
269	535
269	562
269	964
269	969
270	236
270	245
270	665
270	784
270	809
271	88
271	456
271	578
271	748
271	862
272	745
272	929
272	933
272	954
272	973
272	983
272	986
273	73
273	549
273	738
273	850
273	902
274	267
274	661
274	714
274	753
274	800
274	973
275	652
275	798
275	909
275	934
275	940
276	455
276	574
276	626
276	925
276	957
276	970
277	291
277	383
277	638
277	914
277	995
278	512
278	707
278	818
278	845
278	862
278	983
279	833
279	858
279	871
279	910
279	932
280	867
280	886
280	926
280	967
280	981
281	389
281	581
281	815
281	849
281	879
282	192
282	515
282	885
282	965
282	988
283	550
283	848
283	880
283	948
283	951
284	847
284	888
284	918
284	930
284	985
284	994
285	306
285	458
285	944
285	950
285	987
286	669
286	736
286	824
286	890
286	935
287	442
287	500
287	762
287	944
287	996
288	410
288	446
288	937
288	939
288	980
289	116
289	135
289	939
289	951
289	958
290	585
290	620
290	762
290	953
290	996
291	277
291	479
291	847
291	936
291	998
292	390
292	461
292	630
292	676
292	961
293	374
293	393
293	841
293	960
293	990
294	39
294	946
294	973
294	977
294	981
294	991
295	302
295	507
295	694
295	907
295	955
296	164
296	188
296	616
296	756
296	817
297	580
297	649
297	761
297	830
297	894
298	448
298	557
298	568
298	875
298	959
299	442
299	643
299	764
299	860
299	937
300	702
300	713
300	874
300	947
300	995
301	145
301	342
301	863
301	947
301	976
302	295
302	496
302	808
302	936
302	948
303	138
303	268
303	306
303	333
303	954
304	406
304	436
304	461
304	559
304	840
305	194
305	662
305	735
305	892
305	978
306	67
306	285
306	303
306	714
306	750
307	191
307	719
307	878
307	974
307	999
308	635
308	768
308	908
308	972
308	979
309	459
309	694
309	745
309	950
309	981
310	337
310	759
310	763
310	844
310	980
311	400
311	701
311	786
311	806
311	884
311	926
312	581
312	685
312	946
312	971
312	974
313	47
313	71
313	645
313	732
313	959
314	611
314	614
314	945
314	966
314	973
315	613
315	751
315	914
315	967
315	988
316	847
316	877
316	969
316	976
316	991
317	123
317	922
317	948
317	979
317	980
318	40
318	673
318	701
318	840
318	890
319	119
319	719
319	835
319	929
319	965
319	980
319	987
320	90
320	389
320	531
320	535
320	592
321	605
321	808
321	850
321	917
321	918
322	234
322	675
322	726
322	748
322	902
323	189
323	592
323	833
323	866
323	955
324	365
324	575
324	905
324	950
324	962
325	139
325	164
325	215
325	547
325	824
326	60
326	667
326	703
326	917
326	933
327	383
327	510
327	550
327	590
327	595
328	640
328	932
328	959
328	995
328	997
329	360
329	472
329	653
329	941
329	959
330	437
330	808
330	831
330	873
330	969
330	988
331	410
331	807
331	891
331	949
331	982
332	484
332	940
332	987
332	996
332	1000
333	303
333	497
333	628
333	762
333	986
334	47
334	209
334	745
334	955
334	957
335	793
335	803
335	909
335	969
335	987
336	54
336	369
336	593
336	759
336	1000
337	310
337	665
337	840
337	968
337	977
338	479
338	532
338	585
338	690
338	972
339	496
339	694
339	951
339	977
339	982
340	508
340	859
340	930
340	988
340	989
341	230
341	390
341	791
341	866
341	956
342	301
342	343
342	375
342	863
342	885
343	87
343	342
343	357
343	929
343	949
343	953
343	988
344	579
344	609
344	871
344	879
344	932
345	51
345	383
345	498
345	620
345	657
345	970
346	94
346	426
346	757
346	952
346	966
347	783
347	833
347	847
347	945
347	954
348	408
348	469
348	738
348	946
348	954
349	440
349	577
349	873
349	977
349	998
350	725
350	774
350	860
350	984
350	992
351	141
351	367
351	759
351	853
351	912
351	972
352	162
352	456
352	739
352	846
352	862
353	622
353	653
353	951
353	985
353	1000
354	250
354	752
354	809
354	824
354	882
355	806
355	843
355	872
355	965
355	980
356	112
356	561
356	869
356	936
356	943
357	218
357	247
357	343
357	943
357	999
358	428
358	512
358	764
358	779
358	980
359	811
359	932
359	981
359	988
359	991
359	995
360	40
360	329
360	905
360	980
360	990
361	424
361	551
361	930
361	988
361	989
362	547
362	844
362	873
362	980
362	987
363	387
363	663
363	733
363	823
363	994
364	95
364	211
364	406
364	800
364	1000
365	44
365	89
365	324
365	542
365	997
366	126
366	501
366	647
366	837
366	895
367	177
367	351
367	545
367	833
367	995
368	385
368	775
368	804
368	969
368	998
369	336
369	625
369	758
369	947
369	987
369	999
370	52
370	113
370	449
370	828
370	954
371	496
371	514
371	540
371	752
371	847
372	192
372	502
372	562
372	805
372	957
372	994
373	457
373	631
373	839
373	936
373	989
373	990
374	42
374	293
374	597
374	753
374	985
375	342
375	584
375	715
375	825
375	863
376	732
376	741
376	804
376	912
376	939
377	45
377	496
377	625
377	670
377	915
377	983
378	652
378	773
378	824
378	962
378	968
379	432
379	547
379	574
379	909
379	938
380	481
380	771
380	906
380	907
380	934
381	44
381	163
381	681
381	969
381	991
382	244
382	681
382	858
382	888
382	890
383	277
383	327
383	345
383	735
383	972
383	981
384	221
384	585
384	809
384	844
384	877
384	993
385	368
385	503
385	635
385	779
385	782
385	963
386	176
386	665
386	714
386	829
386	890
386	991
387	363
387	453
387	597
387	872
387	964
387	995
388	32
388	435
388	704
388	932
388	981
388	996
389	34
389	176
389	281
389	320
389	570
389	820
390	230
390	292
390	341
390	950
390	956
390	995
391	161
391	510
391	542
391	779
391	838
391	841
391	929
392	142
392	472
392	526
392	951
392	985
392	989
393	293
393	746
393	898
393	936
393	944
393	983
394	765
394	839
394	886
394	923
394	973
394	975
394	996
395	556
395	665
395	704
395	751
395	787
395	990
396	850
396	870
396	916
396	937
396	957
396	961
396	984
397	214
397	690
397	742
397	825
397	839
397	991
398	155
398	173
398	520
398	758
398	791
398	982
399	7
399	120
399	162
399	232
399	450
399	915
400	311
400	414
400	683
400	799
400	843
400	973
400	988
401	783
401	870
401	887
401	920
401	993
401	999
402	79
402	249
402	745
402	841
402	842
402	959
403	467
403	537
403	826
403	896
403	940
403	985
404	407
404	749
404	755
404	874
404	899
404	971
405	433
405	489
405	764
405	922
405	923
405	949
406	304
406	364
406	610
406	976
406	990
406	997
407	404
407	426
407	781
407	817
407	874
407	997
408	348
408	637
408	683
408	791
408	875
408	933
409	160
409	711
409	868
409	903
409	934
409	949
410	288
410	331
410	609
410	648
410	680
410	971
411	552
411	570
411	788
411	851
411	930
411	934
412	253
412	733
412	828
412	928
412	956
412	990
413	627
413	803
413	877
413	929
413	962
413	971
414	68
414	400
414	529
414	593
414	912
414	970
415	111
415	725
415	801
415	991
415	996
415	998
416	22
416	485
416	497
416	670
416	827
416	840
417	474
417	662
417	801
417	883
417	955
417	971
418	148
418	187
418	472
418	655
418	964
418	978
418	1000
419	616
419	637
419	666
419	779
419	871
419	998
420	50
420	702
420	771
420	826
420	877
420	906
421	802
421	946
421	959
421	963
421	982
421	1000
422	512
422	885
422	926
422	970
422	977
422	997
423	52
423	153
423	193
423	577
423	595
423	942
424	361
424	912
424	930
424	988
424	989
424	992
425	770
425	824
425	885
425	945
425	967
425	974
426	346
426	407
426	696
426	952
426	960
426	980
427	474
427	536
427	571
427	895
427	968
427	983
428	358
428	451
428	581
428	658
428	989
428	993
429	766
429	942
429	944
429	946
429	954
429	955
430	225
430	678
430	852
430	893
430	948
430	954
431	484
431	632
431	719
431	748
431	778
431	992
432	379
432	546
432	865
432	881
432	919
432	951
433	140
433	181
433	405
433	490
433	947
433	956
433	998
434	4
434	75
434	160
434	720
434	822
434	858
434	880
435	43
435	388
435	518
435	817
435	910
435	942
436	178
436	304
436	468
436	986
436	997
436	1000
437	330
437	640
437	767
437	861
437	953
437	982
438	138
438	465
438	677
438	716
438	826
438	999
439	27
439	544
439	736
439	830
439	886
439	981
440	138
440	349
440	581
440	802
440	929
440	998
441	516
441	744
441	816
441	820
441	836
441	956
442	287
442	299
442	621
442	937
442	941
442	962
443	185
443	619
443	901
443	935
443	975
443	1000
444	509
444	610
444	763
444	771
444	976
444	997
445	9
445	165
445	230
445	757
445	956
445	995
446	288
446	620
446	777
446	828
446	866
446	877
447	491
447	616
447	693
447	870
447	989
447	994
448	298
448	608
448	957
448	959
448	981
448	993
449	80
449	170
449	370
449	745
449	903
449	946
450	399
450	793
450	917
450	966
450	973
450	974
450	986
451	428
451	752
451	872
451	908
451	964
451	995
452	17
452	719
452	856
452	932
452	954
452	981
453	387
453	747
453	913
453	939
453	956
453	973
454	492
454	544
454	753
454	956
454	974
454	986
455	199
455	276
455	517
455	594
455	776
455	939
456	271
456	352
456	846
456	862
456	891
456	998
457	214
457	251
457	373
457	546
457	671
457	849
458	285
458	582
458	886
458	895
458	938
458	961
459	217
459	309
459	493
459	830
459	864
459	889
460	650
460	783
460	870
460	914
460	920
460	976
461	292
461	304
461	556
461	639
461	768
461	890
462	608
462	645
462	827
462	965
462	994
462	1000
463	535
463	713
463	744
463	835
463	948
463	997
464	53
464	558
464	720
464	779
464	855
464	867
464	932
464	973
465	11
465	190
465	438
465	716
465	753
465	880
466	263
466	930
466	962
466	978
466	988
466	989
467	403
467	614
467	681
467	957
467	965
467	995
468	208
468	436
468	697
468	712
468	830
468	920
468	974
469	348
469	668
469	740
469	836
469	856
469	990
470	567
470	687
470	796
470	852
470	966
470	969
471	495
471	723
471	758
471	897
471	970
471	987
472	178
472	329
472	392
472	418
472	805
472	926
473	152
473	178
473	755
473	928
473	966
473	991
474	246
474	417
474	427
474	634
474	963
474	994
475	146
475	537
475	735
475	776
475	825
475	874
476	126
476	574
476	602
476	718
476	792
476	950
477	685
477	690
477	707
477	892
477	929
477	933
477	989
478	517
478	542
478	610
478	774
478	815
478	994
479	291
479	338
479	831
479	866
479	956
479	994
480	200
480	538
480	654
480	663
480	811
480	903
481	380
481	571
481	650
481	912
481	980
481	983
482	49
482	73
482	490
482	514
482	810
482	853
482	989
482	992
483	25
483	81
483	170
483	686
483	694
483	727
484	332
484	431
484	722
484	795
484	881
484	979
485	416
485	701
485	844
485	955
485	956
485	971
486	99
486	234
486	508
486	715
486	968
486	983
487	228
487	714
487	731
487	898
487	933
487	940
487	958
488	686
488	695
488	864
488	911
488	963
488	967
488	982
489	136
489	405
489	770
489	783
489	788
489	949
489	970
490	433
490	482
490	642
490	810
490	811
490	815
490	908
491	6
491	202
491	447
491	596
491	769
491	839
491	943
491	973
492	207
492	454
492	529
492	534
492	759
492	864
492	956
493	144
493	459
493	555
493	792
493	857
493	944
493	953
493	987
494	249
494	572
494	681
494	895
494	967
494	968
494	982
495	471
495	723
495	897
495	936
495	948
495	949
495	987
496	69
496	302
496	339
496	371
496	377
496	880
496	978
497	265
497	333
497	416
497	533
497	715
497	952
497	974
498	345
498	557
498	801
498	848
498	869
498	966
498	985
499	523
499	605
499	657
499	661
499	748
499	894
499	956
499	985
500	287
500	591
500	762
500	793
500	794
500	953
500	996
501	160
501	366
501	621
501	673
501	691
501	797
501	895
502	229
502	372
502	786
502	877
502	931
502	961
502	990
503	219
503	385
503	784
503	790
503	826
503	856
503	894
504	554
504	733
504	952
504	965
504	980
504	982
504	985
505	788
505	827
505	887
505	893
505	962
505	975
505	1000
506	231
506	599
506	629
506	874
506	911
506	919
506	973
507	295
507	530
507	812
507	826
507	908
507	988
507	999
508	340
508	486
508	559
508	770
508	924
508	949
508	965
509	13
509	444
509	599
509	609
509	660
509	720
509	868
509	954
510	327
510	391
510	549
510	656
510	804
510	917
510	984
511	43
511	702
511	724
511	726
511	963
511	979
511	989
512	278
512	358
512	422
512	594
512	809
512	846
512	848
513	234
513	592
513	615
513	860
513	902
513	929
513	978
513	999
514	371
514	482
514	540
514	781
514	836
514	928
514	965
515	282
515	721
515	750
515	752
515	844
515	891
515	944
516	441
516	660
516	745
516	871
516	877
516	996
516	997
517	455
517	478
517	866
517	946
517	970
517	984
517	988
517	994
518	5
518	435
518	565
518	613
518	900
518	948
518	999
519	523
519	575
519	728
519	730
519	933
519	945
519	996
520	398
520	718
520	748
520	825
520	842
520	869
520	994
521	132
521	267
521	758
521	795
521	886
521	925
521	967
521	972
522	635
522	766
522	782
522	794
522	815
522	962
522	976
523	150
523	499
523	519
523	655
523	861
523	953
523	996
524	696
524	731
524	867
524	872
524	939
524	974
524	983
525	239
525	803
525	836
525	838
525	868
525	917
525	945
526	392
526	660
526	777
526	896
526	986
526	987
526	996
527	598
527	759
527	822
527	928
527	939
527	947
527	959
527	978
528	211
528	792
528	802
528	904
528	959
528	991
528	997
529	414
529	492
529	572
529	663
529	756
529	967
529	968
530	255
530	507
530	700
530	874
530	876
530	883
530	922
531	320
531	907
531	946
531	953
531	958
531	969
531	983
531	998
532	20
532	338
532	575
532	581
532	586
532	791
532	933
533	111
533	260
533	497
533	950
533	959
533	995
533	998
534	4
534	176
534	492
534	774
534	812
534	955
534	980
535	65
535	259
535	269
535	320
535	463
535	804
535	924
536	41
536	427
536	718
536	902
536	967
536	984
536	998
537	67
537	190
537	403
537	475
537	653
537	716
537	986
538	135
538	480
538	630
538	653
538	864
538	968
538	983
539	801
539	829
539	913
539	984
539	988
539	994
539	996
540	167
540	371
540	514
540	743
540	765
540	864
540	882
541	181
541	679
541	791
541	807
541	811
541	837
541	875
542	217
542	365
542	391
542	478
542	833
542	874
542	968
543	9
543	922
543	929
543	937
543	968
543	986
543	989
544	130
544	439
544	454
544	707
544	774
544	795
544	881
545	367
545	722
545	773
545	784
545	833
545	961
545	986
546	237
546	432
546	457
546	617
546	805
546	909
546	913
546	959
547	134
547	253
547	325
547	362
547	379
547	726
547	974
548	713
548	733
548	851
548	882
548	958
548	969
548	970
548	990
549	240
549	273
549	510
549	661
549	802
549	804
549	893
550	187
550	283
550	327
550	552
550	664
550	823
550	831
551	361
551	740
551	745
551	777
551	813
551	938
551	979
552	411
552	550
552	656
552	690
552	782
552	929
552	932
552	985
553	715
553	770
553	810
553	942
553	957
553	972
553	990
554	504
554	595
554	813
554	851
554	895
554	942
554	965
555	14
555	493
555	674
555	781
555	909
555	918
555	956
556	235
556	395
556	461
556	727
556	787
556	960
556	979
557	240
557	298
557	498
557	796
557	816
557	925
557	996
558	464
558	783
558	870
558	888
558	920
558	986
558	999
559	34
559	202
559	304
559	508
559	899
559	959
559	967
560	622
560	646
560	683
560	755
560	858
560	871
560	879
560	932
561	186
561	356
561	797
561	826
561	906
561	934
561	966
561	995
562	269
562	372
562	599
562	769
562	850
562	894
562	972
562	988
563	86
563	817
563	825
563	836
563	849
563	862
563	989
563	994
564	54
564	115
564	674
564	917
564	956
564	978
564	985
564	986
565	518
565	736
565	795
565	843
565	880
565	898
565	938
565	963
566	104
566	671
566	772
566	821
566	823
566	838
566	944
566	988
567	470
567	691
567	731
567	753
567	888
567	900
567	969
567	991
568	298
568	613
568	884
568	917
568	929
568	938
568	956
568	958
569	635
569	718
569	782
569	858
569	868
569	874
569	885
569	979
570	389
570	411
570	655
570	816
570	897
570	952
570	983
570	999
571	427
571	481
571	781
571	797
571	815
571	848
571	931
571	933
572	494
572	529
572	578
572	924
572	967
572	968
572	971
572	977
573	735
573	751
573	785
573	836
573	845
573	903
573	919
573	980
574	104
574	276
574	379
574	476
574	582
574	792
574	855
574	885
575	21
575	228
575	324
575	519
575	532
575	804
575	867
575	978
576	101
576	600
576	765
576	884
576	893
576	967
576	982
576	993
577	349
577	423
577	665
577	797
577	837
577	949
577	950
577	998
578	178
578	271
578	572
578	663
578	794
578	864
578	986
578	997
579	58
579	143
579	344
579	804
579	813
579	828
579	868
579	969
580	297
580	603
580	725
580	811
580	945
580	957
580	987
580	992
581	281
581	312
581	428
581	440
581	532
581	666
581	842
581	880
581	925
582	85
582	184
582	458
582	574
582	656
582	875
582	970
582	994
583	264
583	676
583	729
583	772
583	835
583	865
583	906
583	935
584	145
584	166
584	251
584	375
584	647
584	856
584	888
584	974
585	167
585	290
585	338
585	384
585	816
585	845
585	856
585	941
586	532
586	730
586	747
586	919
586	934
586	964
586	980
586	981
587	648
587	803
587	902
587	925
587	950
587	953
587	977
587	985
588	128
588	188
588	610
588	840
588	902
588	958
588	991
588	997
589	256
589	594
589	603
589	609
589	673
589	840
589	867
589	890
590	327
590	810
590	930
590	936
590	952
590	955
590	974
590	993
591	125
591	500
591	642
591	721
591	830
591	832
591	953
591	996
592	65
592	320
592	323
592	513
592	676
592	750
592	976
592	983
593	57
593	336
593	414
593	604
593	746
593	869
593	957
593	982
594	129
594	156
594	455
594	512
594	589
594	768
594	904
594	982
595	190
595	327
595	423
595	554
595	899
595	902
595	922
595	983
596	491
596	742
596	787
596	818
596	964
596	969
596	977
596	983
597	374
597	387
597	801
597	862
597	881
597	918
597	972
597	983
598	527
598	800
598	821
598	838
598	884
598	939
598	950
598	997
599	506
599	509
599	562
599	626
599	671
599	688
599	943
599	982
600	88
600	576
600	633
600	719
600	721
600	724
600	805
600	807
601	650
601	789
601	813
601	822
601	920
601	925
601	938
601	953
602	153
602	476
602	803
602	851
602	883
602	890
602	905
602	952
603	580
603	589
603	651
603	671
603	819
603	903
603	984
603	990
604	593
604	672
604	732
604	833
604	934
604	937
604	996
604	998
605	29
605	97
605	157
605	321
605	499
605	752
605	896
605	917
606	754
606	780
606	797
606	914
606	927
606	983
607	80
607	96
607	100
607	628
607	636
607	651
607	915
607	963
608	448
608	462
608	729
608	851
608	898
608	954
608	979
608	980
609	58
609	254
609	344
609	410
609	509
609	589
609	947
609	960
610	105
610	406
610	444
610	478
610	588
610	798
610	832
610	975
611	116
611	314
611	708
611	957
611	963
611	970
611	973
611	995
612	11
612	631
612	764
612	785
612	798
612	825
612	905
612	952
613	315
613	518
613	568
613	646
613	732
613	939
613	977
613	979
614	41
614	240
614	314
614	467
614	795
614	818
614	878
614	947
615	513
615	641
615	827
615	834
615	879
615	956
615	967
615	970
616	296
616	419
616	447
616	641
616	817
616	963
616	984
616	990
617	546
617	702
617	714
617	775
617	792
617	795
617	955
617	970
618	240
618	826
618	915
618	925
618	932
618	938
618	982
618	984
619	443
619	777
619	814
619	846
619	889
619	960
619	969
619	993
620	290
620	345
620	446
620	627
620	652
620	777
620	828
620	908
621	442
621	501
621	692
621	827
621	863
621	952
621	953
621	973
622	117
622	250
622	353
622	560
622	765
622	823
622	827
622	887
622	913
623	237
623	704
623	735
623	860
623	919
623	924
623	932
623	951
623	980
624	254
624	738
624	803
624	848
624	850
624	883
624	917
624	949
624	950
625	103
625	218
625	369
625	377
625	734
625	769
625	834
625	904
625	924
626	182
626	276
626	599
626	732
626	859
626	974
626	976
626	991
626	998
627	413
627	620
627	727
627	855
627	891
627	900
627	901
627	960
627	991
628	152
628	333
628	607
628	714
628	797
628	841
628	888
628	892
628	997
629	64
629	195
629	506
629	689
629	819
629	894
629	945
629	958
629	984
630	100
630	261
630	292
630	538
630	892
630	895
630	916
630	960
630	983
631	157
631	179
631	373
631	612
631	719
631	805
631	871
631	947
631	997
632	431
632	709
632	767
632	816
632	845
632	856
632	960
632	981
632	999
633	119
633	239
633	600
633	671
633	785
633	801
633	812
633	966
633	984
634	74
634	474
634	670
634	675
634	705
634	749
634	812
634	830
634	993
635	77
635	308
635	385
635	522
635	569
635	782
635	794
635	918
635	997
636	168
636	607
636	642
636	841
636	873
636	894
636	955
636	969
636	997
637	105
637	408
637	419
637	668
637	876
637	896
637	934
637	958
637	978
638	149
638	277
638	723
638	834
638	845
638	915
638	954
638	969
638	981
639	461
639	690
639	787
639	894
639	901
639	934
639	966
639	970
639	980
640	220
640	242
640	328
640	437
640	816
640	834
640	959
640	965
640	981
641	167
641	615
641	616
641	668
641	729
641	785
641	808
641	849
641	903
642	490
642	591
642	636
642	773
642	862
642	934
642	989
642	998
642	1000
643	136
643	299
643	675
643	724
643	860
643	862
643	928
643	937
643	985
644	256
644	823
644	856
644	901
644	933
644	958
644	971
644	984
644	993
645	313
645	462
645	648
645	802
645	808
645	857
645	930
645	935
645	995
646	560
646	613
646	755
646	830
646	879
646	891
646	932
646	942
646	998
647	8
647	257
647	366
647	584
647	669
647	730
647	827
647	845
647	952
648	104
648	133
648	410
648	587
648	645
648	711
648	823
648	961
648	984
649	154
649	297
649	704
649	775
649	776
649	834
649	848
649	881
649	894
650	460
650	481
650	601
650	679
650	862
650	873
650	876
650	923
650	999
651	64
651	208
651	603
651	607
651	819
651	876
651	894
651	915
651	984
652	21
652	33
652	275
652	378
652	620
652	799
652	898
652	911
652	949
653	329
653	353
653	537
653	538
653	719
653	794
653	959
653	991
653	996
654	2
654	156
654	157
654	480
654	701
654	790
654	863
654	899
654	908
655	55
655	418
655	523
655	570
655	800
655	845
655	965
655	981
655	987
656	253
656	510
656	552
656	582
656	787
656	856
656	899
656	926
656	974
657	239
657	345
657	499
657	684
657	764
657	774
657	857
657	924
657	990
658	428
658	688
658	733
658	869
658	872
658	887
658	896
658	918
658	922
659	191
659	737
659	849
659	929
659	931
659	951
659	970
659	971
659	972
660	509
660	516
660	526
660	669
660	700
660	889
660	944
660	990
660	999
661	266
661	274
661	499
661	549
661	791
661	883
661	975
661	983
661	1000
662	305
662	417
662	725
662	843
662	911
662	917
662	929
662	937
662	982
663	363
663	480
663	529
663	578
663	854
663	956
663	958
663	973
663	983
664	107
664	550
664	672
664	768
664	770
664	808
664	914
664	969
664	991
665	174
665	270
665	337
665	386
665	395
665	577
665	760
665	813
665	867
666	91
666	419
666	581
666	728
666	758
666	815
666	879
666	906
666	940
667	76
667	95
667	326
667	851
667	969
667	974
667	985
667	986
667	991
668	469
668	637
668	641
668	823
668	839
668	858
668	926
668	968
668	984
668	987
669	19
669	286
669	647
669	660
669	684
669	806
669	814
669	948
669	990
669	997
670	3
670	238
670	377
670	416
670	634
670	807
670	881
670	909
670	913
670	915
671	180
671	457
671	566
671	599
671	603
671	633
671	786
671	881
671	944
671	958
672	210
672	604
672	664
672	829
672	879
672	888
672	949
672	952
672	985
672	1000
673	146
673	167
673	252
673	318
673	501
673	589
673	789
673	802
673	945
673	989
674	106
674	555
674	564
674	758
674	798
674	859
674	880
674	940
674	979
674	999
675	84
675	322
675	634
675	643
675	835
675	900
675	931
675	955
675	968
675	984
676	292
676	583
676	592
676	708
676	750
676	830
676	888
676	926
676	974
676	998
677	70
677	146
677	239
677	438
677	757
677	875
677	888
677	890
677	954
677	965
678	250
678	430
678	767
678	794
678	827
678	835
678	896
678	957
678	965
678	975
679	145
679	541
679	650
679	791
679	814
679	863
679	868
679	909
679	961
679	962
680	242
680	410
680	699
680	852
680	886
680	889
680	934
680	942
680	957
680	996
681	265
681	381
681	382
681	467
681	494
681	818
681	937
681	939
681	942
681	977
682	132
682	261
682	837
682	850
682	851
682	880
682	938
682	950
682	966
682	999
683	400
683	408
683	560
683	716
683	806
683	866
683	878
683	928
683	980
683	990
684	86
684	233
684	243
684	657
684	669
684	789
684	818
684	823
684	901
684	932
685	233
685	312
685	477
685	836
685	861
685	863
685	920
685	931
685	938
685	998
686	483
686	488
686	734
686	803
686	808
686	927
686	966
686	971
686	978
686	980
687	470
687	842
687	881
687	893
687	899
687	952
687	969
687	973
687	978
687	994
688	27
688	599
688	658
688	757
688	781
688	810
688	914
688	943
688	974
688	982
689	629
689	737
689	818
689	849
689	920
689	924
689	931
689	951
689	992
689	997
690	338
690	397
690	477
690	552
690	639
690	735
690	880
690	987
690	997
690	999
691	107
691	501
691	567
691	717
691	842
691	857
691	902
691	926
691	979
691	980
691	1000
692	621
692	802
692	848
692	875
692	886
692	917
692	969
692	983
692	991
692	994
693	447
693	842
693	850
693	869
693	884
693	906
693	932
693	974
693	979
693	997
694	295
694	309
694	339
694	483
694	698
694	846
694	856
694	930
694	937
694	996
695	95
695	488
695	698
695	716
695	773
695	827
695	922
695	937
695	975
695	1000
696	186
696	426
696	524
696	864
696	875
696	896
696	945
696	952
696	982
696	984
697	468
697	788
697	805
697	831
697	926
697	942
697	947
697	983
697	988
697	990
698	130
698	196
698	694
698	695
698	892
698	893
698	904
698	969
698	987
698	1000
699	154
699	259
699	680
699	835
699	864
699	876
699	933
699	982
699	992
699	994
700	260
700	530
700	660
700	892
700	920
700	934
700	952
700	980
700	985
700	992
701	217
701	311
701	318
701	485
701	654
701	789
701	846
701	941
701	976
701	982
702	97
702	99
702	262
702	300
702	420
702	511
702	617
702	915
702	938
702	974
703	79
703	326
703	720
703	728
703	872
703	918
703	970
703	980
703	994
703	998
704	29
704	158
704	388
704	395
704	623
704	649
704	715
704	779
704	971
704	979
705	634
705	707
705	883
705	884
705	911
705	975
705	982
705	989
705	991
705	996
706	264
706	738
706	755
706	840
706	889
706	918
706	928
706	946
706	984
706	1000
707	60
707	123
707	278
707	477
707	544
707	705
707	831
707	915
707	949
707	994
708	611
708	676
708	916
708	921
708	931
708	945
708	957
708	960
708	963
708	973
709	198
709	632
709	760
709	890
709	912
709	933
709	950
709	963
709	977
709	999
710	711
710	838
710	853
710	925
710	988
710	998
711	26
711	409
711	648
711	710
711	836
711	853
711	876
711	925
711	935
712	238
712	249
712	268
712	468
712	731
712	822
712	867
712	911
712	946
712	976
712	990
713	62
713	214
713	255
713	300
713	463
713	548
713	746
713	793
713	947
713	993
713	995
714	46
714	274
714	306
714	386
714	487
714	617
714	628
714	789
714	870
714	955
714	958
715	265
715	375
715	486
715	497
715	553
715	704
715	827
715	829
715	941
715	959
715	967
716	190
716	438
716	465
716	537
716	683
716	695
716	728
716	812
716	824
716	928
716	972
717	691
717	726
717	757
717	788
717	862
717	910
717	911
717	947
717	966
717	975
717	989
718	3
718	476
718	520
718	536
718	569
718	864
718	959
718	962
718	965
718	976
718	993
719	307
719	319
719	431
719	452
719	600
719	631
719	653
719	857
719	867
719	955
719	997
720	72
720	220
720	434
720	464
720	509
720	703
720	775
720	876
720	891
720	924
720	995
721	88
721	515
721	591
721	600
721	727
721	762
721	808
721	859
721	902
721	907
721	999
722	76
722	484
722	545
722	906
722	920
722	925
722	953
722	967
722	985
722	986
722	998
723	471
723	495
723	638
723	823
723	874
723	897
723	933
723	935
723	964
723	987
723	992
724	511
724	600
724	643
724	776
724	860
724	904
724	921
724	937
724	962
724	986
724	996
725	147
725	350
725	415
725	580
725	662
725	769
725	819
725	892
725	894
725	923
725	984
726	157
726	322
726	511
726	547
726	717
726	798
726	913
726	926
726	942
726	974
726	999
727	32
727	241
727	483
727	556
727	627
727	721
727	816
727	843
727	877
727	914
727	942
728	519
728	666
728	703
728	716
728	785
728	811
728	850
728	905
728	941
728	943
728	999
729	126
729	205
729	213
729	583
729	608
729	641
729	815
729	914
729	917
729	956
729	990
730	158
730	519
730	586
730	647
730	746
730	751
730	795
730	825
730	931
730	942
730	964
731	252
731	487
731	524
731	567
731	712
731	789
731	804
731	926
731	958
731	991
731	998
732	313
732	376
732	604
732	613
732	626
732	766
732	794
732	916
732	939
732	977
732	979
733	151
733	363
733	412
733	504
733	548
733	658
733	820
733	872
733	908
733	992
733	993
734	52
734	94
734	625
734	686
734	851
734	925
734	948
734	950
734	960
734	967
734	985
735	50
735	305
735	383
735	475
735	573
735	623
735	690
735	834
735	960
735	969
735	988
736	286
736	439
736	565
736	755
736	809
736	875
736	913
736	934
736	959
736	988
736	995
737	247
737	659
737	689
737	766
737	843
737	849
737	905
737	931
737	951
737	970
737	972
738	240
738	273
738	348
738	624
738	706
738	803
738	807
738	850
738	917
738	919
738	967
739	36
739	352
739	820
739	835
739	855
739	937
739	946
739	953
739	965
739	993
739	998
740	469
740	551
740	761
740	876
740	882
740	914
740	926
740	931
740	938
740	969
740	999
741	127
741	248
741	376
741	761
741	849
741	855
741	912
741	942
741	977
741	989
741	997
742	397
742	596
742	859
742	901
742	908
742	939
742	969
742	974
742	983
742	990
742	991
743	1
743	35
743	540
743	754
743	857
743	884
743	915
743	925
743	945
743	957
743	986
744	195
744	206
744	252
744	441
744	463
744	868
744	903
744	919
744	936
744	976
744	982
745	272
745	309
745	334
745	402
745	449
745	516
745	551
745	753
745	784
745	832
745	868
745	950
746	105
746	110
746	127
746	229
746	393
746	593
746	713
746	730
746	915
746	961
746	971
746	972
747	253
747	453
747	586
747	826
747	861
747	875
747	924
747	940
747	948
747	949
747	958
747	988
748	271
748	322
748	431
748	499
748	520
748	817
748	825
748	907
748	935
748	949
748	978
748	990
749	56
749	68
749	404
749	634
749	781
749	822
749	889
749	893
749	909
749	950
749	993
749	997
750	306
750	515
750	592
750	676
750	857
750	875
750	904
750	905
750	912
750	942
750	975
750	985
751	213
751	315
751	395
751	573
751	730
751	792
751	873
751	893
751	901
751	938
751	965
751	1000
752	354
752	371
752	451
752	515
752	605
752	766
752	841
752	853
752	910
752	947
752	957
752	987
753	5
753	98
753	258
753	274
753	374
753	454
753	465
753	567
753	745
753	934
753	974
753	996
754	606
754	743
754	780
754	834
754	927
754	945
754	966
754	983
755	404
755	473
755	560
755	646
755	706
755	736
755	822
755	858
755	871
755	879
755	932
755	948
756	224
756	296
756	529
756	759
756	863
756	902
756	921
756	953
756	960
756	965
756	980
756	998
757	121
757	346
757	445
757	677
757	688
757	717
757	852
757	870
757	879
757	887
757	915
757	932
758	24
758	33
758	369
758	398
758	471
758	521
758	666
758	674
758	772
758	919
758	971
758	976
759	156
759	212
759	310
759	336
759	351
759	492
759	527
759	756
759	840
759	954
759	965
759	980
760	25
760	243
760	665
760	709
760	761
760	872
760	893
760	926
760	961
760	970
760	973
760	980
761	194
761	268
761	297
761	740
761	741
761	760
761	806
761	839
761	884
761	901
761	912
761	965
762	231
762	287
762	290
762	333
762	500
762	721
762	876
762	910
762	914
762	953
762	982
762	996
763	7
763	310
763	444
763	924
763	933
763	939
763	968
763	980
763	984
763	988
763	992
763	997
764	129
764	188
764	234
764	299
764	358
764	405
764	612
764	657
764	794
764	830
764	914
764	949
765	237
765	394
765	540
765	576
765	622
765	773
765	799
765	884
765	893
765	924
765	982
765	993
766	29
766	429
766	522
766	732
766	737
766	752
766	851
766	891
766	894
766	916
766	951
766	967
767	437
767	632
767	678
767	778
767	784
767	830
767	873
767	876
767	952
767	998
767	999
767	1000
768	257
768	308
768	461
768	594
768	664
768	863
768	919
768	921
768	952
768	972
768	975
768	991
769	115
769	264
769	491
769	562
769	625
769	725
769	793
769	933
769	943
769	955
769	959
769	988
770	425
770	489
770	508
770	553
770	664
770	795
770	883
770	892
770	897
770	944
770	961
770	994
771	83
771	380
771	420
771	444
771	778
771	822
771	851
771	906
771	907
771	921
771	934
771	935
772	14
772	566
772	583
772	758
772	810
772	862
772	886
772	906
772	911
772	915
772	969
772	984
773	378
773	545
773	642
773	695
773	765
773	799
773	842
773	846
773	920
773	967
773	973
773	975
773	988
774	350
774	478
774	534
774	544
774	657
774	792
774	795
774	828
774	842
774	932
774	963
774	970
774	980
775	67
775	255
775	368
775	617
775	649
775	720
775	859
775	877
775	901
775	936
775	973
775	984
775	1000
776	203
776	266
776	455
776	475
776	649
776	724
776	838
776	876
776	888
776	977
776	981
776	984
776	993
777	58
777	143
777	154
777	446
777	526
777	551
777	619
777	620
777	810
777	886
777	962
777	979
777	985
778	39
778	67
778	79
778	114
778	194
778	431
778	767
778	771
778	853
778	907
778	946
778	952
778	1000
779	108
779	252
779	358
779	385
779	391
779	419
779	464
779	704
779	846
779	851
779	881
779	893
779	959
780	31
780	163
780	606
780	754
780	919
780	927
780	930
780	945
780	983
780	988
781	407
781	514
781	555
781	571
781	688
781	749
781	791
781	801
781	804
781	825
781	857
781	913
781	962
782	385
782	522
782	552
782	569
782	635
782	812
782	885
782	898
782	910
782	922
782	923
782	976
782	1000
783	112
783	347
783	401
783	460
783	489
783	558
783	868
783	870
783	893
783	920
783	955
783	976
783	999
784	270
784	503
784	545
784	745
784	767
784	843
784	856
784	885
784	898
784	944
784	947
784	948
784	986
785	109
785	116
785	187
785	573
785	612
785	633
785	641
785	728
785	793
785	839
785	894
785	919
785	933
786	64
786	153
786	226
786	259
786	311
786	502
786	671
786	888
786	912
786	939
786	948
786	977
786	978
787	26
787	29
787	219
787	267
787	395
787	556
787	596
787	639
787	656
787	859
787	935
787	960
787	1000
788	92
788	411
788	489
788	505
788	697
788	717
788	914
788	920
788	941
788	949
788	954
788	973
788	990
789	84
789	85
789	601
789	673
789	684
789	701
789	714
789	731
789	895
789	908
789	965
789	972
789	975
790	3
790	48
790	185
790	214
790	503
790	654
790	813
790	842
790	873
790	901
790	981
790	984
790	998
791	92
791	165
791	341
791	398
791	408
791	532
791	541
791	661
791	679
791	781
791	807
791	908
791	933
792	103
792	476
792	493
792	528
792	574
792	617
792	751
792	774
792	852
792	907
792	916
792	966
792	970
793	110
793	196
793	222
793	335
793	450
793	500
793	713
793	769
793	785
793	833
793	902
793	963
793	989
794	500
794	522
794	578
794	635
794	653
794	678
794	732
794	764
794	807
794	868
794	972
794	976
794	982
795	248
795	484
795	521
795	544
795	565
795	614
795	617
795	730
795	770
795	774
795	823
795	915
795	979
796	89
796	245
796	470
796	557
796	877
796	901
796	910
796	923
796	932
796	945
796	948
796	953
796	1000
797	501
797	561
797	571
797	577
797	606
797	628
797	858
797	882
797	889
797	970
797	980
797	998
797	1000
798	53
798	98
798	258
798	275
798	610
798	612
798	674
798	726
798	878
798	908
798	932
798	991
798	999
799	23
799	400
799	652
799	765
799	773
799	838
799	840
799	867
799	880
799	890
799	899
799	903
799	924
800	149
800	205
800	274
800	364
800	598
800	655
800	833
800	847
800	878
800	898
800	989
800	995
800	996
801	258
801	415
801	417
801	498
801	539
801	597
801	633
801	781
801	913
801	928
801	955
801	963
801	971
802	102
802	170
802	421
802	440
802	528
802	549
802	645
802	673
802	692
802	825
802	873
802	992
802	998
803	335
803	413
803	525
803	587
803	602
803	624
803	686
803	738
803	814
803	848
803	850
803	917
803	995
804	21
804	38
804	368
804	376
804	510
804	535
804	549
804	575
804	579
804	731
804	781
804	930
804	986
804	989
805	21
805	372
805	472
805	546
805	600
805	631
805	697
805	814
805	825
805	881
805	883
805	926
805	979
805	995
806	55
806	65
806	141
806	239
806	248
806	311
806	355
806	669
806	683
806	761
806	808
806	812
806	948
806	977
807	83
807	209
807	262
807	331
807	541
807	600
807	670
807	738
807	791
807	794
807	900
807	944
807	950
807	956
808	243
808	302
808	321
808	330
808	641
808	645
808	664
808	686
808	721
808	806
808	886
808	890
808	969
808	971
809	260
809	270
809	354
809	384
809	512
809	736
809	828
809	832
809	870
809	907
809	947
809	966
809	976
809	978
810	66
810	81
810	482
810	490
810	553
810	590
810	688
810	772
810	777
810	827
810	910
810	920
810	946
810	992
811	193
811	261
811	359
811	480
811	490
811	541
811	580
811	728
811	910
811	921
811	961
811	975
811	983
811	988
812	47
812	146
812	507
812	534
812	633
812	634
812	716
812	782
812	806
812	902
812	918
812	943
812	987
812	994
813	177
813	551
813	554
813	579
813	601
813	665
813	790
813	828
813	834
813	865
813	866
813	877
813	962
813	991
814	224
814	619
814	669
814	679
814	803
814	805
814	828
814	853
814	905
814	911
814	921
814	925
814	926
814	953
815	68
815	171
815	193
815	215
815	281
815	478
815	490
815	522
815	571
815	666
815	729
815	896
815	919
815	937
816	441
816	557
816	570
816	585
816	632
816	640
816	727
816	824
816	830
816	845
816	865
816	972
816	976
816	981
817	196
817	296
817	407
817	435
817	563
817	616
817	748
817	848
817	905
817	910
817	950
817	978
817	991
817	1000
818	59
818	175
818	226
818	278
818	596
818	614
818	681
818	684
818	689
818	849
818	878
818	931
818	951
818	992
818	994
819	79
819	102
819	134
819	147
819	195
819	603
819	629
819	651
819	725
819	894
819	940
819	960
819	962
819	965
819	978
820	1
820	12
820	84
820	177
820	265
820	389
820	441
820	733
820	739
820	861
820	885
820	957
820	991
820	996
820	1000
821	10
821	66
821	137
821	266
821	566
821	598
821	839
821	888
821	909
821	911
821	919
821	937
821	938
821	965
821	999
822	72
822	113
822	434
822	527
822	601
822	712
822	749
822	755
822	771
822	844
822	846
822	946
822	947
822	983
822	993
823	363
823	550
823	566
823	622
823	644
823	648
823	668
823	684
823	723
823	795
823	922
823	941
823	944
823	962
823	1000
824	286
824	325
824	354
824	378
824	425
824	716
824	816
824	895
824	908
824	943
824	950
824	970
824	977
824	981
824	989
825	375
825	397
825	475
825	520
825	563
825	612
825	730
825	748
825	781
825	802
825	805
825	911
825	926
825	961
825	968
826	186
826	403
826	420
826	438
826	503
826	507
826	561
826	618
826	747
826	878
826	903
826	934
826	966
826	976
826	985
827	416
827	462
827	505
827	615
827	621
827	622
827	647
827	678
827	695
827	715
827	810
827	835
827	928
827	975
827	1000
828	163
828	177
828	370
828	412
828	446
828	579
828	620
828	774
828	809
828	813
828	814
828	829
828	865
828	977
828	979
829	48
829	110
829	113
829	197
829	386
829	539
829	672
829	715
829	828
829	848
829	907
829	924
829	940
829	955
829	977
830	263
830	297
830	439
830	459
830	468
830	591
830	634
830	646
830	676
830	764
830	767
830	816
830	896
830	987
830	998
831	82
831	214
831	226
831	250
831	330
831	479
831	550
831	697
831	707
831	837
831	881
831	924
831	961
831	995
831	999
832	210
832	591
832	610
832	745
832	809
832	857
832	879
832	884
832	893
832	899
832	947
832	966
832	993
832	995
832	997
833	279
833	323
833	347
833	367
833	542
833	545
833	604
833	793
833	800
833	860
833	909
833	975
833	984
833	986
833	993
834	615
834	625
834	638
834	640
834	649
834	735
834	754
834	813
834	859
834	886
834	888
834	960
834	977
834	980
834	989
834	993
835	319
835	463
835	583
835	675
835	678
835	699
835	739
835	827
835	839
835	887
835	897
835	898
835	917
835	941
835	987
835	994
836	47
836	441
836	469
836	514
836	525
836	563
836	573
836	685
836	711
836	877
836	922
836	925
836	957
836	959
836	962
836	1000
837	8
837	216
837	366
837	541
837	577
837	682
837	831
837	842
837	865
837	911
837	919
837	941
837	977
837	987
837	998
837	999
838	85
838	211
838	391
838	525
838	566
838	598
838	710
838	776
838	799
838	855
838	879
838	917
838	973
838	978
838	988
838	998
839	373
839	394
839	397
839	491
839	668
839	761
839	785
839	821
839	835
839	903
839	913
839	917
839	923
839	932
839	950
839	981
840	57
840	130
840	178
840	201
840	304
840	318
840	337
840	416
840	588
840	589
840	706
840	759
840	799
840	890
840	907
840	981
841	24
841	168
841	293
841	391
841	402
841	628
841	636
841	752
841	843
841	853
841	873
841	892
841	913
841	921
841	922
841	978
842	62
842	159
842	402
842	520
842	581
842	687
842	691
842	693
842	773
842	774
842	790
842	837
842	877
842	888
842	950
842	994
843	30
843	188
843	204
843	355
843	400
843	565
843	662
843	727
843	737
843	784
843	841
843	871
843	910
843	938
843	962
843	963
844	125
844	207
844	310
844	362
844	384
844	485
844	515
844	822
844	849
844	880
844	890
844	936
844	940
844	943
844	951
844	975
844	984
845	49
845	74
845	149
845	278
845	573
845	585
845	632
845	638
845	647
845	655
845	816
845	855
845	856
845	870
845	907
845	940
845	954
846	75
846	88
846	149
846	352
846	456
846	512
846	619
846	694
846	701
846	773
846	779
846	822
846	862
846	866
846	869
846	878
846	989
847	134
847	284
847	291
847	316
847	347
847	371
847	800
847	851
847	855
847	915
847	934
847	936
847	939
847	960
847	964
847	989
847	991
848	244
848	283
848	498
848	512
848	571
848	624
848	649
848	692
848	803
848	817
848	829
848	853
848	888
848	925
848	943
848	944
848	984
849	45
849	59
849	281
849	457
849	563
849	641
849	659
849	689
849	737
849	741
849	818
849	844
849	931
849	951
849	971
849	992
849	997
850	238
850	254
850	273
850	321
850	396
850	562
850	624
850	682
850	693
850	728
850	738
850	803
850	890
850	917
850	918
850	923
850	962
851	66
851	411
851	548
851	554
851	602
851	608
851	667
851	682
851	734
851	766
851	771
851	779
851	847
851	936
851	966
851	976
851	995
852	204
852	430
852	470
852	680
852	757
852	792
852	853
852	858
852	871
852	925
852	929
852	934
852	936
852	943
852	967
852	971
852	991
853	26
853	205
853	351
853	482
853	710
853	711
853	752
853	778
853	814
853	841
853	848
853	852
853	925
853	970
853	983
853	986
853	999
854	6
854	126
854	180
854	264
854	663
854	861
854	867
854	901
854	908
854	936
854	952
854	962
854	965
854	978
854	981
854	985
854	993
855	140
855	464
855	574
855	627
855	739
855	741
855	838
855	845
855	847
855	902
855	905
855	908
855	936
855	943
855	956
855	961
855	986
856	452
856	469
856	503
856	584
856	585
856	632
856	644
856	656
856	694
856	784
856	845
856	896
856	941
856	960
856	973
856	976
856	981
857	214
857	493
857	645
857	657
857	691
857	719
857	743
857	750
857	781
857	832
857	886
857	898
857	899
857	910
857	978
857	990
857	998
858	15
858	183
858	233
858	279
858	382
858	434
858	560
858	569
858	668
858	755
858	797
858	852
858	871
858	900
858	906
858	932
858	992
859	117
859	340
859	626
859	674
859	721
859	742
859	775
859	787
859	834
859	868
859	871
859	904
859	907
859	935
859	936
859	940
859	943
860	136
860	299
860	350
860	513
860	623
860	643
860	724
860	833
860	865
860	889
860	909
860	921
860	937
860	941
860	950
860	967
860	975
861	266
861	437
861	523
861	685
861	747
861	820
861	854
861	882
861	900
861	913
861	916
861	933
861	939
861	953
861	963
861	966
861	982
861	996
862	75
862	210
862	271
862	278
862	352
862	456
862	563
862	597
862	642
862	643
862	650
862	717
862	772
862	846
862	866
862	869
862	878
862	895
863	91
863	92
863	142
863	165
863	301
863	342
863	375
863	621
863	654
863	679
863	685
863	756
863	768
863	868
863	907
863	922
863	955
863	965
864	24
864	120
864	459
864	488
864	492
864	538
864	540
864	578
864	696
864	699
864	718
864	877
864	892
864	899
864	927
864	943
864	981
864	995
865	432
865	583
865	813
865	816
865	828
865	837
865	860
865	937
865	947
865	954
865	955
865	961
865	967
865	968
865	984
865	986
865	993
865	997
866	323
866	341
866	446
866	479
866	517
866	683
866	813
866	846
866	862
866	887
866	892
866	922
866	934
866	961
866	972
866	975
866	986
866	992
867	54
867	78
867	152
867	220
867	280
867	464
867	524
867	575
867	589
867	665
867	712
867	719
867	799
867	854
867	880
867	882
867	890
867	909
868	229
868	409
868	509
868	525
868	569
868	579
868	679
868	744
868	745
868	783
868	794
868	859
868	863
868	870
868	876
868	895
868	984
868	996
869	36
869	212
869	356
869	498
869	520
869	593
869	658
869	693
869	846
869	862
869	908
869	941
869	953
869	965
869	971
869	972
869	974
869	990
870	78
870	102
870	131
870	396
870	401
870	447
870	460
870	558
870	714
870	757
870	783
870	809
870	845
870	868
870	900
870	920
870	955
870	976
870	999
871	15
871	95
871	279
871	344
871	419
871	516
871	560
871	631
871	755
871	843
871	852
871	858
871	859
871	879
871	927
871	932
871	942
871	948
871	981
872	16
872	221
872	238
872	355
872	387
872	451
872	524
872	658
872	703
872	733
872	760
872	898
872	922
872	950
872	955
872	964
872	990
872	993
872	995
873	224
873	330
873	349
873	362
873	636
873	650
873	751
873	767
873	790
873	802
873	841
873	874
873	878
873	900
873	927
873	935
873	964
873	989
873	998
874	4
874	69
874	300
874	404
874	407
874	475
874	506
874	530
874	542
874	569
874	723
874	873
874	875
874	898
874	952
874	954
874	961
874	987
874	992
875	189
875	298
875	408
875	541
875	582
875	677
875	692
875	696
875	736
875	747
875	750
875	874
875	917
875	935
875	952
875	962
875	975
875	981
875	990
876	55
876	530
876	637
876	650
876	651
876	699
876	711
876	720
876	740
876	762
876	767
876	776
876	868
876	902
876	917
876	925
876	991
876	994
876	996
877	316
877	384
877	413
877	420
877	446
877	502
877	516
877	727
877	775
877	796
877	813
877	836
877	842
877	864
877	929
877	938
877	945
877	963
877	995
878	307
878	614
878	683
878	798
878	800
878	818
878	826
878	846
878	862
878	873
878	934
878	940
878	948
878	951
878	961
878	964
878	974
878	992
878	994
879	183
879	243
879	281
879	344
879	560
879	615
879	646
879	666
879	672
879	755
879	757
879	832
879	838
879	871
879	900
879	932
879	942
879	948
879	992
880	283
880	434
880	465
880	496
880	565
880	581
880	674
880	682
880	690
880	799
880	844
880	867
880	890
880	921
880	932
880	942
880	985
880	990
880	998
881	432
881	484
881	544
881	597
881	649
881	670
881	671
881	687
881	779
881	805
881	831
881	901
881	936
881	943
881	972
881	975
881	977
881	991
881	992
882	23
882	144
882	219
882	354
882	540
882	548
882	740
882	797
882	861
882	867
882	890
882	901
882	905
882	931
882	936
882	943
882	947
882	967
882	968
883	63
883	70
883	99
883	417
883	530
883	602
883	624
883	661
883	705
883	770
883	805
883	912
883	920
883	925
883	930
883	970
883	981
883	989
883	1000
884	101
884	200
884	237
884	311
884	568
884	576
884	598
884	693
884	705
884	743
884	761
884	765
884	832
884	893
884	906
884	924
884	954
884	982
884	993
885	97
885	138
885	230
885	282
885	342
885	422
885	425
885	569
885	574
885	782
885	784
885	820
885	902
885	907
885	910
885	936
885	940
885	943
885	989
886	87
886	248
886	264
886	280
886	394
886	439
886	458
886	521
886	680
886	692
886	772
886	777
886	808
886	834
886	857
886	903
886	904
886	914
886	935
886	997
887	57
887	401
887	505
887	622
887	658
887	757
887	835
887	866
887	889
887	892
887	904
887	909
887	924
887	940
887	941
887	953
887	958
887	963
887	994
887	995
888	284
888	382
888	558
888	567
888	584
888	628
888	672
888	676
888	677
888	776
888	786
888	821
888	834
888	842
888	848
888	919
888	928
888	949
888	956
888	981
889	20
889	36
889	249
889	459
889	619
889	660
889	680
889	706
889	749
889	797
889	860
889	887
889	914
889	918
889	939
889	948
889	955
889	967
889	980
889	995
890	122
890	286
890	318
890	382
890	386
890	461
890	589
890	602
890	677
890	709
890	799
890	808
890	840
890	844
890	850
890	867
890	880
890	882
890	899
890	904
891	12
891	106
891	331
891	456
891	515
891	627
891	646
891	720
891	766
891	897
891	901
891	919
891	924
891	950
891	968
891	981
891	985
891	987
891	990
891	995
892	70
892	102
892	166
892	305
892	477
892	628
892	630
892	698
892	700
892	725
892	770
892	841
892	864
892	866
892	887
892	915
892	921
892	944
892	966
892	997
893	101
893	237
893	430
893	505
893	549
893	576
893	687
893	698
893	749
893	751
893	760
893	765
893	779
893	783
893	832
893	884
893	909
893	924
893	982
893	993
894	141
894	197
894	243
894	297
894	499
894	503
894	562
894	629
894	636
894	639
894	649
894	651
894	725
894	766
894	785
894	819
894	946
894	953
894	960
894	984
895	366
895	427
895	458
895	494
895	501
895	554
895	630
895	789
895	824
895	862
895	868
895	896
895	897
895	902
895	916
895	943
895	968
895	972
895	987
895	992
896	171
896	403
896	526
896	605
896	637
896	658
896	678
896	696
896	815
896	830
896	856
896	895
896	901
896	923
896	929
896	935
896	952
896	975
896	981
896	995
897	226
897	471
897	495
897	570
897	723
897	770
897	835
897	891
897	895
897	905
897	914
897	916
897	933
897	935
897	944
897	948
897	959
897	964
897	972
897	982
897	987
898	158
898	198
898	393
898	487
898	565
898	608
898	652
898	782
898	784
898	800
898	835
898	857
898	872
898	874
898	915
898	964
898	972
898	978
898	983
898	993
898	998
899	164
899	183
899	404
899	559
899	595
899	654
899	656
899	687
899	799
899	832
899	857
899	864
899	890
899	904
899	908
899	925
899	930
899	951
899	965
899	971
899	989
900	518
900	567
900	627
900	675
900	807
900	858
900	861
900	870
900	873
900	879
900	918
900	920
900	945
900	952
900	957
900	961
900	970
900	982
900	992
900	996
900	998
901	151
901	443
901	627
901	639
901	644
901	684
901	742
901	751
901	761
901	775
901	790
901	796
901	854
901	881
901	882
901	891
901	896
901	912
901	985
901	986
901	1000
902	150
902	273
902	322
902	513
902	536
902	587
902	588
902	595
902	691
902	721
902	756
902	793
902	812
902	855
902	876
902	885
902	895
902	931
902	950
902	966
902	986
903	13
903	73
903	203
903	254
903	409
903	449
903	480
903	573
903	603
903	641
903	744
903	799
903	826
903	839
903	886
903	905
903	917
903	968
903	974
903	983
903	992
904	20
904	36
904	140
904	194
904	528
904	594
904	625
904	698
904	724
904	750
904	859
904	886
904	887
904	890
904	899
904	937
904	947
904	948
904	961
904	964
904	970
904	986
905	222
905	324
905	360
905	602
905	612
905	728
905	737
905	750
905	814
905	817
905	855
905	882
905	897
905	903
905	928
905	931
905	944
905	951
905	959
905	967
905	987
905	988
906	186
906	232
906	235
906	380
906	420
906	561
906	583
906	666
906	693
906	722
906	771
906	772
906	858
906	884
906	918
906	921
906	934
906	935
906	966
906	976
906	990
906	997
907	295
907	380
907	531
907	721
907	748
907	771
907	778
907	792
907	809
907	829
907	840
907	845
907	859
907	863
907	885
907	920
907	940
907	965
907	966
907	981
907	994
907	998
908	87
908	165
908	209
908	253
908	308
908	451
908	490
908	507
908	620
908	654
908	733
908	742
908	789
908	791
908	798
908	824
908	854
908	855
908	869
908	899
908	936
908	972
909	2
909	275
909	335
909	379
909	546
909	555
909	670
909	679
909	749
909	821
909	833
909	860
909	867
909	887
909	893
909	912
909	919
909	936
909	937
909	939
909	943
909	988
909	994
910	96
910	120
910	217
910	228
910	279
910	435
910	717
910	752
910	762
910	782
910	796
910	810
910	811
910	817
910	843
910	857
910	885
910	952
910	963
910	974
910	975
910	985
910	990
911	18
911	41
911	488
911	506
911	652
911	662
911	705
911	712
911	717
911	772
911	814
911	821
911	825
911	837
911	922
911	946
911	954
911	958
911	976
911	979
911	990
911	996
911	997
912	1
912	44
912	90
912	124
912	225
912	351
912	376
912	414
912	424
912	481
912	709
912	741
912	750
912	761
912	786
912	883
912	901
912	909
912	939
912	977
912	979
912	992
912	993
913	453
913	539
913	546
913	622
913	670
913	726
913	736
913	781
913	801
913	839
913	841
913	861
913	927
913	935
913	950
913	953
913	967
913	972
913	975
913	979
913	994
913	996
913	1000
914	18
914	38
914	148
914	232
914	242
914	277
914	315
914	460
914	606
914	664
914	688
914	727
914	729
914	740
914	762
914	764
914	788
914	886
914	889
914	897
914	975
914	991
914	1000
915	90
915	93
915	377
915	399
915	607
915	618
915	638
915	651
915	670
915	702
915	707
915	743
915	746
915	757
915	772
915	795
915	847
915	892
915	898
915	948
915	970
915	974
915	997
916	89
916	145
916	159
916	162
916	257
916	396
916	630
916	708
916	732
916	766
916	792
916	861
916	895
916	897
916	939
916	973
916	977
916	987
916	988
916	990
916	994
916	996
916	999
917	254
917	321
917	326
917	450
917	510
917	525
917	564
917	568
917	605
917	624
917	662
917	692
917	729
917	738
917	803
917	835
917	838
917	839
917	850
917	875
917	876
917	903
917	971
918	10
918	72
918	131
918	139
918	207
918	261
918	284
918	321
918	555
918	597
918	635
918	658
918	703
918	706
918	812
918	850
918	889
918	900
918	906
918	934
918	962
918	979
918	999
919	66
919	223
919	239
919	432
919	506
919	573
919	586
919	623
919	738
919	744
919	758
919	768
919	780
919	785
919	815
919	821
919	837
919	888
919	891
919	909
919	933
919	972
919	994
920	218
920	401
920	460
920	468
920	558
920	601
920	685
920	689
920	700
920	722
920	773
920	783
920	788
920	810
920	870
920	883
920	900
920	907
920	953
920	955
920	976
920	990
920	998
920	999
921	24
921	51
921	133
921	708
921	724
921	756
921	768
921	771
921	811
921	814
921	841
921	860
921	880
921	892
921	906
921	934
921	936
921	943
921	950
921	952
921	965
921	973
921	990
921	996
922	54
922	127
922	171
922	172
922	317
922	405
922	530
922	543
922	595
922	658
922	695
922	782
922	823
922	836
922	841
922	863
922	866
922	872
922	911
922	942
922	946
922	961
922	979
922	986
923	116
923	166
923	175
923	394
923	405
923	650
923	725
923	782
923	796
923	839
923	850
923	896
923	928
923	929
923	938
923	949
923	956
923	962
923	965
923	971
923	979
923	984
923	996
923	999
924	23
924	50
924	508
924	535
924	572
924	623
924	625
924	657
924	689
924	720
924	747
924	763
924	765
924	799
924	829
924	831
924	884
924	887
924	891
924	893
924	949
924	964
924	970
924	976
924	995
925	26
925	178
925	205
925	276
925	521
925	557
925	581
925	587
925	601
925	618
925	710
925	711
925	722
925	734
925	743
925	814
925	836
925	848
925	852
925	853
925	876
925	883
925	899
925	934
925	998
926	5
926	10
926	19
926	39
926	62
926	156
926	167
926	255
926	280
926	311
926	422
926	472
926	656
926	668
926	676
926	691
926	697
926	726
926	731
926	740
926	760
926	805
926	814
926	825
926	978
926	989
927	27
927	31
927	174
927	606
927	686
927	754
927	780
927	864
927	871
927	873
927	913
927	942
927	945
927	983
928	42
928	61
928	108
928	202
928	213
928	255
928	412
928	473
928	514
928	527
928	643
928	683
928	706
928	716
928	801
928	827
928	888
928	905
928	923
928	940
928	941
928	975
928	976
928	978
928	981
928	992
929	39
929	55
929	139
929	217
929	247
929	272
929	319
929	343
929	391
929	413
929	440
929	477
929	513
929	543
929	552
929	568
929	659
929	662
929	852
929	877
929	896
929	923
929	941
929	962
929	971
929	973
929	987
930	56
930	82
930	103
930	109
930	200
930	284
930	340
930	361
930	411
930	424
930	466
930	590
930	645
930	694
930	780
930	804
930	883
930	899
930	935
930	942
930	968
930	978
930	988
930	989
930	992
930	997
930	1000
931	39
931	45
931	161
931	221
931	246
931	502
931	571
931	659
931	675
931	685
931	689
931	708
931	730
931	737
931	740
931	818
931	849
931	882
931	902
931	905
931	951
931	971
931	972
931	992
931	997
931	999
931	1000
932	15
932	183
932	279
932	328
932	344
932	359
932	388
932	452
932	464
932	552
932	560
932	618
932	623
932	646
932	684
932	693
932	755
932	757
932	774
932	796
932	798
932	839
932	858
932	871
932	879
932	880
932	981
933	86
933	225
933	245
933	272
933	326
933	408
933	477
933	487
933	519
933	532
933	571
933	644
933	699
933	709
933	723
933	763
933	769
933	785
933	791
933	861
933	897
933	919
933	944
933	954
933	958
933	963
933	987
934	15
934	275
934	380
934	409
934	411
934	561
934	586
934	604
934	637
934	639
934	642
934	680
934	700
934	736
934	753
934	771
934	826
934	847
934	852
934	866
934	878
934	906
934	918
934	921
934	925
934	961
934	976
934	978
935	18
935	22
935	238
935	286
935	443
935	583
935	645
935	711
935	723
935	748
935	771
935	787
935	859
935	873
935	875
935	886
935	896
935	897
935	906
935	913
935	930
935	938
935	940
935	958
935	987
935	989
935	992
935	998
936	133
936	291
936	302
936	356
936	373
936	393
936	495
936	590
936	744
936	775
936	844
936	847
936	851
936	852
936	854
936	855
936	859
936	881
936	882
936	885
936	908
936	909
936	921
936	938
936	943
936	954
936	960
936	976
937	51
937	93
937	114
937	136
937	169
937	241
937	288
937	299
937	396
937	442
937	543
937	604
937	643
937	662
937	681
937	694
937	695
937	724
937	739
937	815
937	821
937	860
937	865
937	904
937	909
937	941
937	962
937	978
938	25
938	118
938	129
938	144
938	154
938	204
938	216
938	228
938	379
938	458
938	551
938	565
938	568
938	601
938	618
938	682
938	685
938	702
938	740
938	751
938	821
938	843
938	877
938	923
938	935
938	936
938	962
938	993
939	35
939	46
939	71
939	78
939	148
939	256
939	288
939	289
939	376
939	453
939	455
939	524
939	527
939	598
939	613
939	681
939	732
939	742
939	763
939	786
939	847
939	861
939	889
939	909
939	912
939	916
939	945
939	964
940	27
940	48
940	140
940	242
940	275
940	332
940	403
940	487
940	666
940	674
940	747
940	819
940	829
940	844
940	845
940	859
940	878
940	885
940	887
940	907
940	928
940	935
940	948
940	958
940	960
940	984
940	993
940	998
941	71
941	152
941	236
941	329
941	442
941	585
941	701
941	715
941	728
941	788
941	823
941	835
941	837
941	856
941	860
941	869
941	887
941	928
941	929
941	937
941	958
941	964
941	977
941	981
941	989
941	992
941	995
941	999
942	122
942	213
942	423
942	429
942	435
942	553
942	554
942	646
942	680
942	681
942	697
942	726
942	727
942	730
942	741
942	750
942	871
942	879
942	880
942	922
942	927
942	930
942	962
942	963
942	972
942	977
942	984
942	989
942	997
943	112
943	133
943	356
943	357
943	491
943	599
943	688
943	728
943	769
943	812
943	824
943	844
943	848
943	852
943	855
943	859
943	864
943	881
943	882
943	885
943	895
943	909
943	921
943	936
943	951
943	960
943	971
943	976
943	993
944	172
944	179
944	231
944	285
944	287
944	393
944	429
944	493
944	515
944	566
944	660
944	671
944	770
944	784
944	807
944	823
944	848
944	892
944	897
944	905
944	933
944	955
944	956
944	958
944	959
944	964
944	978
944	985
944	995
945	85
945	98
945	207
945	314
945	347
945	425
945	519
945	525
945	580
945	629
945	673
945	696
945	708
945	743
945	754
945	780
945	796
945	877
945	900
945	927
945	939
945	952
945	953
945	973
945	978
945	983
945	986
945	992
945	996
946	7
946	77
946	111
946	114
946	198
946	294
946	312
946	348
946	421
946	429
946	449
946	517
946	531
946	706
946	712
946	739
946	778
946	810
946	822
946	894
946	911
946	922
946	954
946	955
946	960
946	968
946	976
946	987
946	991
946	996
947	2
947	33
947	44
947	90
947	107
947	208
947	235
947	257
947	300
947	301
947	369
947	433
947	527
947	609
947	614
947	631
947	697
947	713
947	717
947	752
947	784
947	809
947	822
947	832
947	865
947	882
947	904
947	988
947	993
947	995
948	11
948	49
948	256
948	283
948	302
948	317
948	430
948	463
948	495
948	518
948	669
948	734
948	747
948	755
948	784
948	786
948	796
948	806
948	871
948	878
948	879
948	889
948	897
948	904
948	915
948	940
948	954
948	972
948	977
948	985
948	987
949	4
949	17
949	86
949	94
949	123
949	132
949	134
949	135
949	331
949	343
949	405
949	409
949	489
949	495
949	508
949	577
949	624
949	652
949	672
949	707
949	747
949	748
949	764
949	788
949	888
949	923
949	924
949	951
949	965
949	970
949	993
950	13
950	285
950	309
950	324
950	390
950	476
950	533
950	577
950	587
950	598
950	624
950	682
950	709
950	734
950	745
950	749
950	807
950	817
950	824
950	839
950	842
950	860
950	872
950	891
950	902
950	913
950	921
950	970
950	971
950	990
950	994
951	28
951	45
951	59
951	161
951	233
951	283
951	289
951	339
951	353
951	392
951	432
951	623
951	659
951	689
951	737
951	766
951	818
951	844
951	849
951	878
951	899
951	905
951	931
951	943
951	949
951	960
951	968
951	971
951	986
951	992
951	997
952	346
952	426
952	497
952	504
952	570
952	590
952	602
952	612
952	621
952	647
952	672
952	687
952	696
952	700
952	767
952	768
952	778
952	854
952	874
952	875
952	896
952	900
952	910
952	921
952	945
952	957
952	960
952	966
952	982
952	985
952	995
953	16
953	125
953	260
953	290
953	343
953	437
953	493
953	500
953	523
953	531
953	587
953	591
953	601
953	621
953	722
953	739
953	756
953	762
953	796
953	814
953	861
953	869
953	887
953	894
953	913
953	920
953	945
953	955
953	966
953	988
953	989
953	996
954	105
954	224
954	272
954	303
954	347
954	348
954	370
954	429
954	430
954	452
954	509
954	608
954	638
954	677
954	759
954	788
954	845
954	865
954	874
954	884
954	911
954	933
954	936
954	946
954	948
954	959
954	973
954	978
954	980
954	981
954	985
954	995
955	119
955	125
955	295
955	323
955	334
955	417
955	429
955	485
955	534
955	590
955	617
955	636
955	675
955	714
955	719
955	769
955	783
955	801
955	829
955	863
955	865
955	870
955	872
955	889
955	920
955	944
955	946
955	953
955	980
955	985
955	990
955	997
956	5
956	103
956	131
956	155
956	173
956	218
956	263
956	341
956	390
956	412
956	433
956	441
956	445
956	453
956	454
956	479
956	485
956	492
956	499
956	555
956	564
956	568
956	615
956	663
956	729
956	807
956	855
956	888
956	923
956	944
956	975
956	995
957	28
957	30
957	52
957	93
957	108
957	209
957	250
957	276
957	334
957	372
957	396
957	448
957	467
957	553
957	580
957	593
957	611
957	678
957	680
957	708
957	743
957	752
957	820
957	836
957	900
957	952
957	971
957	973
957	975
957	993
957	999
957	1000
958	16
958	37
958	63
958	122
958	127
958	153
958	179
958	227
958	263
958	268
958	289
958	487
958	531
958	548
958	568
958	588
958	629
958	637
958	644
958	663
958	671
958	714
958	731
958	747
958	887
958	911
958	933
958	935
958	940
958	941
958	944
958	963
959	65
959	91
959	115
959	139
959	187
959	229
959	233
959	298
959	313
959	328
959	329
959	402
959	421
959	448
959	527
959	528
959	533
959	546
959	559
959	640
959	653
959	715
959	718
959	736
959	769
959	779
959	836
959	897
959	905
959	944
959	954
959	967
959	993
960	17
960	42
960	49
960	63
960	91
960	191
960	293
960	426
960	556
960	609
960	619
960	627
960	630
960	632
960	708
960	734
960	735
960	756
960	787
960	819
960	834
960	847
960	856
960	894
960	936
960	940
960	943
960	946
960	951
960	952
960	966
960	976
960	984
961	10
961	34
961	100
961	131
961	170
961	172
961	182
961	203
961	292
961	396
961	458
961	502
961	545
961	648
961	679
961	746
961	760
961	770
961	811
961	825
961	831
961	855
961	865
961	866
961	874
961	878
961	900
961	904
961	922
961	934
961	964
961	986
961	994
962	169
962	324
962	378
962	413
962	442
962	466
962	505
962	522
962	679
962	718
962	724
962	777
962	781
962	813
962	819
962	823
962	836
962	843
962	850
962	854
962	875
962	918
962	923
962	929
962	937
962	938
962	942
962	967
962	968
962	971
962	979
962	987
962	994
963	14
963	113
963	166
963	168
963	179
963	385
963	421
963	474
963	488
963	511
963	565
963	607
963	611
963	616
963	708
963	709
963	774
963	793
963	801
963	843
963	861
963	877
963	887
963	910
963	933
963	942
963	958
963	966
963	973
963	979
963	994
963	997
963	999
964	19
964	40
964	101
964	119
964	128
964	147
964	221
964	269
964	387
964	418
964	451
964	586
964	596
964	723
964	730
964	847
964	872
964	873
964	878
964	897
964	898
964	904
964	924
964	939
964	941
964	944
964	961
964	970
964	976
964	977
964	985
964	986
964	987
964	996
965	282
965	319
965	355
965	462
965	467
965	504
965	508
965	514
965	554
965	640
965	655
965	677
965	678
965	718
965	739
965	751
965	756
965	759
965	761
965	789
965	819
965	821
965	854
965	863
965	869
965	899
965	907
965	921
965	923
965	949
965	972
965	975
965	978
965	981
966	118
966	182
966	314
966	346
966	450
966	470
966	473
966	498
966	561
966	633
966	639
966	682
966	686
966	717
966	754
966	792
966	809
966	826
966	832
966	851
966	861
966	892
966	902
966	906
966	907
966	952
966	953
966	960
966	963
966	969
966	970
966	982
966	991
966	996
967	121
967	247
967	262
967	280
967	315
967	425
967	488
967	494
967	521
967	529
967	536
967	559
967	572
967	576
967	615
967	715
967	722
967	734
967	738
967	766
967	773
967	852
967	860
967	865
967	882
967	889
967	905
967	913
967	959
967	962
967	968
967	979
967	983
967	998
968	3
968	57
968	61
968	76
968	235
968	247
968	265
968	337
968	378
968	427
968	486
968	494
968	529
968	538
968	542
968	543
968	572
968	668
968	675
968	763
968	825
968	865
968	882
968	891
968	895
968	903
968	930
968	946
968	951
968	962
968	967
968	979
968	983
968	991
969	60
969	83
969	142
969	150
969	169
969	181
969	269
969	316
969	330
969	335
969	368
969	381
969	470
969	531
969	548
969	567
969	579
969	596
969	619
969	636
969	638
969	664
969	667
969	687
969	692
969	698
969	735
969	740
969	742
969	772
969	808
969	966
969	971
969	982
969	991
970	234
970	241
970	276
970	345
970	414
970	422
970	471
970	489
970	517
970	548
970	582
970	611
970	615
970	617
970	639
970	659
970	703
970	737
970	760
970	774
970	792
970	797
970	824
970	853
970	883
970	900
970	904
970	915
970	924
970	949
970	950
970	964
970	966
970	973
970	995
971	215
971	312
971	404
971	410
971	413
971	417
971	485
971	572
971	644
971	659
971	686
971	704
971	746
971	758
971	801
971	808
971	849
971	852
971	869
971	899
971	917
971	923
971	929
971	931
971	943
971	950
971	951
971	957
971	962
971	969
971	975
971	984
971	987
971	990
971	995
972	58
972	96
972	107
972	158
972	192
972	308
972	338
972	351
972	383
972	521
972	553
972	562
972	597
972	659
972	716
972	737
972	746
972	768
972	789
972	794
972	816
972	866
972	869
972	881
972	895
972	897
972	898
972	908
972	913
972	919
972	931
972	942
972	948
972	965
972	981
972	997
973	49
973	144
973	189
973	217
973	244
973	248
973	272
973	274
973	294
973	314
973	394
973	400
973	450
973	453
973	464
973	491
973	506
973	611
973	621
973	663
973	687
973	708
973	760
973	773
973	775
973	788
973	838
973	856
973	916
973	921
973	929
973	945
973	954
973	957
973	963
973	970
974	7
974	20
974	44
974	122
974	141
974	199
974	201
974	227
974	307
974	312
974	425
974	450
974	454
974	468
974	497
974	524
974	547
974	584
974	590
974	626
974	656
974	667
974	676
974	688
974	693
974	702
974	726
974	742
974	753
974	869
974	878
974	903
974	910
974	915
974	989
974	992
974	999
975	9
975	53
975	81
975	191
975	199
975	223
975	394
975	443
975	505
975	610
975	661
975	678
975	695
975	705
975	717
975	750
975	768
975	773
975	789
975	811
975	827
975	833
975	844
975	860
975	866
975	875
975	881
975	896
975	910
975	913
975	914
975	928
975	956
975	957
975	965
975	971
975	978
975	1000
976	30
976	112
976	159
976	198
976	301
976	316
976	406
976	444
976	460
976	522
976	592
976	626
976	701
976	712
976	718
976	744
976	758
976	782
976	783
976	794
976	809
976	816
976	826
976	851
976	856
976	870
976	906
976	911
976	920
976	924
976	928
976	934
976	936
976	943
976	946
976	960
976	964
976	982
976	992
977	61
977	71
977	124
977	137
977	148
977	168
977	174
977	184
977	258
977	294
977	337
977	339
977	349
977	422
977	572
977	587
977	596
977	613
977	681
977	709
977	732
977	741
977	776
977	786
977	806
977	824
977	828
977	829
977	834
977	837
977	881
977	912
977	916
977	941
977	942
977	948
977	964
977	978
977	997
978	69
978	164
978	305
978	418
978	466
978	496
978	513
978	527
978	564
978	575
978	637
978	686
978	687
978	748
978	786
978	809
978	817
978	819
978	838
978	841
978	854
978	857
978	898
978	926
978	928
978	930
978	934
978	937
978	944
978	945
978	954
978	965
978	975
978	977
978	985
978	988
978	989
978	995
978	997
979	5
979	8
979	46
979	92
979	143
979	171
979	219
979	246
979	257
979	308
979	317
979	484
979	511
979	551
979	556
979	569
979	608
979	613
979	674
979	691
979	693
979	704
979	732
979	777
979	795
979	805
979	828
979	911
979	912
979	913
979	918
979	922
979	923
979	962
979	963
979	967
979	968
979	994
979	997
980	9
980	61
980	130
980	176
980	257
980	288
980	310
980	317
980	319
980	355
980	358
980	360
980	362
980	426
980	481
980	504
980	534
980	573
980	586
980	608
980	623
980	639
980	683
980	686
980	691
980	700
980	703
980	756
980	759
980	760
980	763
980	774
980	797
980	834
980	889
980	954
980	955
980	988
980	991
980	999
981	6
981	173
981	235
981	242
981	280
981	294
981	309
981	359
981	383
981	388
981	439
981	448
981	452
981	586
981	632
981	638
981	640
981	655
981	776
981	790
981	816
981	824
981	839
981	840
981	854
981	856
981	864
981	871
981	875
981	883
981	888
981	891
981	896
981	907
981	928
981	932
981	941
981	954
981	965
981	972
981	991
982	31
982	43
982	110
982	245
982	252
982	331
982	339
982	398
982	421
982	437
982	488
982	494
982	504
982	576
982	593
982	594
982	599
982	618
982	662
982	688
982	696
982	699
982	701
982	705
982	744
982	762
982	765
982	794
982	861
982	884
982	893
982	897
982	900
982	952
982	966
982	969
982	976
982	991
982	993
982	995
982	996
983	19
983	31
983	80
983	120
983	151
983	206
983	233
983	261
983	272
983	278
983	377
983	393
983	427
983	481
983	486
983	524
983	531
983	538
983	570
983	592
983	595
983	596
983	597
983	606
983	630
983	661
983	663
983	692
983	697
983	742
983	754
983	780
983	811
983	822
983	853
983	898
983	903
983	927
983	945
983	967
983	968
984	13
984	64
984	106
984	147
984	195
984	197
984	350
984	396
984	510
984	517
984	536
984	539
984	603
984	616
984	618
984	629
984	633
984	644
984	648
984	651
984	668
984	675
984	696
984	706
984	725
984	763
984	772
984	775
984	776
984	790
984	833
984	844
984	848
984	865
984	868
984	894
984	923
984	940
984	942
984	960
984	971
984	990
985	16
985	93
985	118
985	169
985	175
985	216
985	236
985	268
985	284
985	353
985	374
985	392
985	403
985	498
985	499
985	504
985	552
985	564
985	587
985	643
985	667
985	672
985	700
985	722
985	734
985	750
985	777
985	826
985	854
985	880
985	891
985	901
985	910
985	944
985	948
985	952
985	954
985	955
985	964
985	978
985	991
985	1000
986	34
986	37
986	62
986	96
986	144
986	151
986	172
986	184
986	199
986	203
986	272
986	333
986	436
986	450
986	454
986	526
986	537
986	543
986	545
986	558
986	564
986	578
986	667
986	722
986	724
986	743
986	784
986	804
986	833
986	853
986	855
986	865
986	866
986	901
986	902
986	904
986	922
986	945
986	951
986	961
986	964
986	994
987	12
987	77
987	99
987	114
987	150
987	191
987	197
987	251
987	285
987	319
987	332
987	335
987	362
987	369
987	471
987	493
987	495
987	526
987	580
987	655
987	668
987	690
987	698
987	723
987	752
987	812
987	830
987	835
987	837
987	874
987	891
987	895
987	897
987	905
987	916
987	929
987	933
987	935
987	946
987	948
987	962
987	964
987	971
988	56
988	109
988	162
988	193
988	200
988	246
988	267
988	282
988	315
988	330
988	340
988	343
988	359
988	361
988	400
988	424
988	466
988	507
988	517
988	539
988	562
988	566
988	697
988	710
988	735
988	736
988	747
988	763
988	769
988	773
988	780
988	811
988	838
988	905
988	909
988	916
988	930
988	947
988	953
988	978
988	980
988	989
988	992
989	56
989	109
989	173
989	223
989	241
989	340
989	361
989	373
989	392
989	424
989	428
989	447
989	466
989	477
989	482
989	511
989	543
989	563
989	642
989	673
989	705
989	717
989	741
989	793
989	800
989	804
989	824
989	834
989	846
989	847
989	873
989	883
989	885
989	899
989	926
989	930
989	935
989	941
989	942
989	953
989	974
989	978
989	988
989	992
990	83
990	163
990	185
990	208
990	293
990	360
990	373
990	395
990	406
990	412
990	469
990	502
990	548
990	553
990	603
990	616
990	657
990	660
990	669
990	683
990	697
990	712
990	729
990	742
990	748
990	788
990	857
990	869
990	872
990	875
990	880
990	891
990	906
990	910
990	911
990	916
990	920
990	921
990	950
990	955
990	971
990	984
990	992
990	993
990	999
991	55
991	181
991	206
991	212
991	255
991	259
991	267
991	294
991	316
991	359
991	381
991	386
991	397
991	415
991	473
991	528
991	567
991	588
991	626
991	627
991	653
991	664
991	667
991	692
991	705
991	731
991	742
991	768
991	798
991	813
991	817
991	820
991	847
991	852
991	876
991	881
991	914
991	946
991	966
991	968
991	969
991	980
991	981
991	982
991	985
992	11
992	232
992	244
992	245
992	350
992	424
992	431
992	482
992	580
992	689
992	699
992	700
992	723
992	733
992	763
992	802
992	810
992	818
992	849
992	858
992	866
992	874
992	878
992	879
992	881
992	895
992	900
992	903
992	912
992	928
992	930
992	931
992	935
992	941
992	945
992	951
992	974
992	976
992	988
992	989
992	990
992	993
992	997
992	998
992	1000
993	2
993	43
993	73
993	231
993	239
993	384
993	401
993	428
993	448
993	576
993	590
993	619
993	634
993	644
993	713
993	718
993	733
993	739
993	749
993	765
993	776
993	822
993	832
993	833
993	834
993	854
993	865
993	872
993	884
993	893
993	898
993	912
993	938
993	940
993	943
993	947
993	949
993	957
993	959
993	982
993	990
993	992
993	995
993	997
993	998
994	78
994	117
994	123
994	137
994	201
994	211
994	267
994	284
994	363
994	372
994	447
994	462
994	474
994	478
994	479
994	517
994	520
994	539
994	563
994	582
994	687
994	692
994	699
994	703
994	707
994	770
994	812
994	818
994	835
994	842
994	876
994	878
994	887
994	907
994	909
994	913
994	916
994	919
994	950
994	961
994	962
994	963
994	979
994	986
994	999
994	1000
995	72
995	82
995	155
995	161
995	277
995	300
995	328
995	359
995	367
995	387
995	390
995	445
995	451
995	467
995	533
995	561
995	611
995	645
995	713
995	720
995	736
995	800
995	803
995	805
995	831
995	832
995	851
995	864
995	872
995	877
995	887
995	889
995	891
995	896
995	924
995	941
995	944
995	947
995	952
995	954
995	956
995	970
995	971
995	978
995	982
995	993
995	998
996	38
996	46
996	98
996	124
996	227
996	251
996	255
996	258
996	260
996	287
996	290
996	332
996	388
996	394
996	415
996	500
996	516
996	519
996	523
996	526
996	539
996	557
996	591
996	604
996	653
996	680
996	694
996	705
996	724
996	753
996	762
996	800
996	820
996	861
996	868
996	876
996	900
996	911
996	913
996	916
996	921
996	923
996	945
996	946
996	953
996	964
996	966
996	982
997	12
997	87
997	129
997	328
997	365
997	406
997	407
997	422
997	436
997	444
997	463
997	516
997	528
997	578
997	588
997	598
997	628
997	631
997	635
997	636
997	669
997	689
997	690
997	693
997	719
997	741
997	749
997	763
997	832
997	849
997	865
997	886
997	892
997	906
997	911
997	915
997	930
997	931
997	942
997	951
997	955
997	963
997	972
997	977
997	978
997	979
997	992
997	993
997	999
998	22
998	114
998	150
998	266
998	291
998	349
998	368
998	415
998	419
998	433
998	440
998	456
998	531
998	533
998	536
998	577
998	604
998	626
998	642
998	646
998	676
998	685
998	703
998	710
998	722
998	731
998	739
998	756
998	767
998	790
998	797
998	802
998	830
998	837
998	838
998	857
998	873
998	880
998	898
998	900
998	907
998	920
998	925
998	935
998	940
998	967
998	992
998	993
998	995
999	18
999	19
999	70
999	77
999	160
999	180
999	259
999	307
999	357
999	369
999	401
999	438
999	507
999	513
999	518
999	558
999	570
999	632
999	650
999	660
999	674
999	682
999	690
999	709
999	721
999	726
999	728
999	740
999	767
999	783
999	798
999	821
999	831
999	837
999	853
999	870
999	916
999	918
999	920
999	923
999	931
999	941
999	957
999	963
999	974
999	980
999	990
999	994
999	997
1000	33
1000	37
1000	115
1000	117
1000	128
1000	185
1000	215
1000	222
1000	244
1000	332
1000	336
1000	353
1000	364
1000	418
1000	421
1000	436
1000	443
1000	462
1000	505
1000	642
1000	661
1000	672
1000	691
1000	695
1000	698
1000	706
1000	751
1000	767
1000	775
1000	778
1000	782
1000	787
1000	796
1000	797
1000	817
1000	820
1000	823
1000	827
1000	836
1000	883
1000	901
1000	913
1000	914
1000	930
1000	931
1000	957
1000	975
1000	985
1000	992
1000	994
