1	170
1	299
1	955
1	985
2	60
2	543
2	693
2	720
3	267
3	798
3	853
3	887
4	95
4	220
4	225
4	976
5	36
5	69
5	570
5	983
6	283
6	304
6	814
6	951
7	237
7	280
7	392
7	680
7	958
8	341
8	383
8	673
8	853
9	434
9	510
9	967
9	994
10	269
10	436
10	963
10	966
11	154
11	853
11	929
11	978
12	843
12	867
12	948
12	996
13	632
13	843
13	931
13	1000
14	518
14	981
14	982
14	986
15	400
15	750
15	970
15	991
16	269
16	666
16	787
16	833
17	578
17	901
17	922
17	928
18	109
18	134
18	600
18	996
19	477
19	937
19	944
19	945
20	651
20	913
20	920
20	984
21	602
21	646
21	725
21	931
22	195
22	719
22	744
22	954
23	194
23	324
23	652
23	1000
24	572
24	682
24	766
24	887
25	823
25	894
25	966
25	999
26	289
26	345
26	882
26	921
27	285
27	510
27	971
27	993
28	32
28	70
28	416
28	959
29	725
29	942
29	970
29	989
30	115
30	633
30	773
30	989
31	354
31	365
31	430
31	938
32	28
32	53
32	263
32	540
33	566
33	807
33	833
33	990
34	849
34	883
34	894
34	975
35	213
35	777
35	838
35	986
36	5
36	424
36	748
36	973
37	316
37	662
37	744
37	754
37	882
38	780
38	889
38	923
38	992
39	438
39	611
39	950
39	976
40	816
40	912
40	946
40	961
41	747
41	920
41	951
41	996
42	370
42	404
42	879
42	978
43	704
43	744
43	858
43	996
44	635
44	694
44	703
44	875
45	396
45	561
45	604
45	626
46	443
46	700
46	896
46	925
47	640
47	802
47	926
47	968
48	887
48	941
48	959
48	995
49	473
49	491
49	492
49	989
50	223
50	309
50	818
50	829
50	957
50	972
50	988
51	83
51	671
51	772
51	946
52	703
52	936
52	985
52	991
53	32
53	734
53	835
53	938
53	988
54	752
54	902
54	917
54	977
55	705
55	754
55	939
55	992
56	110
56	562
56	755
56	843
56	862
57	602
57	676
57	695
57	827
58	480
58	728
58	868
58	929
59	297
59	783
59	953
59	987
60	2
60	653
60	693
60	724
61	265
61	488
61	669
61	993
62	185
62	593
62	896
62	935
62	987
63	188
63	899
63	972
63	989
64	251
64	480
64	719
64	966
65	433
65	941
65	946
65	995
66	784
66	807
66	813
66	996
67	318
67	823
67	889
67	970
68	631
68	641
68	956
68	991
69	5
69	441
69	643
69	885
70	28
70	416
70	607
70	832
71	321
71	819
71	839
71	940
72	636
72	802
72	909
72	998
73	574
73	811
73	841
73	842
74	372
74	731
74	764
74	985
75	394
75	826
75	953
75	956
76	495
76	913
76	930
76	978
77	88
77	606
77	913
77	953
78	675
78	775
78	844
78	940
79	507
79	807
79	936
79	948
80	752
80	773
80	795
80	880
80	993
81	682
81	781
81	950
81	953
82	667
82	838
82	881
82	998
83	51
83	421
83	446
83	942
84	154
84	739
84	979
84	999
85	463
85	508
85	804
85	825
85	930
86	185
86	675
86	763
86	800
87	195
87	755
87	883
87	1000
88	77
88	190
88	976
88	993
89	270
89	807
89	808
89	836
90	824
90	894
90	970
90	990
91	270
91	831
91	888
91	914
91	936
92	487
92	627
92	840
92	923
92	976
93	812
93	908
93	941
93	995
94	738
94	934
94	988
95	4
95	695
95	976
95	984
96	316
96	650
96	959
96	993
97	197
97	320
97	765
97	819
97	825
98	137
98	504
98	941
98	995
99	516
99	715
99	803
99	925
100	850
100	896
100	905
100	984
101	844
101	971
101	973
101	1000
102	645
102	663
102	883
102	986
103	526
103	873
103	955
103	985
104	392
104	628
104	713
104	959
105	902
105	917
105	977
105	994
106	418
106	794
106	817
106	844
107	182
107	848
107	934
107	988
108	133
108	140
108	931
108	990
109	18
109	445
109	642
109	816
109	919
110	56
110	619
110	875
110	965
111	172
111	583
111	923
111	994
112	407
112	525
112	957
112	962
112	978
113	636
113	692
113	775
113	801
114	666
114	763
114	820
114	987
115	30
115	773
115	834
115	850
116	130
116	993
116	996
116	998
117	292
117	678
117	860
117	905
118	412
118	516
118	866
118	937
119	652
119	680
119	864
119	993
120	524
120	744
120	925
120	997
121	331
121	820
121	830
121	833
122	156
122	665
122	789
122	906
122	982
123	521
123	642
123	963
123	965
124	901
124	917
124	919
124	944
124	974
125	196
125	670
125	705
125	757
126	213
126	656
126	774
126	908
127	767
127	804
127	861
127	958
128	354
128	835
128	926
128	985
129	191
129	223
129	900
129	965
130	116
130	222
130	596
130	863
130	988
131	535
131	544
131	991
131	1000
132	862
132	941
132	958
132	995
133	108
133	523
133	920
133	972
134	18
134	314
134	818
134	945
134	952
135	233
135	902
135	917
135	977
136	195
136	627
136	921
136	962
137	98
137	285
137	827
137	950
138	602
138	750
138	793
138	972
138	992
139	259
139	763
139	818
139	933
140	108
140	828
140	860
140	880
140	921
141	602
141	869
141	957
141	991
142	441
142	448
142	767
142	896
142	993
143	660
143	727
143	927
143	1000
144	934
144	979
144	980
144	988
145	487
145	631
145	708
145	847
145	995
145	996
146	843
146	971
146	987
146	1000
147	677
147	890
147	928
147	935
147	937
148	291
148	879
148	940
148	951
149	889
149	894
149	906
149	959
150	595
150	786
150	951
150	964
151	833
151	908
151	965
151	994
152	289
152	416
152	621
152	847
153	674
153	890
153	992
153	996
154	11
154	84
154	755
154	991
154	995
155	526
155	537
155	868
155	907
156	122
156	388
156	771
156	921
156	937
157	539
157	778
157	980
157	987
158	727
158	794
158	810
158	927
159	268
159	669
159	817
159	818
159	957
159	996
160	212
160	340
160	769
160	829
161	765
161	876
161	919
161	976
162	306
162	769
162	990
162	996
163	640
163	877
163	916
163	993
164	442
164	455
164	759
164	866
165	489
165	546
165	926
165	932
166	418
166	602
166	688
166	695
167	276
167	400
167	688
167	793
167	917
168	798
168	960
168	963
168	984
169	862
169	934
169	946
169	988
170	1
170	828
170	830
170	936
171	406
171	838
171	872
171	914
171	974
172	111
172	292
172	793
172	894
172	985
173	389
173	594
173	716
173	890
173	914
174	902
174	917
174	942
174	977
175	828
175	882
175	954
175	996
176	794
176	969
176	974
176	996
177	270
177	515
177	646
177	780
177	833
177	867
178	641
178	880
178	911
178	937
178	965
179	531
179	675
179	790
179	948
180	885
180	980
180	983
180	999
181	423
181	824
181	961
181	965
182	107
182	237
182	518
182	979
183	817
183	844
183	896
183	930
184	824
184	873
184	880
184	957
184	997
185	62
185	86
185	276
185	777
186	540
186	570
186	903
186	997
187	484
187	886
187	948
187	968
188	63
188	666
188	877
188	917
189	236
189	688
189	888
189	895
190	88
190	552
190	642
190	964
191	129
191	927
191	932
191	968
192	589
192	878
192	992
192	999
193	491
193	685
193	980
193	999
194	23
194	328
194	453
194	1000
195	22
195	87
195	136
195	880
195	950
196	125
196	534
196	627
196	667
197	97
197	918
197	947
197	985
198	769
198	806
198	861
198	992
199	245
199	968
199	981
199	984
200	302
200	788
200	970
200	971
201	820
201	941
201	972
201	995
202	341
202	795
202	918
202	954
203	873
203	901
203	991
203	1000
204	609
204	742
204	956
204	991
205	744
205	764
205	777
205	786
205	860
206	711
206	770
206	939
206	977
206	993
207	378
207	731
207	734
207	885
208	855
208	917
208	967
208	989
209	332
209	639
209	707
209	883
210	372
210	690
210	772
210	941
211	265
211	815
211	846
211	968
212	160
212	221
212	261
212	967
213	35
213	126
213	227
213	480
213	541
214	467
214	710
214	889
214	973
215	473
215	764
215	767
215	917
215	973
216	572
216	592
216	910
216	939
217	338
217	518
217	748
217	783
217	947
218	569
218	676
218	900
218	983
219	598
219	755
219	980
219	986
220	4
220	222
220	453
220	845
221	212
221	474
221	828
221	898
221	957
222	130
222	220
222	853
222	939
223	50
223	129
223	268
223	737
224	828
224	844
224	954
224	983
224	984
225	4
225	798
225	847
225	890
226	319
226	482
226	528
226	863
227	213
227	529
227	912
227	996
228	248
228	590
228	708
228	825
229	289
229	525
229	845
229	870
230	749
230	927
230	961
230	989
230	991
231	591
231	812
231	853
231	864
231	883
232	445
232	474
232	875
232	947
232	959
233	135
233	247
233	458
233	793
233	914
233	976
234	387
234	660
234	884
234	911
234	913
235	576
235	763
235	861
235	958
235	1000
236	189
236	589
236	783
236	809
236	884
237	7
237	182
237	897
237	937
237	981
237	994
238	636
238	775
238	857
238	867
238	878
239	744
239	934
239	965
239	988
239	998
240	753
240	804
240	846
240	985
240	996
241	735
241	976
241	981
241	982
241	997
242	711
242	780
242	877
242	902
242	999
243	468
243	702
243	924
243	991
243	1000
244	428
244	589
244	696
244	770
244	927
245	199
245	250
245	334
245	535
245	903
246	615
246	617
246	910
246	926
246	992
247	233
247	567
247	664
247	903
247	975
248	228
248	799
248	840
248	924
248	937
248	955
249	702
249	764
249	795
249	825
249	874
249	994
250	245
250	454
250	856
250	893
250	945
251	64
251	847
251	978
251	982
251	995
252	283
252	605
252	650
252	960
252	992
253	505
253	521
253	654
253	886
253	957
253	978
254	589
254	803
254	951
254	988
254	990
255	637
255	713
255	776
255	890
255	974
255	989
256	312
256	496
256	940
256	950
256	963
257	278
257	820
257	830
257	893
257	973
258	463
258	819
258	835
258	911
258	989
259	139
259	379
259	886
259	897
259	955
260	612
260	835
260	913
260	921
260	933
261	212
261	713
261	921
261	953
261	990
262	288
262	707
262	779
262	949
262	975
263	32
263	419
263	703
263	740
263	869
263	878
263	990
264	745
264	913
264	950
264	976
264	983
265	61
265	211
265	536
265	893
265	935
265	947
266	617
266	644
266	865
266	942
266	978
267	3
267	496
267	618
267	634
267	882
268	159
268	223
268	601
268	782
268	842
269	10
269	16
269	643
269	761
269	919
269	978
270	89
270	91
270	177
270	646
270	830
271	360
271	819
271	908
271	962
271	977
272	618
272	648
272	746
272	826
272	894
272	977
273	343
273	489
273	724
273	827
273	916
274	403
274	437
274	765
274	913
274	947
275	447
275	529
275	600
275	650
275	998
276	167
276	185
276	716
276	943
276	984
277	361
277	756
277	843
277	985
277	996
278	257
278	591
278	792
278	870
278	935
278	956
279	690
279	850
279	890
279	939
279	974
280	7
280	387
280	753
280	796
280	801
281	318
281	456
281	803
281	874
281	889
282	285
282	361
282	771
282	883
282	920
283	6
283	252
283	542
283	818
283	958
283	983
284	800
284	824
284	831
284	901
284	924
285	27
285	137
285	282
285	555
285	698
286	779
286	829
286	870
286	910
286	944
287	541
287	898
287	923
287	948
287	962
288	262
288	533
288	654
288	947
288	1000
289	26
289	152
289	229
289	651
289	961
290	608
290	622
290	681
290	840
290	862
291	148
291	734
291	964
291	974
291	995
292	117
292	172
292	654
292	860
292	905
293	625
293	714
293	837
293	839
293	992
294	429
294	737
294	984
294	990
294	1000
295	755
295	859
295	883
295	919
295	984
295	985
296	360
296	553
296	738
296	854
296	886
296	977
296	988
297	59
297	448
297	502
297	569
297	575
298	554
298	969
298	974
298	986
298	996
299	1
299	383
299	820
299	836
299	980
300	711
300	782
300	797
300	957
300	973
301	748
301	835
301	865
301	948
301	968
302	200
302	375
302	858
302	863
302	907
303	768
303	818
303	864
303	891
303	905
303	945
304	6
304	509
304	675
304	856
304	881
305	352
305	488
305	638
305	764
305	905
306	162
306	639
306	671
306	840
306	894
307	454
307	856
307	891
307	893
307	928
308	381
308	801
308	859
308	902
308	903
308	991
309	50
309	654
309	741
309	937
309	972
310	768
310	774
310	936
310	980
310	989
311	446
311	766
311	815
311	921
311	998
312	256
312	857
312	967
312	975
312	983
313	520
313	557
313	715
313	981
313	982
314	134
314	722
314	785
314	909
314	987
315	327
315	581
315	660
315	703
315	972
316	37
316	96
316	375
316	677
316	954
317	629
317	759
317	861
317	956
317	967
318	67
318	281
318	444
318	870
318	889
319	226
319	397
319	514
319	528
319	743
320	97
320	323
320	430
320	938
320	973
321	71
321	819
321	848
321	940
321	973
322	419
322	451
322	704
322	894
322	976
322	988
323	320
323	379
323	700
323	809
323	966
324	23
324	439
324	652
324	921
324	957
324	1000
325	504
325	667
325	908
325	911
325	950
326	535
326	596
326	627
326	871
326	954
326	956
327	315
327	805
327	825
327	835
327	886
327	934
327	957
328	194
328	348
328	604
328	860
328	985
329	440
329	574
329	745
329	811
329	973
330	442
330	864
330	903
330	929
330	997
331	121
331	406
331	767
331	872
331	982
332	209
332	437
332	681
332	782
332	913
333	643
333	826
333	855
333	906
333	951
334	245
334	336
334	809
334	895
334	905
334	977
335	851
335	922
335	949
335	971
335	997
336	334
336	675
336	787
336	812
336	976
337	362
337	814
337	848
337	917
337	953
337	966
338	217
338	567
338	572
338	888
338	907
338	950
339	465
339	468
339	906
339	919
339	949
340	160
340	492
340	809
340	862
340	995
341	8
341	202
341	471
341	652
341	950
342	506
342	647
342	831
342	895
342	1000
343	273
343	569
343	768
343	918
343	976
343	988
344	369
344	487
344	800
344	864
344	906
345	26
345	694
345	858
345	865
345	916
346	568
346	790
346	926
346	929
346	997
347	582
347	676
347	804
347	869
347	888
347	914
347	935
348	328
348	638
348	825
348	883
348	937
348	967
349	600
349	767
349	771
349	956
349	975
350	755
350	773
350	784
350	888
350	989
351	779
351	889
351	951
351	967
351	970
352	305
352	427
352	691
352	699
352	963
353	478
353	551
353	658
353	877
353	966
354	31
354	128
354	736
354	888
354	904
354	937
355	410
355	513
355	573
355	854
355	940
356	797
356	806
356	816
356	926
356	956
357	661
357	680
357	793
357	846
358	588
358	763
358	914
358	939
358	953
359	393
359	612
359	622
359	800
359	836
360	271
360	296
360	888
360	904
360	922
361	277
361	282
361	613
361	771
361	879
362	337
362	511
362	623
362	914
362	964
363	810
363	863
363	864
363	916
363	920
364	740
364	852
364	914
364	920
364	975
365	31
365	748
365	894
365	957
365	990
365	998
366	817
366	932
366	940
366	948
366	996
367	577
367	878
367	972
367	984
367	985
368	662
368	679
368	714
368	831
368	952
369	344
369	487
369	711
369	861
369	864
370	42
370	736
370	931
370	978
370	990
371	789
371	892
371	999
372	74
372	210
372	435
372	610
372	985
373	544
373	568
373	905
373	927
373	948
374	622
374	679
374	843
374	904
374	928
374	978
375	302
375	316
375	410
375	962
375	988
376	856
376	891
376	893
376	916
376	945
377	465
377	582
377	589
377	689
377	977
377	998
378	207
378	437
378	708
378	763
378	976
378	984
379	259
379	323
379	463
379	689
379	869
379	992
380	391
380	410
380	754
380	909
380	939
381	308
381	613
381	665
381	858
381	929
382	774
382	871
382	905
382	955
382	996
383	8
383	299
383	415
383	725
383	772
383	844
384	571
384	750
384	843
384	878
384	924
384	956
385	563
385	641
385	709
385	826
385	893
385	953
386	413
386	793
386	800
386	912
386	932
386	951
386	981
387	234
387	280
387	580
387	705
387	796
387	961
388	156
388	422
388	737
388	741
388	791
388	846
389	173
389	404
389	487
389	705
389	828
389	871
389	904
389	941
390	857
390	868
390	906
390	941
390	959
390	995
391	380
391	754
391	833
391	939
391	982
391	992
392	7
392	104
392	459
392	646
392	713
392	959
393	359
393	677
393	707
393	729
393	787
393	915
394	75
394	882
394	899
394	908
394	935
394	957
394	995
395	507
395	701
395	894
395	955
395	968
395	990
396	45
396	408
396	503
396	626
396	655
396	808
397	319
397	481
397	494
397	802
397	951
397	968
398	745
398	761
398	828
398	866
398	946
398	990
399	507
399	519
399	560
399	621
399	951
399	973
400	15
400	167
400	598
400	847
400	890
400	943
401	788
401	808
401	880
401	929
401	940
401	946
401	956
402	645
402	813
402	841
402	904
402	905
402	992
403	274
403	800
403	827
403	847
403	945
403	961
404	42
404	389
404	685
404	975
404	978
404	992
405	537
405	817
405	839
405	862
405	949
405	980
406	171
406	331
406	715
406	854
406	922
406	988
406	993
407	112
407	828
407	968
407	994
408	396
408	789
408	833
408	836
408	847
408	865
408	988
409	587
409	668
409	670
409	757
409	904
409	959
410	355
410	375
410	380
410	579
410	757
410	884
411	509
411	925
411	934
411	979
411	988
411	998
412	118
412	435
412	516
412	832
412	871
412	912
413	386
413	498
413	740
413	788
413	825
413	894
413	934
414	598
414	807
414	816
414	826
414	931
414	942
415	383
415	788
415	843
415	855
415	890
415	939
416	28
416	70
416	152
416	438
416	550
416	969
417	732
417	734
417	872
417	880
417	915
417	959
417	976
418	106
418	166
418	769
418	856
418	935
418	967
419	263
419	322
419	830
419	888
419	948
419	996
420	466
420	538
420	804
420	814
420	861
420	958
421	83
421	489
421	566
421	630
421	892
421	990
422	388
422	472
422	748
422	760
422	763
422	985
423	181
423	459
423	494
423	761
423	802
423	939
424	36
424	545
424	595
424	656
424	748
424	934
425	605
425	797
425	809
425	918
425	938
425	971
426	707
426	747
426	759
426	798
426	853
426	887
427	352
427	597
427	688
427	835
427	981
427	982
428	244
428	670
428	688
428	696
428	779
428	790
429	294
429	576
429	758
429	906
429	990
429	998
430	31
430	320
430	550
430	766
430	938
430	995
431	568
431	570
431	642
431	939
431	968
431	999
432	513
432	710
432	799
432	827
432	875
432	990
433	65
433	447
433	529
433	781
433	920
433	966
434	9
434	519
434	739
434	824
434	946
434	994
435	372
435	412
435	567
435	664
435	883
435	943
436	10
436	579
436	724
436	771
436	925
436	946
437	274
437	332
437	378
437	782
437	897
437	976
438	39
438	416
438	654
438	764
438	788
438	851
439	324
439	519
439	520
439	615
439	944
439	998
440	329
440	574
440	725
440	784
440	792
440	994
441	69
441	142
441	833
441	859
441	930
441	995
442	164
442	330
442	834
442	835
442	977
442	994
443	46
443	514
443	727
443	927
443	975
443	1000
444	318
444	566
444	603
444	918
444	923
444	931
444	980
445	109
445	232
445	678
445	745
445	762
445	976
446	83
446	311
446	544
446	718
446	733
446	921
447	275
447	433
447	760
447	781
447	951
447	965
448	142
448	297
448	739
448	841
448	980
448	998
449	458
449	582
449	808
449	853
449	855
449	865
450	712
450	805
450	898
450	923
450	948
450	970
451	322
451	564
451	763
451	820
451	955
451	987
452	641
452	686
452	737
452	777
452	826
452	983
453	194
453	220
453	808
453	975
453	983
453	997
454	250
454	307
454	891
454	945
454	970
454	989
455	164
455	503
455	561
455	588
455	841
455	943
456	281
456	859
456	907
456	933
456	962
456	977
457	680
457	837
457	894
457	896
457	928
457	957
457	962
457	990
458	233
458	449
458	724
458	807
458	931
458	944
459	392
459	423
459	785
459	882
459	902
459	914
459	929
460	482
460	682
460	813
460	877
460	915
460	980
461	610
461	754
461	939
461	947
461	948
461	992
462	563
462	765
462	927
462	966
462	975
462	1000
463	85
463	258
463	379
463	824
463	878
463	928
463	976
464	642
464	645
464	673
464	755
464	995
464	997
465	339
465	377
465	704
465	762
465	868
465	869
466	420
466	499
466	826
466	886
466	899
466	914
466	927
467	214
467	550
467	746
467	818
467	943
467	970
468	243
468	339
468	912
468	926
468	956
468	988
469	782
469	836
469	881
469	903
469	956
469	966
470	622
470	644
470	836
470	901
470	909
470	976
471	341
471	710
471	779
471	942
471	972
471	1000
472	422
472	653
472	879
472	899
472	927
472	996
473	49
473	215
473	492
473	853
473	930
473	989
474	221
474	232
474	496
474	584
474	850
474	959
475	789
475	803
475	882
475	907
475	949
475	953
475	995
476	721
476	812
476	862
476	920
476	943
476	993
477	19
477	693
477	715
477	937
477	944
477	991
478	353
478	664
478	877
478	904
478	908
478	995
479	706
479	832
479	931
479	951
479	964
479	978
480	58
480	64
480	213
480	663
480	932
480	956
481	397
481	535
481	656
481	736
481	740
481	914
482	226
482	460
482	634
482	924
482	935
482	944
483	797
483	866
483	878
483	893
483	918
483	966
483	977
484	187
484	543
484	572
484	704
484	869
484	872
484	985
485	793
485	858
485	889
485	901
485	947
485	963
485	1000
486	619
486	655
486	732
486	795
486	833
486	909
487	92
487	145
487	344
487	369
487	389
487	869
487	930
488	61
488	305
488	548
488	674
488	792
488	953
488	998
489	165
489	273
489	421
489	893
489	930
489	949
489	997
490	700
490	759
490	783
490	899
490	904
490	974
490	977
491	49
491	193
491	553
491	801
491	918
491	980
491	998
492	49
492	340
492	473
492	837
492	853
492	864
492	989
493	522
493	639
493	869
493	948
493	969
493	974
493	996
494	397
494	423
494	784
494	802
494	858
494	926
494	930
495	76
495	515
495	726
495	933
495	949
495	974
495	1000
496	256
496	267
496	474
496	661
496	921
496	932
496	960
497	607
497	698
497	751
497	821
497	876
497	919
497	935
498	413
498	506
498	624
498	949
498	951
498	991
498	995
499	466
499	579
499	615
499	701
499	715
499	785
499	998
500	525
500	531
500	567
500	750
500	872
500	886
500	952
501	593
501	850
501	856
501	929
501	967
501	998
501	999
502	297
502	716
502	797
502	880
502	903
502	911
502	949
502	981
503	396
503	455
503	588
503	626
503	747
503	887
503	916
504	98
504	325
504	604
504	873
504	908
504	920
504	964
505	253
505	690
505	742
505	851
505	878
505	983
505	985
506	342
506	498
506	691
506	742
506	886
506	943
506	959
507	79
507	395
507	399
507	766
507	874
507	951
507	993
508	85
508	587
508	668
508	670
508	752
508	849
508	943
509	304
509	411
509	622
509	805
509	982
509	990
509	1000
510	9
510	27
510	619
510	889
510	957
510	958
510	986
511	362
511	586
511	623
511	674
511	805
511	912
511	964
512	818
512	819
512	843
512	844
512	870
512	890
512	982
512	989
513	355
513	432
513	547
513	748
513	834
513	965
513	998
514	319
514	443
514	517
514	633
514	721
514	807
514	823
514	877
515	177
515	495
515	688
515	693
515	768
515	926
515	962
516	99
516	118
516	412
516	553
516	567
516	718
516	740
517	514
517	588
517	903
517	957
517	958
517	976
517	994
518	14
518	182
518	217
518	598
518	827
518	962
518	979
519	399
519	434
519	439
519	891
519	920
519	974
519	987
520	313
520	439
520	820
520	955
520	981
520	982
520	997
521	123
521	253
521	657
521	659
521	669
521	791
521	965
522	493
522	554
522	895
522	952
522	969
522	974
522	996
523	133
523	556
523	620
523	845
523	878
523	906
523	972
524	120
524	662
524	840
524	856
524	897
524	985
524	996
525	112
525	229
525	500
525	812
525	849
525	993
525	997
526	103
526	155
526	545
526	649
526	785
526	952
526	980
527	746
527	785
527	834
527	875
527	924
527	943
527	976
528	226
528	319
528	542
528	543
528	715
528	896
528	980
529	227
529	275
529	433
529	611
529	888
529	963
529	965
530	768
530	816
530	889
530	902
530	941
530	976
530	987
530	999
531	179
531	500
531	721
531	733
531	758
531	932
531	985
532	778
532	830
532	954
532	964
532	973
532	975
532	986
533	288
533	636
533	652
533	698
533	793
533	825
533	961
533	1000
534	196
534	769
534	819
534	832
534	839
534	942
534	958
535	131
535	245
535	326
535	481
535	642
535	947
535	996
536	265
536	693
536	918
536	928
536	951
536	977
536	985
537	155
537	405
537	619
537	680
537	757
537	867
537	928
537	929
538	420
538	683
538	756
538	760
538	861
538	958
538	974
539	157
539	684
539	895
539	908
539	924
539	978
539	987
540	32
540	186
540	584
540	771
540	880
540	909
540	912
540	996
541	213
541	287
541	729
541	755
541	780
541	863
541	895
542	283
542	528
542	633
542	657
542	938
542	939
542	947
542	959
543	2
543	484
543	528
543	659
543	917
543	944
543	971
544	131
544	373
544	446
544	626
544	902
544	956
544	1000
545	424
545	526
545	590
545	755
545	914
545	928
545	937
546	165
546	660
546	686
546	733
546	955
546	971
546	985
547	513
547	745
547	785
547	789
547	916
547	935
547	936
547	974
548	488
548	665
548	882
548	904
548	937
548	990
548	994
548	997
549	610
549	818
549	883
549	947
549	956
549	981
549	995
550	416
550	430
550	467
550	871
550	882
550	914
550	967
550	995
551	353
551	706
551	821
551	842
551	878
551	992
551	999
552	190
552	628
552	651
552	711
552	767
552	801
552	990
552	991
553	296
553	491
553	516
553	567
553	871
553	879
553	992
554	298
554	522
554	899
554	969
554	973
554	974
554	996
555	285
555	744
555	748
555	789
555	988
555	993
555	995
556	523
556	579
556	643
556	694
556	732
556	824
556	961
557	313
557	619
557	763
557	847
557	862
557	944
557	986
558	729
558	752
558	864
558	881
558	950
558	960
558	985
559	572
559	629
559	855
559	874
559	928
559	951
559	985
560	399
560	580
560	628
560	809
560	854
560	943
560	951
560	988
561	45
561	455
561	566
561	626
561	743
561	815
561	930
561	990
562	56
562	772
562	794
562	878
562	911
562	972
562	992
562	999
563	385
563	462
563	583
563	877
563	904
563	933
563	935
563	991
564	451
564	823
564	837
564	867
564	894
564	959
564	994
564	996
565	820
565	831
565	877
565	911
565	918
565	967
565	981
565	991
566	33
566	421
566	444
566	561
566	689
566	732
566	829
566	851
567	247
567	338
567	435
567	500
567	516
567	553
567	664
567	884
568	346
568	373
568	431
568	854
568	865
568	929
568	955
568	979
569	218
569	297
569	343
569	575
569	599
569	845
569	983
569	997
570	5
570	186
570	431
570	609
570	635
570	792
570	890
570	997
571	384
571	596
571	851
571	904
571	911
571	916
571	937
571	993
572	24
572	216
572	338
572	484
572	559
572	629
572	796
572	928
573	355
573	659
573	730
573	743
573	758
573	854
573	874
573	944
574	73
574	329
574	440
574	655
574	719
574	811
574	906
574	994
575	297
575	569
575	726
575	734
575	747
575	805
575	912
575	983
576	235
576	429
576	842
576	901
576	918
576	924
576	965
576	1000
577	367
577	683
577	804
577	861
577	937
577	942
577	958
577	973
578	17
578	779
578	896
578	915
578	928
578	989
578	991
578	993
579	410
579	436
579	499
579	556
579	886
579	946
579	955
579	956
580	387
580	560
580	672
580	768
580	954
580	957
580	974
580	981
581	315
581	682
581	687
581	716
581	739
581	878
581	898
581	914
582	347
582	377
582	449
582	808
582	855
582	925
582	945
582	967
583	111
583	563
583	731
583	932
583	958
583	978
583	986
583	988
584	474
584	540
584	711
584	735
584	814
584	914
584	947
584	959
585	657
585	802
585	816
585	832
585	837
585	887
585	974
585	985
586	511
586	839
586	878
586	902
586	937
586	978
586	984
586	997
587	409
587	508
587	668
587	670
587	757
587	846
587	906
587	972
588	358
588	455
588	503
588	517
588	625
588	626
588	703
588	939
589	192
589	236
589	244
589	254
589	377
589	630
589	783
589	873
590	228
590	545
590	880
590	965
590	981
590	988
590	990
590	993
591	231
591	278
591	696
591	708
591	780
591	838
591	972
591	986
592	216
592	667
592	828
592	878
592	974
592	977
592	991
592	997
593	62
593	501
593	647
593	802
593	819
593	887
593	899
593	936
594	173
594	637
594	719
594	749
594	868
594	896
594	924
594	966
595	150
595	424
595	686
595	719
595	811
595	901
595	915
595	929
596	130
596	326
596	571
596	829
596	837
596	875
596	883
596	947
597	427
597	753
597	880
597	946
597	958
597	965
597	968
597	997
598	219
598	400
598	414
598	518
598	632
598	694
598	833
598	881
599	569
599	639
599	778
599	802
599	825
599	831
599	982
599	996
600	18
600	275
600	349
600	716
600	859
600	871
600	904
600	928
601	268
601	639
601	813
601	821
601	833
601	839
601	932
601	953
602	21
602	57
602	138
602	141
602	166
602	676
602	758
602	952
603	444
603	641
603	725
603	822
603	826
603	883
603	922
603	953
604	45
604	328
604	504
604	673
604	755
604	870
604	928
604	944
605	252
605	425
605	665
605	702
605	759
605	936
605	974
605	997
606	77
606	662
606	699
606	843
606	915
606	971
606	986
606	987
607	70
607	497
607	821
607	876
607	919
607	935
607	983
607	994
608	290
608	802
608	805
608	879
608	898
608	923
608	948
608	962
609	204
609	570
609	816
609	840
609	858
609	959
609	995
609	999
610	372
610	461
610	549
610	781
610	904
610	913
610	921
610	945
611	39
611	529
611	805
611	819
611	974
611	978
611	984
611	985
612	260
612	359
612	733
612	736
612	810
612	907
612	958
612	983
613	361
613	381
613	743
613	822
613	950
613	980
613	991
613	992
614	723
614	760
614	761
614	818
614	889
614	934
614	955
614	958
615	246
615	439
615	499
615	785
615	863
615	953
615	980
615	987
616	745
616	902
616	913
616	917
616	960
616	977
616	980
617	246
617	266
617	822
617	908
617	942
617	990
617	993
617	1000
618	267
618	272
618	684
618	718
618	849
618	850
618	853
618	921
619	110
619	486
619	510
619	537
619	557
619	799
619	816
619	967
620	523
620	722
620	788
620	929
620	954
620	981
620	985
620	994
621	152
621	399
621	829
621	882
621	907
621	955
621	977
621	995
622	290
622	359
622	374
622	470
622	509
622	810
622	835
622	842
622	866
623	362
623	511
623	644
623	758
623	858
623	912
623	935
623	964
623	995
624	498
624	714
624	724
624	786
624	840
624	876
624	881
624	996
624	1000
625	293
625	588
625	693
625	790
625	837
625	839
625	920
625	922
625	992
626	45
626	396
626	503
626	544
626	561
626	588
626	866
626	885
626	899
627	92
627	136
627	196
627	326
627	794
627	907
627	953
627	975
627	984
628	104
628	552
628	560
628	837
628	847
628	864
628	890
628	925
628	932
629	317
629	559
629	572
629	758
629	770
629	772
629	892
629	928
629	951
630	421
630	589
630	651
630	848
630	866
630	897
630	899
630	942
630	989
631	68
631	145
631	635
631	710
631	778
631	839
631	845
631	865
631	991
632	13
632	598
632	737
632	803
632	814
632	882
632	891
632	892
632	921
633	30
633	514
633	542
633	639
633	659
633	912
633	939
633	968
633	982
634	267
634	482
634	728
634	799
634	846
634	921
634	965
634	984
634	985
635	44
635	570
635	631
635	712
635	878
635	912
635	958
635	973
635	992
636	72
636	113
636	238
636	533
636	692
636	739
636	775
636	867
636	960
637	255
637	594
637	737
637	845
637	915
637	921
637	938
637	950
637	979
638	305
638	348
638	710
638	785
638	880
638	887
638	950
638	974
638	982
639	209
639	306
639	493
639	599
639	601
639	633
639	687
639	964
639	975
640	47
640	163
640	852
640	854
640	857
640	929
640	942
640	971
640	988
641	68
641	178
641	385
641	452
641	603
641	798
641	826
641	964
641	979
642	109
642	123
642	190
642	431
642	464
642	535
642	652
642	846
642	994
643	69
643	269
643	333
643	556
643	723
643	731
643	807
643	895
643	936
644	266
644	470
644	623
644	692
644	878
644	970
644	981
644	989
644	999
645	102
645	402
645	464
645	685
645	732
645	848
645	874
645	904
645	992
646	21
646	177
646	270
646	392
646	713
646	766
646	852
646	889
646	959
647	342
647	593
647	743
647	757
647	860
647	907
647	974
647	996
647	997
648	272
648	650
648	729
648	812
648	859
648	892
648	939
648	942
648	993
649	526
649	676
649	706
649	734
649	758
649	896
649	909
649	952
649	979
650	96
650	252
650	275
650	648
650	747
650	855
650	976
650	989
650	999
651	20
651	289
651	552
651	630
651	844
651	919
651	966
651	978
651	999
652	23
652	119
652	324
652	341
652	533
652	642
652	810
652	916
652	988
653	60
653	472
653	677
653	820
653	840
653	866
653	926
653	977
653	979
654	253
654	288
654	292
654	309
654	438
654	840
654	931
654	966
654	1000
655	396
655	486
655	574
655	676
655	694
655	789
655	900
655	949
655	978
656	126
656	424
656	481
656	806
656	828
656	881
656	889
656	898
656	991
657	521
657	542
657	585
657	773
657	899
657	912
657	919
657	970
657	989
658	353
658	673
658	681
658	694
658	755
658	835
658	946
658	986
658	998
659	521
659	543
659	573
659	633
659	744
659	880
659	891
659	957
659	1000
660	143
660	234
660	315
660	546
660	803
660	831
660	856
660	957
660	988
661	357
661	496
661	688
661	789
661	801
661	823
661	850
661	949
661	990
662	37
662	368
662	524
662	606
662	734
662	880
662	925
662	973
662	998
663	102
663	480
663	762
663	767
663	773
663	830
663	952
663	961
663	965
664	247
664	435
664	478
664	567
664	871
664	879
664	943
664	956
664	984
665	122
665	381
665	548
665	605
665	707
665	728
665	926
665	972
665	996
666	16
666	114
666	188
666	687
666	770
666	787
666	918
666	929
666	978
667	82
667	196
667	325
667	592
667	745
667	839
667	863
667	923
667	931
668	409
668	508
668	587
668	670
668	757
668	871
668	893
668	906
668	943
668	954
669	61
669	159
669	521
669	829
669	870
669	906
669	957
669	963
669	982
669	1000
670	125
670	409
670	428
670	508
670	587
670	668
670	712
670	714
670	757
670	809
671	51
671	306
671	840
671	879
671	915
671	917
671	933
671	956
671	978
671	989
672	580
672	778
672	782
672	891
672	900
672	922
672	926
672	928
672	963
672	994
673	8
673	464
673	604
673	658
673	855
673	865
673	901
673	914
673	918
673	922
674	153
674	488
674	511
674	693
674	820
674	853
674	862
674	909
674	970
674	978
675	78
675	86
675	179
675	304
675	336
675	715
675	741
675	888
675	916
675	999
676	57
676	218
676	347
676	602
676	649
676	655
676	681
676	695
676	758
676	781
677	147
677	316
677	393
677	653
677	702
677	823
677	894
677	951
677	959
677	991
678	117
678	445
678	696
678	745
678	762
678	938
678	954
678	975
678	976
678	983
679	368
679	374
679	834
679	862
679	899
679	905
679	943
679	952
679	954
679	992
680	7
680	119
680	357
680	457
680	537
680	793
680	868
680	971
680	995
681	290
681	332
681	658
681	676
681	776
681	780
681	819
681	947
681	965
681	984
682	24
682	81
682	460
682	581
682	717
682	845
682	941
682	950
682	988
682	997
683	538
683	577
683	756
683	797
683	804
683	861
683	958
683	973
683	977
683	1000
684	539
684	618
684	800
684	844
684	871
684	921
684	958
684	961
684	984
684	991
685	193
685	404
685	645
685	727
685	741
685	940
685	957
685	967
685	977
685	992
686	452
686	546
686	595
686	688
686	815
686	830
686	866
686	877
686	990
686	997
687	581
687	639
687	666
687	702
687	936
687	945
687	950
687	964
687	975
687	990
688	166
688	167
688	189
688	427
688	428
688	515
688	661
688	686
688	733
688	912
689	377
689	379
689	566
689	764
689	850
689	870
689	874
689	920
689	926
689	938
690	210
690	279
690	505
690	717
690	860
690	905
690	936
690	970
690	989
690	999
691	352
691	506
691	705
691	770
691	777
691	868
691	910
691	954
691	963
691	987
692	113
692	636
692	644
692	764
692	775
692	857
692	867
692	923
692	968
692	997
693	2
693	60
693	477
693	515
693	536
693	625
693	674
693	725
693	759
693	796
694	44
694	345
694	556
694	598
694	655
694	658
694	795
694	930
694	960
694	963
695	57
695	95
695	166
695	676
695	700
695	748
695	849
695	896
695	952
695	958
696	244
696	428
696	591
696	678
696	937
696	964
696	966
696	975
696	977
696	998
697	767
697	782
697	792
697	829
697	871
697	891
697	938
697	950
697	953
697	961
698	285
698	497
698	533
698	789
698	880
698	920
698	933
698	947
698	955
698	962
699	352
699	606
699	761
699	772
699	806
699	893
699	900
699	928
699	974
699	996
700	46
700	323
700	490
700	695
700	721
700	853
700	888
700	910
700	965
700	972
701	395
701	499
701	720
701	824
701	825
701	852
701	866
701	873
701	895
701	924
702	243
702	249
702	605
702	677
702	687
702	886
702	951
702	971
702	972
702	993
703	44
703	52
703	263
703	315
703	588
703	741
703	885
703	901
703	935
703	986
704	43
704	322
704	465
704	484
704	795
704	827
704	834
704	868
704	950
704	970
705	55
705	125
705	387
705	389
705	691
705	792
705	799
705	874
705	933
705	987
706	479
706	551
706	649
706	778
706	828
706	907
706	944
706	967
706	980
706	982
707	209
707	262
707	393
707	426
707	665
707	752
707	767
707	842
707	890
707	985
708	145
708	228
708	378
708	591
708	825
708	847
708	1000
709	385
709	780
709	781
709	810
709	899
709	912
709	927
709	971
709	972
709	977
710	214
710	432
710	471
710	631
710	638
710	716
710	760
710	833
710	953
710	965
711	206
711	242
711	300
711	369
711	552
711	584
711	882
711	891
711	921
711	983
711	988
712	450
712	635
712	670
712	726
712	738
712	841
712	933
712	949
712	952
712	970
712	975
713	104
713	255
713	261
713	392
713	646
713	766
713	791
713	852
713	872
713	957
713	959
714	293
714	368
714	624
714	670
714	765
714	840
714	936
714	954
714	974
714	980
714	996
715	99
715	313
715	406
715	477
715	499
715	528
715	675
715	750
715	937
715	958
715	992
716	173
716	276
716	502
716	581
716	600
716	710
716	731
716	827
716	859
716	942
716	970
717	682
717	690
717	730
717	732
717	833
717	888
717	898
717	917
717	953
717	959
717	978
718	446
718	516
718	618
718	728
718	772
718	832
718	866
718	883
718	937
718	943
718	956
719	22
719	64
719	574
719	594
719	595
719	761
719	796
719	836
719	901
719	946
719	997
720	2
720	701
720	742
720	778
720	824
720	830
720	935
720	952
720	973
720	984
720	987
721	476
721	514
721	531
721	700
721	763
721	882
721	903
721	963
721	973
721	985
721	994
722	314
722	620
722	803
722	836
722	879
722	888
722	955
722	959
722	967
722	974
722	996
723	614
723	643
723	804
723	818
723	823
723	825
723	860
723	894
723	905
723	940
723	967
724	60
724	273
724	436
724	458
724	624
724	840
724	908
724	925
724	930
724	937
724	994
725	21
725	29
725	383
725	440
725	603
725	693
725	781
725	848
725	903
725	971
725	974
726	495
726	575
726	712
726	823
726	842
726	949
726	952
726	960
726	966
726	970
726	975
727	143
727	158
727	443
727	685
727	848
727	897
727	927
727	966
727	968
727	977
727	991
728	58
728	634
728	665
728	718
728	790
728	835
728	845
728	923
728	939
728	962
728	976
729	393
729	541
729	558
729	648
729	780
729	928
729	961
729	964
729	966
729	984
729	995
730	573
730	717
730	768
730	803
730	815
730	919
730	936
730	938
730	962
730	992
730	994
731	74
731	207
731	583
731	643
731	716
731	760
731	816
731	870
731	873
731	926
731	964
732	417
732	486
732	556
732	566
732	645
732	717
732	793
732	811
732	904
732	915
732	969
733	446
733	531
733	546
733	612
733	688
733	783
733	798
733	939
733	953
733	978
733	980
734	53
734	207
734	291
734	417
734	575
734	649
734	662
734	845
734	912
734	928
734	983
735	241
735	584
735	886
735	892
735	922
735	936
735	940
735	956
735	960
735	981
735	982
736	354
736	370
736	481
736	612
736	737
736	740
736	911
736	914
736	964
736	971
736	979
737	223
737	294
737	388
737	452
737	632
737	637
737	736
737	851
737	893
737	917
737	990
738	94
738	296
738	712
738	854
738	879
738	888
738	933
738	949
738	960
738	975
738	1000
739	84
739	434
739	448
739	581
739	636
739	776
739	918
739	940
739	953
739	969
739	988
740	263
740	364
740	413
740	481
740	516
740	736
740	759
740	911
740	914
740	964
740	966
741	309
741	388
741	675
741	685
741	703
741	803
741	811
741	833
741	873
741	907
741	972
742	204
742	505
742	506
742	720
742	749
742	782
742	879
742	889
742	897
742	922
742	965
743	319
743	561
743	573
743	613
743	647
743	765
743	781
743	901
743	933
743	944
743	994
744	22
744	37
744	43
744	120
744	205
744	239
744	555
744	659
744	772
744	948
744	955
745	264
745	329
745	398
745	445
745	547
745	616
745	667
745	678
745	762
745	844
745	975
745	976
746	272
746	467
746	527
746	818
746	943
746	964
746	970
747	41
747	426
747	503
747	575
747	650
747	773
747	814
747	846
747	877
747	916
747	920
747	978
748	36
748	217
748	301
748	365
748	422
748	424
748	513
748	555
748	695
748	866
748	883
748	992
749	230
749	594
749	742
749	807
749	828
749	860
749	879
749	933
749	935
749	971
749	972
749	989
750	15
750	138
750	384
750	500
750	715
750	800
750	862
750	904
750	914
750	932
750	952
750	985
751	497
751	753
751	819
751	858
751	914
751	922
751	924
751	927
751	930
751	948
751	962
751	996
752	54
752	80
752	508
752	558
752	707
752	811
752	847
752	907
752	927
752	932
752	964
752	994
753	240
753	280
753	597
753	751
753	760
753	763
753	780
753	872
753	920
753	960
753	990
753	993
754	37
754	55
754	380
754	391
754	461
754	885
754	909
754	910
754	939
754	942
754	981
754	992
755	56
755	87
755	154
755	219
755	295
755	350
755	464
755	541
755	545
755	604
755	658
755	780
756	277
756	538
756	683
756	804
756	861
756	870
756	871
756	873
756	957
756	958
756	968
756	973
757	125
757	409
757	410
757	537
757	587
757	647
757	668
757	670
757	787
757	899
757	943
757	976
758	429
758	531
758	573
758	602
758	623
758	629
758	649
758	676
758	867
758	925
758	929
758	937
759	164
759	317
759	426
759	490
759	605
759	693
759	740
759	783
759	835
759	939
759	949
759	966
760	422
760	447
760	538
760	614
760	710
760	731
760	753
760	881
760	883
760	911
760	952
760	998
761	269
761	398
761	423
761	614
761	699
761	719
761	852
761	865
761	909
761	925
761	936
761	942
762	445
762	465
762	663
762	678
762	745
762	774
762	812
762	850
762	884
762	900
762	975
762	976
763	86
763	114
763	139
763	235
763	358
763	378
763	422
763	451
763	557
763	721
763	753
763	987
764	74
764	205
764	215
764	249
764	305
764	438
764	689
764	692
764	835
764	897
764	966
764	985
765	97
765	161
765	274
765	462
765	714
765	743
765	787
765	852
765	900
765	931
765	994
765	1000
766	24
766	311
766	430
766	507
766	646
766	713
766	792
766	844
766	932
766	938
766	979
766	984
767	127
767	142
767	215
767	331
767	349
767	552
767	663
767	697
767	707
767	855
767	956
767	975
768	303
768	310
768	343
768	515
768	530
768	580
768	730
768	845
768	931
768	975
768	979
768	982
769	160
769	162
769	198
769	418
769	534
769	806
769	851
769	858
769	892
769	972
769	986
769	987
770	206
770	244
770	629
770	666
770	691
770	799
770	852
770	918
770	928
770	934
770	955
770	988
771	156
771	282
771	349
771	361
771	436
771	540
771	817
771	843
771	893
771	981
771	984
771	998
772	51
772	210
772	383
772	562
772	629
772	699
772	718
772	744
772	791
772	896
772	927
772	987
773	30
773	80
773	115
773	350
773	657
773	663
773	747
773	784
773	799
773	821
773	892
773	950
773	989
774	126
774	310
774	382
774	762
774	813
774	820
774	849
774	885
774	933
774	949
774	973
774	976
774	999
775	78
775	113
775	238
775	636
775	692
775	838
775	849
775	857
775	867
775	924
775	968
775	977
775	994
776	255
776	681
776	739
776	781
776	788
776	824
776	859
776	868
776	878
776	927
776	946
776	951
776	993
777	35
777	185
777	205
777	452
777	691
777	795
777	815
777	863
777	910
777	923
777	931
777	946
777	948
778	157
778	532
778	599
778	631
778	672
778	706
778	720
778	871
778	912
778	954
778	964
778	973
778	986
779	262
779	286
779	351
779	428
779	471
779	578
779	783
779	829
779	883
779	889
779	973
779	982
779	995
780	38
780	177
780	242
780	541
780	591
780	681
780	709
780	729
780	753
780	755
780	786
780	863
780	958
781	81
781	433
781	447
781	610
781	676
781	709
781	725
781	743
781	776
781	796
781	827
781	965
781	966
782	268
782	300
782	332
782	437
782	469
782	672
782	697
782	742
782	913
782	932
782	947
782	962
782	983
783	59
783	217
783	236
783	490
783	589
783	733
783	759
783	779
783	784
783	845
783	848
783	873
783	968
784	66
784	350
784	440
784	494
784	773
784	783
784	818
784	914
784	963
784	968
784	977
784	981
784	982
785	314
785	459
785	499
785	526
785	527
785	547
785	615
785	638
785	904
785	943
785	966
785	974
785	998
786	150
786	205
786	624
786	780
786	805
786	828
786	863
786	881
786	928
786	936
786	948
786	964
786	980
787	16
787	336
787	393
787	666
787	757
787	765
787	789
787	884
787	937
787	942
787	945
787	980
787	997
788	200
788	401
788	413
788	415
788	438
788	620
788	776
788	884
788	907
788	912
788	991
788	995
788	1000
789	122
789	371
789	408
789	475
789	547
789	555
789	655
789	661
789	698
789	787
789	873
789	892
789	947
790	179
790	346
790	428
790	625
790	728
790	813
790	815
790	816
790	848
790	868
790	934
790	965
790	989
791	388
791	521
791	713
791	772
791	859
791	887
791	923
791	939
791	942
791	967
791	977
791	984
791	993
792	278
792	440
792	488
792	570
792	697
792	705
792	766
792	799
792	804
792	806
792	838
792	962
792	963
793	138
793	167
793	172
793	233
793	357
793	386
793	485
793	533
793	680
793	732
793	810
793	868
793	984
794	106
794	158
794	176
794	562
794	627
794	863
794	906
794	920
794	931
794	962
794	964
794	986
794	999
795	80
795	202
795	249
795	486
795	694
795	704
795	777
795	846
795	856
795	893
795	933
795	938
795	997
796	280
796	387
796	572
796	693
796	719
796	781
796	856
796	903
796	909
796	919
796	928
796	981
796	982
797	300
797	356
797	425
797	483
797	502
797	683
797	888
797	897
797	925
797	935
797	947
797	963
797	966
798	3
798	168
798	225
798	426
798	641
798	733
798	854
798	887
798	911
798	947
798	960
798	996
798	1000
799	248
799	432
799	619
799	634
799	705
799	770
799	773
799	792
799	953
799	963
799	969
799	970
799	991
800	86
800	284
800	344
800	359
800	386
800	403
800	684
800	750
800	822
800	901
800	954
800	976
800	977
800	998
801	113
801	280
801	308
801	491
801	552
801	661
801	814
801	841
801	859
801	865
801	906
801	931
801	946
802	47
802	72
802	397
802	423
802	494
802	585
802	593
802	599
802	608
802	880
802	930
802	968
802	996
803	99
803	254
803	281
803	475
803	632
803	660
803	722
803	730
803	741
803	834
803	888
803	938
803	951
804	85
804	127
804	240
804	347
804	420
804	577
804	683
804	723
804	756
804	792
804	861
804	879
804	927
804	958
805	327
805	450
805	509
805	511
805	575
805	608
805	611
805	786
805	898
805	922
805	923
805	948
805	962
805	983
806	198
806	356
806	656
806	699
806	769
806	792
806	851
806	876
806	962
806	963
806	982
806	986
806	987
806	992
807	33
807	66
807	79
807	89
807	414
807	458
807	514
807	643
807	749
807	931
807	936
807	944
807	954
807	983
808	89
808	396
808	401
808	449
808	453
808	582
808	836
808	841
808	855
808	886
808	906
808	925
808	945
808	989
809	236
809	323
809	334
809	340
809	425
809	560
809	670
809	918
809	922
809	930
809	939
809	961
809	980
809	999
810	158
810	363
810	612
810	622
810	652
810	709
810	793
810	864
810	880
810	898
810	958
810	962
810	978
810	992
811	73
811	329
811	574
811	595
811	732
811	741
811	752
811	903
811	906
811	959
811	963
811	980
811	989
811	994
812	93
812	231
812	336
812	476
812	525
812	648
812	762
812	832
812	859
812	872
812	886
812	952
812	983
812	993
813	66
813	402
813	460
813	601
813	774
813	790
813	826
813	864
813	904
813	911
813	943
813	946
813	981
813	982
814	6
814	337
814	420
814	584
814	632
814	747
814	801
814	850
814	864
814	870
814	938
814	967
814	970
814	994
815	211
815	311
815	561
815	686
815	730
815	777
815	790
815	915
815	945
815	950
815	951
815	966
815	967
815	979
816	40
816	109
816	356
816	414
816	530
816	585
816	609
816	619
816	731
816	790
816	873
816	930
816	971
816	994
817	106
817	159
817	183
817	366
817	405
817	771
817	844
817	850
817	873
817	881
817	968
817	984
817	986
817	987
818	50
818	134
818	139
818	159
818	283
818	303
818	467
818	512
818	549
818	614
818	723
818	746
818	784
818	943
818	970
819	71
819	97
819	258
819	271
819	321
819	512
819	534
819	593
819	611
819	681
819	751
819	834
819	848
819	874
819	940
820	114
820	121
820	201
820	257
820	299
820	451
820	520
820	565
820	653
820	674
820	774
820	849
820	879
820	924
820	987
821	497
821	551
821	601
821	607
821	773
821	854
821	859
821	876
821	919
821	935
821	986
821	994
822	603
822	613
822	617
822	800
822	834
822	845
822	860
822	892
822	896
822	907
822	922
822	939
822	950
822	973
822	990
823	25
823	67
823	514
823	564
823	661
823	677
823	723
823	726
823	894
823	910
823	978
823	999
824	90
824	181
824	184
824	284
824	434
824	463
824	556
824	701
824	720
824	776
824	837
824	905
824	924
824	944
824	1000
825	85
825	97
825	228
825	249
825	327
825	348
825	413
825	533
825	599
825	701
825	708
825	723
825	935
825	951
825	994
826	75
826	272
826	333
826	385
826	414
826	452
826	466
826	603
826	641
826	813
826	841
826	953
826	963
826	979
826	986
827	57
827	137
827	273
827	403
827	432
827	518
827	704
827	716
827	781
827	832
827	898
827	942
827	962
827	976
827	979
828	140
828	170
828	175
828	221
828	224
828	389
828	398
828	407
828	592
828	656
828	706
828	749
828	786
828	928
828	994
829	50
829	160
829	286
829	566
829	596
829	621
829	669
829	697
829	779
829	831
829	943
829	944
829	969
829	983
829	988
830	121
830	170
830	257
830	270
830	419
830	532
830	663
830	686
830	720
830	840
830	859
830	893
830	955
830	972
830	992
831	91
831	284
831	342
831	368
831	565
831	599
831	660
831	829
831	881
831	898
831	962
831	967
831	972
831	983
831	987
832	70
832	412
832	479
832	534
832	585
832	718
832	812
832	827
832	888
832	903
832	908
832	937
832	945
832	981
832	993
833	16
833	33
833	121
833	151
833	177
833	391
833	408
833	441
833	486
833	598
833	601
833	710
833	717
833	741
833	965
834	115
834	442
834	513
834	527
834	679
834	704
834	803
834	819
834	822
834	861
834	888
834	929
834	958
834	972
834	981
834	998
835	53
835	128
835	258
835	260
835	301
835	327
835	427
835	442
835	622
835	658
835	728
835	759
835	764
835	897
835	971
835	985
836	89
836	299
836	359
836	408
836	469
836	470
836	719
836	722
836	808
836	841
836	842
836	857
836	901
836	909
836	929
836	999
837	293
837	457
837	492
837	564
837	585
837	596
837	625
837	628
837	824
837	890
837	929
837	947
837	953
837	977
837	984
837	995
838	35
838	82
838	171
838	591
838	775
838	792
838	852
838	857
838	925
838	941
838	967
838	983
838	995
838	997
838	998
838	999
839	71
839	293
839	405
839	534
839	586
839	601
839	625
839	631
839	667
839	865
839	910
839	926
839	941
839	965
839	988
839	992
840	92
840	248
840	290
840	306
840	524
840	609
840	624
840	653
840	654
840	671
840	714
840	724
840	830
840	879
840	952
840	993
841	73
841	402
841	448
841	455
841	712
841	801
841	808
841	826
841	836
841	931
841	934
841	949
841	953
841	987
841	988
841	998
842	73
842	268
842	551
842	576
842	622
842	707
842	726
842	836
842	898
842	941
842	948
842	949
842	955
842	971
842	976
842	995
843	12
843	13
843	56
843	146
843	277
843	374
843	384
843	415
843	512
843	606
843	771
843	915
843	959
843	960
843	971
843	987
844	78
844	101
844	106
844	183
844	224
844	383
844	512
844	651
844	684
844	745
844	766
844	817
844	853
844	896
844	935
844	968
844	986
845	220
845	229
845	523
845	569
845	631
845	637
845	682
845	728
845	734
845	768
845	783
845	822
845	905
845	910
845	929
845	940
845	987
846	211
846	240
846	357
846	388
846	587
846	634
846	642
846	747
846	795
846	868
846	872
846	915
846	978
846	981
846	982
846	990
846	998
847	145
847	152
847	225
847	251
847	400
847	403
847	408
847	557
847	628
847	708
847	752
847	890
847	932
847	954
847	961
847	991
847	995
848	107
848	321
848	337
848	630
848	645
848	725
848	727
848	783
848	790
848	819
848	879
848	904
848	927
848	949
848	965
848	980
848	982
849	34
849	508
849	525
849	618
849	695
849	774
849	775
849	820
849	857
849	901
849	918
849	921
849	961
849	971
849	983
849	999
849	1000
850	100
850	115
850	279
850	474
850	501
850	618
850	661
850	689
850	762
850	814
850	817
850	851
850	882
850	952
850	976
850	982
850	984
851	335
851	438
851	505
851	566
851	571
851	737
851	769
851	806
851	850
851	852
851	855
851	869
851	874
851	892
851	907
851	986
851	987
852	364
852	640
852	646
852	701
852	713
852	761
852	765
852	770
852	838
852	851
852	933
852	941
852	949
852	979
852	981
852	982
852	995
853	3
853	8
853	11
853	222
853	231
853	426
853	449
853	473
853	492
853	618
853	674
853	700
853	844
853	885
853	921
853	993
853	996
854	296
854	355
854	406
854	560
854	568
854	573
854	640
854	738
854	798
854	821
854	887
854	898
854	929
854	971
854	981
854	982
854	1000
855	208
855	333
855	415
855	449
855	559
855	582
855	650
855	673
855	767
855	808
855	851
855	858
855	925
855	932
855	945
855	967
855	972
856	250
856	304
856	307
856	376
856	418
856	501
856	524
856	660
856	795
856	796
856	876
856	891
856	893
856	915
856	946
856	970
856	973
857	238
857	312
857	390
857	640
857	692
857	775
857	836
857	838
857	849
857	862
857	867
857	903
857	924
857	936
857	968
857	969
857	999
858	43
858	302
858	345
858	381
858	485
858	494
858	609
858	623
858	751
858	769
858	855
858	952
858	960
858	986
858	989
858	990
858	998
859	295
859	308
859	441
859	456
859	600
859	648
859	716
859	776
859	791
859	801
859	812
859	821
859	830
859	862
859	892
859	961
859	993
860	117
860	140
860	205
860	292
860	328
860	647
860	690
860	723
860	749
860	822
860	885
860	897
860	905
860	915
860	944
860	986
860	989
861	127
861	198
861	235
861	317
861	369
861	420
861	538
861	577
861	683
861	756
861	804
861	834
861	865
861	873
861	925
861	931
861	958
861	973
862	56
862	132
862	169
862	290
862	340
862	405
862	476
862	557
862	674
862	679
862	750
862	857
862	859
862	867
862	925
862	950
862	993
862	998
863	130
863	226
863	302
863	363
863	541
863	615
863	667
863	777
863	780
863	786
863	794
863	945
863	955
863	964
863	971
863	976
863	991
863	998
864	119
864	231
864	303
864	330
864	344
864	363
864	369
864	492
864	558
864	628
864	810
864	813
864	814
864	870
864	897
864	909
864	918
864	979
865	266
865	301
865	345
865	408
865	449
865	568
865	631
865	673
865	761
865	801
865	839
865	861
865	877
865	906
865	929
865	930
865	952
865	968
866	118
866	164
866	398
866	483
866	622
866	626
866	630
866	653
866	686
866	701
866	718
866	748
866	895
866	899
866	901
866	910
866	949
866	985
867	12
867	177
867	238
867	537
867	564
867	636
867	692
867	758
867	775
867	857
867	862
867	898
867	903
867	924
867	936
867	945
867	968
867	984
868	58
868	155
868	390
868	465
868	594
868	680
868	691
868	704
868	776
868	790
868	793
868	846
868	907
868	950
868	963
868	992
868	995
868	997
869	141
869	263
869	347
869	379
869	465
869	484
869	487
869	493
869	851
869	902
869	903
869	913
869	942
869	957
869	963
869	979
869	991
870	229
870	278
870	286
870	318
870	512
870	604
870	669
870	689
870	731
870	756
870	814
870	864
870	873
870	874
870	875
870	906
870	920
870	926
870	995
871	326
871	382
871	389
871	412
871	550
871	553
871	600
871	664
871	668
871	684
871	697
871	756
871	778
871	875
871	916
871	941
871	952
871	958
871	973
872	171
872	331
872	417
872	484
872	500
872	713
872	753
872	812
872	846
872	903
872	931
872	933
872	941
872	946
872	962
872	988
872	993
872	994
872	995
873	103
873	184
873	203
873	504
873	589
873	701
873	731
873	741
873	756
873	783
873	789
873	816
873	817
873	861
873	870
873	927
873	975
873	978
873	994
874	249
874	281
874	507
874	559
874	573
874	645
874	689
874	705
874	819
874	851
874	870
874	889
874	923
874	928
874	940
874	948
874	959
874	962
874	1000
875	44
875	110
875	232
875	432
875	527
875	596
875	870
875	871
875	897
875	917
875	919
875	935
875	945
875	950
875	965
875	977
875	980
875	991
875	993
876	161
876	497
876	607
876	624
876	806
876	821
876	856
876	919
876	935
876	940
876	944
876	958
876	986
876	994
877	163
877	188
877	242
877	353
877	460
877	478
877	514
877	563
877	565
877	686
877	747
877	865
877	897
877	900
877	944
877	955
877	973
877	989
877	996
878	192
878	238
878	263
878	367
878	384
878	463
878	483
878	505
878	523
878	551
878	562
878	581
878	586
878	592
878	635
878	644
878	776
878	992
878	999
879	42
879	148
879	361
879	472
879	553
879	608
879	664
879	671
879	722
879	738
879	742
879	749
879	804
879	820
879	840
879	848
879	940
879	962
879	972
880	80
880	140
880	178
880	184
880	195
880	401
880	417
880	502
880	540
880	590
880	597
880	638
880	659
880	662
880	698
880	802
880	810
880	968
880	997
881	82
881	304
881	469
881	558
881	598
881	624
881	656
881	760
881	786
881	817
881	831
881	891
881	893
881	894
881	900
881	940
881	949
881	967
881	975
882	26
882	37
882	175
882	267
882	394
882	459
882	475
882	548
882	550
882	621
882	632
882	711
882	721
882	850
882	921
882	947
882	973
882	976
882	981
883	34
883	87
883	102
883	209
883	231
883	282
883	295
883	348
883	435
883	549
883	596
883	603
883	718
883	748
883	760
883	779
883	895
883	956
883	983
884	234
884	236
884	410
884	567
884	762
884	787
884	788
884	895
884	898
884	907
884	910
884	921
884	942
884	976
884	987
884	989
884	990
884	993
884	998
885	69
885	180
885	207
885	626
885	703
885	754
885	774
885	853
885	860
885	895
885	915
885	917
885	919
885	935
885	939
885	954
885	972
885	977
885	991
886	187
886	253
886	259
886	296
886	327
886	466
886	500
886	506
886	579
886	702
886	735
886	808
886	812
886	915
886	934
886	946
886	985
886	988
886	991
886	993
887	3
887	24
887	48
887	426
887	503
887	585
887	593
887	638
887	791
887	798
887	854
887	908
887	910
887	911
887	947
887	959
887	960
887	961
887	963
887	988
888	91
888	189
888	338
888	347
888	350
888	354
888	360
888	419
888	529
888	675
888	700
888	717
888	722
888	738
888	797
888	803
888	832
888	834
888	938
888	984
889	38
889	67
889	149
889	214
889	281
889	318
889	351
889	485
889	510
889	530
889	614
889	646
889	656
889	742
889	779
889	874
889	915
889	951
889	970
889	991
890	147
890	153
890	173
890	225
890	255
890	279
890	400
890	415
890	512
890	570
890	628
890	707
890	837
890	847
890	913
890	925
890	931
890	949
890	954
890	970
891	303
891	307
891	376
891	454
891	519
891	632
891	659
891	672
891	697
891	711
891	856
891	881
891	893
891	915
891	916
891	917
891	950
891	970
891	973
891	981
892	371
892	421
892	629
892	632
892	648
892	735
892	769
892	773
892	789
892	822
892	851
892	859
892	897
892	913
892	936
892	960
892	964
892	989
892	992
892	993
893	250
893	257
893	265
893	307
893	376
893	385
893	483
893	489
893	668
893	699
893	737
893	771
893	795
893	830
893	856
893	881
893	891
893	915
893	970
893	973
894	25
894	34
894	90
894	149
894	172
894	272
894	306
894	322
894	365
894	395
894	413
894	457
894	564
894	677
894	723
894	823
894	881
894	946
894	975
894	999
895	189
895	334
895	342
895	522
895	539
895	541
895	643
895	701
895	866
895	883
895	884
895	885
895	899
895	900
895	944
895	945
895	953
895	965
895	986
895	989
896	46
896	62
896	100
896	142
896	183
896	457
896	528
896	578
896	594
896	649
896	695
896	772
896	822
896	844
896	907
896	923
896	940
896	945
896	981
896	982
897	237
897	259
897	437
897	524
897	630
897	727
897	742
897	764
897	797
897	835
897	860
897	864
897	875
897	877
897	892
897	929
897	955
897	971
897	983
897	985
897	989
898	221
898	287
898	450
898	581
898	608
898	656
898	717
898	805
898	810
898	827
898	831
898	842
898	854
898	867
898	884
898	923
898	948
898	962
898	983
898	984
898	998
899	63
899	394
899	466
899	472
899	490
899	554
899	593
899	626
899	630
899	657
899	679
899	709
899	757
899	866
899	895
899	910
899	942
899	960
899	965
899	983
899	984
900	129
900	218
900	655
900	672
900	699
900	762
900	765
900	877
900	881
900	895
900	917
900	931
900	941
900	948
900	953
900	977
900	979
900	980
900	990
900	995
900	997
901	17
901	124
901	203
901	284
901	470
901	485
901	576
901	595
901	673
901	703
901	719
901	743
901	800
901	836
901	849
901	866
901	909
901	945
901	948
901	993
901	999
902	54
902	105
902	135
902	174
902	242
902	308
902	459
902	530
902	544
902	586
902	616
902	869
902	917
902	918
902	960
902	977
902	980
902	999
903	186
903	245
903	247
903	308
903	330
903	469
903	502
903	517
903	721
903	725
903	796
903	811
903	832
903	857
903	867
903	869
903	872
903	937
903	944
903	957
903	997
904	354
904	360
904	374
904	389
904	402
904	409
904	478
904	490
904	548
904	563
904	571
904	600
904	610
904	645
904	732
904	750
904	785
904	813
904	848
904	927
904	992
904	996
905	100
905	117
905	292
905	303
905	305
905	334
905	373
905	382
905	402
905	679
905	690
905	723
905	824
905	845
905	860
905	915
905	936
905	944
905	978
905	987
905	989
905	999
906	122
906	149
906	333
906	339
906	344
906	390
906	429
906	523
906	574
906	587
906	668
906	669
906	794
906	801
906	808
906	811
906	865
906	870
906	910
906	934
906	943
906	984
907	155
907	302
907	338
907	456
907	475
907	612
907	621
907	627
907	647
907	706
907	741
907	752
907	788
907	822
907	851
907	868
907	884
907	896
907	912
907	930
907	968
907	991
908	93
908	126
908	151
908	271
908	325
908	394
908	478
908	504
908	539
908	617
908	724
908	832
908	887
908	930
908	936
908	960
908	961
908	983
908	984
908	987
908	990
908	1000
909	72
909	314
909	380
909	470
909	486
909	540
909	649
909	674
909	754
909	761
909	796
909	836
909	864
909	901
909	939
909	950
909	954
909	960
909	967
909	969
909	983
909	990
909	998
910	216
910	246
910	286
910	691
910	700
910	754
910	777
910	823
910	839
910	845
910	866
910	884
910	887
910	899
910	906
910	913
910	920
910	939
910	963
910	975
910	987
910	988
910	989
911	178
911	234
911	258
911	325
911	502
911	562
911	565
911	571
911	736
911	740
911	760
911	798
911	813
911	887
911	923
911	924
911	926
911	931
911	948
911	962
911	970
911	984
911	1000
912	40
912	227
912	386
912	412
912	468
912	511
912	540
912	575
912	623
912	633
912	635
912	657
912	688
912	709
912	734
912	778
912	788
912	907
912	957
912	964
912	983
912	986
912	991
913	20
913	76
913	77
913	234
913	260
913	264
913	274
913	332
913	610
913	616
913	782
913	869
913	890
913	892
913	910
913	943
913	953
913	954
913	957
913	976
913	984
913	987
913	996
914	91
914	171
914	173
914	233
914	347
914	358
914	362
914	364
914	459
914	466
914	481
914	545
914	550
914	581
914	584
914	673
914	736
914	740
914	750
914	751
914	784
914	964
914	989
915	393
915	417
915	460
915	578
915	595
915	606
915	637
915	671
915	732
915	815
915	843
915	846
915	856
915	860
915	885
915	886
915	889
915	891
915	893
915	905
915	950
915	979
915	999
916	163
916	273
916	345
916	363
916	376
916	503
916	547
916	571
916	652
916	675
916	747
916	871
916	891
916	924
916	934
916	936
916	947
916	955
916	960
916	979
916	986
916	995
916	997
917	54
917	105
917	124
917	135
917	167
917	174
917	188
917	208
917	215
917	337
917	543
917	616
917	671
917	717
917	737
917	875
917	885
917	891
917	900
917	902
917	960
917	977
917	980
918	197
918	202
918	343
918	425
918	444
918	483
918	491
918	536
918	565
918	576
918	666
918	673
918	739
918	770
918	809
918	849
918	864
918	902
918	938
918	966
918	968
918	971
918	979
919	109
919	124
919	161
919	269
919	295
919	339
919	497
919	607
919	651
919	657
919	730
919	796
919	821
919	875
919	876
919	885
919	935
919	940
919	951
919	953
919	986
919	990
919	994
920	20
920	41
920	133
920	282
920	363
920	364
920	433
920	476
920	504
920	519
920	625
920	689
920	698
920	747
920	753
920	794
920	870
920	910
920	923
920	938
920	948
920	959
920	980
920	993
921	26
921	136
921	140
921	156
921	260
921	261
921	311
921	324
921	446
921	496
921	610
921	618
921	632
921	634
921	637
921	684
921	711
921	849
921	853
921	882
921	884
921	969
921	973
921	979
922	17
922	335
922	360
922	406
922	603
922	625
922	672
922	673
922	735
922	742
922	751
922	805
922	809
922	822
922	933
922	941
922	943
922	948
922	950
922	953
922	962
922	980
922	982
922	996
923	38
923	92
923	111
923	287
923	444
923	450
923	608
923	667
923	692
923	728
923	777
923	791
923	805
923	874
923	896
923	898
923	911
923	920
923	948
923	958
923	962
923	983
923	991
923	999
924	243
924	248
924	284
924	384
924	482
924	527
924	539
924	576
924	594
924	701
924	751
924	775
924	820
924	824
924	857
924	867
924	911
924	916
924	932
924	938
924	943
924	949
924	951
924	991
924	992
925	46
925	99
925	120
925	411
925	436
925	582
925	628
925	662
925	724
925	758
925	761
925	797
925	808
925	838
925	855
925	861
925	862
925	890
925	937
925	938
925	955
925	968
925	969
925	998
925	999
926	47
926	128
926	165
926	246
926	346
926	356
926	468
926	494
926	515
926	653
926	665
926	672
926	689
926	731
926	839
926	870
926	911
926	936
926	963
926	967
926	969
926	974
926	980
926	991
926	996
926	999
927	143
927	158
927	191
927	230
927	244
927	373
927	443
927	462
927	466
927	472
927	709
927	727
927	751
927	752
927	772
927	776
927	804
927	848
927	873
927	904
927	932
927	949
927	966
927	968
927	975
927	1000
928	17
928	147
928	307
928	374
928	457
928	463
928	536
928	537
928	545
928	559
928	572
928	578
928	600
928	604
928	629
928	672
928	699
928	729
928	734
928	770
928	786
928	796
928	828
928	874
928	951
928	978
929	11
929	58
929	330
929	346
929	381
929	401
929	459
929	501
929	537
929	568
929	595
929	620
929	640
929	666
929	758
929	834
929	836
929	837
929	845
929	854
929	865
929	897
929	930
929	955
929	980
929	982
929	997
930	76
930	85
930	183
930	441
930	473
930	487
930	489
930	494
930	561
930	694
930	724
930	751
930	802
930	809
930	816
930	865
930	907
930	908
930	929
930	938
930	947
930	953
930	963
930	967
930	978
930	989
930	997
931	13
931	21
931	108
931	370
931	414
931	444
931	458
931	479
931	654
931	667
931	765
931	768
931	777
931	794
931	801
931	807
931	841
931	861
931	872
931	890
931	900
931	911
931	943
931	978
931	986
931	993
931	1000
932	165
932	191
932	366
932	386
932	480
932	496
932	531
932	583
932	601
932	628
932	750
932	752
932	766
932	782
932	847
932	855
932	924
932	927
932	934
932	940
932	945
932	952
932	968
932	972
932	985
932	988
932	998
933	139
933	260
933	456
933	495
933	563
933	671
933	698
933	705
933	712
933	738
933	743
933	749
933	774
933	795
933	852
933	872
933	922
933	949
933	952
933	960
933	963
933	970
933	975
933	990
933	992
933	995
933	1000
934	94
934	107
934	144
934	169
934	239
934	327
934	411
934	413
934	424
934	614
934	770
934	790
934	841
934	886
934	906
934	916
934	932
934	943
934	946
934	961
934	979
934	988
934	997
934	998
935	62
935	147
935	265
935	278
935	347
935	394
935	418
935	482
935	497
935	547
935	563
935	607
935	623
935	703
935	720
935	749
935	797
935	821
935	825
935	844
935	875
935	876
935	885
935	919
935	940
935	964
935	986
935	994
936	52
936	79
936	91
936	170
936	310
936	547
936	593
936	605
936	643
936	687
936	690
936	714
936	730
936	735
936	761
936	786
936	807
936	857
936	867
936	892
936	905
936	908
936	916
936	926
936	942
936	972
936	983
936	999
937	19
937	118
937	147
937	156
937	178
937	237
937	248
937	309
937	348
937	354
937	477
937	545
937	548
937	571
937	577
937	586
937	696
937	715
937	718
937	724
937	758
937	787
937	832
937	903
937	925
937	944
937	966
937	987
938	31
938	53
938	320
938	425
938	430
938	542
938	637
938	678
938	689
938	697
938	730
938	766
938	795
938	803
938	814
938	888
938	918
938	920
938	924
938	925
938	930
938	945
938	957
938	963
938	966
938	979
938	986
938	993
939	55
939	206
939	216
939	222
939	279
939	358
939	380
939	391
939	415
939	423
939	431
939	461
939	542
939	588
939	633
939	648
939	728
939	733
939	754
939	759
939	791
939	809
939	822
939	885
939	909
939	910
939	980
939	992
940	71
940	78
940	148
940	256
940	321
940	355
940	366
940	401
940	685
940	723
940	735
940	739
940	819
940	845
940	874
940	876
940	879
940	881
940	896
940	919
940	932
940	935
940	941
940	952
940	979
940	981
940	982
940	995
941	48
941	65
941	93
941	98
941	132
941	201
941	210
941	389
941	390
941	530
941	682
941	838
941	839
941	842
941	852
941	871
941	872
941	900
941	922
941	940
941	945
941	946
941	952
941	959
941	972
941	979
941	995
941	997
942	29
942	83
942	174
942	266
942	414
942	471
942	534
942	577
942	617
942	630
942	640
942	648
942	716
942	754
942	761
942	787
942	791
942	827
942	869
942	884
942	899
942	936
942	954
942	957
942	984
942	990
942	991
942	997
942	1000
943	276
943	400
943	435
943	455
943	467
943	476
943	506
943	508
943	527
943	560
943	664
943	668
943	679
943	718
943	746
943	757
943	785
943	813
943	818
943	829
943	906
943	913
943	922
943	924
943	931
943	934
943	959
943	987
943	998
944	19
944	124
944	286
944	439
944	458
944	477
944	482
944	543
944	557
944	573
944	604
944	706
944	743
944	807
944	824
944	829
944	860
944	876
944	877
944	895
944	903
944	905
944	937
944	961
944	978
944	983
944	987
944	992
944	999
945	19
945	134
945	250
945	303
945	376
945	403
945	454
945	582
945	610
945	687
945	787
945	808
945	815
945	832
945	855
945	863
945	867
945	875
945	895
945	896
945	901
945	932
945	938
945	941
945	947
945	960
945	961
945	972
945	979
946	40
946	51
946	65
946	169
946	398
946	401
946	434
946	436
946	579
946	597
946	658
946	719
946	776
946	777
946	801
946	813
946	856
946	872
946	886
946	894
946	934
946	941
946	967
946	968
946	972
946	987
946	988
946	994
946	995
946	997
947	197
947	217
947	232
947	265
947	274
947	288
947	461
947	485
947	535
947	542
947	549
947	584
947	596
947	681
947	698
947	782
947	789
947	797
947	798
947	837
947	882
947	887
947	916
947	930
947	945
947	956
947	961
947	963
947	978
947	998
948	12
948	79
948	179
948	187
948	287
948	301
948	366
948	373
948	419
948	450
948	461
948	493
948	608
948	744
948	751
948	777
948	786
948	805
948	842
948	874
948	898
948	900
948	901
948	911
948	920
948	922
948	923
948	962
948	981
948	982
948	983
949	262
949	335
949	339
949	405
949	475
949	489
949	495
949	498
949	502
949	655
949	661
949	712
949	726
949	738
949	759
949	774
949	841
949	842
949	848
949	852
949	866
949	881
949	890
949	924
949	927
949	933
949	952
949	960
949	970
949	975
949	1000
950	39
950	81
950	137
950	195
950	256
950	264
950	325
950	338
950	341
950	558
950	613
950	637
950	638
950	682
950	687
950	697
950	704
950	773
950	815
950	822
950	862
950	868
950	875
950	891
950	909
950	915
950	922
950	960
950	977
950	994
950	997
951	6
951	41
951	148
951	150
951	254
951	333
951	351
951	386
951	397
951	399
951	447
951	479
951	498
951	507
951	536
951	559
951	560
951	629
951	677
951	702
951	776
951	803
951	815
951	825
951	889
951	919
951	924
951	928
951	970
951	978
951	994
952	134
952	368
952	500
952	522
952	526
952	602
952	649
952	663
952	679
952	695
952	712
952	720
952	726
952	750
952	760
952	812
952	840
952	850
952	858
952	865
952	871
952	932
952	933
952	940
952	941
952	949
952	984
952	993
952	995
952	998
952	999
953	59
953	75
953	77
953	81
953	261
953	337
953	358
953	385
953	475
953	488
953	601
953	603
953	615
953	627
953	697
953	710
953	717
953	733
953	739
953	799
953	826
953	837
953	841
953	895
953	900
953	913
953	919
953	922
953	930
953	961
953	963
953	984
954	22
954	175
954	202
954	224
954	316
954	326
954	532
954	580
954	620
954	668
954	678
954	679
954	691
954	714
954	778
954	800
954	807
954	847
954	885
954	890
954	909
954	913
954	942
954	956
954	971
954	976
954	978
954	981
954	984
954	986
954	987
954	990
955	1
955	103
955	248
955	259
955	382
955	395
955	451
955	520
955	546
955	568
955	579
955	614
955	621
955	698
955	722
955	744
955	770
955	830
955	842
955	863
955	877
955	897
955	916
955	925
955	929
955	967
955	972
955	981
955	982
955	985
955	986
955	1000
956	68
956	75
956	204
956	278
956	317
956	326
956	349
956	356
956	384
956	401
956	468
956	469
956	480
956	544
956	549
956	579
956	664
956	671
956	718
956	735
956	767
956	883
956	947
956	954
956	964
956	966
956	971
956	975
956	981
956	982
956	994
956	998
957	50
957	112
957	141
957	159
957	184
957	221
957	253
957	300
957	324
957	327
957	365
957	394
957	457
957	510
957	517
957	580
957	659
957	660
957	669
957	685
957	713
957	756
957	869
957	903
957	912
957	913
957	938
957	942
957	977
957	979
957	991
957	998
958	7
958	127
958	132
958	235
958	283
958	420
958	510
958	517
958	534
958	538
958	577
958	583
958	597
958	612
958	614
958	635
958	683
958	684
958	695
958	715
958	756
958	780
958	804
958	810
958	834
958	861
958	871
958	876
958	923
958	962
958	981
958	995
959	28
959	48
959	96
959	104
959	149
959	232
959	390
959	392
959	409
959	417
959	474
959	506
959	542
959	564
959	584
959	609
959	646
959	677
959	713
959	717
959	722
959	811
959	843
959	874
959	887
959	920
959	941
959	943
959	961
959	974
959	980
959	987
959	995
960	168
960	252
960	496
960	558
960	616
960	636
960	694
960	726
960	735
960	738
960	753
960	798
960	843
960	858
960	887
960	892
960	899
960	902
960	908
960	909
960	916
960	917
960	933
960	945
960	949
960	950
960	963
960	965
960	977
960	981
960	982
960	990
960	997
961	40
961	181
961	230
961	289
961	387
961	403
961	533
961	556
961	663
961	684
961	697
961	729
961	809
961	847
961	849
961	859
961	887
961	908
961	934
961	944
961	945
961	947
961	953
961	959
961	969
961	970
961	971
961	972
961	984
961	989
961	991
961	993
961	996
962	112
962	136
962	271
962	287
962	375
962	456
962	457
962	515
962	518
962	608
962	698
962	728
962	730
962	751
962	782
962	792
962	794
962	805
962	806
962	810
962	827
962	831
962	872
962	874
962	879
962	898
962	911
962	922
962	923
962	948
962	958
962	970
962	983
963	10
963	123
963	168
963	256
963	352
963	485
963	529
963	669
963	672
963	691
963	694
963	721
963	784
963	792
963	797
963	799
963	806
963	811
963	826
963	868
963	869
963	887
963	910
963	926
963	930
963	933
963	938
963	947
963	953
963	960
963	979
963	987
963	992
964	150
964	190
964	291
964	362
964	479
964	504
964	511
964	532
964	623
964	639
964	641
964	687
964	696
964	729
964	731
964	736
964	740
964	746
964	752
964	778
964	786
964	794
964	863
964	892
964	912
964	914
964	935
964	956
964	973
964	981
964	982
964	986
964	992
964	997
965	110
965	123
965	129
965	151
965	178
965	181
965	239
965	447
965	513
965	521
965	529
965	576
965	590
965	597
965	634
965	663
965	681
965	700
965	710
965	742
965	781
965	790
965	833
965	839
965	848
965	875
965	895
965	899
965	960
965	982
965	987
965	990
965	997
965	998
966	10
966	25
966	64
966	323
966	337
966	353
966	433
966	462
966	469
966	483
966	594
966	651
966	654
966	696
966	726
966	727
966	729
966	740
966	759
966	764
966	781
966	785
966	797
966	815
966	918
966	927
966	937
966	938
966	956
966	971
966	979
966	981
966	985
966	1000
967	9
967	208
967	212
967	312
967	317
967	348
967	351
967	418
967	501
967	550
967	565
967	582
967	619
967	685
967	706
967	722
967	723
967	791
967	814
967	815
967	831
967	838
967	855
967	881
967	909
967	926
967	930
967	946
967	955
967	975
967	979
967	991
967	997
967	998
968	47
968	187
968	191
968	199
968	211
968	301
968	395
968	397
968	407
968	431
968	597
968	633
968	692
968	727
968	756
968	775
968	783
968	784
968	802
968	817
968	844
968	857
968	865
968	867
968	880
968	907
968	918
968	925
968	927
968	932
968	946
968	993
968	997
968	999
969	176
969	298
969	416
969	493
969	522
969	554
969	732
969	739
969	799
969	829
969	857
969	909
969	921
969	925
969	926
969	961
969	974
969	996
970	15
970	29
970	67
970	90
970	200
970	351
970	450
970	454
970	467
970	644
970	657
970	674
970	690
970	704
970	712
970	716
970	726
970	746
970	799
970	814
970	818
970	856
970	889
970	890
970	891
970	893
970	911
970	933
970	949
970	951
970	961
970	962
970	981
970	985
970	991
971	27
971	101
971	146
971	200
971	335
971	425
971	543
971	546
971	606
971	640
971	680
971	702
971	709
971	725
971	736
971	749
971	816
971	835
971	842
971	843
971	849
971	854
971	863
971	897
971	918
971	954
971	956
971	961
971	966
971	972
971	979
971	983
971	985
971	987
971	989
972	50
972	63
972	133
972	138
972	201
972	309
972	315
972	367
972	471
972	523
972	562
972	587
972	591
972	665
972	700
972	702
972	709
972	741
972	749
972	769
972	830
972	831
972	834
972	855
972	879
972	885
972	932
972	936
972	941
972	945
972	946
972	955
972	961
972	971
972	993
972	995
973	36
973	101
973	214
973	215
973	257
973	300
973	320
973	321
973	329
973	399
973	532
973	554
973	577
973	635
973	662
973	683
973	720
973	721
973	756
973	774
973	778
973	779
973	822
973	856
973	861
973	871
973	877
973	882
973	891
973	893
973	921
973	964
973	975
973	994
973	996
973	997
974	124
974	171
974	176
974	255
974	279
974	291
974	298
974	490
974	493
974	495
974	519
974	522
974	538
974	547
974	554
974	580
974	585
974	592
974	605
974	611
974	638
974	647
974	699
974	714
974	722
974	725
974	785
974	926
974	959
974	969
974	975
974	990
974	994
974	996
975	34
975	247
975	262
975	312
975	349
975	364
975	404
975	443
975	453
975	462
975	532
975	627
975	639
975	678
975	687
975	696
975	712
975	726
975	738
975	745
975	762
975	767
975	768
975	873
975	881
975	894
975	910
975	927
975	933
975	949
975	956
975	967
975	973
975	974
975	976
975	979
975	983
975	1000
976	4
976	39
976	88
976	92
976	95
976	161
976	233
976	241
976	264
976	322
976	336
976	343
976	378
976	417
976	437
976	445
976	463
976	470
976	517
976	527
976	530
976	650
976	678
976	728
976	745
976	757
976	762
976	774
976	800
976	827
976	842
976	850
976	863
976	882
976	884
976	913
976	954
976	975
976	989
977	54
977	105
977	135
977	174
977	206
977	271
977	272
977	296
977	334
977	377
977	442
977	456
977	483
977	490
977	536
977	592
977	616
977	621
977	653
977	683
977	685
977	696
977	709
977	727
977	775
977	784
977	791
977	800
977	837
977	875
977	885
977	900
977	902
977	917
977	950
977	957
977	960
977	980
977	994
978	11
978	42
978	76
978	112
978	251
978	253
978	266
978	269
978	370
978	374
978	404
978	479
978	539
978	583
978	586
978	611
978	651
978	655
978	666
978	671
978	674
978	717
978	733
978	747
978	810
978	823
978	846
978	873
978	905
978	928
978	930
978	931
978	944
978	947
978	951
978	954
978	985
978	989
978	992
979	84
979	144
979	182
979	411
979	518
979	568
979	637
979	641
979	649
979	653
979	736
979	766
979	768
979	815
979	826
979	827
979	852
979	864
979	869
979	900
979	915
979	916
979	918
979	921
979	934
979	938
979	940
979	941
979	945
979	957
979	963
979	966
979	967
979	971
979	975
979	988
979	991
979	998
980	144
980	157
980	180
980	193
980	219
980	299
980	310
980	405
980	444
980	448
980	460
980	491
980	526
980	528
980	613
980	615
980	616
980	706
980	714
980	733
980	786
980	787
980	809
980	811
980	848
980	875
980	900
980	902
980	917
980	920
980	922
980	926
980	929
980	939
980	959
980	977
980	984
980	986
980	987
980	999
981	14
981	199
981	237
981	241
981	313
981	386
981	427
981	502
981	520
981	549
981	565
981	580
981	590
981	620
981	644
981	735
981	754
981	771
981	784
981	796
981	813
981	832
981	834
981	846
981	852
981	854
981	882
981	891
981	896
981	940
981	948
981	954
981	955
981	956
981	958
981	960
981	964
981	966
981	970
981	982
981	997
982	14
982	122
982	241
982	251
982	313
982	331
982	391
982	427
982	509
982	512
982	520
982	599
982	633
982	638
982	669
982	706
982	735
982	768
982	779
982	784
982	796
982	806
982	813
982	846
982	848
982	850
982	852
982	854
982	896
982	922
982	929
982	940
982	948
982	955
982	956
982	960
982	964
982	965
982	981
982	993
982	997
983	5
983	180
983	218
983	224
983	264
983	283
983	312
983	452
983	453
983	505
983	569
983	575
983	607
983	612
983	678
983	711
983	734
983	782
983	805
983	807
983	812
983	829
983	831
983	838
983	849
983	883
983	897
983	898
983	899
983	908
983	909
983	912
983	923
983	936
983	944
983	948
983	962
983	971
983	975
983	985
983	999
984	20
984	95
984	100
984	168
984	199
984	224
984	276
984	294
984	295
984	367
984	378
984	586
984	611
984	627
984	634
984	664
984	681
984	684
984	720
984	729
984	766
984	771
984	791
984	793
984	817
984	837
984	850
984	867
984	888
984	898
984	899
984	906
984	908
984	911
984	913
984	942
984	952
984	953
984	954
984	961
984	980
984	986
985	1
985	52
985	74
985	103
985	128
985	172
985	197
985	240
985	277
985	295
985	328
985	367
985	372
985	422
985	484
985	505
985	524
985	531
985	536
985	546
985	558
985	559
985	585
985	611
985	620
985	634
985	707
985	721
985	750
985	764
985	835
985	866
985	886
985	897
985	932
985	955
985	966
985	970
985	971
985	978
985	983
985	986
986	14
986	35
986	102
986	219
986	298
986	510
986	532
986	557
986	583
986	591
986	606
986	658
986	703
986	769
986	778
986	794
986	806
986	817
986	821
986	826
986	844
986	851
986	858
986	860
986	876
986	895
986	912
986	916
986	919
986	931
986	935
986	938
986	954
986	955
986	964
986	980
986	984
986	985
986	988
986	996
986	998
986	999
987	59
987	62
987	114
987	146
987	157
987	314
987	451
987	519
987	530
987	539
987	606
987	615
987	691
987	705
987	720
987	763
987	769
987	772
987	806
987	817
987	820
987	831
987	841
987	843
987	845
987	851
987	884
987	905
987	908
987	910
987	913
987	937
987	943
987	944
987	946
987	954
987	959
987	963
987	965
987	971
987	980
987	988
987	992
988	50
988	53
988	94
988	107
988	130
988	144
988	169
988	239
988	254
988	296
988	322
988	343
988	375
988	406
988	408
988	411
988	468
988	555
988	560
988	583
988	590
988	640
988	652
988	660
988	682
988	711
988	739
988	770
988	829
988	839
988	841
988	872
988	886
988	887
988	910
988	932
988	934
988	946
988	979
988	986
988	987
988	997
988	998
989	29
989	30
989	49
989	63
989	208
989	230
989	255
989	258
989	310
989	350
989	454
989	473
989	492
989	512
989	578
989	630
989	644
989	650
989	657
989	671
989	690
989	749
989	773
989	790
989	808
989	811
989	858
989	860
989	877
989	884
989	892
989	895
989	897
989	905
989	910
989	914
989	930
989	961
989	971
989	976
989	978
989	990
989	991
989	999
990	33
990	90
990	108
990	162
990	254
990	261
990	263
990	294
990	365
990	370
990	395
990	398
990	421
990	429
990	432
990	457
990	509
990	548
990	552
990	561
990	590
990	617
990	661
990	686
990	687
990	737
990	753
990	822
990	846
990	858
990	884
990	900
990	908
990	909
990	919
990	933
990	942
990	954
990	960
990	965
990	974
990	989
990	998
990	999
990	1000
991	15
991	52
991	68
991	131
991	141
991	154
991	203
991	204
991	230
991	243
991	308
991	477
991	498
991	552
991	563
991	565
991	578
991	592
991	613
991	631
991	656
991	677
991	684
991	727
991	788
991	799
991	847
991	863
991	869
991	875
991	885
991	886
991	889
991	907
991	912
991	923
991	924
991	926
991	942
991	957
991	961
991	967
991	970
991	979
991	989
992	38
992	55
992	138
992	153
992	192
992	198
992	246
992	252
992	293
992	379
992	391
992	402
992	404
992	461
992	551
992	553
992	562
992	613
992	625
992	635
992	645
992	679
992	685
992	715
992	730
992	748
992	754
992	806
992	810
992	830
992	839
992	868
992	878
992	892
992	904
992	924
992	933
992	939
992	944
992	963
992	964
992	978
992	987
992	994
992	999
993	27
993	61
993	80
993	88
993	96
993	116
993	119
993	142
993	163
993	206
993	406
993	476
993	507
993	525
993	555
993	571
993	578
993	590
993	617
993	648
993	702
993	753
993	776
993	791
993	812
993	832
993	840
993	853
993	859
993	862
993	872
993	875
993	884
993	886
993	892
993	901
993	920
993	931
993	938
993	952
993	961
993	968
993	972
993	982
993	997
994	9
994	105
994	111
994	151
994	237
994	249
994	407
994	434
994	440
994	442
994	517
994	548
994	564
994	574
994	607
994	620
994	642
994	672
994	721
994	724
994	730
994	743
994	752
994	765
994	775
994	811
994	814
994	816
994	821
994	825
994	828
994	872
994	873
994	876
994	919
994	935
994	946
994	950
994	951
994	956
994	973
994	974
994	977
994	992
995	48
995	65
995	93
995	98
995	132
995	145
995	154
995	201
995	251
995	291
995	340
995	390
995	394
995	430
995	441
995	464
995	475
995	478
995	498
995	549
995	550
995	555
995	609
995	621
995	623
995	680
995	729
995	779
995	788
995	837
995	838
995	842
995	847
995	852
995	868
995	870
995	872
995	900
995	916
995	933
995	940
995	941
995	946
995	952
995	958
995	959
995	972
996	12
996	18
996	41
996	43
996	66
996	116
996	145
996	153
996	159
996	162
996	175
996	176
996	227
996	240
996	277
996	298
996	366
996	382
996	419
996	472
996	493
996	522
996	524
996	535
996	540
996	554
996	564
996	599
996	624
996	647
996	665
996	699
996	714
996	722
996	751
996	798
996	802
996	853
996	877
996	904
996	913
996	922
996	926
996	961
996	969
996	973
996	974
996	986
997	120
997	184
997	186
997	241
997	330
997	335
997	346
997	453
997	464
997	489
997	520
997	525
997	548
997	569
997	570
997	586
997	592
997	597
997	605
997	647
997	682
997	686
997	692
997	719
997	787
997	795
997	838
997	868
997	880
997	900
997	903
997	916
997	929
997	930
997	934
997	941
997	942
997	946
997	950
997	960
997	964
997	965
997	967
997	968
997	973
997	981
997	982
997	988
997	993
998	72
998	82
998	116
998	239
998	275
998	311
998	365
998	377
998	411
998	429
998	439
998	448
998	488
998	491
998	499
998	501
998	513
998	658
998	662
998	696
998	760
998	771
998	785
998	800
998	834
998	838
998	841
998	846
998	858
998	862
998	863
998	884
998	898
998	909
998	925
998	932
998	934
998	943
998	947
998	952
998	956
998	957
998	965
998	967
998	979
998	986
998	988
998	990
998	999
999	25
999	84
999	180
999	192
999	193
999	242
999	371
999	431
999	501
999	530
999	551
999	562
999	609
999	644
999	650
999	651
999	675
999	690
999	774
999	794
999	809
999	823
999	836
999	838
999	849
999	857
999	878
999	894
999	901
999	902
999	905
999	915
999	923
999	925
999	926
999	936
999	944
999	952
999	968
999	980
999	983
999	986
999	989
999	990
999	992
999	998
1000	13
1000	23
1000	87
1000	101
1000	131
1000	143
1000	146
1000	194
1000	203
1000	235
1000	243
1000	288
1000	294
1000	324
1000	342
1000	443
1000	462
1000	471
1000	485
1000	495
1000	509
1000	533
1000	544
1000	576
1000	617
1000	624
1000	654
1000	659
1000	669
1000	683
1000	708
1000	738
1000	765
1000	788
1000	798
1000	824
1000	849
1000	854
1000	874
1000	908
1000	911
1000	927
1000	931
1000	933
1000	942
1000	949
1000	955
1000	966
1000	975
1000	990
