102 103 115 136 139 159 161 18 185 192 195 202 209 255 262 269 27 324 339 384 437 447 464 466 478 534 536 549 562 564 568 577 583 590 603 612 614 624 631 635 64 646 662 703 710 721 741 788 796 800 801 845 853 862 866 878 879 890 898 902 91 922 924 925 947 958 964 971 982 984 987 
101 106 157 198 204 230 248 255 272 30 32 377 384 390 417 430 445 5 50 528 531 536 561 564 571 579 6 631 653 705 717 721 755 762 789 80 800 805 824 858 864 878 881 895 919 926 976 992
114 131 145 147 160 176 183 185 206 228 231 260 265 28 287 304 317 32 322 33 333 342 351 361 364 413 469 473 475 476 506 525 527 568 591 592 605 612 617 628 649 705 713 72 759 776 815 852 858 900 94
100 102 172 183 247 266 271 287 293 314 417 44 503 52 525 53 56 575 59 651 655 704 718 763 790 791 830 869 876 900 950 965 988 998
1 242 273 308 372 431 490 528 559 572 636 646 7 709 721 731 733 78 786 817 858 864 906 948
100 109 113 115 132 14 142 143 149 162 169 172 174 176 177 178 207 223 224 231 235 237 241 291 292 30 324 327 329 331 338 351 400 403 407 418 420 44 441 496 498 50 502 506 51 510 522 527 536 540 547 579 588 603 605 608 632 651 675 696 698 699 717 735 746 755 781 789 8 801 829 838 839 84 848 85 863 872 878 892 895 90 900 904 91 917 924 925 960 97 976 977 999
10 100 102 105 109 120 136 167 189 20 211 229 24 247 260 265 266 267 273 297 322 329 330 34 353 355 376 377 379 39 402 408 427 466 473 488 492 496 5 507 51 513 522 526 530 559 57 570 584 586 588 591 600 624 631 647 650 66 669 695 698 710 723 732 733 742 748 763 768 775 789 790 815 824 829 834 839 84 848 873 880 892 91 914 919 923 953 957 970 976 979 998
100 101 112 126 230 255 273 293 357 373 379 381 402 423 433 447 461 534 567 584 67 673 741 768 869 925 93
130 136 151 167 187 199 221 230 246 314 330 336 356 386 445 559 568 569 578 590 619 633 662 663 707 726 728 731 778 791 795 814 821 865 872 924 94 947 948 97
121 128 174 181 184 248 260 264 266 307 415 472 640 642 649 662 741 745 804 858 859 879 898 933 94 981 987
10 1000 101 111 130 143 151 156 190 21 211 229 24 242 245 253 269 309 32 336 36 378 391 429 437 442 464 485 5 522 531 562 573 592 606 61 615 621 680 686 70 706 759 763 80 811 821 842 845 855 866 890 892 902 911 919 942 947 950 975 999
10 106 121 131 134 143 146 151 160 17 172 184 185 198 20 208 231 234 241 248 251 259 314 337 342 345 372 38 386 387 4 402 406 417 42 432 433 44 443 461 488 495 545 547 556 569 570 573 589 592 600 621 634 695 71 711 716 728 734 74 742 746 752 768 770 778 800 805 809 817 824 827 831 835 84 841 845 848 850 869 874 881 890 911 922 932 947 953 966 980 993
105 122 139 146 189 211 218 237 247 283 323 342 347 357 364 376 539 618 669 734 739 740 815 851 949 965 983
103 150 186 189 195 230 242 247 258 262 266 272 281 296 300 302 304 308 335 34 345 347 36 376 384 406 408 417 424 441 446 448 459 469 49 492 502 513 516 522 535 539 547 557 569 570 600 636 644 654 674 677 706 713 715 733 734 737 764 781 789 790 802 817 819 821 826 834 84 844 848 849 85 861 874 877 892 905 919 92 925 94 942 949 950 957 964 981 992
110 114 138 141 144 147 169 187 243 25 252 264 279 298 30 304 316 323 347 355 361 372 384 388 39 391 4 40 403 422 427 459 461 466 476 477 489 492 500 510 52 531 539 559 573 586 59 599 616 62 636 655 665 674 688 699 701 728 737 778 789 801 802 804 806 819 820 821 831 841 852 853 859 874 889 898 906 911 915 917 919 926 933 949 953 960 965 968 97 971 988 989
134 162 215 262 300 302 327 335 372 443 462 476 485 50 508 540 563 576 668 678 739 744 784 870 91 948 958 971 976 984
109 110 137 156 169 180 215 255 260 270 272 379 385 42 428 461 489 540 543 644 651 686 696 720 731 740 790 794 834 852 853 858 903 917
105 115 124 138 14 151 156 164 17 183 188 198 208 218 238 241 25 265 279 28 300 303 308 314 320 329 345 35 359 384 386 390 399 403 404 418 431 433 437 446 450 465 476 507 508 515 525 528 531 537 547 564 569 571 577 579 582 600 607 610 633 651 673 676 681 686 695 709 713 714 720 741 742 770 786 79 802 821 823 83 849 880 895 90 900 902 907 908 913 917 935 94 986 988 999
111 115 135 138 144 167 172 176 190 191 245 255 267 274 279 290 293 312 335 353 376 380 386 396 452 458 481 497 509 527 543 547 55 551 561 575 578 603 637 640 663 666 685 69 698 742 784 786 811 831 839 842 878 895 908 914 917 928 929 981 984 995
10 208 228 245 256 269 337 372 380 390 391 429 441 473 52 568 57 630 631 632 670 677 693 697 705 787 813 830 847 850 866 889 910 914 967 975
105 109 122 151 167 174 183 186 207 208 221 223 233 24 246 265 269 272 291 298 311 320 322 326 331 337 347 391 396 400 418 436 457 459 461 476 48 488 507 508 51 547 551 557 559 572 581 586 640 642 644 659 669 71 710 723 740 748 754 762 794 798 8 80 800 802 806 819 833 85 860 886 890 892 893 911 920 932 943 960 975 987
109 133 136 142 18 188 194 243 324 339 386 399 406 431 446 496 522 523 535 540 559 561 570 591 63 637 644 647 663 678 713 731 733 790 805 821 833 849 853 862 870 873 881 889 898 90 924 93 942 970 981 982 99
100 104 106 183 192 216 221 27 28 346 379 402 411 415 482 57 589 591 598 600 601 617 630 662 811 817 824 83 831 863 875 895 921 922 941 943 963 968
195 2 334 34 361 38 399 55 578 59 600 633 646 696 730 774 826 838 850 852 865 876 968 982 992
1 1000 101 115 130 134 139 168 188 243 27 30 314 361 370 381 406 407 410 421 436 452 464 476 48 485 490 491 494 5 502 529 549 55 557 56 571 582 586 589 59 621 646 658 711 723 737 739 777 784 808 829 831 84 850 859 879 897 918 93 941 942 943 947 952 953 959 971 981 983 984 992
107 115 133 142 147 158 169 17 186 188 198 2 25 255 267 298 3 323 342 354 372 385 388 391 415 44 457 458 492 495 51 513 515 523 531 545 548 554 561 564 579 582 589 632 637 642 66 667 674 692 695 733 778 799 800 809 826 852 857 859 873 876 880 881 889 898 903 904 91 915 921 957 965 978 979 980
103 11 174 194 2 25 251 272 291 342 355 359 368 408 457 473 496 556 561 611 626 631 70 71 742 748 80 800 804 838 872 903 952
10 102 103 107 112 121 162 169 176 189 215 223 267 271 287 304 322 327 329 353 363 370 388 391 408 415 427 429 446 466 472 481 495 496 506 518 528 533 548 551 556 557 56 560 568 574 577 582 586 598 60 619 655 662 674 678 732 744 763 771 778 791 838 845 859 862 878 884 889 900 910 911 953 960 988
1 100 110 133 150 162 184 187 190 2 241 257 262 264 265 270 276 296 302 357 359 361 370 39 403 408 427 445 464 488 501 507 513 517 522 538 548 555 56 571 582 586 600 605 613 636 658 663 675 711 717 764 768 791 805 814 841 885 890 90 900 904 91 965 97 992
110 190 300 335 381 39 415 425 489 502 534 548 57 583 590 605 632 784 906 988
118 138 143 167 17 218 230 24 291 293 302 31 32 326 33 339 344 374 376 38 390 395 402 413 42 441 451 485 516 536 550 551 569 61 675 677 678 696 699 706 720 749 781 817 84 853 880 948 950 959 960 963 965 968 988
105 121 137 144 218 229 265 268 324 328 343 399 452 457 475 492 555 561 584 621 658 679 708 745 760 763 833 846 862 863 864 865 869 874 890 906 943 958
1 114 12 14 144 178 188 194 22 233 24 28 283 287 295 323 34 347 355 359 36 386 40 402 403 413 419 42 429 433 450 472 489 507 51 514 536 545 570 572 579 582 592 597 598 603 611 62 641 662 681 730 739 755 762 770 771 800 81 83 830 833 842 873 876 880 891 898 903 908 910 911 915 920 922 924 941 948 949 957 961 973 998 999
111 117 135 159 16 174 178 19 190 195 248 272 280 285 287 310 326 331 339 386 390 400 403 406 413 443 452 459 466 472 475 489 507 513 518 52 527 535 553 569 575 576 61 617 624 632 637 644 655 670 728 742 745 748 750 756 764 784 791 80 817 819 821 83 833 848 869 874 914 915 920 926 964 968 976 983 991 997
114 144 146 147 159 192 208 223 225 228 262 326 331 336 377 380 40 400 412 414 423 434 473 520 521 549 562 58 588 604 605 647 681 696 721 724 836 844 860 861 874 878 889 983 992
102 107 122 131 167 211 353 39 408 475 5 540 549 590 685 757 841 886 91 924 979
1 105 106 112 135 156 160 167 172 178 187 191 195 209 212 223 228 229 230 237 242 25 251 262 264 265 267 270 275 289 296 33 330 336 379 380 388 418 423 443 455 466 472 473 506 510 522 523 539 545 558 567 577 578 585 586 598 602 612 615 624 625 633 636 681 695 698 706 717 746 781 783 791 804 810 826 829 849 860 863 864 870 878 880 886 905 923 926 957 963 974
1000 162 198 207 208 25 270 271 284 304 305 322 323 327 364 382 388 416 43 491 527 540 725 737 746 750 789 814 817 824 829 853 870 898 902 910 932 943 946 964 965 970 987
114 133 153 175 233 237 283 318 320 345 349 351 36 475 487 518 534 536 547 548 570 590 591 623 657 70 733 739 866 906 920 922 965 980 982 987
107 112 155 18 185 186 200 219 221 228 283 324 326 453 457 564 573 583 619 630 637 640 66 671 674 685 71 730 763 778 819 82 841 865 957 975 989
194 207 209 221 245 286 324 347 373 397 48 491 496 506 556 588 642 686 72 737 760 766 771 793 864 90 918
112 270 301 357 436 437 472 496 5 528 534 572 640 669 673 677 699 705 713 746 747 752 764 801 82 849 892 939 97 992
109 139 14 146 147 176 184 185 195 229 243 249 260 27 314 326 327 351 357 364 373 377 407 423 426 433 441 450 463 488 490 51 52 525 539 541 543 549 551 552 562 567 59 591 598 611 617 642 669 685 706 72 721 748 750 769 771 789 796 80 801 806 809 811 826 85 863 865 868 889 925 94 950 959 963 982
127 158 163 17 170 188 192 207 270 274 278 291 293 295 296 302 331 335 350 39 438 458 502 506 508 515 519 55 615 655 66 668 670 674 746 759 779 8 823 826 839 849 86 860 876 894 903 904 93 941 95 957 981 982
100 107 130 182 223 231 247 251 270 295 299 329 337 34 359 365 380 384 385 431 433 441 443 447 464 481 484 490 531 556 56 584 587 627 633 639 642 646 668 70 71 710 730 752 755 771 802 824 83 844 865 870 872 887 904 907 919 922 932 943 950 953 958
107 135 151 266 267 329 381 399 4 40 472 523 570 72 729 740 742 752 867 872 886 998
109 130 174 191 212 283 294 413 50 543 548 579 651 661 670 685 705 723 786 815 83 845 879 9 914 926 934 964
111 137 191 194 201 26 264 273 293 300 330 355 377 4 44 443 475 480 481 495 562 564 567 577 62 678 723 744 746 748 755 76 767 794 806 839 844 845 861 880 902 908 910 933 949 958 975 987
100 110 119 122 178 184 192 196 20 242 243 246 265 270 279 298 300 304 308 32 326 339 377 393 447 466 469 475 50 505 515 516 525 555 56 57 579 589 609 637 642 678 698 71 713 717 745 755 770 784 80 811 823 83 839 848 849 858 860 873 888 907 917 942 948 998
103 136 137 158 178 187 190 191 209 223 237 241 243 245 255 269 273 274 28 287 295 3 30 302 320 33 331 351 353 377 38 384 388 389 403 42 446 447 458 467 474 490 527 541 56 573 583 584 591 592 595 633 647 649 655 673 710 723 733 765 770 794 8 804 805 806 809 823 824 833 842 848 862 866 87 900 902 915 918 921 922 93 932 941 959 964 967 968 970 976 979 98 988 989
102 105 131 137 141 143 176 183 187 212 214 271 274 33 333 342 361 367 377 38 391 399 401 408 418 457 489 510 518 539 542 549 551 555 575 649 663 670 68 710 731 732 737 775 815 824 848 85 880 886 890 904 911 94 948 955 962 971 998 999
1000 102 105 106 111 121 131 134 137 14 146 156 160 162 184 198 20 207 210 218 221 231 233 239 244 247 248 251 262 32 322 380 386 396 418 427 44 445 447 450 491 502 522 525 567 576 598 619 62 621 642 646 65 663 664 668 678 696 710 715 720 736 758 768 792 797 801 817 819 82 850 859 869 876 918 921 922 943 947 948 953 956 960 967 983 984
1000 246 277 323 330 40 413 433 447 459 489 496 535 544 571 578 583 584 594 603 617 631 658 660 682 699 70 706 720 731 733 739 759 762 775 80 814 830 840 844 845 858 902 912 915 926 927 970 983 984 985
133 156 159 296 333 335 358 361 381 39 390 4 402 436 50 555 577 59 611 640 649 663 694 695 709 711 732 762 764 781 794 804 842 920 921 923 937 975
10 106 114 136 14 147 162 186 191 194 2 222 233 264 267 279 298 30 300 33 330 353 371 381 423 431 436 45 458 481 502 510 568 590 598 61 611 615 630 649 651 655 668 699 710 746 748 759 775 82 829 831 841 845 873 903 952 968 998
17 183 218 23 242 243 266 27 272 288 407 427 5 532 540 556 57 582 586 593 673 675 684 696 739 786 790 837 864 876 896 923
10 112 129 148 172 189 205 232 266 322 324 40 400 407 423 431 469 470 52 57 575 677 683 687 762 763 802 917 926 952 999
110 122 159 176 189 195 198 233 274 302 322 34 348 373 400 445 450 461 469 48 485 502 515 52 527 539 545 557 559 567 571 573 576 577 637 640 663 669 677 681 715 72 745 778 823 825 832 839 866 889 906 918 923 941 942 943 944 960 967 976
190 298 3 333 351 441 481 576 619 685 699 72 721 730 740 743 823 829 863 870 876 923 933 949 963 975 979
13 137 178 197 211 291 304 333 359 396 456 48 51 510 525 571 579 580 59 603 630 686 709 750 755 828 853 869 905 982 987
130 139 151 169 18 185 209 215 229 24 320 331 332 34 376 385 415 417 42 423 439 473 495 504 518 523 545 572 573 575 621 648 658 670 698 732 744 77 786 834 878 90 919 933 959 96 996
130 141 144 229 283 296 359 436 528 539 57 571 588 630 646 656 723 739 803 97 988
101 121 154 185 212 218 221 231 237 28 315 320 33 345 347 402 403 406 44 466 476 507 534 535 567 612 619 66 741 775 784 811 82 823 859 904 905 908 918 925 933 938 950 967
107 131 134 142 18 192 193 260 266 324 394 417 418 458 516 588 636 681 695 699 731 748 760 780 781 796 809 826 839 872 921 936
10 111 130 138 156 159 187 189 211 215 228 251 260 264 287 293 329 345 355 360 370 392 406 437 443 457 461 464 48 495 503 506 513 535 541 543 55 555 557 562 565 576 615 619 620 622 645 647 66 673 681 702 705 712 72 750 786 796 8 806 829 830 834 850 852 909 910 924 963 970
114 133 158 226 279 282 390 499 62 621 636 670 675 677 686 709 730 732 831 838 881 908 982
106 107 137 174 245 296 333 339 4 42 523 562 624 675 685 696 734 752 762 834 842 856 905 963
103 111 141 169 212 27 295 3 314 330 342 364 370 450 471 518 52 569 582 611 633 681 75 83 864 905 93 989
110 150 178 184 2 27 329 339 406 413 490 503 551 556 576 624 715 750 804 805 807 834 843 863 971
1000 112 125 135 14 142 150 17 172 18 184 20 221 223 233 237 248 255 273 308 325 335 340 364 379 380 405 409 446 459 464 468 481 488 50 508 535 548 561 562 632 66 672 71 734 745 811 821 850 858 861 901 926 951 953 967
114 123 131 144 147 188 293 32 327 357 370 385 39 400 417 423 446 459 481 510 536 548 549 559 566 584 589 598 631 632 662 698 709 741 759 782 794 82 908 911 917 921 931 942 949 980
115 131 14 143 15 150 160 207 209 25 263 264 296 298 3 326 331 336 337 355 373 4 44 440 445 459 513 515 54 545 55 575 576 588 615 617 62 658 678 698 71 717 734 741 744 794 796 811 844 85 860 866 872 873 874 881 903 925 970 984 990 998
111 143 150 158 159 160 169 173 176 194 218 308 320 327 333 335 355 357 364 375 388 399 408 415 427 429 437 445 48 503 508 523 540 545 55 61 612 649 662 674 72 721 727 752 755 759 781 8 819 842 861 874 90 914 932 952
112 141 2 20 247 254 271 28 306 347 376 396 479 516 518 523 541 605 612 615 630 655 669 686 690 715 73 740 796 806 841 870 910 940 981 987 989
135 136 138 139 194 208 248 267 27 3 32 320 323 373 379 38 381 490 518 528 534 536 569 583 590 611 624 785 804 82 830 879 883 89 920 959
122 160 185 186 198 241 321 351 429 528 647 685 709 711 732 734 760 862 881 886 895 906 952 958 968 989
121 174 300 330 364 366 40 407 41 469 491 503 543 568 583 621 644 658 675 689 70 721 752 760 773 814 815 865 904 907 920 93 950
1 134 141 17 183 186 2 230 236 243 295 304 36 436 444 476 488 489 50 503 578 592 61 611 612 658 670 677 705 713 728 737 768 786 791 809 842 844 850 879 88 886 906 910 924 933 967 979 983 994
138 140 217 246 248 269 273 3 30 336 337 345 353 380 385 429 450 508 55 61 647 711 720 745 815 82 830 833 860 862 872 907 980
101 144 20 251 274 323 541 549 603 715 761 781 822 852 895 899 914 915 923 979 999
102 115 142 189 191 192 231 353 372 373 431 48 567 764 8 85 860 914 932 970
1 1000 103 109 122 152 158 187 192 20 203 231 261 262 269 271 314 327 351 352 36 361 370 379 385 388 390 396 418 445 447 46 47 473 485 486 488 492 493 495 512 516 525 541 546 555 56 561 568 578 583 588 600 605 62 629 636 640 643 644 649 711 720 728 731 740 744 764 771 790 802 812 816 819 84 849 864 865 879 882 905 916 918 925 93 947 957 959 969
133 141 160 166 190 215 227 228 240 247 260 28 336 339 341 362 38 398 42 452 457 475 485 491 503 508 515 557 575 577 624 651 668 673 675 711 720 740 750 753 760 770 772 815 833 838 903 919 941 947 954 97 972 992
1000 103 116 134 135 136 139 162 171 172 18 212 237 241 242 246 271 283 29 308 319 337 342 36 381 384 40 413 417 431 437 449 452 503 516 524 531 564 570 59 590 592 603 638 644 668 673 70 705 715 730 745 762 764 770 771 775 790 801 806 809 814 84 861 879 895 902 921 941 959 960 964 967 971 979 980
134 138 141 159 167 209 212 215 229 230 245 271 291 336 36 376 391 399 464 469 492 495 507 510 534 543 572 630 632 669 686 691 706 717 723 730 737 741 744 751 768 770 771 805 814 85 881 907 920 932 942 945 952 958 980
135 139 142 146 147 251 3 33 427 436 441 516 535 572 573 578 652 668 706 719 759 760 775 778 791 796 809 814 838 854 863 870 898 933 984 989
101 122 133 146 150 158 165 186 207 209 211 228 242 245 250 272 274 279 283 287 291 295 337 357 369 37 383 4 400 407 415 433 446 458 469 472 483 491 51 513 515 541 551 557 572 584 589 592 617 619 62 637 646 647 674 695 728 734 752 760 763 768 784 796 800 801 805 818 831 834 838 844 861 862 871 886 892 907 908 915 918 949 958 963 964 976 980 999
121 150 156 220 24 246 30 302 34 373 38 385 396 429 452 454 460 485 490 527 531 555 564 591 617 633 738 742 744 789 853 866 890 905 923 975 983
1 101 106 108 110 142 143 146 151 158 179 18 188 191 195 208 211 212 213 215 233 24 241 246 25 269 273 274 279 295 298 308 313 333 345 359 370 372 396 407 435 437 443 450 452 458 461 491 492 5 506 511 541 543 547 556 589 596 605 61 612 615 631 651 66 70 700 709 713 715 717 722 728 732 750 775 794 8 802 823 826 830 841 852 859 861 869 873 892 90 900 907 91 930 94 952 97 971 981 989
