1	655
1	760
1	905
1	996
2	240
2	252
2	565
2	851
3	114
3	784
3	955
3	960
4	493
4	621
4	816
4	999
5	674
5	781
5	824
5	958
6	787
6	829
6	882
6	993
7	401
7	643
7	890
7	952
8	147
8	801
8	853
8	949
9	820
9	875
9	953
9	998
10	477
10	516
10	721
10	879
11	316
11	354
11	867
11	907
12	648
12	741
12	769
12	992
13	431
13	841
13	921
13	987
14	844
14	953
14	996
14	999
15	781
15	824
15	846
15	958
16	522
16	740
16	810
16	978
17	650
17	895
17	957
17	981
18	761
18	762
18	905
18	931
19	894
19	915
19	922
19	928
20	857
20	916
20	939
20	991
21	489
21	862
21	868
21	980
22	890
22	947
22	948
22	986
23	407
23	852
23	933
23	979
24	872
24	886
24	898
24	922
25	786
25	932
25	959
25	993
26	547
26	892
26	956
26	997
27	631
27	855
27	958
27	961
28	208
28	866
28	955
28	960
29	509
29	525
29	893
29	905
30	361
30	939
30	953
30	991
31	536
31	862
31	939
31	991
32	370
32	910
32	921
32	994
33	904
33	941
33	961
33	980
34	577
34	653
34	901
34	995
35	423
35	955
35	960
35	963
36	640
36	982
36	986
36	1000
37	971
37	982
37	986
37	1000
38	573
38	836
38	975
38	998
39	661
39	662
39	936
39	983
40	740
40	742
40	833
40	988
41	761
41	876
41	935
41	948
42	769
42	967
42	970
42	972
43	57
43	920
43	936
43	983
44	707
44	910
44	927
44	960
45	456
45	729
45	931
45	996
46	666
46	814
46	901
46	949
47	972
47	990
47	993
47	994
48	857
48	933
48	944
48	979
49	484
49	930
49	942
49	993
50	885
50	904
50	941
50	989
51	816
51	872
51	888
51	999
52	145
52	392
52	587
52	960
53	696
53	754
53	779
53	920
54	649
54	969
54	974
54	994
55	92
55	874
55	934
55	994
56	807
56	969
56	974
56	994
57	43
57	537
57	592
57	935
58	814
58	881
58	991
58	995
59	598
59	720
59	891
59	971
60	869
60	873
60	905
60	914
61	159
61	377
61	936
61	983
62	145
62	951
62	969
62	974
63	884
63	908
63	957
63	981
64	321
64	739
64	833
64	965
65	259
65	314
65	461
65	926
66	202
66	472
66	607
66	687
67	751
67	909
67	966
67	987
68	634
68	964
68	973
68	990
69	482
69	778
69	859
69	988
70	889
70	897
70	950
70	989
71	539
71	714
71	965
71	980
72	217
72	766
72	906
72	995
73	633
73	834
73	898
73	979
74	313
74	957
74	981
74	999
75	792
75	878
75	942
75	959
76	848
76	852
76	945
76	976
77	823
77	904
77	941
77	958
78	559
78	810
78	907
78	928
79	149
79	640
79	646
79	961
80	601
80	791
80	975
80	979
80	984
81	283
81	636
81	785
81	939
82	237
82	519
82	651
82	682
83	293
83	883
83	896
83	902
84	608
84	817
84	939
84	991
85	372
85	662
85	838
85	997
86	407
86	492
86	962
86	987
87	175
87	637
87	854
87	867
88	130
88	416
88	749
88	888
89	151
89	613
89	811
89	812
90	388
90	894
90	915
90	922
91	601
91	802
91	957
91	975
92	55
92	716
92	791
92	847
93	817
93	902
93	927
93	963
94	772
94	803
94	871
94	992
95	109
95	693
95	856
95	895
96	439
96	596
96	812
96	926
97	340
97	839
97	875
97	898
98	383
98	655
98	752
98	920
99	861
99	880
99	984
99	996
100	933
100	968
100	984
101	946
101	954
101	994
101	997
102	389
102	561
102	721
102	876
103	416
103	807
103	853
103	862
103	915
104	635
104	824
104	944
104	983
104	993
105	225
105	718
105	776
105	961
106	569
106	644
106	908
106	975
107	855
107	858
107	961
107	966
108	531
108	926
108	966
108	989
109	95
109	171
109	202
109	994
110	571
110	632
110	704
110	901
111	707
111	724
111	851
111	997
112	695
112	742
112	880
112	975
113	779
113	826
113	920
113	930
114	3
114	325
114	793
114	927
115	494
115	597
115	604
115	961
116	759
116	875
116	966
116	987
117	666
117	868
117	949
117	969
118	283
118	432
118	519
118	979
119	793
119	883
119	896
119	902
120	764
120	867
120	911
120	919
121	804
121	848
121	920
121	937
122	602
122	856
122	895
122	911
123	427
123	941
123	972
123	979
124	463
124	756
124	989
124	991
125	152
125	618
125	622
125	665
126	621
126	878
126	915
126	993
127	923
127	926
127	989
127	997
128	266
128	725
128	973
128	990
129	264
129	532
129	667
129	995
130	88
130	802
130	857
130	956
131	544
131	592
131	953
131	991
132	446
132	841
132	929
132	946
133	659
133	927
133	960
133	963
134	651
134	822
134	921
134	981
135	633
135	717
135	838
135	894
136	867
136	907
136	943
136	967
137	827
137	873
137	933
137	979
138	395
138	734
138	860
138	997
139	613
139	843
139	891
139	964
140	571
140	684
140	868
140	1000
141	518
141	522
141	957
141	981
142	401
142	492
142	606
142	995
143	916
143	953
143	991
143	996
144	182
144	606
144	920
144	925
145	52
145	62
145	541
145	976
146	241
146	511
146	590
146	750
147	8
147	789
147	949
147	960
148	607
148	896
148	933
148	979
149	79
149	331
149	817
149	961
150	222
150	532
150	622
150	996
151	89
151	443
151	519
151	541
152	125
152	799
152	968
152	984
153	544
153	927
153	960
153	963
154	461
154	950
154	967
154	972
155	275
155	814
155	881
155	995
156	351
156	891
156	973
156	990
157	581
157	670
157	838
157	948
158	239
158	876
158	944
158	958
159	61
159	643
159	936
159	952
160	527
160	687
160	772
160	994
161	251
161	651
161	848
161	988
162	639
162	656
162	859
162	974
163	465
163	496
163	668
163	948
164	381
164	800
164	928
164	993
165	611
165	834
165	876
165	937
166	904
166	921
166	922
166	945
166	971
167	414
167	445
167	480
167	989
168	316
168	852
168	933
168	979
169	530
169	619
169	630
169	956
170	579
170	715
170	965
170	976
171	109
171	485
171	687
171	888
172	693
172	856
172	895
172	947
173	583
173	783
173	915
173	922
174	197
174	543
174	795
174	879
175	87
175	906
175	917
175	996
176	186
176	925
176	930
176	954
177	517
177	616
177	925
177	997
178	863
178	930
178	996
178	997
179	447
179	982
179	986
179	1000
180	748
180	936
180	946
180	983
181	380
181	839
181	875
181	898
182	144
182	897
182	954
182	997
183	903
183	927
183	957
183	981
184	386
184	857
184	933
184	979
185	481
185	850
185	943
185	993
186	176
186	524
186	789
186	868
187	570
187	823
187	941
187	988
188	716
188	864
188	926
188	989
189	344
189	695
189	943
189	969
190	557
190	853
190	904
190	941
191	754
191	756
191	767
191	946
192	826
192	896
192	936
192	991
193	898
193	934
193	974
193	994
194	915
194	969
194	974
194	994
195	725
195	964
195	978
195	990
196	468
196	863
196	954
196	997
197	174
197	789
197	966
197	987
198	487
198	823
198	895
198	941
199	750
199	940
199	965
199	985
200	244
200	784
200	944
200	992
201	658
201	873
201	914
201	978
202	66
202	109
202	687
202	842
203	467
203	691
203	844
203	914
204	588
204	775
204	897
204	989
205	667
205	742
205	954
205	997
206	734
206	851
206	967
206	972
207	381
207	876
207	954
207	994
208	28
208	821
208	911
208	919
209	558
209	728
209	893
209	989
210	829
210	896
210	953
210	1000
211	502
211	767
211	945
211	965
212	880
212	943
212	975
212	996
213	286
213	543
213	580
213	872
214	338
214	500
214	694
214	816
215	363
215	599
215	950
215	989
216	881
216	928
216	962
216	995
217	72
217	749
217	885
217	900
218	373
218	892
218	990
218	997
219	867
219	951
219	969
219	994
220	707
220	823
220	829
220	941
221	326
221	333
221	703
221	995
222	150
222	618
222	925
222	991
223	631
223	869
223	903
223	981
224	469
224	794
224	890
224	948
225	105
225	394
225	532
225	622
226	839
226	854
226	875
226	898
227	472
227	982
227	986
227	1000
228	300
228	440
228	447
228	514
229	571
229	654
229	942
229	993
230	885
230	900
230	904
230	928
230	995
231	790
231	806
231	897
231	950
231	989
232	733
232	781
232	917
232	935
232	994
233	513
233	537
233	933
233	935
233	999
234	626
234	830
234	916
234	953
234	991
235	552
235	742
235	968
235	984
235	991
236	489
236	714
236	862
236	941
236	1000
237	82
237	895
237	924
237	938
237	979
238	251
238	271
238	283
238	443
238	785
239	158
239	871
239	983
239	986
239	992
240	2
240	548
240	641
240	851
240	908
241	146
241	492
241	643
241	750
241	960
242	636
242	716
242	731
242	791
242	847
243	426
243	591
243	661
243	822
243	921
244	200
244	406
244	495
244	691
244	880
245	261
245	690
245	739
245	787
245	959
246	581
246	847
246	971
246	973
246	990
247	375
247	579
247	646
247	806
247	971
248	426
248	757
248	841
248	921
248	968
249	696
249	804
249	826
249	886
249	920
250	672
250	777
250	801
250	928
250	995
251	161
251	238
251	306
251	404
251	743
252	2
252	869
252	884
252	903
252	981
253	464
253	795
253	872
253	879
253	948
254	668
254	843
254	883
254	896
254	902
255	614
255	780
255	968
255	992
255	995
256	528
256	537
256	670
256	740
256	935
257	418
257	650
257	690
257	739
257	904
258	398
258	566
258	786
258	936
258	983
259	65
259	492
259	511
259	738
259	809
260	489
260	714
260	862
260	971
260	980
261	245
261	650
261	690
261	739
261	965
262	708
262	887
262	962
262	964
262	990
263	672
263	854
263	925
263	973
263	984
263	1000
264	129
264	628
264	884
264	885
264	995
265	800
265	894
265	915
265	922
265	966
266	128
266	755
266	759
266	962
266	987
267	662
267	692
267	811
267	905
267	966
268	430
268	766
268	824
268	915
268	975
269	876
269	969
269	974
269	985
269	994
270	608
270	653
270	676
270	900
270	995
271	238
271	748
271	780
271	947
271	992
272	803
272	944
272	973
272	992
272	998
273	525
273	698
273	844
273	869
273	914
274	571
274	587
274	743
274	785
274	871
275	155
275	792
275	842
275	854
275	907
276	932
276	967
276	970
276	972
276	997
277	577
277	822
277	841
277	921
277	959
278	748
278	753
278	975
278	992
278	998
279	462
279	488
279	714
279	862
279	918
280	410
280	719
280	906
280	908
280	996
281	539
281	876
281	897
281	963
281	992
282	547
282	723
282	782
282	788
282	983
283	81
283	118
283	238
283	587
283	822
284	637
284	788
284	961
284	962
284	966
285	565
285	777
285	885
285	974
285	995
286	213
286	909
286	962
286	966
286	990
287	977
287	982
287	986
287	988
287	1000
288	874
288	885
288	888
288	928
288	995
289	384
289	394
289	618
289	889
289	999
290	673
290	754
290	756
290	954
290	993
291	374
291	596
291	811
291	812
291	978
292	330
292	669
292	782
292	905
292	983
293	83
293	910
293	927
293	960
293	963
294	594
294	723
294	931
294	957
294	981
295	496
295	517
295	888
295	937
295	999
296	747
296	844
296	869
296	914
296	995
297	657
297	864
297	934
297	951
297	974
298	396
298	733
298	890
298	947
298	948
299	893
299	926
299	950
299	967
299	989
300	228
300	419
300	623
300	973
300	990
301	402
301	561
301	982
301	986
301	1000
302	648
302	804
302	812
302	847
302	941
302	995
303	387
303	550
303	936
303	946
303	983
304	657
304	741
304	745
304	855
304	961
305	619
305	630
305	830
305	952
305	986
306	251
306	541
306	681
306	743
306	792
307	477
307	900
307	928
307	995
307	997
308	414
308	939
308	953
308	991
308	993
309	523
309	693
309	856
309	895
309	996
310	554
310	650
310	747
310	872
310	879
311	581
311	717
311	789
311	890
311	947
312	801
312	887
312	891
312	973
312	993
313	74
313	520
313	748
313	891
313	937
314	65
314	469
314	536
314	749
314	998
315	508
315	525
315	900
315	995
315	998
316	11
316	168
316	601
316	767
316	996
317	649
317	782
317	936
317	944
317	983
318	533
318	560
318	603
318	957
318	981
319	650
319	856
319	891
319	964
319	971
320	578
320	681
320	953
320	991
320	993
321	64
321	921
321	929
321	945
321	985
322	488
322	780
322	888
322	961
322	1000
323	348
323	852
323	930
323	946
323	997
324	363
324	503
324	869
324	873
324	914
325	114
325	467
325	488
325	539
325	862
326	221
326	672
326	908
326	970
326	995
327	394
327	539
327	927
327	935
327	973
327	984
328	633
328	765
328	959
328	979
328	986
329	492
329	821
329	904
329	911
329	919
330	292
330	842
330	936
330	980
330	983
331	149
331	352
331	533
331	940
331	976
332	944
332	951
332	969
332	974
332	994
333	221
333	843
333	883
333	896
333	902
334	638
334	669
334	766
334	929
334	945
335	450
335	774
335	920
335	968
335	984
336	750
336	895
336	936
336	980
336	983
337	862
337	946
337	961
337	965
337	987
338	214
338	435
338	584
338	663
338	980
339	934
339	938
339	951
339	974
339	994
340	97
340	596
340	811
340	812
340	859
341	541
341	743
341	785
341	891
341	958
342	782
342	936
342	946
342	965
342	983
343	726
343	910
343	923
343	926
343	989
344	189
344	878
344	913
344	959
344	993
345	520
345	570
345	899
345	944
345	992
346	893
346	897
346	923
346	983
346	988
347	679
347	890
347	947
347	948
347	984
348	323
348	587
348	769
348	803
348	944
349	421
349	874
349	934
349	951
349	994
350	460
350	496
350	888
350	937
350	989
351	156
351	932
351	967
351	970
351	972
352	331
352	561
352	775
352	876
352	937
353	485
353	934
353	951
353	969
353	994
354	11
354	910
354	955
354	960
354	1000
355	805
355	844
355	869
355	873
355	914
356	464
356	838
356	880
356	937
356	991
357	591
357	633
357	721
357	947
357	976
358	712
358	898
358	923
358	938
358	950
359	678
359	932
359	967
359	970
359	972
360	820
360	913
360	936
360	964
360	994
360	1000
361	30
361	932
361	967
361	970
361	972
362	474
362	967
362	970
362	972
362	981
363	215
363	324
363	897
363	938
363	950
364	826
364	844
364	873
364	914
364	984
365	831
365	934
365	951
365	969
365	994
366	504
366	675
366	913
366	942
366	993
367	765
367	778
367	859
367	873
367	962
368	835
368	883
368	902
368	965
368	987
369	659
369	831
369	905
369	931
369	945
370	32
370	735
370	947
370	948
370	963
371	455
371	878
371	913
371	972
371	993
372	85
372	531
372	550
372	921
372	989
373	218
373	783
373	894
373	915
373	922
374	291
374	439
374	811
374	812
374	861
375	247
375	402
375	860
375	971
375	990
376	557
376	699
376	823
376	904
376	941
377	61
377	729
377	780
377	871
377	944
378	486
378	509
378	926
378	950
378	996
379	567
379	790
379	871
379	944
379	992
380	181
380	514
380	789
380	801
380	949
381	164
381	207
381	561
381	876
381	996
382	673
382	753
382	754
382	756
382	857
383	98
383	411
383	826
383	918
383	920
383	939
384	289
384	394
384	430
384	519
384	532
384	622
385	884
385	891
385	977
385	982
385	986
385	1000
386	184
386	724
386	850
386	942
386	959
386	993
387	303
387	594
387	936
387	952
387	980
387	983
388	90
388	534
388	664
388	826
388	892
388	920
389	102
389	561
389	611
389	870
389	876
389	881
390	497
390	824
390	846
390	930
390	954
390	956
391	799
391	809
391	839
391	875
391	898
391	925
392	52
392	887
392	905
392	912
392	971
392	980
393	618
393	659
393	727
393	784
393	797
393	996
394	225
394	289
394	327
394	384
394	618
394	622
395	138
395	736
395	871
395	944
395	992
395	998
396	298
396	627
396	745
396	799
396	968
396	984
397	445
397	593
397	853
397	873
397	933
397	979
398	258
398	424
398	529
398	936
398	957
398	983
399	715
399	789
399	916
399	965
399	976
399	985
400	786
400	829
400	872
400	982
400	983
400	989
401	7
401	142
401	502
401	511
401	643
401	932
402	301
402	375
402	733
402	810
402	890
402	948
403	679
403	790
403	845
403	962
403	987
403	990
404	251
404	673
404	859
404	973
404	982
404	1000
405	592
405	765
405	882
405	913
405	959
405	993
406	244
406	573
406	664
406	816
406	854
406	908
407	23
407	86
407	861
407	875
407	962
407	987
408	753
408	807
408	850
408	959
408	984
408	993
409	538
409	800
409	831
409	917
409	931
409	996
410	280
410	531
410	784
410	910
410	931
410	996
411	383
411	741
411	951
411	969
411	974
411	994
412	646
412	732
412	895
412	923
412	953
412	971
413	677
413	721
413	810
413	947
413	967
413	988
414	167
414	308
414	638
414	926
414	948
414	950
415	434
415	852
415	853
415	912
415	933
415	940
416	88
416	103
416	485
416	816
416	888
416	924
417	554
417	686
417	925
417	930
417	956
417	997
418	257
418	650
418	690
418	719
418	739
418	937
419	300
419	642
419	740
419	973
419	978
419	988
420	432
420	838
420	845
420	905
420	984
420	985
421	349
421	781
421	824
421	842
421	958
422	507
422	927
422	955
422	960
422	963
422	995
423	35
423	701
423	945
423	961
423	976
423	985
424	398
424	662
424	808
424	936
424	946
424	983
425	726
425	811
425	859
425	896
425	904
425	969
426	243
426	248
426	509
426	682
426	841
426	921
427	123
427	704
427	868
427	870
427	901
427	949
428	586
428	742
428	799
428	939
428	968
428	984
429	602
429	693
429	856
429	895
429	900
429	992
430	268
430	384
430	819
430	870
430	901
430	949
431	13
431	588
431	822
431	841
431	874
431	921
432	118
432	420
432	519
432	623
432	743
432	820
433	721
433	735
433	890
433	903
433	947
433	983
434	415
434	694
434	910
434	955
434	960
434	963
435	338
435	584
435	752
435	888
435	988
435	999
436	456
436	713
436	828
436	912
436	939
436	991
437	633
437	783
437	894
437	915
437	922
437	943
438	583
438	801
438	829
438	919
438	941
438	993
439	96
439	374
439	811
439	812
439	900
439	938
440	228
440	765
440	778
440	859
440	956
440	988
441	617
441	684
441	843
441	883
441	896
441	902
442	729
442	749
442	961
442	974
442	982
442	1000
443	151
443	238
443	587
443	785
443	794
443	996
444	446
444	932
444	967
444	970
444	972
444	977
445	167
445	397
445	581
445	663
445	739
445	895
446	132
446	444
446	848
446	945
446	965
446	985
447	179
447	228
447	794
447	971
447	973
447	990
448	540
448	744
448	766
448	825
448	965
448	985
449	747
449	844
449	873
449	914
449	937
449	956
450	335
450	799
450	936
450	968
450	973
450	984
451	709
451	745
451	799
451	865
451	968
451	984
452	710
452	755
452	909
452	964
452	966
452	987
453	685
453	878
453	942
453	959
453	970
453	993
454	481
454	588
454	661
454	822
454	841
454	921
455	371
455	675
455	773
455	819
455	913
455	993
456	45
456	436
456	861
456	962
456	966
456	987
457	923
457	933
457	951
457	969
457	974
457	994
458	802
458	810
458	840
458	929
458	948
458	996
459	557
459	630
459	690
459	781
459	834
459	989
460	350
460	698
460	708
460	962
460	966
460	987
461	65
461	154
461	663
461	824
461	944
461	977
462	279
462	659
462	758
462	906
462	931
462	996
463	124
463	582
463	673
463	754
463	756
463	863
464	253
464	356
464	552
464	586
464	968
464	984
465	163
465	808
465	836
465	925
465	935
465	983
466	494
466	863
466	925
466	937
466	964
466	997
467	203
467	325
467	761
467	904
467	972
467	1000
468	196
468	790
468	845
468	962
468	966
468	987
469	224
469	314
469	492
469	511
469	521
469	643
470	638
470	893
470	912
470	926
470	950
470	989
471	735
471	809
471	895
471	919
471	956
471	1000
472	66
472	227
472	527
472	687
472	772
472	830
473	554
473	605
473	752
473	872
473	879
473	972
474	362
474	486
474	802
474	829
474	904
474	941
475	578
475	750
475	805
475	916
475	939
475	992
476	529
476	650
476	806
476	963
476	984
476	988
477	10
477	307
477	525
477	636
477	790
477	995
478	540
478	815
478	916
478	953
478	980
478	991
479	736
479	925
479	954
479	956
479	994
479	997
480	167
480	502
480	893
480	923
480	938
480	944
481	185
481	454
481	850
481	882
481	942
481	959
482	69
482	808
482	902
482	935
482	943
482	958
483	596
483	648
483	769
483	944
483	981
483	992
484	49
484	768
484	852
484	911
484	922
484	972
485	171
485	353
485	416
485	816
485	888
485	982
486	378
486	474
486	671
486	842
486	908
486	943
487	198
487	823
487	829
487	854
487	904
487	941
487	958
488	279
488	322
488	325
488	714
488	862
488	980
488	989
489	21
489	236
489	260
489	542
489	596
489	714
489	980
490	539
490	545
490	594
490	825
490	837
490	903
490	981
491	862
491	882
491	905
491	917
491	931
491	978
491	996
492	86
492	142
492	241
492	259
492	329
492	469
492	952
493	4
493	653
493	813
493	940
493	945
493	976
493	985
494	115
494	466
494	683
494	817
494	855
494	878
494	961
495	244
495	623
495	772
495	843
495	883
495	896
495	902
496	163
496	295
496	350
496	799
496	806
496	816
496	888
497	390
497	879
497	905
497	925
497	954
497	956
497	997
498	597
498	725
498	827
498	853
498	857
498	890
498	979
499	535
499	716
499	837
499	884
499	947
499	957
499	981
500	214
500	862
500	899
500	959
500	996
500	997
500	999
501	511
501	751
501	807
501	850
501	878
501	959
501	993
502	211
502	401
502	480
502	585
502	940
502	965
502	976
503	324
503	599
503	869
503	873
503	879
503	914
503	970
504	366
504	694
504	723
504	737
504	930
504	995
504	997
505	592
505	639
505	670
505	730
505	935
505	971
505	976
506	531
506	550
506	586
506	938
506	950
506	954
506	989
507	422
507	526
507	924
507	977
507	982
507	986
507	1000
508	315
508	760
508	764
508	910
508	911
508	919
508	972
509	29
509	378
509	426
509	593
509	926
509	938
509	989
510	604
510	669
510	824
510	847
510	955
510	973
510	994
511	146
511	259
511	401
511	469
511	501
511	643
511	979
512	516
512	751
512	805
512	815
512	946
512	953
512	991
513	233
513	528
513	592
513	670
513	690
513	935
513	958
514	228
514	380
514	649
514	684
514	695
514	870
514	949
515	559
515	637
515	908
515	927
515	943
515	975
515	996
516	10
516	512
516	795
516	832
516	872
516	879
516	935
517	177
517	295
517	863
517	892
517	940
517	956
517	997
518	141
518	756
518	837
518	957
518	959
518	981
518	999
519	82
519	118
519	151
519	384
519	432
519	785
519	861
520	313
520	345
520	637
520	769
520	937
520	944
520	993
521	469
521	565
521	668
521	707
521	724
521	851
521	998
522	16
522	141
522	717
522	740
522	934
522	978
522	988
523	309
523	602
523	693
523	771
523	856
523	884
523	895
524	186
524	819
524	870
524	893
524	901
524	949
524	955
525	29
525	273
525	315
525	477
525	881
525	928
525	995
526	507
526	777
526	881
526	900
526	928
526	941
526	995
527	160
527	472
527	583
527	772
527	912
527	997
527	1000
528	256
528	513
528	670
528	730
528	813
528	935
528	949
529	398
529	476
529	731
529	958
529	982
529	997
529	1000
530	169
530	619
530	630
530	660
530	796
530	857
530	952
531	108
531	372
531	410
531	506
531	641
531	728
531	950
532	129
532	150
532	225
532	384
532	618
532	622
532	870
533	318
533	331
533	834
533	903
533	957
533	981
533	998
534	388
534	736
534	779
534	826
534	833
534	842
534	920
535	499
535	825
535	896
535	903
535	957
535	965
535	981
536	31
536	314
536	808
536	815
536	828
536	969
536	991
537	57
537	233
537	256
537	592
537	876
537	935
537	958
538	409
538	688
538	716
538	731
538	791
538	847
538	958
539	71
539	281
539	325
539	327
539	490
539	796
539	862
540	448
540	478
540	929
540	976
540	979
540	985
540	993
541	145
541	151
541	306
541	341
541	816
541	920
541	958
542	489
542	583
542	675
542	754
542	911
542	968
542	984
543	174
543	213
543	605
543	872
543	879
543	883
543	939
544	131
544	153
544	730
544	805
544	828
544	916
544	953
545	490
545	924
545	965
545	977
545	982
545	986
545	1000
546	578
546	586
546	742
546	774
546	968
546	979
546	984
547	26
547	282
547	782
547	798
547	936
547	952
547	983
548	240
548	668
548	707
548	714
548	736
548	851
548	985
549	705
549	905
549	914
549	920
549	947
549	984
549	999
550	303
550	372
550	506
550	712
550	923
550	938
550	997
551	647
551	924
551	929
551	940
551	976
551	985
551	991
552	235
552	464
552	774
552	864
552	968
552	984
552	989
553	682
553	734
553	878
553	892
553	930
553	954
553	956
554	310
554	417
554	473
554	600
554	609
554	795
554	879
555	623
555	665
555	770
555	803
555	830
555	899
555	992
556	847
556	910
556	927
556	928
556	955
556	963
556	999
557	190
557	376
557	459
557	823
557	829
557	866
557	941
558	209
558	572
558	583
558	689
558	772
558	861
558	912
559	78
559	515
559	644
559	652
559	854
559	862
559	975
560	318
560	713
560	837
560	865
560	884
560	957
560	981
560	999
561	102
561	301
561	352
561	381
561	389
561	611
561	830
561	878
562	775
562	932
562	940
562	967
562	970
562	972
562	983
562	998
563	708
563	757
563	777
563	861
563	962
563	966
563	987
563	999
564	574
564	603
564	719
564	763
564	955
564	960
564	963
564	999
565	2
565	285
565	521
565	586
565	663
565	724
565	851
565	972
566	258
566	594
566	884
566	887
566	888
566	903
566	981
566	998
567	379
567	689
567	849
567	887
567	971
567	973
567	983
567	990
568	605
568	845
568	861
568	922
568	962
568	966
568	987
568	990
569	106
569	670
569	833
569	935
569	968
569	983
569	984
569	999
570	187
570	345
570	760
570	821
570	834
570	911
570	919
570	946
571	110
571	140
571	229
571	274
571	801
571	868
571	901
571	949
572	558
572	577
572	583
572	687
572	772
572	830
572	903
572	912
573	38
573	406
573	854
573	916
573	943
573	947
573	972
573	975
574	564
574	809
574	820
574	839
574	875
574	898
574	968
574	998
575	678
575	735
575	845
575	909
575	954
575	962
575	966
575	987
576	637
576	695
576	836
576	872
576	933
576	943
576	975
576	978
577	34
577	277
577	572
577	584
577	661
577	822
577	841
577	921
578	320
578	475
578	546
578	626
578	805
578	953
578	980
578	991
579	170
579	247
579	822
579	866
579	910
579	955
579	960
579	963
580	213
580	761
580	783
580	800
580	894
580	915
580	922
580	944
581	157
581	246
581	311
581	445
581	797
581	836
581	890
581	988
582	463
582	809
582	820
582	839
582	875
582	898
582	970
582	998
583	173
583	438
583	527
583	542
583	558
583	572
583	674
583	772
584	338
584	435
584	577
584	816
584	844
584	888
584	937
584	978
585	502
585	685
585	791
585	848
585	928
585	956
585	976
585	985
586	428
586	464
586	506
586	546
586	565
586	745
586	968
586	984
587	52
587	274
587	283
587	348
587	443
587	642
587	743
587	785
588	204
588	431
588	454
588	661
588	822
588	841
588	904
588	921
589	667
589	672
589	727
589	762
589	881
589	900
589	928
589	995
590	146
590	845
590	861
590	909
590	962
590	966
590	987
590	999
591	243
591	357
591	720
591	849
591	887
591	964
591	985
591	990
592	57
592	131
592	405
592	505
592	513
592	537
592	730
592	935
593	397
593	509
593	852
593	853
593	857
593	933
593	955
593	979
594	294
594	387
594	490
594	566
594	600
594	723
594	945
594	981
595	684
595	685
595	929
595	940
595	945
595	976
595	985
595	987
596	96
596	291
596	340
596	483
596	489
596	811
596	812
596	960
597	115
597	498
597	692
597	827
597	853
597	933
597	935
597	979
598	59
598	686
598	763
598	866
598	876
598	927
598	955
598	963
599	215
599	503
599	747
599	844
599	869
599	873
599	914
599	993
600	554
600	594
600	645
600	825
600	903
600	957
600	981
600	998
601	80
601	91
601	316
601	711
601	797
601	890
601	931
601	996
602	122
602	429
602	523
602	693
602	856
602	877
602	895
602	974
603	318
603	564
603	763
603	785
603	866
603	927
603	955
603	963
604	115
604	510
604	789
604	801
604	868
604	870
604	949
604	956
605	473
605	543
605	568
605	795
605	832
605	855
605	879
605	937
606	142
606	144
606	892
606	913
606	925
606	954
606	956
606	997
607	66
607	148
607	815
607	833
607	968
607	972
607	979
607	984
608	84
608	270
608	728
608	899
608	923
608	938
608	950
608	989
609	554
609	764
609	773
609	795
609	872
609	879
609	932
609	996
610	669
610	868
610	887
610	891
610	964
610	971
610	990
610	997
611	165
611	389
611	561
611	647
611	876
611	906
611	937
611	942
612	719
612	836
612	867
612	880
612	907
612	949
612	975
612	978
613	89
613	139
613	849
613	863
613	872
613	964
613	971
613	990
614	255
614	648
614	745
614	800
614	944
614	958
614	963
614	992
615	629
615	708
615	755
615	821
615	909
615	923
615	962
615	987
616	177
616	765
616	848
616	856
616	859
616	960
616	961
616	985
617	441
617	760
617	764
617	834
617	867
617	877
617	911
617	919
618	125
618	222
618	289
618	393
618	394
618	532
618	622
618	881
619	169
619	305
619	530
619	630
619	736
619	941
619	952
619	962
620	692
620	788
620	892
620	930
620	945
620	954
620	982
620	997
621	4
621	126
621	872
621	917
621	929
621	938
621	985
621	989
622	125
622	150
622	225
622	384
622	394
622	532
622	618
622	730
622	949
623	300
623	432
623	495
623	555
623	843
623	883
623	896
623	902
624	678
624	827
624	852
624	853
624	857
624	870
624	933
624	963
624	979
625	679
625	735
625	765
625	778
625	859
625	922
625	988
626	234
626	578
626	713
626	918
626	937
626	939
626	953
626	987
626	991
627	396
627	686
627	709
627	745
627	774
627	930
627	968
627	974
627	984
628	264
628	807
628	882
628	901
628	913
628	942
628	943
628	959
628	993
629	615
629	642
629	670
629	740
629	854
629	873
629	907
629	913
629	992
630	169
630	305
630	459
630	530
630	619
630	755
630	932
630	952
630	955
631	27
631	223
631	640
631	657
631	741
631	776
631	828
631	961
631	986
632	110
632	729
632	767
632	893
632	905
632	906
632	917
632	978
632	996
633	73
633	135
633	328
633	357
633	437
633	733
633	890
633	947
633	953
634	68
634	751
634	808
634	828
634	916
634	934
634	939
634	953
634	991
635	104
635	687
635	807
635	845
635	850
635	865
635	878
635	942
635	993
636	81
636	242
636	477
636	777
636	814
636	881
636	928
636	985
636	995
637	87
637	284
637	515
637	520
637	576
637	836
637	853
637	943
637	975
638	334
638	414
638	470
638	683
638	698
638	897
638	938
638	950
638	1000
639	162
639	505
639	729
639	926
639	935
639	938
639	946
639	981
639	992
640	36
640	79
640	631
640	683
640	718
640	817
640	931
640	952
640	961
641	240
641	531
641	805
641	815
641	828
641	916
641	939
641	949
641	991
642	419
642	587
642	629
642	680
642	740
642	791
642	978
642	988
642	997
643	7
643	159
643	241
643	401
643	469
643	511
643	917
643	952
643	964
644	106
644	559
644	812
644	867
644	907
644	908
644	937
644	943
644	975
645	600
645	848
645	929
645	945
645	965
645	976
645	980
645	985
645	991
646	79
646	247
646	412
646	813
646	859
646	887
646	964
646	971
646	973
647	551
647	611
647	730
647	863
647	876
647	887
647	935
647	964
647	991
648	12
648	302
648	483
648	614
648	814
648	839
648	871
648	992
648	998
649	54
649	317
649	514
649	683
649	847
649	897
649	968
649	984
649	989
650	17
650	257
650	261
650	310
650	319
650	418
650	476
650	690
650	739
651	82
651	134
651	161
651	788
651	834
651	915
651	967
651	972
651	992
652	559
652	778
652	795
652	859
652	894
652	922
652	953
652	961
652	991
653	34
653	270
653	493
653	672
653	844
653	885
653	900
653	928
653	995
654	229
654	670
654	774
654	786
654	882
654	942
654	959
654	960
654	993
655	1
655	98
655	762
655	784
655	846
655	918
655	944
655	987
655	996
656	162
656	745
656	780
656	793
656	910
656	927
656	955
656	963
656	982
657	297
657	304
657	631
657	741
657	776
657	855
657	916
657	952
657	961
658	201
658	747
658	768
658	844
658	869
658	873
658	914
658	953
658	980
659	133
659	369
659	393
659	462
659	702
659	743
659	784
659	831
659	935
660	530
660	700
660	719
660	897
660	901
660	905
660	906
660	917
660	996
661	39
661	243
661	454
661	577
661	588
661	810
661	841
661	921
661	987
662	39
662	85
662	267
662	424
662	709
662	754
662	782
662	980
662	983
663	338
663	445
663	461
663	565
663	668
663	707
663	724
663	818
663	851
664	388
664	406
664	696
664	779
664	804
664	826
664	920
664	932
664	949
665	125
665	555
665	748
665	779
665	803
665	871
665	914
665	958
665	992
666	46
666	117
666	789
666	843
666	852
666	860
666	868
666	870
666	901
667	129
667	205
667	589
667	764
667	814
667	900
667	928
667	976
667	995
668	163
668	254
668	521
668	548
668	663
668	707
668	724
668	796
668	851
668	975
669	292
669	334
669	510
669	610
669	912
669	922
669	964
669	973
669	980
669	990
670	157
670	256
670	505
670	513
670	528
670	569
670	629
670	654
670	730
670	935
671	486
671	702
671	772
671	799
671	836
671	854
671	867
671	880
671	908
671	975
672	250
672	263
672	326
672	589
672	653
672	675
672	881
672	900
672	963
672	995
673	290
673	382
673	404
673	463
673	754
673	756
673	765
673	831
673	946
673	958
674	5
674	583
674	686
674	859
674	922
674	947
674	972
674	982
674	988
674	1000
675	366
675	455
675	542
675	672
675	787
675	807
675	869
675	942
675	959
675	968
676	270
676	792
676	886
676	924
676	929
676	955
676	977
676	982
676	986
676	1000
677	413
677	688
677	716
677	718
677	731
677	791
677	847
677	955
678	359
678	575
678	624
678	757
678	759
678	861
678	909
678	966
678	974
678	987
679	347
679	403
679	625
679	765
679	778
679	859
679	923
679	988
680	642
680	703
680	712
680	749
680	788
680	948
680	952
680	958
680	989
680	992
681	306
681	320
681	713
681	828
681	916
681	934
681	939
681	948
681	953
681	991
682	82
682	426
682	553
682	886
682	889
682	924
682	977
682	982
682	986
682	1000
683	494
683	638
683	640
683	649
683	692
683	718
683	776
683	817
683	855
683	961
684	140
684	441
684	514
684	595
684	819
684	868
684	870
684	901
684	949
684	968
685	453
685	585
685	595
685	701
685	715
685	744
685	833
685	967
685	975
685	976
686	417
686	598
686	627
686	674
686	717
686	735
686	838
686	840
686	931
686	948
687	66
687	160
687	171
687	202
687	472
687	572
687	635
687	772
687	796
687	830
688	538
688	677
688	716
688	731
688	791
688	843
688	847
688	938
688	951
689	558
689	567
689	720
689	886
689	887
689	912
689	918
689	964
689	973
689	990
690	245
690	257
690	261
690	418
690	459
690	513
690	650
690	739
690	886
690	919
691	203
691	244
691	892
691	904
691	908
691	919
691	928
691	941
691	967
691	972
692	267
692	597
692	620
692	683
692	793
692	947
692	948
692	949
692	954
692	979
693	95
693	172
693	309
693	429
693	523
693	602
693	806
693	856
693	895
693	927
694	214
694	434
694	504
694	899
694	923
694	926
694	938
694	950
694	987
694	989
695	112
695	189
695	514
695	576
695	842
695	892
695	908
695	943
695	975
695	981
696	53
696	249
696	664
696	751
696	779
696	804
696	819
696	826
696	920
696	932
697	863
697	892
697	912
697	925
697	930
697	942
697	951
697	954
697	956
697	997
698	273
698	460
698	638
698	721
698	796
698	862
698	888
698	897
698	947
698	991
699	376
699	723
699	730
699	783
699	825
699	884
699	903
699	957
699	981
699	998
700	660
700	702
700	747
700	797
700	906
700	931
700	942
700	996
700	999
700	1000
701	423
701	685
701	814
701	839
701	863
701	940
701	945
701	965
701	976
701	985
702	659
702	671
702	700
702	719
702	738
702	831
702	846
702	917
702	963
702	996
703	221
703	680
703	777
703	814
703	851
703	885
703	900
703	928
703	983
703	995
704	110
704	427
704	765
704	801
704	819
704	870
704	893
704	901
704	949
704	990
705	549
705	807
705	878
705	882
705	913
705	915
705	942
705	959
705	964
705	993
706	720
706	748
706	780
706	803
706	871
706	944
706	969
706	974
706	992
706	998
707	44
707	111
707	220
707	521
707	548
707	663
707	668
707	724
707	851
707	966
708	262
708	460
708	563
708	615
708	755
708	757
708	856
708	954
708	966
708	987
709	451
709	627
709	662
709	745
709	760
709	774
709	799
709	943
709	968
709	984
710	452
710	722
710	809
710	820
710	839
710	875
710	898
710	950
710	998
711	601
711	730
711	804
711	819
711	877
711	905
711	920
711	935
711	949
711	950
711	996
712	358
712	550
712	680
712	728
712	893
712	923
712	938
712	970
712	977
712	978
712	989
713	436
713	560
713	626
713	681
713	751
713	916
713	936
713	939
713	952
713	953
713	991
714	71
714	236
714	260
714	279
714	488
714	489
714	548
714	862
714	954
714	961
714	980
715	170
715	399
715	685
715	798
715	818
715	929
715	945
715	956
715	976
715	979
715	985
716	92
716	188
716	242
716	499
716	538
716	677
716	688
716	731
716	759
716	791
716	847
717	135
717	311
717	522
717	686
717	838
717	840
717	849
717	891
717	947
717	948
717	988
718	105
718	640
718	677
718	683
718	741
718	762
718	776
718	796
718	817
718	855
718	961
719	280
719	418
719	564
719	612
719	660
719	702
719	762
719	767
719	797
719	917
719	931
720	59
720	591
720	689
720	706
720	813
720	955
720	971
720	973
720	980
720	990
720	991
721	10
721	102
721	357
721	413
721	433
721	698
721	778
721	810
721	840
721	890
721	948
722	710
722	860
722	864
722	874
722	907
722	915
722	934
722	951
722	969
722	974
722	994
723	282
723	294
723	504
723	594
723	699
723	825
723	903
723	981
723	994
723	998
723	999
724	111
724	386
724	521
724	565
724	663
724	668
724	707
724	796
724	821
724	846
724	851
725	128
725	195
725	498
725	771
725	891
725	964
725	973
725	985
725	990
725	995
725	997
726	343
726	425
726	737
726	781
726	833
726	912
726	929
726	940
726	965
726	976
726	985
727	393
727	589
727	762
727	808
727	905
727	906
727	917
727	931
727	967
727	978
727	996
728	209
728	531
728	608
728	712
728	744
728	882
728	926
728	938
728	950
728	963
728	989
729	45
729	377
729	442
729	632
729	639
729	797
729	841
729	906
729	918
729	931
729	996
730	505
730	528
730	544
730	592
730	622
730	647
730	670
730	699
730	711
730	935
730	995
731	242
731	529
731	538
731	677
731	688
731	716
731	779
731	791
731	826
731	847
731	849
732	412
732	860
732	864
732	874
732	919
732	934
732	942
732	951
732	969
732	974
732	994
733	232
733	298
733	402
733	633
733	840
733	846
733	890
733	942
733	947
733	948
733	997
734	138
734	206
734	553
734	831
734	863
734	892
734	925
734	954
734	956
734	978
734	997
735	370
735	433
735	471
735	575
735	625
735	686
735	746
735	810
735	947
735	948
735	988
736	395
736	479
736	534
736	548
736	619
736	909
736	920
736	952
736	957
736	982
736	1000
737	504
737	726
737	744
737	798
737	833
737	945
737	947
737	952
737	965
737	976
737	985
738	259
738	702
738	774
738	860
738	864
738	874
738	934
738	951
738	969
738	974
738	994
739	64
739	245
739	257
739	261
739	418
739	445
739	650
739	690
739	898
739	916
739	954
740	16
740	40
740	256
740	419
740	522
740	629
740	642
740	753
740	950
740	978
740	988
741	12
741	304
741	411
741	631
741	657
741	718
741	776
741	786
741	817
741	855
741	961
742	40
742	112
742	205
742	235
742	428
742	546
742	745
742	774
742	799
742	968
742	984
743	251
743	274
743	306
743	341
743	432
743	587
743	659
743	785
743	951
743	965
743	982
744	448
744	685
744	728
744	737
744	798
744	879
744	925
744	940
744	965
744	976
744	985
745	304
745	396
745	451
745	586
745	614
745	627
745	656
745	709
745	742
745	774
745	968
745	984
746	735
746	768
746	835
746	869
746	886
746	889
746	924
746	977
746	982
746	986
746	998
746	1000
747	296
747	310
747	449
747	599
747	658
747	700
747	766
747	797
747	844
747	869
747	873
747	914
748	180
748	271
748	278
748	313
748	665
748	706
748	803
748	871
748	888
748	967
748	986
748	992
749	88
749	217
749	314
749	442
749	680
749	870
749	921
749	949
749	952
749	978
749	988
750	146
750	199
750	241
750	336
750	475
750	820
750	853
750	898
750	909
750	935
750	962
750	983
751	67
751	501
751	512
751	634
751	696
751	713
751	808
751	916
751	924
751	939
751	953
751	991
752	98
752	435
752	473
752	795
752	812
752	819
752	856
752	888
752	895
752	900
752	901
752	950
753	278
753	382
753	408
753	740
753	786
753	787
753	807
753	842
753	878
753	913
753	942
753	993
754	53
754	191
754	290
754	382
754	463
754	542
754	662
754	673
754	756
754	865
754	885
754	946
755	266
755	452
755	615
755	630
755	708
755	845
755	861
755	872
755	909
755	917
755	962
755	987
756	124
756	191
756	290
756	382
756	463
756	518
756	673
756	754
756	865
756	946
756	992
756	998
757	248
757	563
757	678
757	708
757	790
757	827
757	845
757	909
757	929
757	962
757	966
757	987
758	462
758	778
758	792
758	886
758	889
758	911
758	917
758	924
758	977
758	982
758	986
758	1000
759	116
759	266
759	678
759	716
759	785
759	790
759	832
759	845
759	962
759	966
759	987
759	990
760	1
760	508
760	570
760	617
760	709
760	764
760	821
760	828
760	834
760	866
760	911
760	919
761	18
761	41
761	467
761	580
761	783
761	800
761	880
761	894
761	915
761	922
762	18
762	589
762	655
762	718
762	719
762	727
762	803
762	906
762	917
762	951
762	996
762	999
763	564
763	598
763	603
763	812
763	864
763	866
763	910
763	927
763	955
763	960
763	963
763	981
764	120
764	508
764	609
764	617
764	667
764	760
764	821
764	834
764	850
764	858
764	911
764	919
765	328
765	367
765	405
765	440
765	616
765	625
765	673
765	679
765	704
765	778
765	859
765	988
766	72
766	268
766	334
766	448
766	747
766	927
766	929
766	940
766	945
766	976
766	985
766	999
767	191
767	211
767	316
767	632
767	719
767	831
767	889
767	906
767	917
767	936
767	996
767	999
768	484
768	658
768	746
768	886
768	889
768	924
768	977
768	982
768	986
768	989
768	998
768	1000
769	12
769	42
769	348
769	483
769	520
769	802
769	871
769	915
769	943
769	944
769	992
769	998
770	555
770	784
770	830
770	876
770	930
770	943
770	954
770	968
770	975
770	984
770	992
770	997
771	523
771	725
771	813
771	829
771	849
771	858
771	935
771	964
771	971
771	973
771	980
771	990
772	94
772	160
772	472
772	495
772	527
772	558
772	572
772	583
772	671
772	687
772	912
772	922
773	455
773	609
773	853
773	872
773	933
773	945
773	950
773	966
773	979
773	987
773	989
773	994
773	996
774	335
774	546
774	552
774	627
774	654
774	709
774	738
774	742
774	745
774	835
774	836
774	968
774	984
775	204
775	352
775	562
775	794
775	932
775	933
775	967
775	970
775	972
775	980
776	105
776	631
776	657
776	683
776	718
776	741
776	855
776	871
776	899
776	943
776	961
776	971
776	998
777	250
777	285
777	526
777	563
777	636
777	703
777	812
777	821
777	881
777	885
777	897
777	928
777	995
778	69
778	367
778	440
778	625
778	652
778	679
778	721
778	758
778	765
778	859
778	933
778	972
778	988
779	53
779	113
779	534
779	664
779	665
779	696
779	731
779	804
779	826
779	888
779	918
779	920
779	989
780	255
780	271
780	322
780	377
780	656
780	706
780	803
780	871
780	906
780	944
780	976
780	990
780	992
781	5
781	15
781	232
781	421
781	459
781	726
781	824
781	835
781	846
781	958
781	975
782	282
782	292
782	317
782	342
782	547
782	662
782	898
782	936
782	942
782	952
782	980
782	983
782	988
783	173
783	373
783	437
783	580
783	699
783	761
783	800
783	817
783	894
783	915
783	922
783	934
783	993
784	3
784	200
784	393
784	410
784	655
784	659
784	770
784	797
784	855
784	917
784	918
784	978
784	996
785	81
785	238
785	274
785	341
785	443
785	519
785	587
785	603
785	743
785	759
785	958
785	981
785	990
786	25
786	258
786	400
786	654
786	741
786	753
786	787
786	913
786	942
786	959
786	966
786	973
786	993
787	6
787	245
787	675
787	753
787	786
787	834
787	850
787	882
787	913
787	948
787	959
787	970
787	993
788	282
788	284
788	620
788	651
788	680
788	842
788	908
788	924
788	956
788	961
788	983
788	987
788	997
789	147
789	186
789	197
789	311
789	380
789	399
789	604
789	666
789	819
789	868
789	870
789	941
789	949
790	231
790	379
790	403
790	468
790	477
790	757
790	759
790	845
790	854
790	909
790	962
790	966
790	987
791	80
791	92
791	242
791	538
791	585
791	642
791	677
791	688
791	716
791	731
791	830
791	847
791	961
792	75
792	275
792	306
792	676
792	758
792	886
792	889
792	902
792	924
792	977
792	982
792	986
792	1000
793	114
793	119
793	656
793	692
793	866
793	910
793	918
793	955
793	960
793	963
793	969
793	989
793	999
794	224
794	443
794	447
794	775
794	932
794	951
794	967
794	970
794	972
794	980
795	174
795	253
795	516
795	554
795	605
795	609
795	652
795	752
795	872
795	879
795	897
795	981
795	999
796	530
796	539
796	668
796	687
796	698
796	718
796	724
796	809
796	825
796	851
796	952
796	981
796	996
797	393
797	581
797	601
797	700
797	719
797	729
797	747
797	784
797	826
797	831
797	847
797	905
797	996
798	547
798	715
798	737
798	744
798	832
798	848
798	887
798	899
798	929
798	935
798	940
798	965
798	985
799	152
799	391
799	396
799	428
799	450
799	451
799	496
799	671
799	709
799	742
799	883
799	968
799	984
800	164
800	265
800	409
800	580
800	614
800	761
800	783
800	894
800	910
800	915
800	922
800	990
801	8
801	250
801	312
801	380
801	438
801	571
801	604
801	704
801	817
801	819
801	868
801	901
801	949
802	91
802	130
802	458
802	474
802	769
802	840
802	896
802	904
802	941
802	971
802	975
802	990
802	993
803	94
803	272
803	348
803	555
803	665
803	706
803	748
803	762
803	780
803	824
803	959
803	987
803	992
804	121
804	249
804	302
804	664
804	696
804	711
804	779
804	826
804	865
804	870
804	887
804	918
804	920
804	939
805	355
805	475
805	512
805	544
805	578
805	641
805	828
805	854
805	869
805	881
805	916
805	939
805	953
805	991
806	231
806	247
806	476
806	496
806	693
806	848
806	883
806	896
806	902
806	907
806	940
806	956
806	965
806	997
807	56
807	103
807	408
807	501
807	628
807	635
807	675
807	705
807	753
807	873
807	913
807	957
807	959
807	993
808	424
808	465
808	482
808	536
808	634
808	727
808	751
808	815
808	916
808	930
808	939
808	953
808	991
808	1000
809	259
809	391
809	471
809	574
809	582
809	710
809	796
809	820
809	839
809	872
809	875
809	889
809	898
809	998
810	16
810	78
810	402
810	413
810	458
810	661
810	721
810	735
810	838
810	840
810	876
810	890
810	947
810	948
811	89
811	267
811	291
811	340
811	374
811	425
811	439
811	596
811	812
811	837
811	840
811	868
811	882
811	990
812	89
812	96
812	291
812	302
812	340
812	374
812	439
812	596
812	644
812	752
812	763
812	777
812	811
812	957
813	493
813	528
813	646
813	720
813	771
813	849
813	887
813	888
813	891
813	937
813	964
813	971
813	973
813	990
814	46
814	58
814	155
814	636
814	648
814	667
814	701
814	703
814	823
814	881
814	885
814	900
814	928
814	995
815	478
815	512
815	536
815	607
815	641
815	808
815	828
815	834
815	899
815	939
815	953
815	964
815	967
815	991
816	4
816	51
816	214
816	406
816	416
816	485
816	496
816	541
816	584
816	888
816	890
816	894
816	937
816	999
817	84
817	93
817	149
817	494
817	640
817	683
817	718
817	741
817	783
817	801
817	855
817	899
817	952
817	961
818	663
818	715
818	822
818	841
818	852
818	894
818	915
818	921
818	927
818	933
818	960
818	963
818	966
818	969
818	979
819	430
819	455
819	524
819	684
819	696
819	704
819	711
819	752
819	789
819	801
819	849
819	870
819	901
819	939
819	949
820	9
820	360
820	432
820	574
820	582
820	710
820	750
820	809
820	839
820	875
820	898
820	956
820	987
820	992
820	998
821	208
821	329
821	570
821	615
821	724
821	760
821	764
821	777
821	834
821	851
821	877
821	911
821	919
821	946
821	953
822	134
822	243
822	277
822	283
822	431
822	454
822	577
822	579
822	588
822	818
822	838
822	841
822	921
822	927
822	943
823	77
823	187
823	198
823	220
823	376
823	487
823	557
823	814
823	829
823	835
823	892
823	904
823	941
823	946
823	967
824	5
824	15
824	104
824	268
824	390
824	421
824	461
824	510
824	781
824	803
824	835
824	838
824	952
824	958
824	968
825	448
825	490
825	535
825	600
825	699
825	723
825	796
825	837
825	884
825	903
825	925
825	957
825	962
825	967
825	981
826	113
826	192
826	249
826	364
826	383
826	388
826	534
826	664
826	696
826	731
826	779
826	797
826	804
826	920
826	989
827	137
827	498
827	597
827	624
827	757
827	852
827	853
827	857
827	899
827	912
827	933
827	959
827	979
827	984
827	998
828	436
828	536
828	544
828	631
828	634
828	641
828	681
828	760
828	805
828	815
828	916
828	920
828	939
828	979
828	991
829	6
829	210
829	220
829	400
829	438
829	474
829	487
829	557
829	771
829	823
829	835
829	855
829	904
829	941
829	985
830	234
830	305
830	472
830	555
830	561
830	572
830	687
830	770
830	791
830	835
830	847
830	876
830	878
830	963
830	992
831	365
831	369
831	409
831	659
831	673
831	702
831	734
831	767
831	797
831	838
831	895
831	905
831	906
831	931
831	996
832	516
832	605
832	759
832	798
832	834
832	848
832	867
832	879
832	908
832	911
832	917
832	929
832	943
832	952
832	975
833	40
833	64
833	534
833	569
833	607
833	685
833	726
833	737
833	848
833	929
833	940
833	945
833	965
833	976
833	985
834	73
834	165
834	459
834	533
834	570
834	617
834	651
834	760
834	764
834	787
834	815
834	821
834	832
834	911
834	919
834	946
835	368
835	746
835	774
835	781
835	823
835	824
835	829
835	830
835	849
835	904
835	941
835	958
835	969
835	971
835	974
835	990
836	38
836	465
836	576
836	581
836	612
836	637
836	671
836	774
836	842
836	867
836	880
836	904
836	907
836	975
836	995
836	1000
837	490
837	499
837	518
837	560
837	811
837	825
837	860
837	873
837	884
837	898
837	903
837	957
837	981
837	994
837	998
837	999
838	85
838	135
838	157
838	356
838	420
838	686
838	717
838	810
838	822
838	824
838	831
838	846
838	924
838	947
838	948
838	978
839	97
839	181
839	226
839	391
839	574
839	582
839	648
839	701
839	710
839	809
839	820
839	874
839	875
839	877
839	898
839	998
840	458
840	686
840	717
840	721
840	733
840	802
840	810
840	811
840	849
840	890
840	893
840	912
840	947
840	948
840	982
840	988
841	13
841	132
841	248
841	277
841	426
841	431
841	454
841	577
841	588
841	661
841	729
841	818
841	822
841	921
841	955
841	998
842	202
842	275
842	330
842	421
842	486
842	534
842	695
842	753
842	788
842	836
842	867
842	880
842	907
842	943
842	975
842	978
843	139
843	254
843	333
843	441
843	495
843	623
843	666
843	688
843	883
843	896
843	902
843	912
843	962
844	14
844	203
844	273
844	296
844	355
844	364
844	449
844	584
844	599
844	653
844	658
844	747
844	869
844	873
844	914
844	984
844	994
845	403
845	420
845	468
845	568
845	575
845	590
845	635
845	755
845	757
845	759
845	790
845	861
845	878
845	909
845	954
845	987
845	999
846	15
846	390
846	655
846	702
846	724
846	733
846	781
846	838
846	862
846	884
846	897
846	923
846	926
846	947
846	957
846	981
846	996
847	92
847	242
847	246
847	302
847	510
847	538
847	556
847	649
847	677
847	688
847	716
847	731
847	791
847	797
847	830
847	941
847	988
848	76
848	121
848	161
848	446
848	585
848	616
848	645
848	798
848	806
848	832
848	833
848	919
848	940
848	944
848	976
848	985
848	995
849	567
849	591
849	613
849	717
849	731
849	771
849	813
849	819
849	835
849	840
849	865
849	891
849	964
849	971
849	973
849	990
849	995
850	185
850	386
850	408
850	481
850	501
850	635
850	764
850	787
850	877
850	878
850	882
850	913
850	949
850	959
850	993
850	995
850	999
851	2
851	111
851	206
851	240
851	521
851	548
851	565
851	663
851	668
851	703
851	707
851	724
851	796
851	821
851	866
851	906
851	950
852	23
852	76
852	168
852	323
852	415
852	484
852	593
852	624
852	666
852	818
852	827
852	853
852	857
852	865
852	884
852	933
852	979
853	8
853	103
853	190
853	397
853	415
853	498
853	593
853	597
853	624
853	637
853	750
853	773
853	827
853	852
853	857
853	933
853	979
854	87
854	226
854	263
854	275
854	406
854	487
854	559
854	573
854	629
854	671
854	790
854	805
854	880
854	908
854	943
854	975
854	999
855	27
855	107
855	304
855	494
855	605
855	657
855	683
855	718
855	741
855	776
855	784
855	817
855	829
855	856
855	929
855	952
855	961
856	95
856	122
856	172
856	309
856	319
856	429
856	523
856	602
856	616
856	693
856	708
856	752
856	855
856	886
856	895
857	20
857	48
857	130
857	184
857	382
857	498
857	530
857	593
857	624
857	827
857	852
857	853
857	865
857	933
857	974
857	979
857	992
858	107
858	764
858	771
858	866
858	894
858	912
858	915
858	922
858	925
858	935
858	955
858	960
858	967
858	970
858	972
858	976
858	990
859	69
859	162
859	340
859	367
859	404
859	425
859	440
859	616
859	625
859	646
859	652
859	674
859	679
859	765
859	778
859	952
859	988
860	138
860	375
860	666
860	722
860	732
860	738
860	837
860	864
860	874
860	934
860	951
860	961
860	969
860	974
860	994
861	99
861	374
861	407
861	456
861	519
861	558
861	563
861	568
861	590
861	678
861	755
861	845
861	907
861	909
861	960
861	962
861	966
861	987
862	21
862	31
862	103
862	236
862	260
862	279
862	325
862	337
862	488
862	491
862	500
862	539
862	559
862	698
862	714
862	846
862	980
862	987
863	178
863	196
863	463
863	466
863	517
863	613
863	647
863	697
863	701
863	734
863	892
863	930
863	937
863	954
863	956
863	982
863	990
863	997
864	188
864	297
864	552
864	722
864	732
864	738
864	763
864	860
864	874
864	902
864	926
864	934
864	951
864	955
864	969
864	974
864	988
864	994
865	451
865	560
865	635
865	754
865	756
865	804
865	849
865	852
865	857
865	926
865	942
865	946
865	964
865	975
865	979
865	990
865	992
865	993
866	28
866	557
866	579
866	598
866	603
866	760
866	763
866	793
866	851
866	858
866	910
866	923
866	927
866	934
866	955
866	960
866	963
866	999
867	11
867	87
867	120
867	136
867	219
867	612
867	617
867	644
867	671
867	832
867	836
867	842
867	881
867	907
867	908
867	943
867	984
867	1000
868	21
868	117
868	140
868	186
868	427
868	571
868	604
868	610
868	666
868	684
868	789
868	801
868	811
868	870
868	871
868	901
868	949
868	966
869	60
869	223
869	252
869	273
869	296
869	324
869	355
869	503
869	599
869	658
869	675
869	746
869	747
869	805
869	844
869	873
869	914
869	981
870	389
870	427
870	430
870	514
870	524
870	532
870	604
870	624
870	666
870	684
870	704
870	749
870	789
870	804
870	819
870	868
870	901
870	931
870	949
871	94
871	239
871	274
871	377
871	379
871	395
871	648
871	665
871	706
871	748
871	769
871	776
871	780
871	868
871	937
871	975
871	977
871	992
871	998
872	24
872	51
872	213
872	253
872	310
872	400
872	473
872	516
872	543
872	576
872	609
872	613
872	621
872	755
872	773
872	795
872	809
872	879
872	906
873	60
873	137
873	201
873	324
873	355
873	364
873	367
873	397
873	449
873	503
873	599
873	629
873	658
873	747
873	807
873	837
873	844
873	869
873	914
874	55
874	288
874	349
874	431
874	722
874	732
874	738
874	839
874	860
874	864
874	880
874	909
874	934
874	951
874	969
874	974
874	988
874	994
874	1000
875	9
875	97
875	116
875	181
875	226
875	391
875	407
875	574
875	582
875	710
875	809
875	820
875	839
875	877
875	898
875	929
875	961
875	983
875	998
876	41
876	102
876	158
876	165
876	207
876	269
876	281
876	352
876	381
876	389
876	537
876	598
876	611
876	647
876	770
876	810
876	830
876	935
876	937
877	602
877	617
877	711
877	821
877	839
877	850
877	875
877	911
877	919
877	930
877	934
877	940
877	954
877	956
877	965
877	974
877	976
877	985
877	994
878	75
878	126
878	344
878	371
878	453
878	494
878	501
878	553
878	561
878	635
878	705
878	753
878	830
878	845
878	850
878	882
878	918
878	942
878	959
879	10
879	174
879	253
879	310
879	473
879	497
879	503
879	516
879	543
879	554
879	605
879	609
879	744
879	795
879	832
879	872
879	926
879	930
879	995
880	99
880	112
880	212
880	244
880	356
880	612
880	671
880	761
880	836
880	842
880	854
880	874
880	907
880	908
880	943
880	959
880	975
880	978
880	997
881	58
881	155
881	216
881	389
881	525
881	526
881	589
881	618
881	636
881	672
881	777
881	805
881	814
881	867
881	885
881	911
881	928
881	943
881	995
882	6
882	405
882	481
882	491
882	628
882	654
882	705
882	728
882	787
882	811
882	850
882	878
882	913
882	936
882	942
882	959
882	969
882	991
882	993
883	83
883	119
883	254
883	333
883	368
883	441
883	495
883	543
883	623
883	799
883	806
883	843
883	896
883	902
883	912
883	914
883	934
883	950
883	962
884	63
884	252
884	264
884	385
884	499
884	523
884	560
884	566
884	699
884	825
884	837
884	846
884	852
884	887
884	903
884	957
884	970
884	981
884	999
885	50
885	217
885	230
885	264
885	285
885	288
885	653
885	703
885	754
885	777
885	814
885	881
885	896
885	900
885	928
885	972
885	977
885	979
885	995
886	24
886	249
886	676
886	682
886	689
886	690
886	746
886	758
886	768
886	792
886	856
886	889
886	924
886	977
886	978
886	982
886	986
886	994
886	998
886	1000
887	262
887	312
887	392
887	566
887	567
887	591
887	610
887	646
887	647
887	689
887	798
887	804
887	813
887	884
887	891
887	919
887	964
887	971
887	973
887	990
888	51
888	88
888	171
888	288
888	295
888	322
888	350
888	416
888	435
888	485
888	496
888	566
888	584
888	698
888	748
888	752
888	779
888	813
888	816
888	999
889	70
889	289
889	682
889	746
889	758
889	767
889	768
889	792
889	809
889	886
889	924
889	957
889	958
889	977
889	978
889	982
889	986
889	996
889	998
889	1000
890	7
890	22
890	224
890	298
890	311
890	347
890	402
890	433
890	498
890	581
890	601
890	633
890	721
890	733
890	810
890	816
890	840
890	948
890	970
890	992
891	59
891	139
891	156
891	312
891	313
891	319
891	341
891	385
891	610
891	717
891	725
891	813
891	849
891	887
891	942
891	964
891	971
891	973
891	990
891	998
892	26
892	218
892	388
892	517
892	553
892	606
892	620
892	691
892	695
892	697
892	734
892	823
892	863
892	925
892	930
892	954
892	956
892	984
892	997
892	998
893	29
893	209
893	299
893	346
893	470
893	480
893	524
893	632
893	704
893	712
893	840
893	897
893	899
893	913
893	920
893	923
893	924
893	938
893	950
893	989
894	19
894	90
894	135
894	265
894	373
894	437
894	580
894	652
894	761
894	783
894	800
894	816
894	818
894	858
894	913
894	915
894	922
894	937
894	975
894	985
895	17
895	95
895	122
895	172
895	198
895	237
895	309
895	336
895	412
895	429
895	445
895	471
895	523
895	602
895	693
895	752
895	831
895	856
895	953
895	999
896	83
896	119
896	148
896	192
896	210
896	254
896	333
896	425
896	441
896	495
896	535
896	623
896	802
896	806
896	843
896	883
896	885
896	902
896	912
896	945
897	70
897	182
897	204
897	231
897	281
897	346
897	363
897	638
897	649
897	660
897	698
897	777
897	795
897	846
897	893
897	923
897	926
897	938
897	950
897	963
897	989
898	24
898	73
898	97
898	181
898	193
898	226
898	358
898	391
898	574
898	582
898	710
898	739
898	750
898	782
898	809
898	820
898	837
898	839
898	875
898	979
898	998
899	345
899	500
899	555
899	608
899	694
899	776
899	798
899	815
899	817
899	827
899	893
899	900
899	912
899	917
899	921
899	933
899	944
899	961
899	979
899	989
899	992
900	217
900	230
900	270
900	307
900	315
900	429
900	439
900	526
900	589
900	653
900	667
900	672
900	703
900	752
900	814
900	885
900	899
900	928
900	933
900	947
900	995
901	34
901	46
901	110
901	427
901	430
901	524
901	571
901	628
901	660
901	666
901	684
901	704
901	752
901	801
901	819
901	868
901	870
901	908
901	934
901	949
901	978
902	83
902	93
902	119
902	254
902	333
902	368
902	441
902	482
902	495
902	623
902	792
902	806
902	843
902	864
902	883
902	896
902	912
902	943
902	979
902	983
902	999
903	183
903	223
903	252
903	433
903	490
903	533
903	535
903	566
903	572
903	600
903	699
903	723
903	825
903	837
903	884
903	911
903	934
903	940
903	957
903	981
903	995
904	33
904	50
904	77
904	166
904	190
904	230
904	257
904	329
904	376
904	425
904	467
904	474
904	487
904	588
904	691
904	802
904	823
904	829
904	835
904	836
904	941
904	977
905	1
905	18
905	29
905	60
905	267
905	292
905	369
905	392
905	420
905	491
905	497
905	549
905	632
905	660
905	711
905	727
905	797
905	831
905	918
905	931
905	951
905	996
906	72
906	175
906	280
906	462
906	611
906	632
906	660
906	700
906	727
906	729
906	762
906	767
906	780
906	831
906	851
906	872
906	917
906	931
906	948
906	995
906	996
906	999
907	11
907	78
907	136
907	275
907	612
907	629
907	644
907	722
907	806
907	836
907	842
907	861
907	867
907	880
907	908
907	943
907	946
907	975
907	976
907	978
907	982
907	985
908	63
908	106
908	240
908	280
908	326
908	406
908	486
908	515
908	644
908	671
908	691
908	695
908	788
908	832
908	854
908	867
908	880
908	901
908	907
908	943
908	975
908	976
909	67
909	286
909	452
909	575
909	590
909	615
909	678
909	736
909	750
909	755
909	757
909	790
909	845
909	861
909	874
909	936
909	962
909	966
909	972
909	973
909	977
909	987
909	991
910	32
910	44
910	293
910	343
910	354
910	410
910	434
910	508
910	556
910	579
910	656
910	763
910	793
910	800
910	866
910	927
910	955
910	960
910	963
910	984
910	986
910	992
910	999
911	120
911	122
911	208
911	329
911	484
911	508
911	542
911	570
911	617
911	758
911	760
911	764
911	821
911	832
911	834
911	877
911	881
911	903
911	919
911	946
911	948
911	950
911	983
912	392
912	415
912	436
912	470
912	527
912	558
912	572
912	669
912	689
912	697
912	726
912	772
912	827
912	840
912	843
912	858
912	883
912	896
912	899
912	902
912	977
912	979
912	997
913	344
913	360
913	366
913	371
913	405
913	455
913	606
913	628
913	629
913	705
913	753
913	786
913	787
913	807
913	850
913	882
913	893
913	894
913	926
913	942
913	959
913	976
913	993
914	60
914	201
914	203
914	273
914	296
914	324
914	355
914	364
914	449
914	503
914	549
914	599
914	658
914	665
914	747
914	844
914	869
914	873
914	883
914	929
914	940
914	951
914	964
915	19
915	90
915	103
915	126
915	173
915	194
915	265
915	268
915	373
915	437
915	580
915	651
915	705
915	722
915	761
915	769
915	783
915	800
915	818
915	858
915	894
915	922
915	983
916	20
916	143
916	234
916	399
916	475
916	478
916	544
916	573
916	634
916	641
916	657
916	681
916	713
916	739
916	751
916	805
916	808
916	828
916	919
916	939
916	975
916	986
916	991
917	175
917	232
917	409
917	491
917	621
917	632
917	643
917	660
917	702
917	719
917	727
917	755
917	758
917	762
917	767
917	784
917	832
917	899
917	906
917	931
917	980
917	996
917	999
918	279
918	383
918	626
918	655
918	689
918	729
918	779
918	784
918	793
918	804
918	878
918	905
918	920
918	951
918	955
918	960
918	963
918	969
918	974
918	980
918	993
918	994
918	1000
919	120
919	208
919	329
919	438
919	471
919	508
919	570
919	617
919	690
919	691
919	732
919	760
919	764
919	821
919	834
919	848
919	877
919	887
919	911
919	916
919	923
919	946
919	997
920	43
920	53
920	98
920	113
920	121
920	144
920	249
920	335
920	383
920	388
920	534
920	541
920	549
920	664
920	696
920	711
920	736
920	779
920	804
920	826
920	828
920	893
920	918
920	977
921	13
921	32
921	134
921	166
921	243
921	248
921	277
921	321
921	372
921	426
921	431
921	454
921	577
921	588
921	661
921	749
921	818
921	822
921	841
921	899
921	973
921	974
921	981
921	990
922	19
922	24
922	90
922	166
922	173
922	265
922	373
922	437
922	484
922	568
922	580
922	625
922	652
922	669
922	674
922	761
922	772
922	783
922	800
922	858
922	894
922	915
922	938
922	982
923	127
923	343
923	346
923	358
923	412
923	457
923	480
923	550
923	608
923	615
923	679
923	694
923	712
923	846
923	866
923	893
923	897
923	919
923	926
923	938
923	950
923	971
923	981
923	989
924	237
924	416
924	507
924	545
924	551
924	676
924	682
924	746
924	751
924	758
924	768
924	788
924	792
924	838
924	886
924	889
924	893
924	958
924	977
924	978
924	982
924	986
924	998
924	1000
925	144
925	176
925	177
925	222
925	263
925	391
925	417
925	465
925	466
925	479
925	497
925	606
925	697
925	734
925	744
925	825
925	858
925	892
925	930
925	945
925	946
925	954
925	956
925	977
925	997
926	65
926	96
926	108
926	127
926	188
926	299
926	343
926	378
926	414
926	470
926	509
926	639
926	694
926	728
926	846
926	864
926	865
926	879
926	897
926	913
926	923
926	938
926	950
926	971
926	985
926	989
927	44
927	93
927	114
927	133
927	153
927	183
927	293
927	327
927	422
927	515
927	556
927	598
927	603
927	656
927	693
927	763
927	766
927	818
927	822
927	866
927	910
927	955
927	960
927	963
927	969
927	985
928	19
928	78
928	164
928	216
928	230
928	250
928	288
928	307
928	525
928	526
928	556
928	585
928	589
928	636
928	653
928	667
928	691
928	703
928	777
928	814
928	881
928	885
928	900
928	929
928	952
928	995
929	132
929	321
929	334
929	458
929	540
929	551
929	595
929	621
929	645
929	676
929	715
929	726
929	757
929	766
929	798
929	832
929	833
929	855
929	875
929	914
929	928
929	940
929	945
929	965
929	976
929	979
929	985
930	49
930	113
930	176
930	178
930	323
930	390
930	417
930	504
930	553
930	620
930	627
930	697
930	770
930	808
930	863
930	877
930	879
930	892
930	925
930	937
930	945
930	946
930	954
930	956
930	986
930	997
930	1000
931	18
931	45
931	294
931	369
931	409
931	410
931	462
931	491
931	601
931	640
931	686
931	700
931	719
931	727
931	729
931	831
931	870
931	905
931	906
931	917
931	946
931	954
931	957
931	978
931	989
931	996
931	999
932	25
932	276
932	351
932	359
932	361
932	401
932	444
932	562
932	609
932	630
932	664
932	696
932	775
932	794
932	967
932	969
932	970
932	972
932	980
932	982
933	23
933	48
933	100
933	137
933	148
933	168
933	184
933	233
933	397
933	415
933	457
933	576
933	593
933	597
933	624
933	773
933	775
933	778
933	818
933	827
933	852
933	853
933	857
933	899
933	900
933	966
933	979
934	55
934	193
934	297
934	339
934	349
934	353
934	365
934	522
934	634
934	681
934	722
934	732
934	738
934	783
934	860
934	864
934	866
934	874
934	877
934	883
934	901
934	903
934	951
934	969
934	970
934	974
934	988
934	994
935	41
935	57
935	232
935	233
935	256
935	327
935	465
935	482
935	505
935	513
935	516
935	528
935	537
935	569
935	592
935	597
935	639
935	647
935	659
935	670
935	711
935	730
935	750
935	771
935	798
935	858
935	876
935	956
936	39
936	43
936	61
936	159
936	180
936	192
936	258
936	303
936	317
936	330
936	336
936	342
936	360
936	387
936	398
936	424
936	450
936	547
936	713
936	767
936	782
936	882
936	909
936	952
936	975
936	980
936	983
936	986
937	121
937	165
937	295
937	313
937	350
937	352
937	356
937	418
937	449
937	466
937	520
937	584
937	605
937	611
937	626
937	644
937	813
937	816
937	863
937	871
937	876
937	894
937	930
937	944
937	956
937	992
937	997
937	999
938	237
938	339
938	358
938	363
938	439
938	480
938	506
938	509
938	550
938	608
938	621
938	638
938	639
938	688
938	694
938	712
938	728
938	893
938	897
938	922
938	923
938	926
938	950
938	954
938	964
938	976
938	989
938	1000
939	20
939	30
939	31
939	81
939	84
939	308
939	383
939	428
939	436
939	475
939	543
939	626
939	634
939	641
939	681
939	713
939	751
939	804
939	805
939	808
939	815
939	819
939	828
939	916
939	949
939	953
939	960
939	991
940	199
940	331
940	415
940	493
940	502
940	517
940	551
940	562
940	595
940	701
940	726
940	744
940	766
940	798
940	806
940	833
940	848
940	877
940	903
940	914
940	929
940	941
940	945
940	965
940	968
940	976
940	980
940	985
941	33
941	50
941	77
941	123
941	187
941	190
941	198
941	220
941	236
941	302
941	376
941	438
941	474
941	487
941	526
941	557
941	619
941	691
941	789
941	802
941	823
941	829
941	835
941	847
941	904
941	940
941	946
941	947
942	49
942	75
942	229
942	366
942	386
942	453
942	481
942	611
942	628
942	635
942	654
942	675
942	697
942	700
942	705
942	732
942	733
942	753
942	782
942	786
942	865
942	878
942	882
942	891
942	913
942	955
942	959
942	993
942	994
943	136
943	185
943	189
943	212
943	437
943	482
943	486
943	515
943	573
943	576
943	628
943	637
943	644
943	695
943	709
943	769
943	770
943	776
943	822
943	832
943	842
943	854
943	867
943	880
943	881
943	902
943	907
943	908
943	975
944	48
944	104
944	158
944	200
944	272
944	317
944	332
944	345
944	348
944	377
944	379
944	395
944	461
944	480
944	483
944	520
944	580
944	614
944	655
944	706
944	769
944	780
944	848
944	899
944	937
944	982
944	991
944	992
944	998
945	76
945	166
945	211
945	321
945	334
945	369
945	423
945	446
945	493
945	594
945	595
945	620
945	645
945	701
945	715
945	737
945	766
945	773
945	833
945	896
945	925
945	929
945	930
945	940
945	965
945	973
945	976
945	985
945	993
946	101
946	132
946	180
946	191
946	303
946	323
946	337
946	342
946	424
946	512
946	570
946	639
946	673
946	754
946	756
946	821
946	823
946	834
946	865
946	907
946	911
946	919
946	925
946	930
946	931
946	941
946	956
946	983
946	997
946	999
947	22
947	172
947	271
947	298
947	311
947	347
947	357
947	370
947	413
947	433
947	499
947	549
947	573
947	633
947	674
947	692
947	698
947	717
947	733
947	735
947	737
947	810
947	838
947	840
947	846
947	900
947	941
947	978
947	986
947	988
948	22
948	41
948	157
948	163
948	224
948	253
948	298
948	347
948	370
948	402
948	414
948	458
948	680
948	681
948	686
948	692
948	717
948	721
948	733
948	735
948	787
948	810
948	838
948	840
948	890
948	906
948	911
948	959
948	975
948	986
948	988
949	8
949	46
949	117
949	147
949	380
949	427
949	430
949	514
949	524
949	528
949	571
949	604
949	612
949	622
949	641
949	664
949	684
949	692
949	704
949	711
949	749
949	789
949	801
949	819
949	850
949	868
949	870
949	901
949	939
949	957
949	973
950	70
950	154
950	215
950	231
950	299
950	358
950	363
950	378
950	414
950	470
950	506
950	531
950	608
950	638
950	694
950	710
950	711
950	728
950	740
950	752
950	773
950	851
950	883
950	893
950	897
950	911
950	923
950	926
950	938
950	989
950	994
951	62
951	219
951	297
951	332
951	339
951	349
951	353
951	365
951	411
951	457
951	688
951	697
951	722
951	732
951	738
951	743
951	762
951	794
951	860
951	864
951	874
951	905
951	914
951	918
951	934
951	957
951	969
951	974
951	988
951	989
951	994
952	7
952	159
952	305
952	387
952	492
952	530
952	547
952	619
952	630
952	640
952	643
952	657
952	680
952	713
952	736
952	737
952	749
952	782
952	796
952	817
952	824
952	832
952	855
952	859
952	928
952	936
952	961
952	967
952	983
952	991
952	992
953	9
953	14
953	30
953	131
953	143
953	210
953	234
953	308
953	320
953	412
953	478
953	512
953	544
953	578
953	626
953	633
953	634
953	652
953	658
953	681
953	713
953	751
953	805
953	808
953	815
953	821
953	895
953	939
953	974
953	983
953	991
953	1000
954	101
954	176
954	182
954	196
954	205
954	207
954	290
954	390
954	479
954	497
954	506
954	553
954	575
954	606
954	620
954	692
954	697
954	708
954	714
954	734
954	739
954	770
954	845
954	863
954	877
954	892
954	925
954	930
954	931
954	938
954	956
954	997
955	3
955	28
955	35
955	354
955	422
955	434
955	510
955	524
955	556
955	564
955	579
955	593
955	598
955	603
955	630
955	656
955	676
955	677
955	720
955	763
955	793
955	841
955	858
955	864
955	866
955	910
955	918
955	927
955	942
955	960
955	963
955	999
956	26
956	130
956	169
956	390
956	417
956	440
956	449
956	471
956	479
956	497
956	517
956	553
956	585
956	604
956	606
956	697
956	715
956	734
956	788
956	806
956	820
956	863
956	877
956	892
956	925
956	930
956	935
956	937
956	946
956	954
956	997
956	998
957	17
957	63
957	74
957	91
957	141
957	183
957	294
957	318
957	398
957	499
957	518
957	533
957	535
957	560
957	600
957	699
957	736
957	807
957	812
957	825
957	837
957	846
957	884
957	889
957	903
957	931
957	949
957	951
957	981
957	994
957	998
957	999
958	5
958	15
958	27
958	77
958	158
958	341
958	421
958	482
958	487
958	513
958	529
958	537
958	538
958	541
958	614
958	665
958	673
958	680
958	781
958	785
958	824
958	835
958	889
958	924
958	962
958	977
958	982
958	986
958	988
958	991
958	992
958	1000
959	25
959	75
959	245
959	277
959	328
959	344
959	386
959	405
959	408
959	453
959	481
959	500
959	501
959	518
959	628
959	654
959	675
959	705
959	786
959	787
959	803
959	807
959	827
959	850
959	878
959	880
959	882
959	913
959	942
959	948
959	988
959	993
959	994
960	3
960	28
960	35
960	44
960	52
960	133
960	147
960	153
960	241
960	293
960	354
960	422
960	434
960	564
960	579
960	596
960	616
960	654
960	763
960	793
960	818
960	858
960	861
960	866
960	910
960	918
960	927
960	939
960	955
960	963
960	976
960	988
960	999
961	27
961	33
961	79
961	105
961	107
961	115
961	149
961	284
961	304
961	322
961	337
961	423
961	442
961	494
961	616
961	631
961	640
961	652
961	657
961	683
961	714
961	718
961	741
961	776
961	788
961	791
961	817
961	855
961	860
961	875
961	899
961	952
961	985
962	86
962	216
962	262
962	266
962	284
962	286
962	367
962	403
962	407
962	456
962	460
962	468
962	563
962	568
962	575
962	590
962	615
962	619
962	750
962	755
962	757
962	759
962	790
962	825
962	843
962	861
962	883
962	909
962	958
962	966
962	968
962	984
962	987
963	35
963	93
963	133
963	153
963	281
963	293
963	370
963	422
963	434
963	476
963	556
963	564
963	579
963	598
963	603
963	614
963	624
963	656
963	672
963	702
963	728
963	763
963	793
963	818
963	830
963	866
963	897
963	910
963	918
963	927
963	955
963	960
963	964
964	68
964	139
964	195
964	262
964	319
964	360
964	452
964	466
964	591
964	610
964	613
964	643
964	646
964	647
964	669
964	689
964	705
964	725
964	771
964	813
964	815
964	849
964	865
964	887
964	891
964	914
964	938
964	963
964	971
964	972
964	973
964	980
964	984
964	990
965	64
965	71
965	170
965	199
965	211
965	261
965	337
965	342
965	368
965	399
965	446
965	448
965	502
965	535
965	545
965	645
965	701
965	726
965	737
965	743
965	744
965	798
965	806
965	833
965	877
965	929
965	940
965	945
965	971
965	976
965	984
965	985
965	989
965	990
966	67
966	107
966	108
966	116
966	197
966	265
966	267
966	284
966	286
966	452
966	456
966	460
966	468
966	563
966	568
966	575
966	590
966	678
966	707
966	708
966	757
966	759
966	773
966	786
966	790
966	818
966	861
966	868
966	909
966	933
966	962
966	971
966	974
966	987
967	42
967	136
967	154
967	206
967	276
967	299
967	351
967	359
967	361
967	362
967	413
967	444
967	562
967	651
967	685
967	691
967	727
967	748
967	775
967	794
967	815
967	823
967	825
967	858
967	932
967	952
967	970
967	972
967	980
968	100
968	152
968	235
968	248
968	255
968	335
968	396
968	428
968	450
968	451
968	464
968	542
968	546
968	552
968	569
968	574
968	586
968	607
968	627
968	649
968	675
968	684
968	709
968	742
968	745
968	770
968	774
968	799
968	824
968	940
968	962
968	977
968	984
968	993
969	54
969	56
969	62
969	117
969	189
969	194
969	219
969	269
969	332
969	353
969	365
969	411
969	425
969	457
969	536
969	706
969	722
969	732
969	738
969	793
969	818
969	835
969	860
969	864
969	874
969	882
969	918
969	927
969	932
969	934
969	951
969	974
969	982
969	988
969	994
970	42
970	276
970	326
970	351
970	359
970	361
970	362
970	444
970	453
970	503
970	562
970	582
970	712
970	775
970	787
970	794
970	858
970	884
970	890
970	932
970	934
970	967
970	972
970	980
970	988
970	999
971	37
971	59
971	166
971	246
971	247
971	260
971	319
971	375
971	392
971	412
971	447
971	505
971	567
971	610
971	613
971	646
971	720
971	771
971	776
971	802
971	813
971	835
971	849
971	887
971	891
971	923
971	926
971	964
971	965
971	966
971	973
971	978
971	990
971	997
971	1000
972	42
972	47
972	123
972	154
972	206
972	276
972	351
972	359
972	361
972	362
972	371
972	444
972	467
972	473
972	484
972	508
972	562
972	565
972	573
972	607
972	651
972	674
972	691
972	775
972	778
972	794
972	858
972	885
972	909
972	932
972	964
972	967
972	970
972	978
972	980
972	991
973	68
973	128
973	156
973	246
973	263
973	272
973	300
973	312
973	327
973	404
973	419
973	447
973	450
973	510
973	567
973	646
973	669
973	689
973	720
973	725
973	771
973	786
973	813
973	849
973	887
973	891
973	909
973	921
973	945
973	949
973	964
973	971
973	980
973	983
973	990
973	995
974	54
974	56
974	62
974	162
974	193
974	194
974	269
974	285
974	297
974	332
974	339
974	411
974	442
974	457
974	602
974	627
974	678
974	706
974	722
974	732
974	738
974	835
974	857
974	860
974	864
974	874
974	877
974	918
974	921
974	934
974	951
974	953
974	966
974	969
974	988
974	994
974	997
975	38
975	80
975	91
975	106
975	112
975	212
975	268
975	278
975	515
975	559
975	573
975	576
975	612
975	637
975	644
975	668
975	671
975	685
975	695
975	770
975	781
975	802
975	832
975	836
975	842
975	854
975	865
975	871
975	880
975	894
975	907
975	908
975	916
975	936
975	943
975	948
975	978
975	990
976	76
976	145
976	170
976	331
976	357
976	399
976	423
976	493
976	502
976	505
976	540
976	551
976	585
976	595
976	645
976	667
976	685
976	701
976	715
976	726
976	737
976	744
976	766
976	780
976	833
976	848
976	858
976	877
976	907
976	908
976	913
976	929
976	938
976	940
976	945
976	960
976	965
976	985
976	998
977	287
977	385
977	444
977	461
977	507
977	545
977	676
977	682
977	712
977	746
977	758
977	768
977	792
977	871
977	885
977	886
977	889
977	904
977	909
977	912
977	920
977	924
977	925
977	958
977	968
977	978
977	982
977	986
977	988
977	998
977	1000
978	16
978	195
978	201
978	291
978	419
978	491
978	522
978	576
978	584
978	612
978	632
978	642
978	712
978	727
978	734
978	740
978	749
978	784
978	838
978	842
978	880
978	886
978	889
978	901
978	907
978	924
978	931
978	947
978	971
978	972
978	975
978	977
978	982
978	983
978	986
978	988
978	996
978	999
978	1000
979	23
979	48
979	73
979	80
979	118
979	123
979	137
979	148
979	168
979	184
979	237
979	328
979	397
979	498
979	511
979	540
979	546
979	593
979	597
979	607
979	624
979	692
979	715
979	773
979	818
979	827
979	828
979	852
979	853
979	857
979	865
979	885
979	898
979	899
979	902
979	912
979	929
979	933
979	992
980	21
980	33
980	71
980	260
980	330
980	336
980	338
980	387
980	392
980	478
980	488
980	489
980	578
980	645
980	658
980	662
980	669
980	714
980	720
980	771
980	775
980	782
980	794
980	862
980	917
980	918
980	932
980	936
980	940
980	964
980	967
980	970
980	972
980	973
980	983
980	986
980	987
980	990
980	998
981	17
981	63
981	74
981	134
981	141
981	183
981	223
981	252
981	294
981	318
981	362
981	483
981	490
981	499
981	518
981	533
981	535
981	560
981	566
981	594
981	600
981	639
981	695
981	699
981	723
981	763
981	785
981	795
981	796
981	825
981	837
981	846
981	869
981	884
981	903
981	921
981	923
981	957
981	985
981	998
981	999
982	36
982	37
982	179
982	227
982	287
982	301
982	385
982	400
982	404
982	442
982	485
982	507
982	529
982	545
982	620
982	656
982	674
982	676
982	682
982	736
982	743
982	746
982	758
982	768
982	792
982	840
982	863
982	886
982	889
982	907
982	922
982	924
982	932
982	944
982	958
982	969
982	977
982	978
982	986
982	998
982	1000
983	39
983	43
983	61
983	104
983	180
983	239
983	258
983	282
983	292
983	303
983	317
983	330
983	336
983	342
983	346
983	387
983	398
983	400
983	424
983	433
983	465
983	547
983	562
983	567
983	569
983	662
983	703
983	750
983	782
983	788
983	875
983	902
983	911
983	915
983	936
983	946
983	952
983	953
983	973
983	978
983	980
984	80
984	99
984	100
984	152
984	235
984	263
984	327
984	335
984	347
984	364
984	396
984	408
984	420
984	428
984	450
984	451
984	464
984	476
984	542
984	546
984	549
984	552
984	569
984	586
984	607
984	627
984	649
984	709
984	742
984	745
984	770
984	774
984	799
984	827
984	844
984	867
984	892
984	910
984	962
984	964
984	965
984	968
985	199
985	269
985	321
985	399
985	420
985	423
985	446
985	448
985	493
985	540
985	548
985	551
985	585
985	591
985	595
985	616
985	621
985	636
985	645
985	701
985	715
985	725
985	726
985	737
985	744
985	766
985	798
985	829
985	833
985	848
985	877
985	894
985	907
985	926
985	927
985	929
985	940
985	945
985	961
985	965
985	976
985	981
986	22
986	36
986	37
986	179
986	227
986	239
986	287
986	301
986	305
986	328
986	385
986	507
986	545
986	631
986	676
986	682
986	746
986	748
986	758
986	768
986	792
986	886
986	889
986	910
986	916
986	924
986	930
986	936
986	947
986	948
986	958
986	977
986	978
986	980
986	982
986	998
986	1000
987	13
987	67
987	86
987	116
987	197
987	266
987	337
987	368
987	403
987	407
987	452
987	456
987	460
987	468
987	563
987	568
987	575
987	590
987	595
987	615
987	626
987	655
987	661
987	678
987	694
987	708
987	755
987	757
987	759
987	773
987	788
987	790
987	803
987	820
987	845
987	861
987	862
987	909
987	962
987	966
987	980
987	992
987	999
988	40
988	69
988	161
988	187
988	287
988	346
988	413
988	419
988	435
988	440
988	476
988	522
988	581
988	625
988	642
988	674
988	679
988	717
988	735
988	740
988	749
988	765
988	778
988	782
988	840
988	847
988	859
988	864
988	874
988	934
988	947
988	948
988	951
988	958
988	959
988	960
988	969
988	970
988	974
988	977
988	978
988	994
988	999
989	50
989	70
989	108
989	124
989	127
989	167
989	188
989	204
989	209
989	215
989	231
989	299
989	343
989	350
989	372
989	400
989	459
989	470
989	488
989	506
989	509
989	552
989	608
989	621
989	649
989	680
989	694
989	712
989	728
989	768
989	773
989	779
989	793
989	826
989	893
989	897
989	899
989	923
989	926
989	931
989	938
989	950
989	951
989	965
990	47
990	68
990	128
990	156
990	195
990	218
990	246
990	262
990	286
990	300
990	375
990	403
990	447
990	567
990	568
990	591
990	610
990	613
990	669
990	689
990	704
990	720
990	725
990	759
990	771
990	780
990	785
990	800
990	802
990	811
990	813
990	835
990	849
990	858
990	863
990	865
990	887
990	891
990	921
990	964
990	965
990	971
990	973
990	975
990	980
991	20
991	30
991	31
991	58
991	84
991	124
991	131
991	143
991	192
991	222
991	234
991	235
991	308
991	320
991	356
991	436
991	478
991	512
991	536
991	551
991	578
991	626
991	634
991	641
991	645
991	647
991	652
991	681
991	698
991	713
991	720
991	751
991	805
991	808
991	815
991	828
991	882
991	909
991	916
991	939
991	944
991	952
991	953
991	958
991	972
992	12
992	94
992	200
992	239
992	255
992	271
992	272
992	278
992	281
992	345
992	379
992	395
992	429
992	475
992	483
992	555
992	614
992	629
992	639
992	648
992	651
992	665
992	680
992	706
992	748
992	756
992	769
992	770
992	780
992	803
992	820
992	830
992	857
992	865
992	871
992	890
992	899
992	910
992	937
992	944
992	952
992	958
992	979
992	987
992	998
993	6
993	25
993	47
993	49
993	104
993	126
993	164
993	185
993	229
993	290
993	308
993	312
993	320
993	344
993	366
993	371
993	386
993	405
993	408
993	438
993	453
993	455
993	501
993	520
993	540
993	599
993	628
993	635
993	654
993	705
993	753
993	783
993	786
993	787
993	802
993	807
993	850
993	865
993	882
993	913
993	918
993	942
993	945
993	959
993	968
994	32
994	47
994	54
994	55
994	56
994	101
994	109
994	160
994	193
994	194
994	207
994	219
994	232
994	269
994	332
994	339
994	349
994	353
994	360
994	365
994	411
994	457
994	479
994	510
994	722
994	723
994	732
994	738
994	773
994	837
994	844
994	860
994	864
994	874
994	877
994	886
994	918
994	934
994	942
994	950
994	951
994	957
994	959
994	969
994	974
994	988
995	34
995	58
995	72
995	129
995	142
995	155
995	216
995	221
995	230
995	250
995	255
995	264
995	270
995	285
995	288
995	296
995	302
995	307
995	315
995	326
995	422
995	477
995	504
995	525
995	526
995	589
995	636
995	653
995	667
995	672
995	703
995	725
995	730
995	777
995	814
995	836
995	848
995	849
995	850
995	879
995	881
995	885
995	900
995	903
995	906
995	928
995	973
996	1
996	14
996	45
996	99
996	143
996	150
996	175
996	178
996	212
996	280
996	309
996	316
996	378
996	381
996	393
996	409
996	410
996	443
996	458
996	462
996	491
996	500
996	515
996	601
996	609
996	632
996	655
996	660
996	700
996	702
996	711
996	727
996	729
996	762
996	767
996	773
996	784
996	796
996	797
996	831
996	846
996	889
996	905
996	906
996	917
996	931
996	978
996	999
997	26
997	85
997	101
997	111
997	127
997	138
997	177
997	178
997	182
997	196
997	205
997	218
997	276
997	307
997	323
997	417
997	466
997	479
997	497
997	500
997	504
997	517
997	527
997	529
997	550
997	606
997	610
997	620
997	642
997	697
997	725
997	733
997	734
997	770
997	788
997	806
997	863
997	880
997	892
997	912
997	919
997	925
997	930
997	937
997	946
997	954
997	956
997	971
997	974
998	9
998	38
998	272
998	278
998	314
998	315
998	395
998	521
998	533
998	562
998	566
998	574
998	582
998	600
998	648
998	699
998	706
998	710
998	723
998	746
998	756
998	768
998	769
998	776
998	809
998	820
998	827
998	837
998	839
998	841
998	871
998	875
998	886
998	889
998	891
998	892
998	898
998	924
998	944
998	956
998	957
998	976
998	977
998	980
998	981
998	982
998	986
998	992
998	1000
999	4
999	14
999	51
999	74
999	233
999	289
999	295
999	435
999	500
999	518
999	549
999	556
999	560
999	563
999	564
999	569
999	590
999	700
999	723
999	762
999	766
999	767
999	793
999	795
999	816
999	837
999	845
999	850
999	854
999	866
999	884
999	888
999	895
999	902
999	906
999	910
999	917
999	931
999	937
999	946
999	955
999	957
999	960
999	970
999	978
999	981
999	987
999	988
999	996
1000	36
1000	37
1000	140
1000	179
1000	210
1000	227
1000	236
1000	263
1000	287
1000	301
1000	322
1000	354
1000	360
1000	385
1000	404
1000	442
1000	467
1000	471
1000	507
1000	527
1000	529
1000	545
1000	638
1000	674
1000	676
1000	682
1000	700
1000	736
1000	746
1000	758
1000	768
1000	792
1000	808
1000	836
1000	867
1000	874
1000	886
1000	889
1000	918
1000	924
1000	930
1000	938
1000	953
1000	958
1000	971
1000	977
1000	978
1000	982
1000	986
1000	998
