104 128 144 147 155 19 198 2 20 212 220 242 266 273 276 323 335 398 401 402 45 451 460 464 47 471 474 504 521 553 574 576 594 607 61 631 677 678 689 695 697 714 724 73 743 753 763 780 791 82 825 834 836 839 841 852 868 878 882 887 903 906 930 943 945 953 965 98 984 99 990 
121 155 165 173 2 236 253 257 279 347 353 360 371 419 421 43 456 478 515 517 519 523 577 634 65 654 659 694 712 717 724 732 736 760 789 828 854 866 867 868 894 898 912 960 969 979 98 998
1000 113 13 160 164 167 211 25 257 269 296 304 310 316 337 339 36 369 385 40 416 417 462 470 502 525 535 536 571 58 581 707 723 78 780 81 82 831 850 861 872 875 917 920 923 945 947 955 964 968 993
144 162 199 222 254 3 317 346 367 376 458 460 52 549 555 576 584 625 65 691 694 706 735 763 837 851 864 880 896 916 92 959 966 976
109 136 149 152 159 189 19 244 274 286 418 540 546 624 745 748 75 809 836 851 886 925 948 951
101 106 109 120 123 127 187 199 243 259 262 276 284 288 298 302 303 306 308 314 327 328 332 349 357 363 368 371 374 38 382 39 392 403 41 413 432 433 437 444 455 459 466 473 503 51 513 527 540 545 562 570 572 576 577 595 623 65 667 68 681 686 689 694 7 716 72 728 734 774 779 783 792 799 810 811 855 872 873 877 88 891 905 907 911 922 923 938 946 969 981 982 996
105 11 115 125 129 140 151 155 164 171 184 192 219 25 259 274 279 286 288 29 295 296 310 312 314 326 329 339 341 363 383 386 398 40 403 410 427 429 430 445 447 450 452 47 498 5 524 531 535 552 574 579 582 589 617 636 658 665 676 677 684 691 695 70 702 706 708 715 744 756 760 773 777 779 793 804 809 841 850 859 875 880 883 891 9 91 921 931 934 949 973 981
101 115 122 141 17 173 185 187 201 242 271 321 334 362 432 442 458 535 612 665 699 706 735 876 883 946 952
14 147 19 200 21 243 315 334 352 377 386 387 420 422 424 440 450 453 479 48 514 52 526 546 600 627 667 697 709 737 747 77 785 819 908 955 96 965 968 991
1 142 176 22 233 251 289 304 361 382 412 413 457 492 500 524 64 650 668 701 718 734 736 792 914 950 999
1 110 115 121 125 126 127 128 136 147 166 178 20 204 207 215 234 272 283 286 296 30 323 369 447 448 46 461 473 500 516 525 531 538 607 642 643 649 663 715 72 745 782 791 810 82 832 843 844 850 860 866 881 883 90 925 936 94 943 953 996
1000 104 121 130 139 14 153 183 186 187 195 196 220 242 245 247 25 279 285 302 31 314 320 33 343 349 351 358 368 372 381 394 396 40 403 417 42 437 443 445 447 448 456 468 469 470 480 489 494 496 507 526 545 55 560 561 570 587 59 590 594 646 663 689 692 694 7 701 704 708 712 721 75 751 758 763 788 798 8 807 842 847 863 87 875 894 912 984 986 988 990
116 163 190 205 215 225 242 253 323 367 4 427 44 488 500 513 515 526 606 657 688 692 78 782 897 913 947
109 113 120 127 134 139 143 151 157 161 173 175 182 196 197 199 241 245 246 257 261 270 273 289 295 317 32 326 331 343 347 358 375 428 429 436 443 447 472 475 480 49 501 573 590 602 608 611 612 613 654 668 681 685 708 723 726 733 739 742 751 753 77 779 783 786 793 796 807 809 819 820 824 855 859 872 876 900 902 908 923 941 961 966 968 974 98 992 994
118 139 152 155 164 171 175 177 197 21 210 212 213 214 23 230 241 249 261 274 30 31 311 316 317 320 327 346 347 349 363 394 402 417 418 426 445 450 452 475 488 507 52 523 525 532 548 571 595 597 60 605 610 626 629 633 639 646 664 670 683 687 692 695 718 731 742 752 788 800 807 821 823 829 85 856 857 880 889 899 900 920 921 939 941 943 970 972 988 989 99 998
1 104 139 273 299 315 362 378 380 386 41 427 443 497 507 512 551 584 600 627 734 742 807 815 824 871 933 962 968 996
15 152 177 217 218 252 255 258 370 423 49 505 53 544 545 599 600 603 632 636 65 725 778 786 836 88 884 897 899 921 946 955 971 980
108 109 114 12 13 134 136 153 195 203 204 216 221 226 228 231 235 238 244 245 258 264 266 268 281 291 297 31 338 345 362 368 371 38 380 385 393 403 409 415 421 433 441 463 468 478 479 49 51 524 54 548 555 571 574 581 586 590 595 609 649 665 673 679 700 738 739 745 766 772 787 797 799 819 838 845 85 852 864 868 897 902 908 912 916 930 931 936 963 966 974 978 982 994 999
119 144 15 151 166 173 181 187 20 202 229 240 251 256 268 278 284 327 340 367 374 415 44 458 470 498 521 523 558 569 579 593 625 635 677 697 707 75 752 756 757 764 810 818 820 821 826 827 833 841 851 855 865 867 872 874 880 927 953 962 969 977
102 194 21 220 235 239 258 26 267 303 316 353 355 36 43 448 475 483 528 547 559 570 635 644 673 680 755 809 835 839 866 897 907 949 959 984
128 14 148 154 211 222 237 238 261 264 288 302 307 313 334 335 34 346 349 365 381 385 389 392 402 427 437 452 462 465 470 473 475 476 477 478 479 494 498 507 509 510 528 530 541 546 548 56 580 587 602 622 635 637 679 691 697 71 731 750 753 782 784 788 796 798 808 83 842 845 849 857 888 889 904 916 919 949 95 950 962 988
100 108 113 134 162 202 205 218 254 281 291 294 322 332 335 336 36 362 412 434 439 462 510 578 584 594 599 630 644 675 682 683 688 735 736 738 744 764 785 79 795 817 821 829 857 858 863 864 867 875 896 902 943
125 203 217 224 241 249 361 391 405 408 416 480 487 499 529 534 540 551 574 576 594 605 617 682 696 7 719 726 757 76 786 828 877 89 921 945 98 989
100 178 197 299 342 343 359 361 372 400 41 48 505 702 72 746 752 757 813 877 886 907 932 934 958
115 124 158 175 177 186 20 201 202 238 249 27 283 305 323 336 347 364 366 381 390 392 444 465 484 498 505 515 551 566 587 588 600 603 615 620 661 672 688 701 703 718 721 726 734 78 780 781 786 790 794 800 803 825 828 833 84 85 863 877 879 881 883 895 907 920 925 941 95 954 958 985
102 103 108 110 13 136 149 162 171 178 181 182 217 220 259 271 277 281 288 291 302 307 32 320 33 334 345 372 381 382 407 415 421 422 438 444 488 50 521 546 549 550 575 584 599 603 617 620 656 658 693 696 706 738 742 748 75 750 756 769 775 806 820 83 836 842 857 881 891 895 923 924 930 969 972 999
127 157 162 164 167 179 217 227 230 236 290 31 32 324 33 345 366 397 418 460 48 494 525 53 54 547 608 631 676 679 708 715 735 792 817 822 827 828 863 930 981
100 126 15 16 165 174 189 196 208 215 224 227 235 240 263 266 271 275 292 343 377 38 390 399 40 421 444 468 504 511 541 544 548 565 568 570 573 581 596 599 645 666 672 682 70 701 721 727 741 748 750 756 760 77 772 773 777 790 805 822 823 824 830 86 869 88 888 909 931 934 959 974 99 998 999
121 145 151 153 163 165 183 191 249 251 268 273 298 299 33 34 351 356 37 382 386 39 411 418 47 490 50 531 554 555 556 603 607 625 649 663 671 683 69 702 725 767 780 782 785 790 791 798 800 822 833 846 853 858 868 869 876 888 916 939 953 956 958 972 988 989
205 21 316 336 402 425 44 486 523 526 53 54 612 669 777 78 799 821 947 95
110 129 132 150 153 154 167 175 177 178 189 193 202 203 204 228 25 280 282 289 315 333 339 34 350 371 380 384 434 458 465 478 5 517 544 593 612 616 636 655 689 705 713 737 77 770 820 827 886 891 911 959 986 990 997
14 166 19 203 24 244 258 307 353 358 366 38 390 400 432 477 48 482 515 544 547 557 617 646 657 678 696 720 729 736 755 824 825 852 889 893 894 93
112 118 124 154 159 168 188 205 206 224 236 243 253 266 276 284 30 301 317 318 32 356 395 398 406 413 429 495 504 522 528 53 541 543 549 550 554 587 593 598 610 619 620 621 627 634 635 644 647 652 658 667 672 678 679 692 696 70 722 726 730 74 743 746 762 772 783 801 812 814 817 826 83 835 840 844 845 869 886 899 910 911 92 955
114 128 129 132 135 170 171 2 211 223 227 235 244 248 250 255 259 264 265 286 300 303 326 335 344 35 358 369 372 377 39 395 432 442 443 463 47 476 508 539 549 550 575 579 592 608 61 620 628 64 676 731 740 759 779 8 816 82 822 823 829 83 835 839 842 851 88 888 892 909 919 958 962 97 971 984 989 998
131 156 199 209 223 298 304 310 326 34 357 43 442 456 462 493 50 510 513 537 575 625 636 657 662 663 665 725 728 772 778 783 798 80 817 825 826 829 904 91 942 944 945 946 95
13 159 182 204 232 365 394 419 480 517 607 691 773 799 802 858 876 899 912 915 937
117 125 15 154 163 18 180 181 195 196 2 201 212 227 251 257 260 268 271 276 279 298 299 307 336 357 373 379 398 412 419 429 431 442 452 465 473 491 504 517 533 535 537 547 554 555 575 577 579 585 590 604 605 61 610 613 631 649 653 654 668 677 678 680 688 711 712 72 721 728 737 743 751 763 785 788 796 823 826 841 855 900 908 909 91 940 941 966 972 974 990
1 10 104 120 134 149 183 243 293 296 327 351 36 448 463 476 477 485 5 51 531 551 554 567 573 583 610 64 641 674 680 710 764 768 778 890 900 918 926 936 965 981 994
102 133 146 163 183 222 224 261 281 310 374 422 43 433 445 456 5 51 593 605 644 66 680 739 753 761 8 833 845 902 909 929 967 975 986 995
101 107 113 132 152 186 197 222 223 283 284 287 315 325 356 363 468 57 613 62 63 640 668 673 70 707 724 754 793 844 85 867 870 895 971 982 987
111 149 169 218 264 274 39 395 4 404 416 476 500 506 528 537 64 646 673 683 748 773 839 859 896 904 936
100 118 120 126 138 230 254 332 356 380 394 415 49 520 595 601 602 681 695 723 751 776 778 844 852 881 895 939 971 99
1000 101 110 129 137 159 166 186 189 215 223 228 236 238 240 241 245 253 254 28 289 295 348 357 361 365 368 385 390 392 395 400 422 433 434 437 44 450 467 477 488 494 513 550 563 571 602 613 634 648 651 654 657 672 676 682 690 698 723 724 731 746 752 760 810 859 889 904 911 919 925 931 947 949 950 957
102 108 114 124 144 147 157 165 172 181 182 218 230 255 30 309 320 332 345 346 365 367 369 374 4 435 449 479 537 54 542 573 638 702 707 728 737 738 744 745 757 764 771 791 793 796 800 835 850 858 862 864 896 982
1000 114 118 126 132 195 211 228 240 255 283 291 295 304 319 351 366 41 413 416 419 434 446 454 460 463 510 518 52 540 541 545 581 591 6 608 61 627 634 658 667 67 7 712 715 718 755 765 790 819 827 866 894 901 91 919 92 920 934 939 965 983 994
124 157 201 303 314 353 354 377 412 414 521 743 750 755 777 792 848 869 92 928 935 950
167 212 330 339 388 4 400 417 481 50 505 524 564 577 614 618 631 660 681 725 739 744 746 749 8 885 986 996
