111 15 178 240 253 289 327 363 371 38 391 418 472 5 555 582 621 642 680 707 712 73 748 791 816 836 880 884 89 909 927 932 94 950 961 971
106 135 137 151 201 399 485 505 588 598 628 629 648 677 681 711 754 803 834 838 841 844 867 915
106 119 130 160 215 240 312 341 354 360 479 50 509 577 644 683 732 737 758 779 819 835 865 888 924
144 195 311 392 434 483 49 5 53 619 630 694 757 76 790 810 828
103 223 240 472 484 57 571 577 629 708 819 996
129 146 155 16 187 189 191 221 240 244 284 296 320 331 335 374 407 429 450 452 474 536 550 598 639 640 68 693 707 743 795 88 920 922 936 938 942 945 953 961 962 964 968 981 989 99 990
119 161 189 229 236 281 319 336 338 339 415 437 463 472 483 529 57 577 58 627 635 646 65 670 68 685 708 743 755 768 784 827 850 851 853 889 900 906 92 961 973 980 986 994 997 998
119 16 163 218 240 333 415 518 54 617 797 803 819
152 16 171 187 191 31 411 415 514 518 533 57 581 601 675 760 761 840 950 987
131 148 264 345 415 42 456 473 68 709 787 810 934
122 136 143 149 154 17 191 272 274 339 353 366 385 408 435 439 464 506 52 56 562 580 598 646 750 775 786 818 934 956
1000 107 120 129 178 187 188 189 191 228 24 252 264 271 33 362 366 388 397 415 421 446 463 464 472 5 582 600 668 708 712 758 779 782 783 790 813 866 867 893 895 929 933 983 984 987
105 165 319 366 499 529 554 565 568 772 788 802 811
10 119 125 129 144 18 183 187 189 2 297 312 326 334 369 38 381 382 465 483 504 526 542 560 658 680 682 685 690 695 710 729 769 777 779 819 832 855 889 901 912 957 966 991
129 137 150 16 189 19 246 252 255 269 288 306 310 34 365 390 399 435 463 518 537 538 544 604 613 621 64 68 707 708 714 74 758 790 837 839 886 916 919 923 954 961 977 978 99 991
125 137 17 185 19 199 252 283 366 367 617 700 712 723 99
139 151 173 176 252 276 314 423 598 663 673 719 75 784 790 819 844
129 136 140 151 154 17 172 178 226 252 273 329 339 361 393 394 413 495 518 526 528 550 56 565 57 583 59 590 598 629 69 696 708 735 784 851 856 869 931 953 96 963 967 97 973 976 988 999
1 116 125 154 181 222 227 237 25 306 329 349 352 358 386 396 408 563 565 577 67 685 722 726 742 792 810 888 944 953 971
112 162 282 30 435 518 523 526 569 575 582 586 617 629 778 784 980 991
106 11 113 134 144 17 174 178 19 219 241 252 266 319 340 366 38 400 402 408 417 435 46 477 582 63 662 685 790 808 84 889 934 950 951 955 975 982 987 988 99
101 106 154 17 177 203 306 329 366 374 444 46 526 535 551 57 59 646 707 742 759 764 796 871 89 980
128 178 187 202 230 254 312 342 343 356 381 598 647 685 71 810 820 912 991
295 345 35 37 39 574 591 599 702 790 887 912
129 137 144 154 178 189 217 350 372 376 41 419 435 507 544 552 576 588 625 629 631 661 671 724 758 873 888 889 902 908 917 950 953 961 970 993
144 166 178 225 234 263 270 316 38 405 428 448 508 529 544 55 603 623 646 675 708 713 742 757 793 810 844 845 85 878 89 950 953 964 973 991 993 996
136 137 16 191 204 38 40 47 496 617 707 712 768 819 879 888 954 993
111 126 13 14 193 239 240 256 302 366 375 381 408 412 442 483 489 512 544 582 61 614 621 666 68 730 746 780 790 801 803 81 896 926 954 988 993
115 3 339 359 374 381 395 404 415 425 46 483 565 577 59 629 646 68 680 7 712 739 742 875 887 888 891 920 947 95 954 980 99
119 136 247 255 308 329 408 617 624 656
144 180 259 264 280 328 339 379 409 464 471 541 582 617 680 707 717 742 762 768 779 887 890 940 964 971 996
159 205 317 32 383 588 622 660 675 687 757 779 799 809 810 872 988 99 993
111 125 170 20 207 264 287 299 378 403 410 463 501 510 524 531 56 573 59 594 643 649 669 676 708 768 776 784 804 829 830 849 862 870 874 887 899 912 941 964 969 973
108 169 187 212 216 255 286 313 332 345 347 381 424 447 45 46 464 475 478 5 526 545 566 579 629 678 763 781 844 851 863 867 882 887 918 939 960 973 980
111 16 260 262 435 5 519 526 557 593 596 610 685 705 844 857 883 885 912 934 988 996
123 278 312 351 441 472 62 757 912 987
151 157 200 245 303 309 312 329 374 38 381 399 422 454 470 490 502 518 529 636 645 680 686 691 727 731 768 82 823 851 860 867 892 910 925 946 950 958 959 965 971 979 985 993 995 996
138 164 178 252 285 366 389 472 529 544 57 585 615 66 70 756 784 803 83 89 971
145 154 158 190 208 240 323 458 483 529 621 68 712 744 752 80 920 987
136 191 27 319 348 374 463 5 56 565 592 602 617 699 740 779 987 996
111 12 22 267 399 464 553 60 634 655 758 888 889
168 19 255 265 415 420 43 468 577 609 701 742 785 803 89
129 167 19 206 220 255 294 306 345 406 408 427 435 453 46 472 483 498 526 556 577 59 646 685 703 743 757 771 800 854 861 864 888 889 914 920 928 961
110 129 151 154 16 189 261 322 345 435 445 516 56 57 638 672 698 749 758 819 846 858 86 898 90 920 953
111 119 137 156 198 242 250 264 268 275 28 301 304 305 307 430 463 464 518 529 532 570 595 675 741 742 743 751 779 949 980 987
102 104 106 187 339 488 503 747 851 91 988
121 136 224 318 36 368 399 426 451 46 815 851 867 973
211 292 298 370 415 449 481 491 497 539 56 588 606 612 632 652 757 790 806 877 887 903 921 964
109 111 136 151 197 258 264 324 381 384 414 466 480 483 559 56 582 618 621 651 68 680 718 743 753 779 784 819 851 954 973 99 996
132 137 142 144 151 17 19 231 243 257 29 293 306 321 38 408 436 440 443 487 500 522 527 550 572 582 587 588 621 646 657 659 674 675 684 692 738 768 826 876 894 911 93 934 950 973 992
111 187 191 192 194 232 251 26 306 319 339 374 469 476 511 548 550 558 59 6 616 667 675 680 704 712 774 920 954 993
106 144 17 209 248 329 330 345 374 399 408 431 438 459 472 520 526 529 534 550 561 565 59 679 742 758 768 794 817 825 831 844 851 881 888 89 904 934 937 964 98 980 988
119 125 196 235 252 312 319 345 399 46 462 48 544 57 584 588 637 664 675 688 798 821 844 935 953 991
125 141 153 16 213 460 540 544 565 605 621 708 733 77 803 843 859 867 89
127 136 175 184 19 249 306 329 345 380 398 399 467 494 550 564 567 59 608 617 697 734 745 87 887 930 952 971 991
100 114 19 306 312 344 355 525 549 565 689 766 805 807 953 99
117 151 214 240 325 457 492 588 641 665 743 78 954 971 991
119 147 238 300 373 401 463 521 530 589 598 620 653 712 72 720 728 758 770 803 810 844 847 912 913 920 943 948 950 996
118 233 432 464 482 543 607 654 721 789 867 889 980
124 186 255 277 290 433 5 598 646 784 79 912 964 971 988
125 137 210 264 377 416 455 46 461 463 51 517 597 633 707 715 736 765 768 824 833 852 89
23 264 291 364 550 577 611 629 743 964
133 255 312 319 337 387 486 513 518 546 707 716 743 767 814 822 842 848 9 905 961 987
106 125 279 329 339 381 4 464 578 626 757 773 920 934 961 993
106 17 179 182 191 255 315 357 374 38 44 493 5 547 56 588 621 650 680 685 725 8 803 810 812 867 868 887 889 897 907 934 954 972 974
154 189 21 319 346 515 544 550 675 706 757
