121 125 130 14 141 18 180 184 214 295 299 317 320 324 344 348 377 379 38 399 403 408 427 481 483 485 49 492 506 522 562 593 6 613 641 655 663 679 707 711 715 73 730 736 737 748 750 757 764 767 783 799 827 829 856 857 867 876 882 903 908 913 919 959 960 968 976 985 986 991 998 
10 179 25 281 332 346 370 375 412 415 42 445 468 523 529 577 605 607 618 631 636 637 679 706 719 721 722 729 73 733 749 760 765 796 8 83 835 877 88 89 891 904 91 916 944 959 983 987
12 127 180 194 231 250 269 320 347 355 357 365 366 380 386 518 541 572 575 578 582 585 589 608 622 648 670 675 699 747 752 765 788 79 815 842 851 859 869 895 902 923 93 951 952 957 959 968 974 985 993
141 154 16 167 199 214 24 343 353 377 380 414 443 455 51 517 524 530 575 638 646 675 689 719 729 757 788 826 867 873 876 964 985 991
128 179 245 37 415 436 480 491 533 577 578 600 652 675 706 707 715 719 737 752 89 904 91 926
104 119 12 125 140 16 167 21 212 214 230 240 244 267 278 288 292 299 328 356 358 377 381 384 397 400 408 412 416 42 431 435 465 469 475 484 490 510 532 545 567 577 604 606 612 616 622 624 628 63 647 648 652 654 656 660 671 675 676 68 69 704 707 709 721 729 752 757 768 783 786 811 817 835 836 850 877 89 890 904 910 922 93 932 944 953 959 967 968 971 983 986 997
100 113 115 117 125 127 128 132 16 166 167 17 174 216 229 236 246 263 30 314 318 319 32 326 376 380 381 386 4 407 41 411 412 420 421 426 446 45 450 472 493 499 500 504 509 529 573 577 583 617 622 623 624 648 653 656 668 675 679 688 706 715 719 721 73 732 737 750 767 789 799 830 832 841 876 89 892 897 904 907 93 931 949 950 955 968 977 978 983 986 99 999
108 125 141 146 20 210 23 34 349 481 487 556 583 585 600 607 612 71 723 750 783 797 799 828 836 861 944
1 102 110 114 125 134 229 248 381 386 422 455 467 481 504 540 569 575 601 609 659 662 714 715 721 729 746 749 768 784 837 84 867 910 915 93 938 94 963 984
12 2 214 254 28 320 329 367 373 391 404 42 433 567 583 600 624 625 648 679 703 8 858 937 953 977 983
11 12 120 127 147 183 187 204 209 228 258 266 313 315 34 37 373 376 377 39 393 440 459 467 496 504 51 516 529 542 549 598 6 60 603 610 639 661 679 684 692 720 721 729 766 769 786 790 795 84 877 885 887 921 922 961 965 977 983 989 991
107 12 129 135 137 149 165 179 189 208 227 229 239 268 301 311 319 322 34 37 373 376 383 388 396 402 410 415 418 42 466 481 482 498 5 529 553 567 57 575 577 579 585 591 613 624 64 656 665 667 70 714 715 73 740 75 752 768 786 793 799 8 804 805 808 821 838 839 84 841 849 863 867 868 884 89 909 912 917 93 943 944 946 95 953 96 964 968 977 985 991
178 180 262 327 374 412 415 451 502 521 529 578 584 6 612 619 672 716 752 757 768 782 846 864 911 98 985
125 128 16 160 167 170 19 195 224 249 251 264 275 29 296 299 31 319 320 334 34 37 377 380 381 412 424 448 449 455 470 474 476 477 48 504 507 539 54 548 561 578 588 595 599 6 607 613 615 656 669 675 696 70 702 707 716 721 728 737 749 750 757 759 762 765 766 768 771 788 798 80 800 81 814 820 867 870 876 877 894 91 910 922 949 964 966 968 996
103 124 138 141 143 157 163 180 186 196 205 224 225 229 234 238 261 29 294 299 308 33 333 339 34 340 352 359 364 373 376 380 40 412 415 417 457 458 464 47 481 486 489 494 50 51 53 534 559 563 567 577 585 59 596 6 607 61 613 622 633 644 680 691 693 697 719 725 737 752 755 757 761 766 779 781 785 799 824 834 84 845 865 898 910 934 939 949 953 959 962 972
173 206 224 274 287 298 342 373 380 394 408 42 425 439 467 471 478 567 578 600 614 714 719 749 765 766 787 877 935 964
136 172 175 179 223 232 255 265 272 284 309 371 415 430 455 555 571 612 613 624 70 757 772 774 775 783 8 810 862 91 92 920 947 991
101 118 125 127 128 141 150 164 168 190 198 219 22 221 237 26 260 271 277 29 312 320 321 34 351 376 378 382 386 408 455 456 495 505 514 536 537 567 575 576 581 586 594 600 607 621 624 648 65 652 656 658 664 706 716 717 72 724 73 749 752 765 767 780 786 8 803 807 812 835 84 841 860 871 893 896 90 904 910 922 927 93 930 940 948 949 953 956 959 964 977 979 981 983 985
106 122 141 151 161 200 213 224 285 335 37 376 377 392 395 419 42 429 447 529 565 575 583 585 590 597 600 613 622 626 630 648 651 666 675 679 685 700 707 719 737 738 74 745 750 763 768 773 778 799 809 831 836 84 85 867 876 899 936 942 983 991
142 180 224 256 302 320 35 354 362 368 373 455 462 51 535 600 652 657 673 695 721 729 734 749 783 844 883 904 91 910 928 97 970 973 977 986
12 125 128 131 133 16 192 197 214 222 224 242 243 280 282 29 305 316 330 350 369 377 380 381 386 408 409 415 438 444 454 467 479 504 51 513 515 525 566 567 570 574 58 580 583 611 612 613 620 629 648 649 652 675 679 694 714 715 716 719 750 757 767 783 786 788 792 818 836 84 841 852 853 854 855 87 91 922 925 958 968 986
111 112 127 128 15 153 155 162 214 229 257 27 276 286 299 319 341 37 408 42 423 46 512 527 528 529 568 583 6 652 687 706 726 729 73 731 749 752 767 777 822 841 867 876 877 89 91 922 933 949 953 982 986
144 171 188 214 270 290 361 389 398 467 501 51 567 585 6 613 627 652 679 707 714 735 76 766 77 783 786 794 806 835 843 89 922 944 964 968 975 986
193 299 303 319 37 380 412 467 504 51 546 557 648 656 698 705 707 715 716 767 768 791 799 836 877
1000 126 128 141 152 16 167 179 181 191 214 220 229 253 29 299 320 345 37 376 381 385 401 413 432 44 441 453 481 497 529 538 578 585 592 602 612 62 635 645 656 67 681 682 701 706 708 710 714 715 73 737 741 749 751 753 754 776 788 816 835 841 872 876 877 878 879 904 91 941 944 953
105 12 123 128 139 145 179 180 203 207 215 217 226 229 233 241 247 29 306 319 336 363 390 406 408 455 481 504 508 531 554 56 560 585 6 600 607 612 622 624 634 640 650 652 656 678 690 70 713 714 716 718 729 737 739 742 765 766 768 78 786 788 813 82 823 825 835 836 866 881 905 922 944 954 959 985
127 159 16 167 176 177 179 180 201 202 211 224 293 307 310 325 331 36 360 376 377 381 386 412 428 460 463 473 503 519 544 547 551 564 578 612 622 624 643 66 70 707 714 716 73 756 767 786 8 833 835 836 84 86 867 876 89 900 924 93 944 949 959 964 990 991 992 994 995
127 141 158 16 167 180 182 185 252 273 279 29 291 3 300 304 319 320 323 337 338 34 372 373 381 387 408 43 437 452 455 461 467 488 504 51 511 55 552 575 577 578 583 607 632 683 7 70 712 721 743 750 765 766 788 799 8 801 802 840 848 875 888 889 901 910 918 93 945 949 969 977 983 986 988
116 12 13 148 156 167 169 179 218 229 235 259 283 29 297 299 319 34 373 386 405 415 42 434 467 481 52 520 543 575 583 587 607 622 677 686 70 706 716 727 744 750 758 765 766 767 770 783 788 8 819 835 841 847 874 880 886 9 904 906 914 929 949 977 980 991
109 127 224 289 386 442 526 550 558 577 642 674 70 706 836 841 910 953 964 985
