1	102
1	689
1	765
1	904
1	947
2	261
2	347
2	973
2	992
3	44
3	292
3	516
3	891
4	616
4	704
4	721
4	939
4	996
5	147
5	839
5	973
5	979
6	349
6	469
6	585
6	888
7	273
7	916
7	926
7	976
8	69
8	613
8	779
8	875
8	947
9	204
9	747
9	838
9	975
10	591
10	655
10	795
10	877
11	447
11	587
11	772
11	973
12	574
12	732
12	798
12	906
13	556
13	672
13	929
13	932
14	410
14	666
14	776
14	943
14	991
15	453
15	825
15	912
15	913
16	312
16	687
16	924
16	981
17	114
17	394
17	670
17	935
18	721
18	857
18	910
18	992
19	469
19	762
19	834
19	943
19	965
20	656
20	766
20	889
20	984
21	297
21	579
21	781
21	829
21	991
22	87
22	535
22	741
22	985
23	330
23	455
23	952
23	962
24	646
24	750
24	826
24	963
25	68
25	663
25	962
25	991
26	101
26	418
26	483
26	902
27	370
27	745
27	844
27	876
28	169
28	370
28	455
28	952
28	965
29	562
29	656
29	848
29	998
30	59
30	753
30	921
30	944
31	617
31	820
31	957
31	996
32	713
32	735
32	819
32	974
33	538
33	699
33	945
33	993
34	78
34	575
34	830
34	998
35	268
35	602
35	842
35	966
36	566
36	653
36	675
36	962
37	316
37	626
37	902
37	999
38	221
38	657
38	924
38	946
39	124
39	712
39	955
39	966
40	449
40	650
40	664
40	881
41	57
41	59
41	852
41	942
42	246
42	271
42	962
42	998
43	283
43	729
43	874
43	974
44	3
44	662
44	671
44	996
45	518
45	688
45	993
45	997
46	287
46	510
46	921
46	974
47	107
47	238
47	939
47	961
48	638
48	696
48	988
48	999
49	150
49	353
49	960
49	981
50	141
50	223
50	674
50	785
51	503
51	653
51	836
51	996
51	999
52	90
52	93
52	413
52	959
53	684
53	811
53	942
53	996
54	515
54	596
54	675
54	974
55	308
55	399
55	614
55	853
55	965
55	991
56	192
56	513
56	888
56	930
57	41
57	570
57	614
57	815
57	965
58	665
58	733
58	951
58	991
58	997
59	30
59	41
59	663
59	913
60	879
60	907
60	934
60	978
60	991
61	441
61	529
61	606
61	785
62	108
62	403
62	869
62	992
63	891
63	897
63	949
63	980
64	253
64	272
64	422
64	684
65	595
65	816
65	854
65	977
66	796
66	914
66	991
66	998
67	217
67	377
67	666
67	960
68	25
68	321
68	665
68	930
69	8
69	345
69	603
69	965
70	263
70	681
70	830
70	961
71	82
71	308
71	777
71	888
72	695
72	783
72	936
72	976
73	105
73	542
73	824
73	923
74	466
74	883
74	918
74	1000
75	81
75	322
75	712
75	880
76	321
76	748
76	896
76	987
77	301
77	765
77	993
77	997
78	34
78	526
78	704
78	947
78	953
79	155
79	814
79	930
79	986
80	186
80	735
80	797
80	991
80	992
81	75
81	828
81	884
81	939
82	71
82	181
82	207
82	396
82	821
83	165
83	629
83	714
83	797
84	543
84	732
84	928
84	964
85	460
85	487
85	488
85	786
86	784
86	884
86	890
86	921
87	22
87	234
87	636
87	971
88	486
88	720
88	729
88	912
89	396
89	502
89	939
89	990
90	52
90	317
90	710
90	951
90	997
91	144
91	252
91	583
91	995
92	292
92	928
92	963
92	997
93	52
93	772
93	932
93	956
94	473
94	647
94	794
94	982
95	139
95	618
95	732
95	841
96	649
96	906
96	946
96	996
97	482
97	878
97	893
97	947
97	966
98	142
98	246
98	663
98	943
99	216
99	507
99	749
99	935
100	708
100	747
100	969
100	983
101	26
101	501
101	615
101	845
102	1
102	712
102	917
102	966
103	133
103	277
103	715
103	966
104	526
104	690
104	700
104	854
105	73
105	669
105	904
105	960
106	378
106	634
106	744
106	992
107	47
107	330
107	454
107	957
108	62
108	239
108	571
108	992
109	543
109	586
109	853
109	898
110	374
110	380
110	566
110	956
111	344
111	766
111	873
111	898
112	621
112	624
112	827
112	892
113	644
113	793
113	902
113	988
114	17
114	299
114	308
114	431
115	582
115	631
115	797
115	937
116	530
116	538
116	838
116	972
117	853
117	900
117	940
117	971
118	201
118	202
118	719
118	897
118	951
119	195
119	857
119	881
119	954
120	312
120	687
120	761
120	844
121	794
121	848
121	873
121	962
122	687
122	880
122	893
122	949
123	757
123	955
123	990
123	992
124	39
124	578
124	934
124	952
125	821
125	899
125	901
125	951
126	177
126	717
126	887
126	1000
127	284
127	325
127	368
127	385
128	168
128	200
128	429
128	1000
129	823
129	870
129	886
129	961
130	685
130	783
130	968
130	983
131	439
131	561
131	745
131	876
131	965
132	273
132	525
132	777
132	960
133	103
133	158
133	284
133	536
134	247
134	705
134	746
134	894
135	407
135	627
135	850
135	871
135	991
136	348
136	680
136	681
136	928
136	951
137	795
137	835
137	990
137	991
138	284
138	410
138	880
138	943
139	95
139	215
139	527
139	656
140	641
140	775
140	960
140	992
141	50
141	833
141	919
141	995
142	98
142	639
142	918
142	984
143	697
143	910
143	978
143	985
144	91
144	300
144	445
144	854
145	300
145	310
145	577
145	901
146	663
146	834
146	918
146	991
147	5
147	813
147	839
147	973
148	524
148	980
148	987
148	993
149	565
149	639
149	889
149	984
150	49
150	758
150	853
150	903
151	715
151	889
151	911
151	925
152	251
152	338
152	795
152	994
153	739
153	811
153	980
153	998
154	634
154	718
154	785
154	884
155	79
155	490
155	678
155	846
156	406
156	472
156	767
156	944
157	504
157	745
157	782
157	987
158	133
158	570
158	860
158	959
159	175
159	681
159	823
159	840
159	951
160	400
160	690
160	743
160	929
161	788
161	943
161	947
161	981
161	997
162	448
162	882
162	939
162	950
163	945
163	959
163	990
163	997
164	661
164	747
164	819
164	975
165	83
165	941
165	988
165	991
166	380
166	851
166	874
166	979
167	773
167	811
167	839
167	881
168	128
168	217
168	627
168	993
169	28
169	182
169	580
169	952
170	377
170	698
170	787
170	938
171	477
171	674
171	901
171	935
172	652
172	782
172	905
172	957
173	780
173	941
173	947
173	960
174	583
174	607
174	796
174	868
175	159
175	254
175	896
175	915
176	751
176	860
176	882
176	961
177	126
177	573
177	799
177	868
178	217
178	429
178	430
178	946
179	397
179	712
179	885
179	966
180	267
180	504
180	846
180	941
181	82
181	797
181	956
181	1000
182	169
182	421
182	547
182	622
183	261
183	358
183	698
183	908
184	397
184	733
184	888
184	928
185	364
185	691
185	941
185	956
186	80
186	266
186	428
186	751
187	403
187	466
187	862
187	989
188	780
188	901
188	924
188	991
189	551
189	749
189	870
189	998
190	268
190	608
190	916
190	971
191	668
191	747
191	836
191	975
192	56
192	265
192	721
192	940
193	764
193	897
193	909
193	973
194	604
194	693
194	882
194	926
195	119
195	688
195	993
195	997
196	483
196	788
196	795
196	964
197	264
197	493
197	594
197	897
198	424
198	511
198	946
198	982
199	805
199	831
199	942
199	970
200	128
200	869
200	880
200	980
201	118
201	286
201	857
201	991
202	118
202	599
202	993
202	997
203	383
203	730
203	977
203	982
204	9
204	469
204	958
204	969
205	224
205	578
205	829
205	853
206	217
206	425
206	857
206	869
207	82
207	732
207	754
207	989
208	544
208	625
208	833
208	995
209	569
209	890
209	903
209	924
210	390
210	737
210	771
210	828
211	238
211	454
211	476
211	955
212	592
212	628
212	840
212	976
213	287
213	848
213	950
213	998
214	224
214	259
214	684
214	721
215	139
215	529
215	942
215	944
216	99
216	502
216	681
216	731
217	67
217	168
217	178
217	206
218	806
218	846
218	941
218	973
219	586
219	685
219	835
219	988
220	760
220	763
220	784
220	854
221	38
221	812
221	834
221	901
222	355
222	460
222	468
222	783
223	50
223	410
223	993
223	999
224	205
224	214
224	664
224	739
225	738
225	933
225	953
225	958
226	417
226	757
226	800
226	815
227	282
227	549
227	614
227	716
228	693
228	793
228	919
228	926
229	682
229	945
229	992
229	998
230	390
230	504
230	755
230	864
230	919
231	407
231	419
231	817
231	922
231	924
232	450
232	544
232	833
232	981
232	995
233	908
233	930
233	935
233	964
233	985
234	87
234	682
234	832
234	895
234	909
235	838
235	845
235	924
235	940
235	952
236	296
236	510
236	762
236	803
236	911
237	272
237	920
237	933
237	952
237	990
238	47
238	211
238	859
238	975
238	986
239	108
239	608
239	818
239	969
239	983
240	260
240	315
240	388
240	806
240	809
241	358
241	790
241	865
241	924
241	952
242	493
242	734
242	876
242	928
242	935
243	393
243	923
243	949
243	957
243	994
244	443
244	874
244	944
244	948
244	950
245	547
245	660
245	974
245	983
245	993
246	42
246	98
246	430
246	886
246	895
246	947
246	951
247	134
247	738
247	873
247	915
247	971
248	366
248	527
248	837
248	893
248	962
248	996
249	568
249	623
249	700
249	753
249	993
250	535
250	634
250	710
250	908
250	936
251	152
251	383
251	498
251	546
251	812
252	91
252	549
252	910
252	916
252	928
253	64
253	947
253	964
253	967
253	985
253	991
254	175
254	686
254	774
254	868
254	929
255	640
255	755
255	889
255	956
255	984
256	905
256	923
256	957
256	962
256	994
257	447
257	489
257	930
257	982
257	999
258	572
258	741
258	935
258	946
258	952
259	214
259	796
259	803
259	821
259	930
259	947
259	958
259	974
260	240
260	504
260	806
260	809
260	987
261	2
261	183
261	446
261	804
261	938
262	908
262	910
262	915
262	925
262	998
263	70
263	586
263	696
263	964
263	975
264	197
264	271
264	280
264	790
264	915
265	192
265	451
265	789
265	927
265	971
266	186
266	502
266	554
266	694
266	969
267	180
267	406
267	733
267	863
267	953
268	35
268	190
268	839
268	916
268	961
269	395
269	415
269	842
269	961
269	976
270	624
270	893
270	964
270	980
270	998
271	42
271	264
271	309
271	965
271	966
271	992
272	64
272	237
272	397
272	876
272	984
273	7
273	132
273	754
273	755
273	871
274	279
274	576
274	700
274	848
274	950
275	801
275	930
275	974
275	983
275	996
276	730
276	887
276	916
276	955
276	977
277	103
277	678
277	753
277	845
277	922
278	481
278	619
278	741
278	950
278	985
279	274
279	283
279	439
279	564
279	641
280	264
280	690
280	911
280	926
280	999
281	327
281	547
281	609
281	928
281	945
282	227
282	286
282	503
282	553
282	994
283	43
283	279
283	674
283	863
283	933
284	127
284	133
284	138
284	672
284	750
285	456
285	827
285	849
285	892
285	985
286	201
286	282
286	801
286	952
286	993
287	46
287	213
287	818
287	869
287	999
288	658
288	775
288	859
288	876
288	951
288	991
289	561
289	756
289	846
289	928
289	941
290	697
290	902
290	954
290	966
290	998
291	392
291	829
291	937
291	962
291	1000
292	3
292	92
292	568
292	855
292	950
293	347
293	373
293	863
293	867
293	930
293	947
294	345
294	640
294	725
294	775
294	975
295	547
295	919
295	938
295	952
295	956
296	236
296	324
296	369
296	795
296	992
297	21
297	499
297	866
297	894
297	993
298	708
298	756
298	763
298	884
298	948
299	114
299	602
299	795
299	992
299	995
300	144
300	145
300	679
300	817
300	873
300	951
301	77
301	894
301	905
301	923
301	994
302	511
302	537
302	554
302	696
302	935
303	593
303	834
303	859
303	917
303	970
304	830
304	897
304	918
304	944
304	985
305	675
305	820
305	840
305	852
305	912
306	780
306	837
306	842
306	955
306	973
307	427
307	725
307	972
307	989
307	994
308	55
308	71
308	114
308	979
308	993
309	271
309	956
309	963
309	969
309	974
310	145
310	669
310	853
310	986
310	992
311	369
311	644
311	647
311	706
311	988
312	16
312	120
312	439
312	835
312	924
313	770
313	794
313	908
313	940
313	941
314	399
314	589
314	707
314	779
314	850
315	240
315	768
315	886
315	918
315	945
316	37
316	791
316	925
316	977
316	993
317	90
317	468
317	835
317	977
317	996
318	478
318	712
318	752
318	844
318	922
319	331
319	755
319	827
319	940
319	993
320	404
320	477
320	686
320	787
320	936
321	68
321	76
321	780
321	863
321	983
321	989
322	75
322	369
322	404
322	880
322	966
323	588
323	760
323	811
323	927
323	971
324	296
324	497
324	865
324	871
324	909
325	127
325	383
325	807
325	895
325	991
326	464
326	719
326	857
326	907
326	951
326	965
327	281
327	577
327	876
327	933
327	993
327	995
328	855
328	893
328	954
328	969
328	978
329	473
329	784
329	794
329	868
329	886
330	23
330	107
330	675
330	863
330	988
331	319
331	433
331	528
331	817
331	947
331	996
331	1000
332	627
332	776
332	865
332	933
332	991
333	417
333	543
333	597
333	741
333	966
334	681
334	836
334	948
334	969
334	974
334	989
335	596
335	847
335	919
335	938
335	998
336	639
336	822
336	892
336	913
336	924
337	576
337	796
337	810
337	841
337	894
338	152
338	425
338	581
338	671
338	860
339	650
339	825
339	897
339	965
339	988
339	991
340	563
340	845
340	974
340	991
340	996
341	440
341	571
341	602
341	962
341	969
341	976
341	996
342	843
342	877
342	883
342	925
342	980
343	556
343	891
343	932
343	967
343	999
344	111
344	643
344	648
344	823
344	980
345	69
345	294
345	855
345	889
345	964
346	405
346	441
346	600
346	723
346	960
347	2
347	293
347	611
347	627
347	978
348	136
348	410
348	654
348	867
348	986
349	6
349	759
349	781
349	886
349	892
349	983
350	705
350	799
350	866
350	878
350	901
351	625
351	854
351	949
351	958
351	965
352	702
352	717
352	751
352	825
352	973
353	49
353	704
353	740
353	766
353	917
354	414
354	519
354	940
354	977
354	980
355	222
355	662
355	758
355	769
355	968
356	740
356	894
356	917
356	949
356	977
357	555
357	676
357	694
357	767
357	889
358	183
358	241
358	753
358	834
358	922
358	995
359	436
359	856
359	896
359	953
359	955
360	415
360	680
360	722
360	774
360	976
361	395
361	505
361	677
361	762
361	880
362	430
362	844
362	876
362	891
362	952
362	995
363	758
363	863
363	907
363	962
363	997
364	185
364	610
364	737
364	851
364	874
365	377
365	590
365	679
365	875
365	1000
366	248
366	409
366	872
366	888
366	962
367	656
367	889
367	984
367	988
367	992
368	127
368	378
368	894
368	963
368	981
369	296
369	311
369	322
369	389
369	980
370	27
370	28
370	500
370	650
370	693
371	803
371	832
371	936
371	940
371	985
372	385
372	622
372	723
372	915
372	988
373	293
373	474
373	702
373	834
373	969
374	110
374	468
374	504
374	929
374	983
375	480
375	770
375	855
375	961
375	993
376	707
376	803
376	832
376	940
376	985
377	67
377	170
377	365
377	613
377	695
378	106
378	368
378	871
378	913
378	953
379	469
379	756
379	765
379	818
379	847
379	879
379	942
380	110
380	166
380	792
380	874
380	999
381	457
381	813
381	873
381	889
381	965
382	461
382	484
382	560
382	904
382	907
382	989
383	203
383	251
383	325
383	678
383	770
383	911
383	947
383	996
384	387
384	509
384	944
384	952
384	954
384	959
385	127
385	372
385	670
385	714
385	822
385	918
386	411
386	503
386	637
386	719
386	789
386	894
387	384
387	503
387	848
387	862
387	877
387	894
388	240
388	390
388	532
388	911
388	933
388	992
389	369
389	440
389	863
389	882
389	917
389	946
390	210
390	230
390	388
390	480
390	813
390	921
391	545
391	600
391	802
391	821
391	848
391	946
392	291
392	484
392	496
392	509
392	643
392	665
393	243
393	620
393	905
393	957
393	977
393	994
394	17
394	465
394	730
394	927
394	934
394	950
394	995
395	269
395	361
395	757
395	830
395	840
395	942
395	989
395	995
396	82
396	89
396	634
396	732
396	832
396	868
397	179
397	184
397	272
397	648
397	920
397	947
397	983
398	727
398	871
398	935
398	950
398	960
398	986
399	55
399	314
399	691
399	906
399	936
399	954
400	160
400	476
400	718
400	721
400	968
400	971
401	599
401	752
401	765
401	860
401	993
401	997
402	541
402	827
402	871
402	928
402	988
402	990
403	62
403	187
403	762
403	809
403	822
403	983
403	993
404	320
404	322
404	431
404	533
404	576
404	981
405	346
405	781
405	856
405	864
405	934
405	972
406	156
406	267
406	428
406	801
406	849
406	852
407	135
407	231
407	687
407	699
407	875
407	960
408	610
408	618
408	820
408	975
408	979
408	996
409	366
409	468
409	485
409	812
409	882
409	926
410	14
410	138
410	223
410	348
410	706
410	771
411	386
411	679
411	735
411	905
411	909
411	975
412	817
412	834
412	865
412	899
412	976
412	987
413	52
413	475
413	568
413	615
413	793
413	865
414	354
414	542
414	842
414	981
414	983
414	984
415	269
415	360
415	633
415	947
415	978
415	979
416	496
416	539
416	647
416	781
416	841
416	937
417	226
417	333
417	776
417	864
417	886
417	934
418	26
418	465
418	571
418	626
418	742
418	875
419	231
419	508
419	714
419	734
419	747
419	806
419	943
419	995
420	621
420	773
420	870
420	912
420	930
420	953
421	182
421	597
421	622
421	735
421	812
421	997
422	64
422	498
422	537
422	902
422	942
422	955
423	657
423	723
423	750
423	786
423	814
423	972
424	198
424	508
424	587
424	665
424	767
424	888
425	206
425	338
425	505
425	627
425	698
425	976
425	989
426	843
426	872
426	883
426	885
426	902
426	920
427	307
427	452
427	725
427	766
427	919
427	989
428	186
428	406
428	854
428	931
428	962
428	975
429	128
429	178
429	692
429	866
429	986
429	1000
430	178
430	246
430	362
430	526
430	909
430	957
431	114
431	404
431	597
431	675
431	901
431	964
432	630
432	789
432	863
432	914
432	927
432	971
433	331
433	439
433	516
433	559
433	834
433	940
434	538
434	561
434	606
434	644
434	793
434	988
435	774
435	831
435	870
435	920
435	942
435	983
435	989
436	359
436	515
436	714
436	861
436	974
436	981
437	669
437	715
437	867
437	914
437	921
437	965
437	968
438	642
438	739
438	808
438	934
438	951
438	955
439	131
439	279
439	312
439	433
439	757
439	995
440	341
440	389
440	826
440	859
440	901
440	953
441	61
441	346
441	483
441	722
441	744
441	954
442	519
442	790
442	814
442	846
442	923
442	974
443	244
443	851
443	874
443	948
443	980
443	985
444	517
444	818
444	920
444	933
444	969
444	983
445	144
445	622
445	648
445	902
445	944
445	985
446	261
446	564
446	818
446	874
446	945
446	947
446	956
447	11
447	257
447	489
447	511
447	639
447	982
448	162
448	670
448	774
448	895
448	919
448	972
449	40
449	643
449	731
449	845
449	952
449	956
450	232
450	544
450	748
450	833
450	955
450	995
451	265
451	588
451	789
451	927
451	971
451	973
452	427
452	546
452	873
452	910
452	951
452	997
453	15
453	500
453	798
453	906
453	912
453	1000
454	107
454	211
454	629
454	852
454	933
454	974
454	989
455	23
455	28
455	575
455	827
455	969
455	974
456	285
456	591
456	597
456	622
456	879
456	985
457	381
457	583
457	891
457	965
457	976
457	1000
458	756
458	803
458	815
458	931
458	934
458	936
458	979
459	551
459	683
459	900
459	905
459	948
459	991
460	85
460	222
460	590
460	781
460	810
460	848
461	382
461	676
461	826
461	901
461	944
461	990
462	507
462	808
462	867
462	872
462	936
462	948
462	952
462	993
463	753
463	784
463	911
463	912
463	927
463	928
464	326
464	578
464	614
464	878
464	953
464	990
465	394
465	418
465	529
465	738
465	864
465	995
466	74
466	187
466	472
466	818
466	907
466	974
467	848
467	867
467	911
467	931
467	933
467	985
468	222
468	317
468	374
468	409
468	764
468	853
469	6
469	19
469	204
469	379
469	819
469	972
470	490
470	496
470	936
470	951
470	987
470	992
471	767
471	770
471	966
471	967
471	973
471	993
471	996
472	156
472	466
472	861
472	898
472	975
472	983
473	94
473	329
473	552
473	724
473	794
473	801
474	373
474	633
474	692
474	871
474	931
474	985
474	996
475	413
475	505
475	559
475	623
475	840
475	988
475	995
476	211
476	400
476	630
476	885
476	987
476	997
477	171
477	320
477	646
477	686
477	852
477	992
478	318
478	661
478	687
478	736
478	752
478	932
479	623
479	707
479	737
479	893
479	992
479	997
480	375
480	390
480	682
480	895
480	967
480	972
481	278
481	488
481	575
481	701
481	897
481	990
482	97
482	703
482	861
482	906
482	949
482	976
483	26
483	196
483	441
483	539
483	794
483	933
484	382
484	392
484	771
484	781
484	862
484	916
485	409
485	779
485	867
485	868
485	997
485	998
486	88
486	591
486	720
486	750
486	811
486	912
487	85
487	855
487	921
487	925
487	941
487	989
487	997
487	999
488	85
488	481
488	589
488	770
488	921
488	930
488	979
489	257
489	447
489	540
489	881
489	910
489	968
489	982
490	155
490	470
490	522
490	636
490	858
490	927
490	951
490	992
491	539
491	685
491	729
491	833
491	852
491	871
491	981
492	593
492	600
492	717
492	897
492	922
492	970
492	980
493	197
493	242
493	691
493	787
493	929
493	963
493	994
494	536
494	699
494	800
494	849
494	915
494	933
494	943
495	604
495	669
495	735
495	754
495	777
495	926
495	973
496	392
496	416
496	470
496	683
496	883
496	917
496	973
497	324
497	542
497	791
497	824
497	957
497	994
497	1000
498	251
498	422
498	927
498	945
498	947
498	988
498	992
499	297
499	806
499	808
499	810
499	903
499	979
499	989
499	997
500	370
500	453
500	809
500	866
500	924
500	968
500	998
501	101
501	638
501	730
501	824
501	862
501	872
501	936
502	89
502	216
502	266
502	546
502	558
502	933
502	945
503	51
503	282
503	386
503	387
503	505
503	577
503	799
503	867
503	965
504	157
504	180
504	230
504	260
504	374
504	691
504	944
505	361
505	425
505	475
505	503
505	694
505	908
505	998
506	508
506	571
506	605
506	813
506	925
506	931
506	934
507	99
507	462
507	518
507	728
507	897
507	981
507	986
508	419
508	424
508	506
508	654
508	748
508	956
508	1000
509	384
509	392
509	784
509	848
509	851
509	970
509	975
510	46
510	236
510	582
510	754
510	838
510	939
510	974
511	198
511	302
511	447
511	661
511	918
511	977
511	982
512	702
512	743
512	786
512	793
512	860
512	864
512	878
513	56
513	655
513	714
513	749
513	924
513	991
513	995
514	571
514	682
514	929
514	946
514	993
514	995
514	996
515	54
515	436
515	670
515	689
515	691
515	715
515	972
516	3
516	433
516	577
516	612
516	948
516	962
516	988
517	444
517	708
517	818
517	884
517	907
517	969
517	983
518	45
518	507
518	598
518	834
518	873
518	888
518	933
519	354
519	442
519	821
519	942
519	955
519	962
519	969
519	981
520	739
520	748
520	843
520	912
520	918
520	945
520	958
521	697
521	783
521	817
521	911
521	951
521	975
521	986
521	991
522	490
522	603
522	710
522	716
522	777
522	908
522	939
523	575
523	625
523	805
523	872
523	912
523	989
523	992
523	993
524	148
524	761
524	956
524	987
524	997
524	998
524	999
525	132
525	589
525	726
525	838
525	904
525	948
525	960
526	78
526	104
526	430
526	771
526	927
526	983
526	1000
527	139
527	248
527	611
527	720
527	815
527	821
527	873
527	934
528	331
528	530
528	867
528	907
528	921
528	949
528	970
529	61
529	215
529	465
529	710
529	814
529	925
529	947
530	116
530	528
530	538
530	598
530	677
530	853
530	869
531	567
531	699
531	834
531	861
531	931
531	950
531	988
532	388
532	885
532	942
532	976
532	987
532	989
532	991
533	404
533	594
533	772
533	801
533	945
533	967
533	973
534	553
534	579
534	777
534	885
534	915
534	963
534	990
535	22
535	250
535	772
535	850
535	860
535	949
535	950
536	133
536	494
536	578
536	710
536	912
536	965
536	966
537	302
537	422
537	741
537	774
537	775
537	783
537	988
538	33
538	116
538	434
538	530
538	829
538	969
538	972
539	416
539	483
539	491
539	576
539	662
539	791
539	903
539	951
540	489
540	825
540	841
540	853
540	970
540	982
540	990
541	402
541	887
541	893
541	908
541	953
541	970
541	988
541	995
542	73
542	414
542	497
542	923
542	957
542	967
542	994
543	84
543	109
543	333
543	799
543	808
543	831
543	987
544	208
544	232
544	450
544	662
544	833
544	956
544	995
545	391
545	653
545	675
545	914
545	967
545	975
545	987
546	251
546	452
546	502
546	720
546	781
546	917
546	1000
547	182
547	245
547	281
547	295
547	836
547	898
547	998
548	615
548	652
548	796
548	805
548	828
548	854
548	935
549	227
549	252
549	662
549	764
549	768
549	873
549	922
549	954
549	996
550	641
550	825
550	897
550	934
550	936
550	949
550	986
551	189
551	459
551	584
551	667
551	849
551	901
551	973
552	473
552	691
552	709
552	871
552	924
552	965
552	991
553	282
553	534
553	903
553	960
553	965
553	991
553	992
554	266
554	302
554	814
554	891
554	911
554	965
554	991
555	357
555	671
555	700
555	835
555	895
555	965
555	967
556	13
556	343
556	908
556	914
556	932
556	963
556	967
557	607
557	793
557	854
557	869
557	930
557	964
557	988
558	502
558	655
558	706
558	770
558	835
558	892
558	967
559	433
559	475
559	631
559	706
559	867
559	910
559	967
559	969
560	382
560	684
560	859
560	909
560	924
560	934
560	941
560	988
561	131
561	289
561	434
561	654
561	678
561	760
561	849
561	941
562	29
562	606
562	655
562	701
562	886
562	922
562	930
562	965
563	340
563	612
563	652
563	824
563	905
563	923
563	957
563	994
564	279
564	446
564	588
564	689
564	810
564	900
564	922
564	945
565	149
565	640
565	680
565	711
565	799
565	841
565	878
565	880
566	36
566	110
566	567
566	791
566	797
566	900
566	931
566	953
567	531
567	566
567	750
567	852
567	964
567	970
567	972
567	978
568	249
568	292
568	413
568	727
568	795
568	809
568	842
568	932
569	209
569	663
569	798
569	906
569	954
569	956
569	969
569	975
570	57
570	158
570	652
570	824
570	905
570	923
570	957
570	994
571	108
571	341
571	418
571	506
571	514
571	874
571	995
571	997
572	258
572	672
572	827
572	925
572	970
572	976
572	984
572	997
573	177
573	699
573	714
573	881
573	926
573	969
573	980
573	990
574	12
574	733
574	847
574	892
574	895
574	975
574	984
574	986
574	989
575	34
575	455
575	481
575	523
575	696
575	740
575	806
575	848
575	948
576	274
576	337
576	404
576	539
576	632
576	782
576	894
576	966
577	145
577	327
577	503
577	516
577	589
577	678
577	689
577	811
578	124
578	205
578	464
578	536
578	589
578	694
578	747
578	961
579	21
579	534
579	650
579	748
579	876
579	936
579	938
579	965
580	169
580	643
580	881
580	892
580	924
580	955
580	967
580	971
581	338
581	696
581	813
581	821
581	951
581	969
581	979
582	115
582	510
582	627
582	631
582	700
582	905
582	976
582	999
583	91
583	174
583	457
583	856
583	870
583	892
583	896
583	914
584	551
584	596
584	737
584	801
584	858
584	913
584	984
584	999
585	6
585	668
585	715
585	777
585	825
585	872
585	893
585	935
586	109
586	219
586	263
586	703
586	764
586	903
586	908
586	986
587	11
587	424
587	739
587	740
587	879
587	895
587	952
587	986
588	323
588	451
588	564
588	630
588	789
588	927
588	971
588	993
589	314
589	488
589	525
589	577
589	578
589	651
589	782
589	957
590	365
590	460
590	737
590	840
590	847
590	869
590	946
590	954
591	10
591	456
591	486
591	667
591	759
591	895
591	970
591	978
591	989
592	212
592	600
592	811
592	916
592	937
592	943
592	965
592	970
593	303
593	492
593	619
593	718
593	730
593	817
593	970
593	980
594	197
594	533
594	761
594	847
594	921
594	931
594	959
594	987
595	65
595	722
595	816
595	842
595	886
595	915
595	949
595	959
596	54
596	335
596	584
596	709
596	831
596	847
596	896
596	909
597	333
597	421
597	431
597	456
597	622
597	838
597	902
597	945
598	518
598	530
598	669
598	727
598	797
598	917
598	920
598	956
599	202
599	401
599	688
599	765
599	790
599	834
599	993
599	997
600	346
600	391
600	492
600	592
600	855
600	913
600	989
600	994
600	995
601	718
601	763
601	810
601	811
601	859
601	884
601	890
601	947
602	35
602	299
602	341
602	713
602	780
602	881
602	955
602	987
603	69
603	522
603	645
603	659
603	662
603	850
603	920
603	944
604	194
604	495
604	616
604	693
604	754
604	804
604	926
604	985
605	506
605	609
605	645
605	865
605	907
605	942
605	945
605	980
606	61
606	434
606	562
606	707
606	798
606	859
606	861
606	885
607	174
607	557
607	679
607	721
607	748
607	861
607	912
607	979
608	190
608	239
608	793
608	872
608	931
608	952
608	963
608	977
609	281
609	605
609	659
609	731
609	777
609	786
609	934
609	971
610	364
610	408
610	617
610	618
610	820
610	847
610	977
610	996
611	347
611	527
611	643
611	892
611	970
611	980
611	989
611	996
612	516
612	563
612	761
612	779
612	855
612	902
612	962
612	968
613	8
613	377
613	800
613	954
613	974
613	982
613	986
613	999
614	55
614	57
614	227
614	464
614	657
614	804
614	953
614	979
615	101
615	413
615	548
615	627
615	790
615	840
615	903
615	999
616	4
616	604
616	693
616	754
616	810
616	904
616	926
616	969
617	31
617	610
617	618
617	805
617	820
617	852
617	874
617	996
618	95
618	408
618	610
618	617
618	816
618	820
618	977
618	996
619	278
619	593
619	626
619	694
619	788
619	826
619	922
619	966
620	393
620	824
620	874
620	905
620	923
620	957
620	970
620	994
621	112
621	420
621	787
621	808
621	925
621	942
621	966
621	973
622	182
622	372
622	421
622	445
622	456
622	597
622	669
622	982
622	985
623	249
623	475
623	479
623	663
623	743
623	751
623	758
623	846
623	941
624	112
624	270
624	742
624	832
624	846
624	850
624	901
624	909
624	940
625	208
625	351
625	523
625	869
625	958
625	965
626	37
626	418
626	619
626	743
626	814
626	908
626	916
626	946
626	971
626	999
627	135
627	168
627	332
627	347
627	425
627	582
627	615
627	839
627	896
627	987
628	212
628	742
628	903
628	931
628	934
628	942
628	947
628	990
628	999
629	83
629	454
629	635
629	722
629	802
629	879
629	946
629	955
629	963
630	432
630	476
630	588
630	741
630	789
630	891
630	927
630	971
630	1000
631	115
631	559
631	582
631	711
631	857
631	891
631	963
631	976
631	999
632	576
632	717
632	722
632	795
632	864
632	888
632	895
632	933
632	970
633	415
633	474
633	642
633	644
633	947
633	978
633	979
634	106
634	154
634	250
634	396
634	842
634	887
634	890
634	901
634	993
635	629
635	713
635	724
635	802
635	861
635	922
635	955
635	997
635	998
636	87
636	490
636	733
636	757
636	895
636	903
636	981
636	987
636	991
637	386
637	638
637	761
637	828
637	834
637	898
637	961
637	978
637	995
638	48
638	501
638	637
638	680
638	777
638	962
638	978
638	993
638	998
639	142
639	149
639	336
639	447
639	656
639	889
639	955
639	981
639	984
640	255
640	294
640	565
640	678
640	749
640	841
640	929
640	988
640	995
641	140
641	279
641	550
641	759
641	796
641	936
641	937
641	938
641	959
642	438
642	633
642	661
642	679
642	802
642	940
642	966
642	969
642	980
642	997
643	344
643	392
643	449
643	580
643	611
643	753
643	768
643	809
643	917
643	937
644	113
644	311
644	434
644	633
644	787
644	920
644	964
644	976
644	988
645	603
645	605
645	667
645	679
645	716
645	811
645	855
645	878
645	990
646	24
646	477
646	769
646	783
646	846
646	856
646	916
646	950
646	982
647	94
647	311
647	416
647	719
647	773
647	806
647	965
647	984
647	992
648	344
648	397
648	445
648	649
648	681
648	767
648	854
648	880
648	990
649	96
649	648
649	711
649	844
649	903
649	906
649	946
649	968
649	972
650	40
650	339
650	370
650	579
650	664
650	822
650	898
650	921
650	973
651	589
651	682
651	768
651	799
651	841
651	919
651	950
651	966
651	970
652	172
652	548
652	563
652	570
652	658
652	905
652	923
652	957
652	994
653	36
653	51
653	545
653	700
653	772
653	872
653	924
653	952
653	996
654	348
654	508
654	561
654	720
654	795
654	829
654	839
654	933
654	940
655	10
655	513
655	558
655	562
655	707
655	810
655	853
655	917
655	956
656	20
656	29
656	139
656	367
656	639
656	682
656	889
656	916
656	984
657	38
657	423
657	614
657	686
657	872
657	948
657	949
657	968
657	1000
658	288
658	652
658	686
658	770
658	788
658	926
658	977
658	989
658	992
658	997
659	603
659	609
659	672
659	779
659	843
659	897
659	932
659	948
659	950
659	981
660	245
660	703
660	704
660	756
660	761
660	906
660	914
660	929
660	959
661	164
661	478
661	511
661	642
661	908
661	932
661	943
661	981
661	982
661	983
661	996
662	44
662	355
662	539
662	544
662	549
662	603
662	796
662	869
662	908
663	25
663	59
663	98
663	146
663	569
663	623
663	808
663	928
663	945
664	40
664	224
664	650
664	687
664	769
664	804
664	865
664	908
664	927
664	974
665	58
665	68
665	392
665	424
665	729
665	856
665	897
665	936
665	975
666	14
666	67
666	701
666	904
666	937
666	938
666	978
666	987
666	990
667	551
667	591
667	645
667	755
667	783
667	831
667	847
667	874
667	896
668	191
668	585
668	706
668	747
668	805
668	834
668	913
668	921
668	956
668	975
669	105
669	310
669	437
669	495
669	598
669	622
669	799
669	877
669	933
669	984
670	17
670	385
670	448
670	515
670	683
670	790
670	856
670	878
670	960
670	992
671	44
671	338
671	555
671	745
671	757
671	791
671	825
671	932
671	935
671	995
672	13
672	284
672	572
672	659
672	807
672	830
672	943
672	956
672	974
672	999
673	742
673	770
673	776
673	794
673	806
673	873
673	891
673	924
673	942
673	964
674	50
674	171
674	283
674	700
674	757
674	771
674	838
674	930
674	953
674	962
675	36
675	54
675	305
675	330
675	431
675	545
675	703
675	787
675	865
675	939
676	357
676	461
676	899
676	901
676	949
676	967
676	977
676	978
676	986
676	990
677	361
677	530
677	684
677	732
677	752
677	765
677	809
677	887
677	971
677	984
678	155
678	277
678	383
678	561
678	577
678	640
678	743
678	846
678	938
678	941
679	300
679	365
679	411
679	607
679	642
679	645
679	759
679	895
679	967
679	972
680	136
680	360
680	565
680	638
680	686
680	925
680	948
680	949
680	980
680	1000
681	70
681	136
681	159
681	216
681	334
681	648
681	757
681	813
681	851
681	998
682	229
682	234
682	480
682	514
682	651
682	656
682	709
682	883
682	903
682	974
682	989
683	459
683	496
683	670
683	872
683	875
683	944
683	948
683	949
683	959
683	991
684	53
684	64
684	214
684	560
684	677
684	733
684	866
684	876
684	928
684	999
685	130
685	219
685	491
685	712
685	745
685	880
685	954
685	979
685	990
685	993
686	254
686	320
686	477
686	657
686	658
686	680
686	839
686	844
686	918
686	984
687	16
687	120
687	122
687	407
687	478
687	664
687	878
687	918
687	924
687	964
688	45
688	195
688	599
688	765
688	915
688	921
688	959
688	963
688	993
688	997
689	1
689	515
689	564
689	577
689	701
689	873
689	932
689	938
689	941
689	956
690	104
690	160
690	280
690	726
690	731
690	853
690	854
690	898
690	942
690	981
691	185
691	399
691	493
691	504
691	515
691	552
691	814
691	896
691	981
691	989
691	996
692	429
692	474
692	746
692	851
692	922
692	935
692	972
692	980
692	986
692	987
693	194
693	228
693	370
693	604
693	616
693	754
693	954
693	971
693	973
693	979
694	266
694	357
694	505
694	578
694	619
694	778
694	786
694	948
694	949
694	958
695	72
695	377
695	907
695	930
695	932
695	940
695	946
695	969
695	979
695	989
696	48
696	263
696	302
696	575
696	581
696	750
696	821
696	896
696	924
696	951
697	143
697	290
697	521
697	700
697	742
697	885
697	946
697	954
697	985
697	990
698	170
698	183
698	425
698	767
698	807
698	883
698	939
698	943
698	974
698	983
699	33
699	407
699	494
699	531
699	573
699	791
699	792
699	870
699	960
699	981
700	104
700	249
700	274
700	555
700	582
700	653
700	674
700	697
700	895
700	942
700	983
701	481
701	562
701	666
701	689
701	705
701	711
701	741
701	773
701	910
701	976
702	352
702	373
702	512
702	725
702	755
702	791
702	800
702	809
702	866
702	984
703	482
703	586
703	660
703	675
703	723
703	787
703	868
703	929
703	939
703	976
704	4
704	78
704	353
704	660
704	723
704	864
704	874
704	970
704	980
704	984
705	134
705	350
705	701
705	823
705	847
705	927
705	931
705	939
705	948
705	986
706	311
706	410
706	558
706	559
706	668
706	768
706	805
706	920
706	972
706	995
707	314
707	376
707	479
707	606
707	655
707	791
707	847
707	865
707	932
707	951
708	100
708	298
708	517
708	818
708	956
708	969
708	983
708	985
708	986
708	993
709	552
709	596
709	682
709	723
709	808
709	842
709	895
709	944
709	970
709	976
710	90
710	250
710	522
710	529
710	536
710	771
710	792
710	908
710	910
710	981
711	565
711	631
711	649
711	701
711	798
711	883
711	890
711	923
711	930
711	939
711	970
712	39
712	75
712	102
712	179
712	318
712	685
712	837
712	880
712	896
712	963
712	966
713	32
713	602
713	635
713	733
713	816
713	890
713	911
713	958
713	975
713	978
713	988
714	83
714	385
714	419
714	436
714	513
714	573
714	737
714	881
714	913
714	943
714	956
715	103
715	151
715	437
715	515
715	585
715	722
715	828
715	843
715	883
715	938
715	949
716	227
716	522
716	645
716	738
716	775
716	932
716	954
716	962
716	971
716	997
716	998
717	126
717	352
717	492
717	632
717	860
717	896
717	908
717	914
717	937
717	971
717	997
718	154
718	400
718	593
718	601
718	763
718	881
718	885
718	890
718	968
718	983
718	990
719	118
719	326
719	386
719	647
719	843
719	848
719	857
719	859
719	941
719	963
719	982
720	88
720	486
720	527
720	546
720	654
720	758
720	855
720	876
720	912
720	994
720	1000
721	4
721	18
721	192
721	214
721	400
721	607
721	764
721	941
721	949
721	954
721	968
722	360
722	441
722	595
722	629
722	632
722	715
722	916
722	944
722	952
722	965
722	995
723	346
723	372
723	423
723	703
723	704
723	709
723	751
723	814
723	896
723	937
723	973
724	473
724	635
724	752
724	792
724	852
724	933
724	948
724	992
724	996
724	997
724	998
725	294
725	307
725	427
725	702
725	756
725	922
725	946
725	960
725	969
725	972
725	989
726	525
726	690
726	778
726	822
726	852
726	855
726	877
726	950
726	958
726	978
726	999
727	398
727	568
727	598
727	733
727	780
727	814
727	833
727	876
727	893
727	912
727	966
728	507
728	768
728	793
728	805
728	831
728	886
728	912
728	933
728	970
728	985
728	987
729	43
729	88
729	491
729	665
729	762
729	918
729	955
729	967
729	971
729	996
729	998
730	203
730	276
730	394
730	501
730	593
730	788
730	821
730	883
730	908
730	927
730	964
731	216
731	449
731	609
731	690
731	785
731	862
731	898
731	912
731	968
731	979
731	981
732	12
732	84
732	95
732	207
732	396
732	677
732	798
732	879
732	906
732	996
732	998
733	58
733	184
733	267
733	574
733	636
733	684
733	713
733	727
733	907
733	953
733	989
734	242
734	419
734	738
734	801
734	903
734	911
734	918
734	924
734	945
734	964
734	1000
735	32
735	80
735	411
735	421
735	495
735	759
735	783
735	867
735	870
735	956
735	972
736	478
736	774
736	787
736	788
736	818
736	889
736	910
736	931
736	944
736	980
736	995
736	996
737	210
737	364
737	479
737	584
737	590
737	714
737	850
737	883
737	939
737	959
737	993
738	225
738	247
738	465
738	716
738	734
738	823
738	829
738	929
738	939
738	972
738	983
739	153
739	224
739	438
739	520
739	587
739	744
739	798
739	807
739	920
739	980
739	990
740	353
740	356
740	575
740	587
740	749
740	816
740	858
740	861
740	928
740	935
740	996
741	22
741	258
741	278
741	333
741	537
741	630
741	701
741	807
741	811
741	899
741	978
742	418
742	624
742	628
742	673
742	697
742	787
742	833
742	876
742	919
742	965
742	984
743	160
743	512
743	623
743	626
743	678
743	792
743	846
743	869
743	898
743	941
743	991
744	106
744	441
744	739
744	826
744	840
744	856
744	888
744	912
744	941
744	951
744	984
745	27
745	131
745	157
745	671
745	685
745	795
745	877
745	899
745	932
745	944
745	969
745	984
746	134
746	692
746	747
746	750
746	776
746	802
746	937
746	941
746	966
746	969
746	993
746	1000
747	9
747	100
747	164
747	191
747	419
747	578
747	668
747	746
747	975
747	976
747	986
747	998
748	76
748	450
748	508
748	520
748	579
748	607
748	749
748	802
748	866
748	963
748	967
748	982
749	99
749	189
749	513
749	640
749	740
749	748
749	771
749	812
749	819
749	891
749	899
749	998
750	24
750	284
750	423
750	486
750	567
750	696
750	746
750	782
750	839
750	946
750	996
750	998
751	176
751	186
751	352
751	623
751	723
751	829
751	866
751	903
751	916
751	971
751	975
751	982
752	318
752	401
752	478
752	677
752	724
752	785
752	833
752	865
752	872
752	877
752	922
752	973
753	30
753	249
753	277
753	358
753	463
753	643
753	775
753	859
753	862
753	931
753	933
753	972
754	207
754	273
754	495
754	510
754	604
754	616
754	693
754	799
754	904
754	914
754	926
754	943
755	230
755	255
755	273
755	319
755	667
755	702
755	794
755	806
755	829
755	850
755	887
755	962
755	963
756	289
756	298
756	379
756	458
756	660
756	725
756	788
756	940
756	949
756	994
756	997
756	999
757	123
757	226
757	395
757	439
757	636
757	671
757	674
757	681
757	761
757	857
757	915
757	930
758	150
758	355
758	363
758	623
758	720
758	778
758	870
758	873
758	879
758	943
758	978
758	989
759	349
759	591
759	641
759	679
759	735
759	823
759	832
759	899
759	945
759	947
759	949
759	982
760	220
760	323
760	561
760	782
760	786
760	823
760	840
760	893
760	932
760	943
760	961
760	987
761	120
761	524
761	594
761	612
761	637
761	660
761	757
761	786
761	796
761	934
761	948
761	982
762	19
762	236
762	361
762	403
762	729
762	820
762	857
762	915
762	946
762	973
762	998
762	999
763	220
763	298
763	601
763	718
763	784
763	828
763	884
763	890
763	968
763	970
763	988
763	990
764	193
764	468
764	549
764	586
764	721
764	807
764	810
764	824
764	874
764	932
764	962
764	975
765	1
765	77
765	379
765	401
765	599
765	677
765	688
765	800
765	837
765	974
765	993
765	997
766	20
766	111
766	353
766	427
766	788
766	887
766	916
766	924
766	932
766	960
766	994
766	995
767	156
767	357
767	424
767	471
767	648
767	698
767	890
767	900
767	934
767	940
767	980
767	989
768	315
768	549
768	643
768	651
768	706
768	728
768	784
768	845
768	914
768	918
768	945
768	986
769	355
769	646
769	664
769	815
769	850
769	864
769	909
769	928
769	956
769	964
769	981
769	986
770	313
770	375
770	383
770	471
770	488
770	558
770	658
770	673
770	812
770	849
770	941
770	985
771	210
771	410
771	484
771	526
771	674
771	710
771	749
771	929
771	953
771	982
771	988
771	993
772	11
772	93
772	533
772	535
772	653
772	791
772	808
772	841
772	861
772	920
772	970
772	973
773	167
773	420
773	647
773	701
773	785
773	919
773	940
773	968
773	972
773	983
773	985
773	992
773	995
774	254
774	360
774	435
774	448
774	537
774	736
774	862
774	878
774	896
774	898
774	956
774	959
774	975
775	140
775	288
775	294
775	537
775	716
775	753
775	881
775	906
775	921
775	954
775	972
775	978
775	980
776	14
776	332
776	417
776	673
776	746
776	813
776	820
776	864
776	909
776	934
776	960
776	961
776	987
777	71
777	132
777	495
777	522
777	534
777	585
777	609
777	638
777	779
777	812
777	887
777	906
777	989
778	694
778	726
778	758
778	842
778	844
778	858
778	862
778	918
778	949
778	959
778	964
778	973
778	977
779	8
779	314
779	485
779	612
779	659
779	777
779	830
779	870
779	886
779	959
779	962
779	973
779	986
780	173
780	188
780	306
780	321
780	602
780	727
780	841
780	909
780	931
780	964
780	975
780	982
780	993
781	21
781	349
781	405
781	416
781	460
781	484
781	546
781	895
781	904
781	957
781	966
781	982
781	988
782	157
782	172
782	576
782	589
782	750
782	760
782	807
782	828
782	847
782	852
782	962
782	984
782	992
783	72
783	130
783	222
783	521
783	537
783	646
783	667
783	735
783	857
783	873
783	925
783	979
783	985
784	86
784	220
784	329
784	463
784	509
784	763
784	768
784	866
784	884
784	890
784	900
784	929
784	956
785	50
785	61
785	154
785	731
785	752
785	773
785	877
785	926
785	937
785	970
785	975
785	987
785	997
786	85
786	423
786	512
786	609
786	694
786	760
786	761
786	812
786	847
786	871
786	933
786	987
786	991
787	170
787	320
787	493
787	621
787	644
787	675
787	703
787	736
787	742
787	823
787	941
787	978
787	997
788	161
788	196
788	619
788	658
788	730
788	736
788	756
788	766
788	850
788	909
788	915
788	921
788	944
789	265
789	386
789	432
789	451
789	588
789	630
789	884
789	912
789	927
789	963
789	971
789	980
789	1000
790	241
790	264
790	442
790	599
790	615
790	670
790	813
790	898
790	922
790	959
790	968
790	979
790	999
791	316
791	497
791	539
791	566
791	671
791	699
791	702
791	707
791	772
791	891
791	900
791	960
791	978
792	380
792	699
792	710
792	724
792	743
792	812
792	831
792	869
792	888
792	907
792	967
792	971
792	987
793	113
793	228
793	413
793	434
793	512
793	557
793	608
793	728
793	872
793	965
793	984
793	988
793	997
794	94
794	121
794	313
794	329
794	473
794	483
794	673
794	755
794	796
794	822
794	856
794	906
794	959
795	10
795	137
795	152
795	196
795	296
795	299
795	568
795	632
795	654
795	745
795	866
795	981
795	992
796	66
796	174
796	259
796	337
796	548
796	641
796	662
796	761
796	794
796	931
796	943
796	989
796	999
797	80
797	83
797	115
797	181
797	566
797	598
797	852
797	895
797	911
797	961
797	965
797	993
797	994
798	12
798	453
798	569
798	606
798	711
798	732
798	739
798	831
798	905
798	906
798	910
798	951
798	995
799	177
799	350
799	503
799	543
799	565
799	651
799	669
799	754
799	810
799	859
799	877
799	922
799	927
800	226
800	494
800	613
800	702
800	765
800	851
800	890
800	903
800	923
800	930
800	950
800	951
800	962
801	275
801	286
801	406
801	473
801	533
801	584
801	734
801	841
801	871
801	917
801	931
801	966
801	999
802	391
802	629
802	635
802	642
802	746
802	748
802	844
802	868
802	879
802	946
802	950
802	955
802	978
803	236
803	259
803	371
803	376
803	458
803	848
803	850
803	904
803	909
803	940
803	942
803	960
803	967
804	261
804	604
804	614
804	664
804	814
804	871
804	879
804	904
804	935
804	944
804	950
804	960
804	967
804	977
805	199
805	523
805	548
805	617
805	668
805	706
805	728
805	887
805	890
805	913
805	930
805	931
805	984
805	999
806	218
806	240
806	260
806	419
806	499
806	575
806	647
806	673
806	755
806	809
806	810
806	981
806	987
806	1000
807	325
807	672
807	698
807	739
807	741
807	764
807	782
807	808
807	809
807	859
807	867
807	948
807	975
807	992
808	438
808	462
808	499
808	543
808	621
808	663
808	709
808	772
808	807
808	827
808	841
808	891
808	920
808	964
809	240
809	260
809	403
809	500
809	568
809	643
809	677
809	702
809	806
809	807
809	822
809	893
809	906
809	987
810	337
810	460
810	499
810	564
810	601
810	616
810	655
810	764
810	799
810	806
810	843
810	876
810	963
810	1000
811	53
811	153
811	167
811	323
811	486
811	577
811	592
811	601
811	645
811	741
811	953
811	984
811	989
811	999
812	221
812	251
812	409
812	421
812	749
812	770
812	777
812	786
812	792
812	833
812	957
812	965
812	983
812	988
813	147
813	381
813	390
813	506
813	581
813	681
813	776
813	790
813	831
813	870
813	878
813	924
813	944
813	967
814	79
814	423
814	442
814	529
814	554
814	626
814	691
814	723
814	727
814	804
814	825
814	835
814	937
814	1000
815	57
815	226
815	458
815	527
815	769
815	837
815	904
815	934
815	955
815	977
815	986
815	994
815	995
815	997
816	65
816	595
816	618
816	713
816	740
816	817
816	886
816	904
816	914
816	948
816	949
816	952
816	978
816	984
817	231
817	300
817	331
817	412
817	521
817	593
817	816
817	882
817	892
817	899
817	909
817	942
817	980
817	985
818	239
818	287
818	379
818	444
818	446
818	466
818	517
818	708
818	736
818	876
818	969
818	983
818	985
818	986
818	998
819	32
819	164
819	469
819	749
819	878
819	880
819	890
819	931
819	932
819	966
819	970
819	971
819	973
819	975
819	987
820	31
820	305
820	408
820	610
820	617
820	618
820	762
820	776
820	853
820	862
820	877
820	898
820	977
820	979
820	996
821	82
821	125
821	259
821	391
821	519
821	527
821	581
821	696
821	730
821	881
821	884
821	919
821	951
821	979
821	999
822	336
822	385
822	403
822	650
822	726
822	794
822	809
822	829
822	952
822	953
822	962
822	986
822	993
822	994
822	998
823	129
823	159
823	344
823	705
823	738
823	759
823	760
823	787
823	826
823	836
823	838
823	861
823	894
823	961
823	963
824	73
824	497
824	501
824	563
824	570
824	620
824	764
824	905
824	915
824	923
824	928
824	945
824	957
824	983
824	994
825	15
825	339
825	352
825	540
825	550
825	585
825	671
825	814
825	829
825	839
825	862
825	886
825	919
825	954
825	984
826	24
826	440
826	461
826	619
826	744
826	823
826	838
826	839
826	869
826	930
826	956
826	957
826	969
826	975
826	983
827	112
827	285
827	319
827	402
827	455
827	572
827	808
827	896
827	947
827	950
827	962
827	982
827	985
827	987
827	998
828	81
828	210
828	548
828	637
828	715
828	763
828	782
828	846
828	921
828	926
828	951
828	955
828	976
828	988
828	998
829	21
829	205
829	291
829	538
829	654
829	738
829	751
829	755
829	822
829	825
829	879
829	900
829	914
829	964
829	972
830	34
830	70
830	304
830	395
830	672
830	779
830	896
830	948
830	968
830	974
830	981
830	984
830	986
830	992
830	997
831	199
831	435
831	543
831	596
831	667
831	728
831	792
831	798
831	813
831	847
831	888
831	968
831	985
831	998
831	999
832	234
832	371
832	376
832	396
832	624
832	759
832	850
832	863
832	888
832	891
832	909
832	940
832	953
832	974
832	985
833	141
833	208
833	232
833	450
833	491
833	544
833	727
833	742
833	752
833	812
833	835
833	868
833	886
833	981
833	995
834	19
834	146
834	221
834	303
834	358
834	373
834	412
834	433
834	518
834	531
834	599
834	637
834	668
834	936
834	982
834	994
835	137
835	219
835	312
835	317
835	555
835	558
835	814
835	833
835	857
835	868
835	888
835	935
835	970
835	975
835	992
835	998
836	51
836	191
836	334
836	547
836	823
836	862
836	889
836	907
836	913
836	937
836	938
836	952
836	954
836	971
836	992
836	997
837	248
837	306
837	712
837	765
837	815
837	868
837	879
837	887
837	890
837	900
837	952
837	972
837	974
837	975
837	979
837	994
838	9
838	116
838	235
838	510
838	525
838	597
838	674
838	823
838	826
838	844
838	927
838	942
838	981
838	982
838	997
838	999
839	5
839	147
839	167
839	268
839	627
839	654
839	686
839	750
839	825
839	826
839	881
839	901
839	914
839	937
839	941
839	961
840	159
840	212
840	305
840	395
840	475
840	590
840	615
840	744
840	760
840	860
840	887
840	901
840	913
840	956
840	965
840	987
841	95
841	337
841	416
841	540
841	565
841	640
841	651
841	772
841	780
841	801
841	808
841	849
841	936
841	980
841	995
841	998
842	35
842	269
842	306
842	414
842	568
842	595
842	634
842	709
842	778
842	878
842	887
842	904
842	906
842	937
842	958
842	973
843	342
843	426
843	520
843	659
843	715
843	719
843	810
843	847
843	883
843	896
843	925
843	934
843	943
843	967
843	985
843	1000
844	27
844	120
844	318
844	362
844	649
844	686
844	778
844	802
844	838
844	873
844	879
844	902
844	950
844	980
844	985
844	987
844	989
845	101
845	235
845	277
845	340
845	449
845	768
845	886
845	902
845	910
845	931
845	940
845	959
845	966
845	975
845	978
845	988
845	994
846	155
846	180
846	218
846	289
846	442
846	623
846	624
846	646
846	678
846	743
846	828
846	855
846	923
846	941
846	952
846	953
846	981
847	335
847	379
847	574
847	590
847	594
847	596
847	610
847	667
847	705
847	707
847	782
847	786
847	831
847	843
847	901
847	938
847	998
848	29
848	121
848	213
848	274
848	387
848	391
848	460
848	467
848	509
848	575
848	719
848	803
848	887
848	903
848	952
848	963
848	990
849	285
849	406
849	494
849	551
849	561
849	770
849	841
849	864
849	926
849	930
849	933
849	944
849	958
849	959
849	981
849	984
849	991
850	135
850	314
850	535
850	603
850	624
850	737
850	755
850	769
850	788
850	803
850	832
850	891
850	921
850	940
850	954
850	972
850	990
851	166
851	364
851	443
851	509
851	681
851	692
851	800
851	859
851	874
851	883
851	897
851	918
851	926
851	939
851	945
851	963
851	999
852	41
852	305
852	406
852	454
852	477
852	491
852	567
852	617
852	724
852	726
852	782
852	797
852	854
852	863
852	868
852	911
852	929
853	55
853	109
853	117
853	150
853	205
853	310
853	468
853	530
853	540
853	655
853	690
853	820
853	861
853	891
853	903
853	934
853	981
854	65
854	104
854	144
854	220
854	351
854	428
854	548
854	557
854	648
854	690
854	852
854	876
854	937
854	939
854	941
854	994
854	996
855	292
855	328
855	345
855	375
855	487
855	600
855	612
855	645
855	720
855	726
855	846
855	925
855	931
855	954
855	955
855	971
855	974
856	359
856	405
856	583
856	646
856	665
856	670
856	744
856	794
856	878
856	892
856	947
856	949
856	950
856	974
856	975
856	995
856	1000
857	18
857	119
857	201
857	206
857	326
857	631
857	719
857	757
857	762
857	783
857	835
857	921
857	935
857	951
857	976
857	977
857	982
858	490
858	584
858	740
858	778
858	887
858	892
858	894
858	895
858	911
858	921
858	936
858	943
858	980
858	982
858	986
858	987
858	991
859	238
859	288
859	303
859	440
859	560
859	601
859	606
859	719
859	753
859	799
859	807
859	851
859	934
859	936
859	949
859	961
859	988
860	158
860	176
860	338
860	401
860	512
860	535
860	717
860	840
860	894
860	917
860	936
860	947
860	967
860	969
860	975
860	978
860	983
861	436
861	472
861	482
861	531
861	606
861	607
861	635
861	740
861	772
861	823
861	853
861	873
861	876
861	892
861	921
861	951
861	968
861	988
862	187
862	387
862	484
862	501
862	731
862	753
862	774
862	778
862	820
862	825
862	836
862	872
862	954
862	970
862	983
862	987
862	989
862	996
863	267
863	283
863	293
863	321
863	330
863	363
863	389
863	432
863	832
863	852
863	868
863	902
863	907
863	915
863	921
863	961
863	968
863	980
864	230
864	405
864	417
864	465
864	512
864	632
864	704
864	769
864	776
864	849
864	898
864	919
864	934
864	960
864	961
864	972
864	987
864	999
865	241
865	324
865	332
865	412
865	413
865	605
865	664
865	675
865	707
865	752
865	893
865	918
865	938
865	958
865	967
865	986
865	991
865	996
866	297
866	350
866	429
866	500
866	684
866	702
866	748
866	751
866	784
866	795
866	886
866	896
866	909
866	930
866	940
866	944
866	992
866	996
867	293
867	348
867	437
867	462
867	467
867	485
867	503
867	528
867	559
867	735
867	807
867	877
867	915
867	931
867	959
867	962
867	973
867	985
868	174
868	177
868	254
868	329
868	396
868	485
868	703
868	802
868	833
868	835
868	837
868	852
868	863
868	927
868	961
868	971
868	980
868	995
869	62
869	200
869	206
869	287
869	530
869	557
869	590
869	625
869	662
869	743
869	792
869	826
869	903
869	929
869	977
869	982
869	988
869	992
870	129
870	189
870	420
870	435
870	583
870	699
870	735
870	758
870	779
870	813
870	871
870	885
870	892
870	914
870	941
870	956
870	982
870	993
870	997
871	135
871	273
871	324
871	378
871	398
871	402
871	474
871	491
871	552
871	786
871	801
871	804
871	870
871	907
871	935
871	939
871	950
871	955
871	978
872	366
872	426
872	462
872	501
872	523
872	585
872	608
872	653
872	657
872	683
872	752
872	793
872	862
872	923
872	941
872	953
872	976
872	991
872	995
873	111
873	121
873	247
873	300
873	381
873	452
873	518
873	527
873	549
873	673
873	689
873	758
873	783
873	844
873	861
873	937
873	967
873	979
873	983
874	43
874	166
874	244
874	364
874	380
874	443
874	446
874	571
874	617
874	620
874	667
874	704
874	764
874	851
874	900
874	945
874	948
874	987
874	999
875	8
875	365
875	407
875	418
875	683
875	882
875	887
875	892
875	893
875	919
875	922
875	932
875	953
875	961
875	968
875	990
875	991
875	992
875	994
876	27
876	131
876	242
876	272
876	288
876	327
876	362
876	579
876	684
876	720
876	727
876	742
876	810
876	818
876	854
876	861
876	964
876	996
876	1000
877	10
877	342
877	387
877	669
877	726
877	745
877	752
877	785
877	799
877	820
877	867
877	886
877	945
877	972
877	978
877	986
877	992
877	996
877	1000
878	97
878	350
878	464
878	512
878	565
878	645
878	670
878	687
878	774
878	813
878	819
878	842
878	856
878	883
878	939
878	959
878	964
878	967
878	986
879	60
879	379
879	456
879	587
879	629
879	732
879	758
879	802
879	804
879	829
879	837
879	844
879	887
879	903
879	917
879	937
879	950
879	957
879	994
880	75
880	122
880	138
880	200
880	322
880	361
880	565
880	648
880	685
880	712
880	819
880	910
880	954
880	955
880	966
880	978
880	979
880	980
880	990
881	40
881	119
881	167
881	489
881	573
881	580
881	602
881	714
881	718
881	775
881	821
881	839
881	883
881	904
881	925
881	951
881	989
881	994
881	998
882	162
882	176
882	194
882	389
882	409
882	817
882	875
882	911
882	912
882	917
882	927
882	938
882	942
882	971
882	980
882	984
882	990
882	994
882	1000
883	74
883	342
883	426
883	496
883	682
883	698
883	711
883	715
883	730
883	737
883	843
883	851
883	878
883	881
883	897
883	925
883	938
883	953
883	985
884	81
884	86
884	154
884	298
884	517
884	601
884	763
884	784
884	789
884	821
884	888
884	890
884	919
884	935
884	948
884	961
884	968
884	990
884	997
885	179
885	426
885	476
885	532
885	534
885	606
885	697
885	718
885	870
885	889
885	915
885	942
885	959
885	966
885	972
885	974
885	984
885	992
885	996
886	129
886	246
886	315
886	329
886	349
886	417
886	562
886	595
886	728
886	779
886	816
886	825
886	833
886	845
886	866
886	877
886	952
886	982
886	995
886	998
887	126
887	276
887	541
887	634
887	677
887	755
887	766
887	777
887	805
887	837
887	840
887	842
887	848
887	858
887	875
887	879
887	954
887	955
887	973
887	977
888	6
888	56
888	71
888	184
888	366
888	424
888	518
888	632
888	744
888	792
888	831
888	832
888	835
888	884
888	909
888	930
888	933
888	984
888	990
888	999
889	20
889	149
889	151
889	255
889	345
889	357
889	367
889	381
889	639
889	656
889	736
889	836
889	885
889	902
889	906
889	929
889	937
889	955
889	956
889	984
890	86
890	209
890	601
890	634
890	711
890	713
890	718
890	763
890	767
890	784
890	800
890	805
890	819
890	837
890	884
890	912
890	916
890	955
890	961
890	962
891	3
891	63
891	343
891	362
891	457
891	554
891	630
891	631
891	673
891	749
891	791
891	808
891	832
891	850
891	853
891	948
891	967
891	968
891	981
891	992
892	112
892	285
892	336
892	349
892	558
892	574
892	580
892	583
892	611
892	817
892	856
892	858
892	861
892	870
892	875
892	918
892	956
892	963
892	985
892	998
893	97
893	122
893	248
893	270
893	328
893	479
893	541
893	585
893	727
893	760
893	809
893	865
893	875
893	894
893	947
893	967
893	976
893	977
893	990
893	997
894	134
894	297
894	301
894	337
894	356
894	368
894	386
894	387
894	576
894	823
894	858
894	860
894	893
894	912
894	947
894	951
894	952
894	962
894	968
894	999
895	234
895	246
895	325
895	448
895	480
895	555
895	574
895	587
895	591
895	632
895	636
895	679
895	700
895	709
895	781
895	797
895	858
895	931
895	967
895	972
896	76
896	175
896	359
896	583
896	596
896	627
896	667
896	691
896	696
896	712
896	717
896	723
896	774
896	827
896	830
896	843
896	866
896	916
896	954
896	985
897	63
897	118
897	193
897	197
897	304
897	339
897	481
897	492
897	507
897	550
897	659
897	665
897	851
897	883
897	902
897	916
897	965
897	969
897	970
897	983
897	988
898	109
898	111
898	472
898	547
898	637
898	650
898	690
898	731
898	743
898	774
898	790
898	820
898	864
898	907
898	939
898	957
898	961
898	968
898	972
898	982
898	996
899	125
899	412
899	676
899	741
899	745
899	749
899	759
899	817
899	900
899	903
899	904
899	920
899	924
899	934
899	936
899	965
899	973
899	975
899	976
899	987
899	990
900	117
900	459
900	564
900	566
900	767
900	784
900	791
900	829
900	837
900	874
900	899
900	904
900	927
900	932
900	946
900	952
900	966
900	971
900	977
900	989
900	991
901	125
901	145
901	171
901	188
901	221
901	350
901	431
901	440
901	461
901	551
901	624
901	634
901	676
901	839
901	840
901	847
901	927
901	960
901	971
901	994
901	996
902	26
902	37
902	113
902	290
902	422
902	426
902	445
902	597
902	612
902	844
902	845
902	863
902	889
902	897
902	917
902	925
902	930
902	932
902	936
902	953
902	961
903	150
903	209
903	499
903	539
903	553
903	586
903	615
903	628
903	636
903	649
903	682
903	734
903	751
903	800
903	848
903	853
903	869
903	879
903	899
903	924
903	939
904	1
904	105
904	382
904	525
904	616
904	666
904	754
904	781
904	803
904	804
904	815
904	816
904	842
904	881
904	899
904	900
904	914
904	920
904	935
904	945
904	964
904	1000
905	172
905	256
905	301
905	393
905	411
905	459
905	563
905	570
905	582
905	620
905	652
905	798
905	824
905	923
905	929
905	957
905	959
905	976
905	981
905	994
905	999
905	1000
906	12
906	96
906	399
906	453
906	482
906	569
906	649
906	660
906	732
906	775
906	777
906	794
906	798
906	809
906	842
906	889
906	907
906	926
906	947
906	956
906	963
906	984
907	60
907	326
907	363
907	382
907	466
907	517
907	528
907	605
907	695
907	733
907	792
907	836
907	863
907	871
907	898
907	906
907	926
907	957
907	987
907	992
907	993
907	997
908	183
908	233
908	250
908	262
908	313
908	505
908	522
908	541
908	556
908	586
908	626
908	661
908	662
908	664
908	710
908	717
908	730
908	919
908	936
908	948
908	950
908	988
909	193
909	234
909	324
909	411
909	430
909	560
909	596
909	624
909	769
909	776
909	780
909	788
909	803
909	817
909	832
909	866
909	888
909	913
909	940
909	956
909	960
909	979
909	985
910	18
910	143
910	252
910	262
910	452
910	489
910	559
910	701
910	710
910	736
910	798
910	845
910	880
910	934
910	936
910	937
910	945
910	961
910	966
910	977
910	987
910	990
910	998
911	151
911	236
911	280
911	383
911	388
911	463
911	467
911	521
911	554
911	713
911	734
911	797
911	852
911	858
911	882
911	931
911	935
911	957
911	960
911	985
911	987
911	994
911	996
912	15
912	88
912	305
912	420
912	453
912	463
912	486
912	520
912	523
912	536
912	607
912	720
912	727
912	728
912	731
912	744
912	789
912	882
912	890
912	894
912	943
912	978
912	1000
913	15
913	59
913	336
913	378
913	584
913	600
913	668
913	714
913	805
913	836
913	840
913	909
913	918
913	924
913	925
913	929
913	935
913	939
913	944
913	968
913	969
913	975
913	983
914	66
914	432
914	437
914	545
914	556
914	583
914	660
914	717
914	754
914	768
914	816
914	829
914	839
914	870
914	904
914	920
914	926
914	946
914	959
914	973
914	976
914	986
914	998
915	175
915	247
915	262
915	264
915	372
915	494
915	534
915	595
915	688
915	757
915	762
915	788
915	824
915	863
915	867
915	885
915	927
915	931
915	933
915	940
915	968
915	977
915	997
916	7
916	190
916	252
916	268
916	276
916	484
916	592
916	626
916	646
916	656
916	722
916	751
916	766
916	890
916	896
916	897
916	923
916	953
916	957
916	972
916	976
916	979
916	987
917	102
917	303
917	353
917	356
917	389
917	496
917	546
917	598
917	643
917	655
917	801
917	860
917	879
917	882
917	902
917	949
917	953
917	970
917	971
917	981
917	982
917	993
917	997
918	74
918	142
918	146
918	304
918	315
918	385
918	511
918	520
918	686
918	687
918	729
918	734
918	768
918	778
918	851
918	865
918	892
918	913
918	942
918	952
918	957
918	979
918	982
919	141
919	228
919	230
919	295
919	335
919	427
919	448
919	651
919	742
919	773
919	821
919	825
919	864
919	875
919	884
919	908
919	951
919	969
919	974
919	983
919	989
919	995
919	1000
920	237
920	397
920	426
920	435
920	444
920	598
920	603
920	644
920	706
920	739
920	772
920	808
920	899
920	904
920	914
920	925
920	927
920	932
920	936
920	948
920	979
920	988
920	991
920	994
921	30
921	46
921	86
921	390
921	437
921	487
921	488
921	528
921	594
921	650
921	668
921	688
921	775
921	788
921	828
921	850
921	857
921	858
921	861
921	863
921	946
921	963
921	975
921	988
922	231
922	277
922	318
922	358
922	492
922	549
922	562
922	564
922	619
922	635
922	692
922	725
922	752
922	790
922	799
922	875
922	938
922	958
922	965
922	970
922	986
922	989
922	990
922	999
923	73
923	243
923	256
923	301
923	442
923	542
923	563
923	570
923	620
923	652
923	711
923	800
923	824
923	846
923	872
923	905
923	916
923	928
923	938
923	957
923	964
923	990
923	994
923	997
924	16
924	38
924	188
924	209
924	231
924	235
924	241
924	312
924	336
924	500
924	513
924	552
924	560
924	580
924	653
924	673
924	687
924	696
924	734
924	766
924	813
924	899
924	903
924	913
924	964
925	151
925	262
925	316
925	342
925	487
925	506
925	529
925	572
925	621
925	680
925	783
925	843
925	855
925	881
925	883
925	902
925	913
925	920
925	939
925	945
925	949
925	980
925	988
925	989
925	1000
926	7
926	194
926	228
926	280
926	409
926	495
926	573
926	604
926	616
926	658
926	754
926	785
926	828
926	849
926	851
926	906
926	907
926	914
926	928
926	940
926	943
926	950
926	953
926	954
926	963
926	973
927	265
927	323
927	394
927	432
927	451
927	463
927	490
927	498
927	526
927	588
927	630
927	664
927	705
927	730
927	789
927	799
927	838
927	868
927	882
927	900
927	901
927	915
927	920
927	963
927	971
927	1000
928	84
928	92
928	136
928	184
928	242
928	252
928	281
928	289
928	402
928	463
928	663
928	684
928	740
928	769
928	824
928	923
928	926
928	929
928	935
928	942
928	946
928	953
928	976
928	988
928	993
928	997
929	13
929	160
929	254
929	374
929	493
929	514
929	640
929	660
929	703
929	738
929	771
929	784
929	852
929	869
929	889
929	905
929	913
929	928
929	932
929	959
929	961
929	976
929	983
929	984
929	994
929	996
929	1000
930	56
930	68
930	79
930	233
930	257
930	259
930	275
930	293
930	420
930	488
930	557
930	562
930	674
930	695
930	711
930	757
930	800
930	805
930	826
930	849
930	866
930	888
930	902
930	946
930	955
930	959
930	967
931	428
931	458
931	467
931	474
931	506
931	531
931	566
931	594
931	608
931	628
931	705
931	736
931	753
931	780
931	796
931	801
931	805
931	819
931	845
931	855
931	867
931	895
931	911
931	915
931	938
931	973
931	985
932	13
932	93
932	343
932	478
932	556
932	568
932	659
932	661
932	671
932	689
932	695
932	707
932	716
932	745
932	760
932	764
932	766
932	819
932	875
932	900
932	902
932	920
932	929
932	963
932	967
932	972
932	977
933	225
933	237
933	283
933	327
933	332
933	388
933	444
933	454
933	467
933	483
933	494
933	502
933	518
933	632
933	654
933	669
933	724
933	728
933	753
933	786
933	849
933	888
933	915
933	937
933	970
933	988
933	994
934	60
934	124
934	394
934	405
934	417
934	438
934	458
934	506
934	527
934	550
934	560
934	609
934	628
934	761
934	767
934	776
934	815
934	843
934	853
934	859
934	864
934	899
934	910
934	960
934	961
934	972
934	985
934	987
935	17
935	99
935	171
935	233
935	242
935	258
935	302
935	398
935	548
935	585
935	671
935	692
935	740
935	804
935	835
935	857
935	871
935	884
935	904
935	911
935	913
935	928
935	950
935	964
935	977
935	978
935	980
935	994
936	72
936	250
936	320
936	371
936	399
936	458
936	462
936	470
936	501
936	550
936	579
936	641
936	665
936	834
936	841
936	858
936	859
936	860
936	899
936	902
936	908
936	910
936	920
936	943
936	959
936	975
936	977
936	986
937	115
937	291
937	416
937	592
937	641
937	643
937	666
937	717
937	723
937	746
937	785
937	814
937	836
937	839
937	842
937	854
937	873
937	879
937	889
937	910
937	933
937	959
937	962
937	966
937	978
937	984
937	986
937	998
938	170
938	261
938	295
938	335
938	579
938	641
938	666
938	678
938	689
938	715
938	836
938	847
938	865
938	882
938	883
938	922
938	923
938	931
938	948
938	952
938	953
938	972
938	976
938	981
938	983
938	986
938	991
938	998
939	4
939	47
939	81
939	89
939	162
939	510
939	522
939	675
939	698
939	703
939	705
939	711
939	737
939	738
939	851
939	854
939	871
939	878
939	898
939	903
939	913
939	925
939	941
939	949
939	973
939	982
939	994
939	999
940	117
940	192
940	235
940	313
940	319
940	354
940	371
940	376
940	433
940	624
940	642
940	654
940	695
940	756
940	767
940	773
940	803
940	832
940	845
940	850
940	866
940	909
940	915
940	926
940	962
940	964
940	986
940	987
941	165
941	173
941	180
941	185
941	218
941	289
941	313
941	487
941	560
941	561
941	623
941	678
941	689
941	719
941	721
941	743
941	744
941	746
941	770
941	787
941	839
941	846
941	854
941	870
941	872
941	939
941	953
941	981
942	41
942	53
942	199
942	215
942	379
942	395
942	422
942	435
942	519
942	532
942	605
942	621
942	628
942	673
942	690
942	700
942	803
942	817
942	838
942	882
942	885
942	918
942	928
942	944
942	953
942	955
942	964
942	979
942	990
943	14
943	19
943	98
943	138
943	161
943	419
943	494
943	592
943	661
943	672
943	698
943	714
943	754
943	758
943	760
943	796
943	843
943	858
943	912
943	926
943	936
943	950
943	952
943	957
943	971
943	974
943	977
943	994
943	1000
944	30
944	156
944	215
944	244
944	304
944	384
944	445
944	461
944	504
944	603
944	683
944	709
944	722
944	736
944	745
944	788
944	804
944	813
944	849
944	866
944	913
944	942
944	950
944	958
944	979
944	981
944	982
944	990
944	991
945	33
945	163
945	229
945	281
945	315
945	446
945	498
945	502
945	520
945	533
945	564
945	597
945	605
945	663
945	734
945	759
945	768
945	824
945	851
945	874
945	877
945	904
945	910
945	925
945	947
945	969
945	975
945	976
945	986
946	38
946	96
946	178
946	198
946	258
946	389
946	391
946	514
946	590
946	626
946	629
946	649
946	695
946	697
946	725
946	750
946	762
946	802
946	900
946	914
946	921
946	928
946	930
946	948
946	968
946	970
946	973
946	982
946	989
946	992
947	1
947	8
947	78
947	97
947	161
947	173
947	246
947	253
947	259
947	293
947	331
947	383
947	397
947	415
947	446
947	498
947	529
947	601
947	628
947	633
947	759
947	827
947	856
947	860
947	893
947	894
947	906
947	945
947	978
947	979
948	244
948	298
948	334
948	443
948	459
948	462
948	516
948	525
948	575
948	657
948	659
948	680
948	683
948	694
948	705
948	724
948	761
948	807
948	816
948	830
948	874
948	884
948	891
948	908
948	920
948	938
948	946
948	954
948	970
948	974
948	991
949	63
949	122
949	243
949	351
949	356
949	482
949	528
949	535
949	550
949	595
949	657
949	676
949	680
949	683
949	694
949	715
949	721
949	756
949	759
949	778
949	816
949	856
949	859
949	917
949	925
949	939
949	950
949	964
949	967
949	968
949	999
950	162
950	213
950	244
950	274
950	278
950	292
950	394
950	398
950	531
950	535
950	646
950	651
950	659
950	726
950	800
950	802
950	804
950	827
950	844
950	856
950	871
950	879
950	908
950	926
950	935
950	943
950	944
950	949
950	977
950	978
950	1000
951	58
951	90
951	118
951	125
951	136
951	159
951	246
951	288
951	300
951	326
951	438
951	452
951	470
951	490
951	521
951	539
951	581
951	696
951	707
951	744
951	798
951	800
951	821
951	828
951	857
951	861
951	881
951	894
951	919
951	974
951	979
952	23
952	28
952	124
952	169
952	235
952	237
952	241
952	258
952	286
952	295
952	362
952	384
952	449
952	462
952	587
952	608
952	653
952	722
952	816
952	822
952	836
952	837
952	846
952	848
952	886
952	894
952	900
952	918
952	938
952	943
952	994
953	78
953	225
953	267
953	359
953	378
953	420
953	440
953	464
953	541
953	566
953	614
953	674
953	733
953	771
953	811
953	822
953	832
953	846
953	872
953	875
953	883
953	902
953	916
953	917
953	926
953	928
953	938
953	941
953	942
953	970
953	988
953	990
954	119
954	290
954	328
954	384
954	399
954	441
954	549
954	569
954	590
954	613
954	685
954	693
954	697
954	716
954	721
954	775
954	825
954	836
954	850
954	855
954	862
954	880
954	887
954	896
954	926
954	948
954	962
954	980
954	981
954	992
954	999
954	1000
955	39
955	123
955	211
955	276
955	306
955	359
955	422
955	438
955	450
955	519
955	580
955	602
955	629
955	635
955	639
955	729
955	802
955	815
955	828
955	855
955	871
955	880
955	887
955	889
955	890
955	930
955	942
955	966
955	974
955	979
955	984
955	992
956	93
956	110
956	181
956	185
956	255
956	295
956	309
956	446
956	449
956	508
956	524
956	544
956	569
956	598
956	655
956	668
956	672
956	689
956	708
956	714
956	735
956	769
956	774
956	784
956	826
956	840
956	870
956	889
956	892
956	906
956	909
956	984
957	31
957	107
957	172
957	243
957	256
957	393
957	430
957	497
957	542
957	563
957	570
957	589
957	620
957	652
957	781
957	812
957	824
957	826
957	879
957	898
957	905
957	907
957	911
957	916
957	918
957	923
957	943
957	959
957	973
957	993
957	994
957	1000
958	204
958	225
958	259
958	351
958	520
958	625
958	694
958	713
958	726
958	842
958	849
958	865
958	922
958	944
958	965
958	986
959	52
959	158
959	163
959	384
959	594
959	595
959	641
959	660
959	683
959	688
959	737
959	774
959	778
959	779
959	790
959	794
959	845
959	849
959	867
959	878
959	885
959	905
959	914
959	929
959	930
959	936
959	937
959	957
959	984
959	989
959	991
959	994
959	995
960	49
960	67
960	105
960	132
960	140
960	173
960	346
960	398
960	407
960	525
960	553
960	670
960	699
960	725
960	766
960	776
960	791
960	803
960	804
960	864
960	901
960	909
960	911
960	934
960	964
960	968
960	972
960	976
960	978
960	981
960	989
960	995
960	996
961	47
961	70
961	129
961	176
961	268
961	269
961	375
961	578
961	637
961	760
961	776
961	797
961	823
961	839
961	859
961	863
961	864
961	868
961	875
961	884
961	890
961	898
961	902
961	910
961	929
961	934
961	962
961	964
961	970
961	985
961	987
961	990
961	998
962	23
962	25
962	36
962	42
962	121
962	248
962	256
962	291
962	341
962	363
962	366
962	428
962	516
962	519
962	612
962	638
962	674
962	716
962	755
962	764
962	779
962	782
962	800
962	822
962	827
962	867
962	890
962	894
962	937
962	940
962	954
962	961
962	968
963	24
963	92
963	309
963	368
963	493
963	534
963	556
963	608
963	629
963	631
963	688
963	712
963	719
963	748
963	755
963	789
963	810
963	823
963	848
963	851
963	892
963	906
963	921
963	926
963	927
963	932
963	966
963	971
963	976
963	977
963	984
963	990
963	998
964	84
964	196
964	233
964	253
964	263
964	270
964	345
964	431
964	557
964	567
964	644
964	673
964	687
964	730
964	734
964	769
964	778
964	780
964	808
964	829
964	876
964	878
964	904
964	923
964	924
964	935
964	940
964	942
964	949
964	960
964	961
964	979
964	982
964	989
965	19
965	28
965	55
965	57
965	69
965	131
965	271
965	326
965	339
965	351
965	381
965	437
965	457
965	503
965	536
965	552
965	553
965	554
965	555
965	562
965	579
965	592
965	625
965	647
965	722
965	742
965	793
965	797
965	812
965	840
965	897
965	899
965	922
965	958
966	35
966	39
966	97
966	102
966	103
966	179
966	271
966	290
966	322
966	333
966	471
966	536
966	576
966	619
966	621
966	642
966	651
966	712
966	727
966	746
966	781
966	801
966	819
966	845
966	880
966	885
966	900
966	910
966	937
966	955
966	963
966	979
966	980
966	997
967	253
967	343
967	471
967	480
967	533
967	542
967	545
967	555
967	556
967	558
967	559
967	580
967	676
967	679
967	729
967	748
967	792
967	803
967	804
967	813
967	843
967	860
967	865
967	873
967	878
967	891
967	893
967	895
967	930
967	932
967	949
967	976
967	977
967	983
968	130
968	355
968	400
968	437
968	489
968	500
968	612
968	649
968	657
968	718
968	721
968	731
968	763
968	773
968	790
968	830
968	831
968	861
968	863
968	875
968	884
968	891
968	894
968	898
968	913
968	915
968	946
968	949
968	960
968	962
968	978
968	983
968	999
968	1000
969	100
969	204
969	239
969	266
969	309
969	328
969	334
969	341
969	373
969	444
969	455
969	517
969	519
969	538
969	559
969	569
969	573
969	581
969	616
969	642
969	695
969	708
969	725
969	745
969	746
969	818
969	826
969	860
969	897
969	913
969	919
969	945
969	983
969	985
969	986
970	199
970	303
970	492
970	509
970	528
970	540
970	541
970	567
970	572
970	591
970	592
970	593
970	611
970	620
970	632
970	651
970	704
970	709
970	711
970	728
970	763
970	772
970	785
970	819
970	835
970	862
970	897
970	917
970	922
970	933
970	946
970	948
970	953
970	961
970	980
971	87
971	117
971	190
971	247
971	265
971	323
971	400
971	432
971	451
971	580
971	588
971	609
971	626
971	630
971	677
971	693
971	716
971	717
971	729
971	751
971	789
971	792
971	819
971	836
971	855
971	868
971	882
971	900
971	901
971	917
971	927
971	943
971	963
971	976
971	1000
972	116
972	307
972	405
972	423
972	448
972	469
972	480
972	515
972	538
972	567
972	649
972	679
972	692
972	706
972	725
972	735
972	738
972	753
972	773
972	775
972	829
972	837
972	850
972	864
972	877
972	885
972	895
972	898
972	916
972	932
972	934
972	938
972	960
972	974
972	979
972	989
973	2
973	5
973	11
973	147
973	193
973	218
973	306
973	352
973	451
973	471
973	495
973	496
973	533
973	551
973	621
973	650
973	693
973	723
973	752
973	762
973	772
973	778
973	779
973	819
973	842
973	867
973	887
973	899
973	914
973	926
973	931
973	939
973	946
973	957
973	988
973	999
974	32
974	43
974	46
974	54
974	245
974	259
974	275
974	309
974	334
974	340
974	436
974	442
974	454
974	455
974	466
974	510
974	613
974	664
974	672
974	682
974	698
974	765
974	830
974	832
974	837
974	855
974	856
974	885
974	919
974	943
974	948
974	951
974	955
974	972
974	991
974	999
974	1000
975	9
975	164
975	191
975	238
975	263
975	294
975	408
975	411
975	428
975	472
975	509
975	521
975	545
975	569
975	574
975	665
975	668
975	713
975	747
975	751
975	764
975	774
975	780
975	785
975	807
975	819
975	826
975	835
975	837
975	845
975	856
975	860
975	899
975	913
975	921
975	936
975	945
975	998
976	7
976	72
976	212
976	269
976	341
976	360
976	412
976	425
976	457
976	482
976	532
976	572
976	582
976	631
976	644
976	701
976	703
976	709
976	747
976	828
976	857
976	872
976	893
976	899
976	905
976	914
976	916
976	928
976	929
976	938
976	945
976	960
976	963
976	967
976	971
976	977
976	987
976	990
976	999
977	65
977	203
977	276
977	316
977	317
977	354
977	356
977	393
977	511
977	608
977	610
977	618
977	658
977	676
977	778
977	804
977	815
977	820
977	857
977	869
977	887
977	893
977	900
977	910
977	915
977	932
977	935
977	936
977	943
977	950
977	963
977	967
977	976
977	978
977	982
977	985
977	989
977	993
977	996
978	60
978	143
978	328
978	347
978	415
978	567
978	591
978	633
978	637
978	638
978	666
978	676
978	713
978	726
978	741
978	758
978	775
978	787
978	791
978	802
978	816
978	845
978	860
978	871
978	877
978	880
978	912
978	935
978	937
978	947
978	950
978	960
978	968
978	977
978	979
978	987
978	994
978	995
978	998
979	5
979	166
979	308
979	408
979	415
979	458
979	488
979	499
979	581
979	607
979	614
979	633
979	685
979	693
979	695
979	731
979	783
979	790
979	820
979	821
979	837
979	873
979	880
979	909
979	916
979	918
979	920
979	942
979	944
979	947
979	951
979	955
979	964
979	966
979	972
979	978
979	983
979	996
979	1000
980	63
980	148
980	153
980	200
980	270
980	342
980	344
980	354
980	369
980	443
980	492
980	573
980	593
980	605
980	611
980	642
980	680
980	692
980	704
980	736
980	739
980	767
980	775
980	789
980	817
980	841
980	844
980	858
980	863
980	868
980	880
980	882
980	925
980	935
980	954
980	966
980	970
980	986
980	990
980	999
981	16
981	49
981	161
981	232
981	368
981	404
981	414
981	436
981	491
981	507
981	519
981	636
981	639
981	659
981	661
981	690
981	691
981	699
981	710
981	731
981	769
981	795
981	806
981	830
981	833
981	838
981	846
981	849
981	853
981	891
981	905
981	917
981	938
981	941
981	944
981	954
981	960
981	982
981	988
981	990
981	995
982	94
982	198
982	203
982	257
982	447
982	489
982	511
982	540
982	613
982	622
982	646
982	661
982	719
982	748
982	751
982	759
982	761
982	771
982	780
982	781
982	827
982	834
982	838
982	857
982	858
982	869
982	870
982	886
982	898
982	917
982	918
982	939
982	944
982	946
982	964
982	977
982	981
982	990
982	995
982	999
982	1000
983	100
983	130
983	239
983	245
983	275
983	321
983	349
983	374
983	397
983	403
983	414
983	435
983	444
983	472
983	517
983	526
983	661
983	698
983	700
983	708
983	718
983	738
983	773
983	812
983	818
983	824
983	826
983	860
983	862
983	873
983	897
983	913
983	919
983	929
983	938
983	967
983	968
983	969
983	979
983	985
983	992
984	20
984	142
984	149
984	255
984	272
984	367
984	414
984	572
984	574
984	584
984	639
984	647
984	656
984	669
984	677
984	686
984	702
984	704
984	742
984	744
984	745
984	782
984	793
984	805
984	811
984	816
984	825
984	830
984	849
984	882
984	885
984	888
984	889
984	906
984	929
984	937
984	955
984	956
984	959
984	963
984	994
984	998
985	22
985	143
985	233
985	253
985	278
985	285
985	304
985	371
985	376
985	443
985	445
985	456
985	467
985	474
985	604
985	622
985	697
985	708
985	728
985	770
985	773
985	783
985	817
985	818
985	827
985	831
985	832
985	843
985	844
985	867
985	883
985	892
985	896
985	909
985	911
985	931
985	934
985	961
985	969
985	977
985	983
985	991
986	79
986	238
986	310
986	348
986	398
986	429
986	507
986	521
986	550
986	574
986	586
986	587
986	613
986	676
986	692
986	705
986	708
986	747
986	768
986	769
986	779
986	815
986	818
986	822
986	830
986	858
986	865
986	877
986	878
986	914
986	922
986	936
986	937
986	938
986	940
986	945
986	958
986	969
986	980
986	991
986	998
986	1000
987	76
987	148
987	157
987	260
987	412
987	470
987	476
987	524
987	532
987	543
987	545
987	594
987	602
987	627
987	636
987	666
987	692
987	728
987	760
987	776
987	785
987	786
987	792
987	806
987	809
987	819
987	827
987	840
987	844
987	858
987	862
987	864
987	874
987	899
987	907
987	910
987	911
987	916
987	934
987	940
987	961
987	976
987	978
988	48
988	113
988	165
988	219
988	311
988	330
988	339
988	367
988	372
988	402
988	434
988	475
988	498
988	516
988	531
988	537
988	541
988	557
988	560
988	640
988	644
988	713
988	763
988	771
988	781
988	793
988	812
988	828
988	845
988	859
988	861
988	869
988	897
988	908
988	920
988	921
988	925
988	928
988	933
988	953
988	973
988	981
988	990
989	187
989	207
989	307
989	321
989	334
989	382
989	395
989	425
989	427
989	435
989	454
989	487
989	499
989	523
989	532
989	574
989	591
989	600
989	611
989	658
989	682
989	691
989	695
989	725
989	733
989	758
989	767
989	777
989	796
989	811
989	844
989	862
989	881
989	900
989	919
989	922
989	925
989	946
989	959
989	960
989	964
989	972
989	977
989	1000
990	89
990	123
990	137
990	163
990	237
990	402
990	461
990	464
990	481
990	534
990	540
990	573
990	628
990	645
990	648
990	666
990	676
990	685
990	697
990	718
990	739
990	763
990	848
990	850
990	875
990	880
990	882
990	884
990	888
990	893
990	899
990	910
990	922
990	923
990	942
990	944
990	953
990	961
990	963
990	976
990	980
990	981
990	982
990	988
990	996
991	14
991	21
991	25
991	55
991	58
991	60
991	66
991	80
991	135
991	137
991	146
991	165
991	188
991	201
991	253
991	288
991	325
991	332
991	339
991	340
991	459
991	513
991	521
991	532
991	552
991	553
991	554
991	636
991	683
991	743
991	786
991	849
991	858
991	865
991	872
991	875
991	900
991	920
991	938
991	944
991	948
991	959
991	974
991	985
991	986
992	2
992	18
992	62
992	80
992	106
992	108
992	123
992	140
992	229
992	271
992	296
992	299
992	310
992	367
992	388
992	470
992	477
992	479
992	490
992	498
992	523
992	553
992	647
992	658
992	670
992	724
992	773
992	782
992	795
992	807
992	830
992	835
992	836
992	866
992	869
992	875
992	877
992	885
992	891
992	907
992	946
992	954
992	955
992	983
992	1000
993	33
993	45
993	77
993	148
993	168
993	195
993	202
993	223
993	245
993	249
993	286
993	297
993	308
993	316
993	319
993	327
993	375
993	401
993	403
993	462
993	471
993	514
993	523
993	588
993	599
993	634
993	638
993	685
993	688
993	708
993	737
993	746
993	765
993	771
993	780
993	797
993	822
993	870
993	907
993	917
993	928
993	957
993	977
993	997
993	999
994	152
994	243
994	256
994	282
994	301
994	307
994	393
994	493
994	497
994	542
994	563
994	570
994	600
994	620
994	652
994	720
994	756
994	766
994	797
994	815
994	822
994	824
994	834
994	837
994	845
994	854
994	875
994	879
994	881
994	882
994	901
994	905
994	911
994	920
994	923
994	929
994	933
994	935
994	939
994	943
994	952
994	957
994	959
994	978
994	984
994	1000
995	91
995	141
995	208
995	232
995	299
995	327
995	358
995	362
995	394
995	395
995	419
995	439
995	450
995	465
995	475
995	513
995	514
995	541
995	544
995	571
995	600
995	637
995	640
995	671
995	706
995	722
995	736
995	766
995	773
995	798
995	815
995	833
995	841
995	856
995	868
995	872
995	886
995	919
995	959
995	960
995	978
995	981
995	982
995	996
995	997
995	999
995	1000
996	4
996	31
996	44
996	51
996	53
996	96
996	248
996	275
996	317
996	331
996	340
996	341
996	383
996	408
996	471
996	474
996	514
996	549
996	610
996	611
996	617
996	618
996	653
996	661
996	691
996	724
996	729
996	732
996	736
996	740
996	750
996	820
996	854
996	862
996	865
996	866
996	876
996	877
996	885
996	898
996	901
996	911
996	929
996	960
996	977
996	979
996	990
996	995
997	45
997	58
997	77
997	90
997	92
997	161
997	163
997	195
997	202
997	363
997	401
997	421
997	452
997	476
997	479
997	485
997	487
997	499
997	524
997	571
997	572
997	599
997	635
997	642
997	658
997	688
997	716
997	717
997	724
997	756
997	765
997	785
997	787
997	793
997	815
997	830
997	836
997	838
997	870
997	884
997	893
997	907
997	915
997	917
997	923
997	928
997	966
997	993
997	995
998	29
998	34
998	42
998	66
998	153
998	189
998	213
998	229
998	262
998	270
998	290
998	335
998	485
998	500
998	505
998	524
998	547
998	635
998	638
998	681
998	716
998	724
998	729
998	732
998	747
998	749
998	750
998	762
998	818
998	822
998	827
998	828
998	831
998	835
998	841
998	847
998	881
998	886
998	892
998	910
998	914
998	937
998	938
998	961
998	963
998	975
998	978
998	984
998	986
999	37
999	48
999	51
999	223
999	257
999	280
999	287
999	343
999	380
999	487
999	524
999	582
999	584
999	613
999	615
999	626
999	628
999	631
999	672
999	684
999	726
999	756
999	762
999	790
999	796
999	801
999	805
999	811
999	821
999	831
999	838
999	851
999	864
999	874
999	888
999	894
999	905
999	922
999	939
999	949
999	954
999	968
999	973
999	974
999	976
999	980
999	982
999	993
999	995
1000	74
1000	126
1000	128
1000	181
1000	291
1000	331
1000	365
1000	429
1000	453
1000	457
1000	497
1000	508
1000	526
1000	546
1000	630
1000	657
1000	680
1000	720
1000	734
1000	746
1000	789
1000	806
1000	810
1000	814
1000	843
1000	856
1000	876
1000	877
1000	882
1000	904
1000	905
1000	912
1000	919
1000	925
1000	927
1000	929
1000	943
1000	950
1000	954
1000	957
1000	968
1000	971
1000	974
1000	979
1000	982
1000	986
1000	989
1000	992
1000	994
1000	995
