122 14 157 163 194 212 246 251 269 278 361 383 388 395 429 461 505 513 531 602 611 656 669 696 771 784 787 816 854 874 893 896 904 93 961 989 
15 175 198 2 214 24 241 261 336 349 41 445 457 507 518 572 604 628 713 74 785 858 882 943
11 114 161 309 356 357 417 438 475 631 659 729 739 766 785 795 801 804 824 876 88 887 910 941 989
135 18 188 245 274 34 439 576 580 643 77 82 862 866 868 897 979
10 603 619 646 704 722 756 760 784 855 868 954
116 121 134 159 160 181 183 185 201 209 229 231 232 270 272 277 312 345 371 386 43 434 447 478 547 585 589 609 612 677 681 705 715 774 806 823 825 856 858 917 924 947 951 960 963 969 995
105 138 140 145 17 172 189 204 212 215 224 230 239 24 335 352 359 373 381 386 389 420 522 555 642 654 681 693 709 719 761 762 777 800 816 85 870 89 900 91 923 931 944 958 968 971
115 169 219 286 32 345 348 378 455 519 525 805 847
101 112 117 165 243 297 300 310 317 347 35 421 450 46 703 716 852 896 916 956
168 187 188 259 3 552 556 657 83 857 884 926 993
136 146 190 235 27 322 331 393 400 418 43 436 459 482 485 526 555 579 58 678 695 712 733 8 833 865 878 9 931 994
12 129 142 152 199 255 257 33 353 36 365 38 394 422 445 463 548 550 582 589 596 608 621 637 685 69 691 71 722 731 735 749 769 799 801 808 834 87 889 930 933 934 944 957 978 996
151 23 269 468 5 524 548 578 64 849 86 930 940
119 14 169 230 253 294 296 326 338 352 364 37 377 390 437 450 458 462 478 495 503 512 517 527 539 542 584 587 645 67 690 777 783 790 794 796 807 810 818 836 844 93 942 945
110 120 164 167 170 186 206 207 21 227 234 256 28 285 319 320 358 383 401 409 413 415 427 490 492 525 542 545 569 62 624 668 688 689 694 70 708 758 814 825 832 841 883 905 916 940
213 319 330 44 453 465 471 491 535 56 617 644 645 725 739
159 179 186 247 250 295 326 425 428 464 534 639 666 667 757 890 939
109 118 131 145 154 19 192 20 221 222 29 324 331 337 384 387 418 446 45 459 532 533 543 561 564 591 63 635 700 714 716 729 796 798 804 820 827 851 865 888 9 910 946 950 981 987 994 999
104 147 284 333 334 368 385 412 431 462 486 530 539 579 631 642 661 680 696 700 701 754 805 840 849 883 89 895 913 970 993
112 128 132 302 364 374 379 483 546 549 55 564 594 660 748 8 871 983
108 111 124 129 153 174 208 220 236 256 318 346 369 372 387 402 403 410 414 438 45 473 501 53 595 6 602 608 623 659 683 687 738 751 811 813 837 843 869 947 98
122 176 197 260 265 292 322 407 473 514 537 574 644 68 683 728 746 753 795 817 830 863 872 884 894 967
123 17 293 308 325 407 457 519 523 535 600 601 606 727 880 914 918 966 976
133 156 225 281 298 613 650 72 751 781 967 974
134 158 207 22 223 251 277 328 384 4 443 48 488 494 565 566 609 686 69 703 704 759 775 790 791 794 811 857 875 880 892 936 962 965 974 995
10 103 123 124 180 20 233 279 288 300 316 332 402 411 469 48 515 540 592 597 600 610 741 765 769 772 793 823 829 853 873 879 903 91 927 949 959 980
139 148 166 171 270 291 347 354 510 520 557 588 606 61 687 697 743 76 771 851 872 919 955 972
114 13 162 178 184 195 196 262 30 303 304 306 404 415 417 429 444 464 507 521 528 559 562 568 591 636 710 718 734 737 745 778 79 831 902 971 998
1000 132 170 177 223 280 295 313 343 382 396 406 408 419 442 522 527 529 552 616 627 629 717 732 754 759 797 839 881 92 926 948 986
3 441 476 504 583 689 7 810 912 923
106 226 249 275 276 366 380 39 431 440 444 476 489 543 636 67 691 711 736 773 774 817 84 845 895 898 925
115 149 202 268 306 360 446 484 49 508 546 549 563 565 697 719 809 945 963
16 203 242 262 271 275 342 358 36 368 44 456 460 466 517 526 538 553 615 62 626 629 646 676 679 684 690 705 706 730 76 760 778 780 787 812 835 886 911 928 952 973
138 185 215 231 26 276 281 285 316 346 351 392 398 42 426 448 451 469 533 541 551 582 60 650 655 672 708 712 723 726 78 819 842 915 932 96 979 982 991
113 137 21 210 250 283 289 302 470 493 52 551 554 569 764 775 81 815 850 899 906 929
213 428 433 50 501 612 652 789 966 975
100 137 141 178 189 2 238 240 25 266 29 290 333 339 340 361 365 38 397 403 481 511 515 520 538 588 614 643 649 658 66 675 688 699 744 761 802 848 863 881 885 908 973 976 980 982
1000 150 266 324 362 388 40 405 42 47 49 572 576 661 664 747 750 828 885 911 938
130 143 220 225 432 460 544 57 578 584 630 779 812 824 920 927 929 95
1 139 173 237 267 287 288 465 5 534 570 581 599 674 701 912 956 998
166 191 193 301 307 343 40 426 622 628 632 633 728
149 263 30 311 411 466 53 575 598 625 638 670 783 80 873
107 126 127 131 136 147 148 204 205 254 311 315 320 33 344 367 391 443 449 474 498 536 54 560 585 626 64 654 665 692 702 709 763 855 861 869 908 977
125 13 156 182 187 197 233 314 329 340 363 399 454 512 573 595 614 721 740 768 85 90 937 94 981 984 985
202 206 216 224 258 290 327 408 454 481 489 497 51 516 547 557 581 590 60 638 647 678 737 75 764 776 800 84 891 922 972 985
102 210 284 299 342 499 615 620 833 893 935
140 191 282 31 341 350 500 635 750 767 846 864 937 977
174 34 349 37 416 442 448 477 54 558 59 593 603 607 641 649 653 664 666 670 679 698 75 807
154 182 19 255 261 286 312 376 409 414 423 439 474 495 509 52 524 553 586 598 601 620 65 693 81 822 826 892 907 909 935 953 988
200 205 219 236 246 248 274 305 330 355 370 412 437 447 455 467 51 545 560 613 618 624 625 639 648 651 68 684 695 707 743 770 772 792 798 803 821 837 859 899 921 954 97 99 990 992 997
108 125 153 160 171 194 27 315 321 339 39 405 452 496 500 571 640 662 663 665 768 867 887 913 918 939 957 964 983 987
106 151 176 208 218 228 264 273 308 354 373 375 378 401 420 424 433 435 46 472 480 487 488 502 568 621 640 669 720 724 73 738 749 786 859 860 877 891 901 920 953 958 964
121 155 168 193 211 218 244 245 350 367 376 430 485 521 531 574 577 605 671 672 730 742 755 788 839 861
163 172 18 227 323 371 467 479 544 567 685 77 782 843 854 96 975 984 996
144 15 152 217 228 252 254 271 344 463 472 506 540 587 593 623 634 65 673 682 752 767 779 781 822 838 864 901 970
