1	784
1	932
1	962
1	983
2	608
2	762
2	767
2	789
3	130
3	234
3	619
3	970
4	114
4	158
4	776
4	870
5	449
5	842
5	937
5	943
6	37
6	313
6	774
6	982
7	552
7	748
7	801
7	971
8	298
8	673
8	751
8	844
9	37
9	846
9	916
9	1000
10	131
10	544
10	829
10	955
11	576
11	980
11	993
11	995
12	470
12	760
12	762
12	992
13	698
13	714
13	765
13	891
13	964
14	457
14	674
14	959
14	965
15	845
15	891
15	940
15	963
16	236
16	801
16	868
16	886
17	930
17	934
17	960
18	275
18	908
18	959
18	998
19	172
19	489
19	717
19	989
20	547
20	830
20	988
20	989
21	512
21	789
21	893
21	915
22	330
22	449
22	829
22	957
23	549
23	595
23	980
23	982
24	411
24	910
24	937
24	994
25	881
25	904
25	945
25	949
26	854
26	917
26	936
26	940
27	686
27	785
27	858
27	944
28	565
28	722
28	798
28	809
29	457
29	460
29	765
29	960
29	975
30	520
30	709
30	985
30	991
31	752
31	837
31	866
31	977
32	412
32	510
32	824
32	928
33	123
33	640
33	896
33	978
33	984
34	391
34	496
34	892
34	944
35	399
35	444
35	464
35	985
36	410
36	560
36	619
36	747
37	6
37	9
37	255
37	586
38	305
38	532
38	557
38	674
39	567
39	875
39	890
39	981
40	227
40	789
40	863
40	951
41	556
41	870
41	872
41	879
42	577
42	903
42	944
42	964
42	991
43	193
43	296
43	900
43	902
44	79
44	543
44	975
44	990
45	62
45	869
45	897
45	984
46	862
46	894
46	958
46	993
47	509
47	845
47	923
47	986
48	195
48	830
48	988
48	989
49	746
49	788
49	840
49	998
50	543
50	932
50	996
50	998
51	474
51	657
51	771
51	974
52	731
52	871
52	897
52	957
53	701
53	784
53	915
53	961
54	153
54	789
54	920
54	972
55	913
55	930
55	962
55	996
56	441
56	767
56	813
56	970
57	706
57	884
57	927
57	974
58	791
58	834
58	945
58	949
59	828
59	842
59	957
59	990
60	81
60	230
60	612
60	667
61	107
61	141
61	845
61	890
62	45
62	211
62	284
62	927
63	453
63	582
63	888
63	969
64	809
64	853
64	896
64	936
64	975
65	641
65	710
65	828
65	989
66	168
66	297
66	805
66	894
67	114
67	287
67	550
67	964
68	245
68	404
68	610
68	891
69	201
69	227
69	951
69	965
70	187
70	446
70	851
70	984
71	698
71	810
71	991
71	996
71	998
72	142
72	498
72	783
72	935
73	758
73	951
73	953
73	991
74	519
74	863
74	896
74	928
74	950
75	892
75	899
75	971
75	975
76	714
76	847
76	975
76	1000
77	767
77	863
77	974
77	984
78	288
78	776
78	843
78	975
79	44
79	531
79	962
79	996
80	435
80	716
80	862
80	921
81	60
81	667
81	878
81	994
82	497
82	841
82	951
82	973
83	115
83	712
83	813
83	984
84	789
84	886
84	978
84	985
85	570
85	970
85	978
85	993
86	569
86	762
86	922
86	953
87	339
87	356
87	737
87	896
87	969
88	715
88	752
88	858
88	961
89	598
89	788
89	919
89	928
90	308
90	904
90	945
90	949
91	470
91	519
91	943
91	984
92	259
92	472
92	475
92	860
93	886
93	922
93	981
93	991
94	341
94	380
94	876
94	933
95	672
95	772
95	927
95	980
96	791
96	881
96	904
96	945
97	553
97	787
97	886
97	941
98	507
98	864
98	887
98	946
99	663
99	751
99	844
99	963
100	431
100	676
100	819
100	940
101	383
101	575
101	651
101	820
102	489
102	529
102	622
102	931
103	328
103	658
103	807
103	921
104	129
104	264
104	358
104	960
104	985
105	189
105	238
105	270
105	408
106	689
106	908
106	984
106	990
107	61
107	845
107	915
107	986
108	902
108	919
108	938
108	984
109	179
109	799
109	855
109	931
110	163
110	348
110	594
110	675
111	583
111	775
111	888
111	989
112	650
112	823
112	953
112	988
113	567
113	913
113	954
113	962
114	4
114	67
114	282
114	776
115	83
115	771
115	970
115	978
116	406
116	786
116	958
116	982
117	673
117	682
117	804
117	870
118	246
118	924
118	986
118	998
119	461
119	687
119	863
119	887
120	850
120	859
120	963
120	972
121	368
121	550
121	953
121	997
122	319
122	502
122	968
122	979
123	33
123	422
123	939
123	1000
124	786
124	943
124	971
124	993
125	186
125	376
125	863
125	942
126	511
126	716
126	832
126	919
127	735
127	806
127	884
127	956
128	421
128	713
128	818
128	965
129	104
129	672
129	984
129	996
130	3
130	239
130	858
130	948
131	10
131	746
131	911
131	950
132	791
132	945
132	949
132	977
133	673
133	799
133	945
133	961
134	212
134	300
134	737
134	980
135	422
135	927
135	978
135	990
136	468
136	520
136	906
136	948
137	209
137	558
137	714
137	933
138	819
138	936
138	940
138	956
139	635
139	666
139	929
139	963
140	822
140	885
140	944
140	958
141	61
141	845
141	890
141	965
142	72
142	537
142	821
142	829
143	889
143	911
143	953
143	995
144	882
144	898
144	903
144	987
145	433
145	466
145	988
145	997
146	516
146	669
146	757
146	909
147	587
147	714
147	960
147	980
147	991
148	603
148	606
148	928
148	941
149	291
149	794
149	874
149	952
150	542
150	580
150	638
150	943
151	705
151	776
151	870
151	946
152	697
152	907
152	914
152	946
153	54
153	925
153	976
153	982
154	355
154	416
154	664
154	960
155	702
155	886
155	948
155	966
156	681
156	917
156	933
156	996
157	192
157	710
157	964
157	982
158	4
158	818
158	828
158	853
159	458
159	783
159	831
159	867
160	516
160	597
160	615
160	625
161	347
161	459
161	872
161	938
162	480
162	784
162	872
162	899
163	110
163	395
163	455
163	933
164	637
164	791
164	881
164	945
165	188
165	302
165	921
165	960
165	973
166	388
166	853
166	939
166	981
167	493
167	498
167	575
167	935
168	66
168	834
168	894
168	990
169	701
169	846
169	898
169	960
169	974
170	453
170	582
170	888
170	969
171	459
171	714
171	728
171	933
172	19
172	879
172	959
172	996
173	677
173	869
173	981
173	987
174	498
174	651
174	921
174	983
175	938
175	952
175	970
175	986
176	534
176	873
176	885
176	995
177	592
177	832
177	869
177	932
178	473
178	584
178	593
178	645
179	109
179	344
179	750
179	855
180	261
180	294
180	796
180	925
181	262
181	400
181	684
181	966
182	241
182	557
182	954
182	978
183	391
183	658
183	959
183	977
184	902
184	975
184	978
184	980
185	903
185	912
185	961
185	971
186	125
186	617
186	909
186	952
187	70
187	410
187	844
187	966
188	165
188	196
188	355
188	861
189	105
189	738
189	789
189	845
190	418
190	678
190	973
190	980
191	687
191	703
191	998
191	1000
192	157
192	446
192	982
192	990
193	43
193	766
193	901
193	928
194	917
194	970
194	982
194	1000
195	48
195	830
195	988
195	989
196	188
196	889
196	978
196	999
197	938
197	975
197	978
197	987
198	952
198	953
198	975
198	991
199	934
199	960
199	977
199	999
200	671
200	766
200	782
200	915
201	69
201	360
201	641
201	759
202	312
202	608
202	932
202	986
203	336
203	712
203	969
203	976
204	558
204	827
204	852
204	933
205	449
205	930
205	966
205	997
206	640
206	912
206	957
206	963
207	823
207	827
207	905
207	963
208	217
208	427
208	511
208	958
209	137
209	326
209	933
209	951
210	556
210	591
210	717
210	969
210	973
211	62
211	500
211	965
211	983
212	134
212	939
212	976
212	1000
213	508
213	557
213	958
213	996
214	220
214	250
214	332
214	850
215	670
215	927
215	998
215	1000
216	304
216	860
216	920
216	971
217	208
217	599
217	781
217	848
217	922
218	251
218	769
218	863
218	968
219	658
219	714
219	866
219	933
220	214
220	305
220	586
220	786
221	482
221	966
221	976
221	1000
222	688
222	862
222	872
222	903
223	476
223	541
223	716
223	879
223	960
223	990
224	243
224	927
224	948
224	974
225	825
225	843
225	959
225	966
226	658
226	744
226	803
226	980
227	40
227	69
227	451
227	712
228	717
228	828
228	966
228	998
229	613
229	932
229	941
229	995
230	60
230	375
230	612
230	724
230	754
231	243
231	472
231	560
231	962
231	993
232	541
232	584
232	739
232	774
232	813
233	364
233	830
233	918
233	988
233	989
234	3
234	434
234	580
234	899
234	984
235	602
235	876
235	908
235	929
235	956
236	16
236	756
236	852
236	858
236	969
237	431
237	662
237	819
237	936
237	940
238	105
238	430
238	448
238	583
238	974
239	130
239	829
239	853
239	886
239	922
240	694
240	764
240	895
240	986
240	987
240	994
241	182
241	438
241	870
241	915
241	969
242	579
242	645
242	652
242	719
242	739
243	224
243	231
243	263
243	322
243	716
244	311
244	370
244	576
244	942
244	988
245	68
245	614
245	934
245	974
245	975
246	118
246	823
246	825
246	944
246	950
247	706
247	788
247	885
247	953
247	971
248	392
248	647
248	884
248	906
248	933
249	901
249	915
249	922
249	993
249	994
250	214
250	879
250	927
250	966
250	988
251	218
251	772
251	924
251	937
251	994
252	750
252	798
252	828
252	975
252	987
253	674
253	776
253	850
253	871
253	916
254	769
254	790
254	855
254	931
254	942
255	37
255	404
255	851
255	910
255	972
256	452
256	532
256	708
256	850
256	965
257	534
257	862
257	948
257	964
257	970
258	329
258	818
258	827
258	864
258	966
259	92
259	520
259	547
259	855
259	1000
260	273
260	747
260	759
260	808
260	984
261	180
261	798
261	855
261	952
261	984
262	181
262	652
262	930
262	942
262	1000
263	243
263	301
263	835
263	859
263	867
263	918
264	104
264	507
264	578
264	716
264	990
265	396
265	477
265	840
265	923
265	964
266	276
266	431
266	819
266	936
266	940
267	416
267	538
267	664
267	679
267	769
268	551
268	657
268	882
268	924
268	925
269	400
269	857
269	963
269	991
269	994
270	105
270	353
270	548
270	786
270	974
271	457
271	650
271	792
271	831
271	953
272	501
272	586
272	863
272	897
272	941
273	260
273	419
273	846
273	955
273	984
274	573
274	670
274	793
274	796
274	957
274	965
275	18
275	379
275	532
275	767
275	953
275	996
276	266
276	905
276	931
276	992
276	996
277	908
277	940
277	960
277	971
277	979
277	991
278	282
278	593
278	606
278	667
278	857
279	618
279	836
279	921
279	932
279	970
280	425
280	675
280	892
280	913
280	938
281	872
281	898
281	911
281	955
281	957
281	988
282	114
282	278
282	847
282	948
282	1000
283	390
283	682
283	844
283	896
283	914
283	982
284	62
284	404
284	747
284	825
284	984
285	663
285	751
285	963
285	984
285	992
286	718
286	779
286	785
286	793
286	991
286	997
287	67
287	722
287	805
287	954
287	988
288	78
288	455
288	935
288	942
288	947
289	831
289	855
289	882
289	933
289	937
290	672
290	746
290	861
290	914
290	987
290	989
291	149
291	732
291	794
291	952
291	973
292	613
292	761
292	869
292	924
292	932
293	330
293	722
293	807
293	863
293	865
294	180
294	298
294	844
294	884
294	947
295	487
295	660
295	677
295	932
295	974
296	43
296	448
296	689
296	741
296	826
297	66
297	588
297	779
297	974
297	994
298	8
298	294
298	397
298	507
298	796
299	329
299	690
299	696
299	982
299	990
300	134
300	563
300	939
300	976
300	994
301	263
301	363
301	771
301	974
301	997
302	165
302	751
302	852
302	881
302	961
303	800
303	816
303	825
303	868
303	968
304	216
304	305
304	352
304	486
304	532
305	38
305	220
305	304
305	713
305	733
306	582
306	758
306	888
306	966
306	969
307	401
307	591
307	834
307	943
307	995
308	90
308	637
308	881
308	944
308	949
309	602
309	679
309	749
309	866
309	885
310	712
310	734
310	861
310	972
310	993
311	244
311	614
311	651
311	862
311	921
312	202
312	717
312	781
312	802
312	803
313	6
313	879
313	953
313	969
313	978
314	618
314	828
314	916
314	978
314	987
315	549
315	952
315	954
315	962
315	996
316	601
316	947
316	958
316	964
316	997
317	819
317	840
317	898
317	936
317	968
318	488
318	779
318	845
318	871
318	890
319	122
319	499
319	800
319	924
319	968
320	391
320	481
320	577
320	841
320	977
321	793
321	850
321	939
321	944
321	970
321	975
322	243
322	450
322	471
322	523
322	975
323	689
323	767
323	959
323	961
323	987
323	997
324	488
324	630
324	656
324	894
324	937
325	386
325	693
325	696
325	985
325	999
326	209
326	773
326	797
326	945
326	998
327	339
327	465
327	728
327	876
327	971
328	103
328	640
328	758
328	896
328	972
328	987
329	258
329	299
329	816
329	851
329	896
329	985
330	22
330	293
330	773
330	953
330	970
331	662
331	954
331	959
331	962
331	996
332	214
332	696
332	903
332	940
332	999
333	750
333	847
333	959
333	998
333	1000
334	423
334	598
334	908
334	913
334	926
335	743
335	874
335	952
335	972
335	973
336	203
336	512
336	676
336	909
336	929
336	995
337	349
337	501
337	590
337	793
337	995
338	574
338	622
338	698
338	807
338	860
338	909
338	960
339	87
339	327
339	520
339	589
339	1000
340	628
340	681
340	790
340	909
340	956
341	94
341	727
341	975
341	978
341	987
342	680
342	695
342	892
342	926
342	993
343	506
343	582
343	935
343	944
343	998
344	179
344	622
344	923
344	935
344	977
345	594
345	751
345	772
345	952
345	984
346	626
346	629
346	642
346	859
346	919
346	1000
347	161
347	409
347	705
347	837
347	864
348	110
348	524
348	652
348	719
348	988
349	337
349	868
349	940
349	955
349	989
349	991
350	424
350	613
350	932
350	941
350	993
351	740
351	836
351	893
351	961
351	967
352	304
352	430
352	556
352	565
352	957
353	270
353	575
353	611
353	766
353	848
354	780
354	820
354	901
354	967
354	972
355	154
355	188
355	389
355	512
355	653
356	87
356	735
356	795
356	842
356	857
357	704
357	789
357	820
357	864
357	903
358	104
358	800
358	841
358	906
358	991
359	522
359	718
359	896
359	980
359	984
359	987
360	201
360	829
360	876
360	941
360	948
360	999
361	857
361	960
361	962
361	977
361	990
362	616
362	732
362	869
362	956
362	975
362	995
363	301
363	756
363	866
363	961
363	974
364	233
364	404
364	444
364	895
364	985
365	373
365	557
365	630
365	797
365	986
366	668
366	753
366	873
366	911
366	997
367	418
367	715
367	826
367	942
367	973
368	121
368	483
368	616
368	766
368	902
369	567
369	589
369	848
369	917
369	927
369	940
370	244
370	728
370	869
370	932
370	941
371	908
371	920
371	969
371	987
371	999
372	924
372	975
372	978
372	980
372	987
373	365
373	436
373	463
373	844
373	852
374	540
374	793
374	965
374	987
374	996
374	997
375	230
375	612
375	667
375	748
375	983
376	125
376	704
376	805
376	821
376	894
377	529
377	884
377	947
377	972
377	978
378	644
378	772
378	939
378	976
378	994
379	275
379	736
379	903
379	948
379	969
379	981
380	94
380	398
380	831
380	941
380	969
381	494
381	934
381	960
381	977
381	999
382	384
382	584
382	788
382	992
382	998
383	101
383	457
383	651
383	850
383	862
383	921
384	382
384	649
384	799
384	901
384	992
384	998
385	581
385	931
385	968
385	979
385	980
385	983
386	325
386	464
386	709
386	895
386	970
386	985
387	445
387	790
387	833
387	979
387	985
387	999
388	166
388	568
388	616
388	656
388	716
388	946
389	355
389	852
389	904
389	937
389	976
389	986
390	283
390	782
390	870
390	909
390	931
390	977
391	34
391	183
391	320
391	841
391	930
391	951
392	248
392	700
392	851
392	914
392	958
392	969
393	630
393	839
393	882
393	904
393	926
393	951
394	733
394	873
394	892
394	910
394	929
394	992
395	163
395	411
395	674
395	684
395	720
395	916
396	265
396	809
396	892
396	925
396	976
396	996
397	298
397	641
397	844
397	850
397	852
397	923
398	380
398	615
398	718
398	983
398	986
398	999
399	35
399	444
399	709
399	895
399	964
399	985
400	181
400	269
400	498
400	781
400	951
400	984
401	307
401	670
401	835
401	960
401	969
401	982
401	990
402	852
402	879
402	959
402	968
402	976
402	998
403	630
403	636
403	895
403	919
403	955
403	959
404	68
404	255
404	284
404	364
404	736
404	773
405	428
405	498
405	699
405	831
405	936
405	982
406	116
406	679
406	871
406	890
406	983
406	985
407	435
407	447
407	469
407	867
407	938
407	991
408	105
408	583
408	755
408	799
408	923
408	974
409	347
409	808
409	821
409	900
409	957
409	981
410	36
410	187
410	723
410	878
410	918
410	997
411	24
411	395
411	733
411	757
411	957
411	964
412	32
412	607
412	634
412	731
412	914
412	997
413	613
413	801
413	924
413	941
413	972
413	995
414	710
414	916
414	928
414	941
414	972
414	973
415	684
415	686
415	731
415	920
415	934
415	972
416	154
416	267
416	823
416	848
416	873
416	949
417	436
417	668
417	733
417	956
417	991
417	998
418	190
418	367
418	533
418	605
418	914
418	1000
419	273
419	794
419	874
419	952
419	972
419	992
420	722
420	747
420	801
420	852
420	899
420	930
421	128
421	689
421	713
421	725
421	818
421	864
422	123
422	135
422	468
422	719
422	939
422	1000
423	334
423	588
423	748
423	837
423	963
423	985
424	350
424	473
424	604
424	809
424	840
424	859
424	981
425	280
425	610
425	840
425	853
425	973
425	979
426	462
426	660
426	770
426	898
426	938
426	991
427	208
427	435
427	840
427	865
427	877
427	997
428	405
428	672
428	866
428	883
428	920
428	927
429	472
429	703
429	804
429	930
429	942
429	995
430	238
430	352
430	655
430	924
430	964
430	986
431	100
431	237
431	266
431	935
431	936
431	940
432	570
432	729
432	753
432	766
432	877
432	967
433	145
433	549
433	695
433	793
433	908
433	942
433	983
434	234
434	808
434	831
434	927
434	970
434	993
435	80
435	407
435	427
435	646
435	901
435	920
436	373
436	417
436	824
436	902
436	908
436	943
436	952
437	491
437	801
437	886
437	937
437	944
437	994
438	241
438	773
438	785
438	858
438	944
438	958
439	589
439	660
439	835
439	882
439	965
439	983
440	640
440	681
440	842
440	871
440	956
440	999
441	56
441	591
441	838
441	841
441	895
441	1000
442	626
442	631
442	734
442	865
442	970
442	995
443	653
443	776
443	786
443	893
443	977
443	994
444	35
444	364
444	399
444	709
444	719
444	938
445	387
445	615
445	808
445	921
445	994
445	996
446	70
446	192
446	840
446	884
446	963
446	989
447	407
447	508
447	660
447	822
447	938
447	946
448	238
448	296
448	527
448	872
448	949
448	982
449	5
449	22
449	205
449	701
449	786
449	957
450	322
450	657
450	815
450	895
450	985
450	999
451	227
451	590
451	625
451	910
451	928
451	948
452	256
452	595
452	703
452	786
452	933
452	969
452	990
453	63
453	170
453	582
453	837
453	888
453	969
454	478
454	692
454	733
454	758
454	803
454	965
455	163
455	288
455	503
455	848
455	950
455	987
455	1000
456	688
456	924
456	927
456	948
456	970
456	981
457	14
457	29
457	271
457	383
457	730
457	953
458	159
458	728
458	831
458	867
458	926
458	973
459	161
459	171
459	652
459	689
459	711
459	828
460	29
460	521
460	524
460	928
460	929
460	1000
461	119
461	634
461	690
461	760
461	922
461	981
462	426
462	547
462	635
462	830
462	988
462	989
463	373
463	603
463	797
463	819
463	894
463	896
464	35
464	386
464	488
464	814
464	985
464	989
465	327
465	636
465	653
465	870
465	916
465	983
466	145
466	507
466	624
466	803
466	952
466	985
467	736
467	743
467	794
467	874
467	952
467	992
468	136
468	422
468	858
468	877
468	985
468	991
469	407
469	862
469	875
469	912
469	994
469	999
470	12
470	91
470	561
470	676
470	793
470	855
471	322
471	620
471	870
471	969
471	971
471	977
472	92
472	231
472	429
472	860
472	992
472	995
473	178
473	424
473	562
473	807
473	845
473	996
474	51
474	551
474	673
474	721
474	738
474	974
475	92
475	719
475	813
475	874
475	879
475	955
476	223
476	818
476	864
476	915
476	925
476	971
477	265
477	871
477	907
477	947
477	958
477	964
478	454
478	677
478	803
478	959
478	965
478	980
479	502
479	822
479	868
479	875
479	963
479	968
480	162
480	741
480	788
480	863
480	918
480	998
481	320
481	636
481	843
481	889
481	919
481	973
482	221
482	723
482	836
482	851
482	942
482	984
483	368
483	588
483	727
483	891
483	903
483	981
484	601
484	642
484	889
484	931
484	969
484	988
485	599
485	615
485	675
485	776
485	983
485	999
486	304
486	872
486	939
486	979
486	986
486	989
487	295
487	570
487	901
487	948
487	954
487	970
487	998
488	318
488	324
488	464
488	706
488	872
488	955
488	998
489	19
489	102
489	622
489	750
489	928
489	931
489	942
490	701
490	787
490	862
490	886
490	890
490	955
490	960
491	437
491	505
491	723
491	724
491	755
491	868
491	886
492	527
492	603
492	681
492	737
492	824
492	836
492	969
493	167
493	625
493	651
493	731
493	862
493	921
493	935
494	381
494	790
494	889
494	934
494	960
494	977
494	999
495	548
495	634
495	773
495	785
495	858
495	877
495	907
496	34
496	680
496	782
496	892
496	925
496	935
496	993
497	82
497	636
497	801
497	841
497	843
497	919
497	959
498	72
498	167
498	174
498	400
498	405
498	862
498	921
499	319
499	530
499	634
499	723
499	963
499	968
499	980
500	211
500	614
500	814
500	912
500	942
500	965
500	983
501	272
501	337
501	628
501	708
501	869
501	886
501	1000
502	122
502	479
502	581
502	800
502	968
502	979
502	983
503	455
503	802
503	930
503	954
503	962
503	979
503	996
504	507
504	650
504	805
504	874
504	933
504	953
504	987
505	491
505	620
505	689
505	777
505	803
505	904
505	919
506	343
506	859
506	928
506	948
506	972
506	976
506	983
507	98
507	264
507	298
507	466
507	504
507	604
507	925
508	213
508	447
508	594
508	596
508	788
508	913
508	971
509	47
509	512
509	812
509	875
509	940
509	961
509	996
510	32
510	569
510	813
510	832
510	975
510	978
510	987
511	126
511	208
511	767
511	793
511	840
511	974
511	981
512	21
512	336
512	355
512	509
512	847
512	878
512	972
513	686
513	695
513	720
513	892
513	896
513	910
513	969
514	655
514	658
514	878
514	921
514	948
514	969
514	989
515	809
515	817
515	859
515	890
515	967
515	971
515	997
516	146
516	160
516	829
516	887
516	912
516	957
516	999
517	570
517	586
517	744
517	933
517	936
517	952
517	966
518	539
518	669
518	854
518	872
518	877
518	945
518	952
519	74
519	91
519	659
519	721
519	761
519	944
519	960
520	30
520	136
520	259
520	339
520	545
520	979
520	985
521	460
521	718
521	890
521	950
521	962
521	979
521	988
522	359
522	780
522	782
522	832
522	852
522	897
522	955
523	322
523	667
523	782
523	814
523	927
523	979
523	984
524	348
524	460
524	642
524	736
524	753
524	853
524	918
525	537
525	605
525	791
525	881
525	904
525	945
525	949
526	548
526	553
526	735
526	842
526	884
526	951
526	956
527	448
527	492
527	715
527	752
527	861
527	961
527	967
528	581
528	682
528	715
528	767
528	929
528	935
528	996
529	102
529	377
529	756
529	859
529	921
529	946
529	986
530	499
530	764
530	773
530	819
530	842
530	906
530	933
531	79
531	620
531	748
531	947
531	954
531	962
531	996
532	38
532	256
532	275
532	304
532	557
532	653
532	891
533	418
533	700
533	859
533	929
533	933
533	964
533	981
534	176
534	257
534	728
534	825
534	989
534	998
534	999
535	654
535	740
535	872
535	896
535	928
535	941
535	970
536	818
536	843
536	895
536	916
536	972
536	987
536	996
537	142
537	525
537	605
537	881
537	904
537	945
537	949
538	267
538	679
538	755
538	816
538	835
538	838
538	950
539	518
539	542
539	699
539	877
539	900
539	977
539	980
540	374
540	579
540	666
540	931
540	947
540	950
540	991
541	223
541	232
541	684
541	691
541	851
541	946
541	972
542	150
542	539
542	568
542	621
542	817
542	876
542	943
543	44
543	50
543	832
543	867
543	938
543	946
543	991
544	10
544	872
544	900
544	927
544	952
544	968
544	994
545	520
545	892
545	893
545	894
545	952
545	975
545	987
546	685
546	702
546	781
546	817
546	876
546	900
546	902
547	20
547	259
547	462
547	830
547	988
547	989
547	992
548	270
548	495
548	526
548	576
548	668
548	815
548	910
549	23
549	315
549	433
549	913
549	954
549	962
549	979
550	67
550	121
550	871
550	914
550	938
550	995
550	997
551	268
551	474
551	657
551	756
551	879
551	923
551	986
552	7
552	627
552	744
552	783
552	938
552	967
552	991
553	97
553	526
553	798
553	838
553	842
553	971
553	992
554	640
554	722
554	746
554	859
554	902
554	931
554	976
555	737
555	784
555	807
555	818
555	867
555	895
555	988
556	41
556	210
556	352
556	761
556	928
556	948
556	999
557	38
557	182
557	213
557	365
557	532
557	733
557	958
558	137
558	204
558	725
558	746
558	766
558	933
558	994
559	657
559	796
559	895
559	899
559	919
559	923
559	981
560	36
560	231
560	710
560	720
560	768
560	962
560	979
560	982
561	470
561	672
561	689
561	709
561	914
561	920
561	950
561	975
562	473
562	668
562	674
562	823
562	883
562	953
562	990
562	997
563	300
563	659
563	883
563	939
563	966
563	976
563	994
563	1000
564	661
564	720
564	775
564	866
564	916
564	940
564	957
564	990
565	28
565	352
565	668
565	735
565	800
565	812
565	988
565	998
566	624
566	683
566	723
566	886
566	922
566	933
566	970
566	999
567	39
567	113
567	369
567	572
567	790
567	811
567	920
567	981
568	388
568	542
568	815
568	846
568	920
568	950
568	975
568	997
569	86
569	510
569	749
569	848
569	856
569	956
569	978
569	987
570	85
570	432
570	487
570	517
570	966
570	975
570	985
570	994
571	574
571	606
571	617
571	619
571	737
571	861
571	939
571	976
572	567
572	643
572	691
572	711
572	762
572	866
572	899
572	981
573	274
573	623
573	898
573	957
573	972
573	977
573	986
573	988
574	338
574	571
574	659
574	939
574	966
574	976
574	986
574	1000
575	101
575	167
575	353
575	862
575	865
575	878
575	921
575	983
576	11
576	244
576	548
576	795
576	889
576	938
576	949
576	991
577	42
577	320
577	698
577	791
577	875
577	917
577	931
577	981
578	264
578	760
578	803
578	826
578	925
578	946
578	954
578	974
579	242
579	540
579	584
579	593
579	645
579	687
579	739
579	868
580	150
580	234
580	857
580	867
580	950
580	955
580	963
580	976
581	385
581	502
581	528
581	812
581	968
581	971
581	980
581	983
582	63
582	170
582	306
582	343
582	453
582	888
582	966
582	969
583	111
583	238
583	408
583	657
583	758
583	957
583	974
583	997
584	178
584	232
584	382
584	579
584	593
584	645
584	739
584	916
585	656
585	814
585	815
585	946
585	965
585	967
585	971
585	1000
586	37
586	220
586	272
586	517
586	610
586	666
586	819
586	939
587	147
587	608
587	913
587	930
587	954
587	962
587	967
587	996
588	297
588	423
588	483
588	909
588	935
588	937
588	982
588	994
589	339
589	369
589	439
589	735
589	738
589	893
589	931
589	959
590	337
590	451
590	769
590	821
590	862
590	928
590	973
590	995
591	210
591	307
591	441
591	668
591	894
591	903
591	922
591	998
592	177
592	633
592	792
592	807
592	855
592	892
592	936
592	941
593	178
593	278
593	579
593	584
593	645
593	693
593	741
593	774
594	110
594	345
594	508
594	673
594	789
594	824
594	937
594	945
595	23
595	452
595	636
595	807
595	843
595	959
595	973
595	989
596	508
596	778
596	897
596	907
596	908
596	929
596	950
596	956
597	160
597	755
597	787
597	792
597	867
597	935
597	964
597	982
598	89
598	334
598	741
598	898
598	903
598	938
598	952
598	978
599	217
599	485
599	854
599	878
599	941
599	978
599	998
599	999
600	620
600	894
600	928
600	945
600	946
600	956
600	957
600	999
601	316
601	484
601	697
601	775
601	792
601	871
601	947
601	956
602	235
602	309
602	801
602	861
602	908
602	929
602	950
602	956
603	148
603	463
603	492
603	624
603	732
603	816
603	960
603	996
603	998
604	424
604	507
604	682
604	886
604	896
604	917
604	928
604	996
605	418
605	525
605	537
605	637
605	881
605	904
605	945
605	949
606	148
606	278
606	571
606	885
606	904
606	967
606	978
606	987
607	412
607	694
607	697
607	708
607	784
607	856
607	914
607	997
608	2
608	202
608	587
608	827
608	913
608	954
608	962
608	996
609	712
609	814
609	839
609	873
609	922
609	993
609	994
609	997
610	68
610	425
610	586
610	864
610	887
610	915
610	932
610	995
611	353
611	631
611	647
611	676
611	678
611	904
611	965
611	968
612	60
612	230
612	375
612	667
612	748
612	754
612	816
612	954
613	229
613	292
613	350
613	413
613	809
613	941
613	984
613	993
614	245
614	311
614	500
614	683
614	848
614	944
614	945
614	995
615	160
615	398
615	445
615	485
615	705
615	776
615	880
615	951
616	362
616	368
616	388
616	823
616	860
616	937
616	976
616	990
617	186
617	571
617	883
617	926
617	957
617	966
617	967
617	984
618	279
618	314
618	727
618	797
618	917
618	924
618	978
618	987
619	3
619	36
619	571
619	849
619	939
619	964
619	994
619	1000
620	471
620	505
620	531
620	600
620	748
620	940
620	949
620	954
621	542
621	827
621	928
621	932
621	948
621	953
621	965
621	968
622	102
622	338
622	344
622	489
622	778
622	855
622	918
622	935
622	942
623	573
623	727
623	804
623	890
623	907
623	928
623	948
623	959
623	978
624	466
624	566
624	603
624	652
624	824
624	826
624	840
624	910
624	947
625	160
625	451
625	493
625	729
625	804
625	835
625	948
625	968
625	989
626	346
626	442
626	734
626	865
626	868
626	943
626	951
626	970
626	995
627	552
627	703
627	806
627	832
627	854
627	930
627	938
627	967
627	991
628	340
628	501
628	819
628	833
628	869
628	895
628	918
628	993
628	998
629	346
629	757
629	800
629	912
629	916
629	939
629	957
629	962
629	975
630	324
630	365
630	393
630	403
630	801
630	841
630	919
630	930
630	959
631	442
631	611
631	702
631	726
631	734
631	865
631	943
631	970
631	995
632	643
632	692
632	875
632	879
632	882
632	899
632	905
632	920
632	981
633	592
633	674
633	713
633	788
633	864
633	868
633	928
633	980
633	992
634	412
634	461
634	495
634	499
634	650
634	802
634	858
634	962
634	983
635	139
635	462
635	830
635	856
635	926
635	942
635	988
635	989
635	992
636	403
636	465
636	481
636	497
636	595
636	807
636	843
636	919
636	966
637	164
637	308
637	605
637	877
637	881
637	904
637	945
637	946
637	949
638	150
638	745
638	817
638	887
638	929
638	964
638	973
638	977
638	980
639	680
639	756
639	792
639	808
639	851
639	860
639	929
639	976
639	1000
640	33
640	206
640	328
640	440
640	554
640	871
640	897
640	909
640	999
641	65
641	201
641	397
641	677
641	736
641	833
641	911
641	979
641	981
642	346
642	484
642	524
642	748
642	833
642	901
642	975
642	987
642	996
643	572
643	632
643	691
643	704
643	777
643	820
643	875
643	899
643	981
644	378
644	680
644	805
644	815
644	834
644	962
644	976
644	985
644	991
645	178
645	242
645	579
645	584
645	593
645	739
645	775
645	811
645	880
646	435
646	750
646	865
646	891
646	921
646	959
646	970
646	981
646	998
647	248
647	611
647	654
647	658
647	746
647	933
647	951
647	965
647	974
648	688
648	706
648	872
648	903
648	947
648	984
649	384
649	660
649	819
649	894
649	947
649	954
649	960
649	991
649	998
650	112
650	271
650	504
650	634
650	759
650	923
650	936
650	995
650	998
651	101
651	174
651	311
651	383
651	493
651	754
651	816
651	862
651	930
652	242
652	262
652	348
652	459
652	624
652	666
652	671
652	690
652	945
653	355
653	443
653	465
653	532
653	690
653	883
653	915
653	922
653	982
654	535
654	647
654	718
654	882
654	935
654	951
654	968
654	986
654	992
655	430
655	514
655	791
655	806
655	927
655	947
655	980
655	985
655	998
656	324
656	388
656	585
656	823
656	840
656	892
656	931
656	988
656	997
657	51
657	268
657	450
657	551
657	559
657	583
657	749
657	923
657	974
658	103
658	183
658	219
658	226
658	514
658	647
658	735
658	742
658	996
659	519
659	563
659	574
659	723
659	930
659	939
659	976
659	986
659	1000
660	295
660	426
660	439
660	447
660	649
660	795
660	834
660	938
660	991
661	564
661	718
661	745
661	822
661	839
661	887
661	897
661	967
661	983
662	237
662	331
662	889
662	913
662	925
662	954
662	956
662	967
662	996
663	99
663	285
663	776
663	844
663	851
663	852
663	963
663	990
663	992
664	154
664	267
664	895
664	936
664	948
664	958
664	983
664	984
664	993
665	755
665	851
665	865
665	879
665	903
665	905
665	964
665	970
665	980
666	139
666	540
666	586
666	652
666	789
666	796
666	847
666	976
666	994
667	60
667	81
667	278
667	375
667	523
667	612
667	756
667	854
667	878
668	366
668	417
668	548
668	562
668	565
668	591
668	685
668	824
668	953
668	990
669	146
669	518
669	742
669	748
669	829
669	841
669	879
669	918
669	957
669	964
670	215
670	274
670	401
670	784
670	847
670	929
670	936
670	942
670	984
670	985
671	200
671	652
671	719
671	785
671	811
671	849
671	870
671	911
671	955
671	988
672	95
672	129
672	290
672	428
672	561
672	749
672	920
672	924
672	927
672	944
673	8
673	117
673	133
673	474
673	594
673	705
673	720
673	815
673	964
673	992
674	14
674	38
674	253
674	395
674	562
674	633
674	726
674	908
674	990
674	996
675	110
675	280
675	485
675	693
675	784
675	905
675	911
675	929
675	968
675	996
676	100
676	336
676	470
676	611
676	819
676	854
676	935
676	936
676	940
676	989
677	173
677	295
677	478
677	641
677	774
677	914
677	936
677	942
677	946
677	982
678	190
678	611
678	705
678	821
678	845
678	921
678	933
678	938
678	958
678	991
679	267
679	309
679	406
679	538
679	736
679	795
679	854
679	923
679	950
679	977
680	342
680	496
680	639
680	644
680	695
680	834
680	888
680	892
680	944
680	993
681	156
681	340
681	440
681	492
681	684
681	731
681	778
681	811
681	951
681	999
682	117
682	283
682	528
682	604
682	691
682	739
682	811
682	912
682	950
682	981
683	566
683	614
683	789
683	843
683	847
683	895
683	900
683	930
683	940
683	997
684	181
684	395
684	415
684	541
684	681
684	707
684	811
684	829
684	865
684	970
685	546
685	668
685	696
685	737
685	753
685	875
685	949
685	967
685	981
685	985
686	27
686	415
686	513
686	729
686	870
686	877
686	878
686	913
686	989
686	991
687	119
687	191
687	579
687	788
687	874
687	949
687	954
687	957
687	960
687	992
688	222
688	456
688	648
688	706
688	872
688	903
688	947
689	106
689	296
689	323
689	421
689	459
689	505
689	561
689	729
689	864
689	976
690	299
690	461
690	652
690	653
690	710
690	716
690	721
690	787
690	982
690	994
691	541
691	572
691	643
691	682
691	820
691	822
691	851
691	875
691	899
691	981
692	454
692	632
692	717
692	718
692	785
692	811
692	901
692	948
692	951
692	993
693	325
693	593
693	675
693	757
693	860
693	899
693	909
693	957
693	994
693	999
694	240
694	607
694	872
694	895
694	903
694	914
694	921
694	938
694	940
694	991
695	342
695	433
695	513
695	680
695	781
695	834
695	892
695	926
695	935
695	993
696	299
696	325
696	332
696	685
696	879
696	882
696	939
696	947
696	982
696	1000
697	152
697	601
697	607
697	721
697	731
697	741
697	839
697	856
697	907
697	914
698	13
698	71
698	338
698	577
698	753
698	782
698	896
698	900
698	973
698	995
699	405
699	539
699	752
699	831
699	848
699	872
699	896
699	903
699	977
699	993
700	392
700	533
700	722
700	750
700	757
700	950
700	957
700	968
700	974
700	986
701	53
701	169
701	449
701	490
701	757
701	766
701	877
701	918
701	955
701	957
702	155
702	546
702	631
702	804
702	897
702	945
702	950
702	970
702	979
702	982
703	191
703	429
703	452
703	627
703	797
703	839
703	853
703	921
703	946
703	998
704	357
704	376
704	643
704	756
704	761
704	800
704	861
704	886
704	976
704	999
705	151
705	347
705	615
705	673
705	678
705	717
705	744
705	810
705	853
705	958
706	57
706	247
706	488
706	648
706	688
706	778
706	820
706	872
706	903
706	947
707	684
707	786
707	811
707	830
707	859
707	886
707	903
707	937
707	958
707	974
708	256
708	501
708	607
708	767
708	894
708	906
708	914
708	921
708	936
708	1000
709	30
709	386
709	399
709	444
709	561
709	720
709	867
709	895
709	979
709	985
710	65
710	157
710	414
710	560
710	690
710	873
710	935
710	979
710	982
710	994
711	459
711	572
711	760
711	809
711	821
711	828
711	899
711	919
711	971
711	978
711	985
712	83
712	203
712	227
712	310
712	609
712	792
712	861
712	873
712	900
712	922
712	997
713	128
713	305
713	421
713	633
713	772
713	818
713	856
713	864
713	884
713	915
713	971
714	13
714	76
714	137
714	147
714	171
714	219
714	766
714	798
714	901
714	933
714	965
715	88
715	367
715	527
715	528
715	759
715	766
715	792
715	887
715	923
715	961
715	977
716	80
716	126
716	223
716	243
716	264
716	388
716	690
716	784
716	853
716	961
716	982
717	19
717	210
717	228
717	312
717	692
717	705
717	849
717	957
717	983
717	992
717	997
718	286
718	359
718	398
718	521
718	654
718	661
718	692
718	760
718	825
718	983
718	999
719	242
719	348
719	422
719	444
719	475
719	671
719	939
719	972
719	977
719	988
719	989
720	395
720	513
720	560
720	564
720	673
720	709
720	865
720	870
720	970
720	996
720	1000
721	474
721	519
721	690
721	697
721	740
721	754
721	827
721	848
721	914
721	951
721	982
722	28
722	287
722	293
722	420
722	554
722	700
722	811
722	850
722	878
722	906
722	909
723	410
723	482
723	491
723	499
723	566
723	659
723	890
723	918
723	937
723	984
723	995
724	230
724	491
724	810
724	850
724	937
724	943
724	956
724	960
724	962
724	963
724	984
725	421
725	558
725	756
725	770
725	882
725	919
725	924
725	931
725	988
725	994
725	996
726	631
726	674
726	838
726	880
726	931
726	936
726	940
726	960
726	970
726	979
726	985
727	341
727	483
727	618
727	623
727	797
727	828
727	951
727	978
727	980
727	987
727	998
728	171
728	327
728	370
728	458
728	534
728	823
728	831
728	932
728	936
728	940
728	947
729	432
729	625
729	686
729	689
729	740
729	745
729	802
729	893
729	912
729	920
729	1000
730	457
730	839
730	869
730	908
730	922
730	932
730	955
730	958
730	972
730	997
730	1000
731	52
731	412
731	415
731	493
731	681
731	697
731	764
731	792
731	888
731	905
731	969
732	291
732	362
732	603
732	743
732	874
732	880
732	915
732	952
732	973
732	992
732	997
733	305
733	394
733	411
733	417
733	454
733	557
733	863
733	870
733	894
733	936
733	957
734	310
734	442
734	626
734	631
734	833
734	865
734	885
734	943
734	951
734	970
734	995
735	127
735	356
735	526
735	565
735	589
735	658
735	777
735	862
735	956
735	971
735	980
736	379
736	404
736	467
736	524
736	641
736	679
736	769
736	795
736	808
736	955
736	984
737	87
737	134
737	492
737	555
737	571
737	685
737	770
737	905
737	939
737	958
737	1000
738	189
738	474
738	589
738	742
738	888
738	893
738	907
738	918
738	969
738	989
738	997
739	232
739	242
739	579
739	584
739	645
739	682
739	813
739	873
739	880
739	897
739	916
740	351
740	535
740	721
740	729
740	778
740	802
740	856
740	877
740	920
740	961
740	967
741	296
741	480
741	593
741	598
741	697
741	799
741	904
741	914
741	968
741	983
741	986
742	658
742	669
742	738
742	820
742	831
742	850
742	917
742	948
742	967
742	991
742	999
743	335
743	467
743	732
743	874
743	907
743	915
743	926
743	952
743	969
743	972
743	997
744	226
744	517
744	552
744	705
744	761
744	810
744	812
744	826
744	902
744	948
744	991
745	638
745	661
745	729
745	765
745	773
745	784
745	808
745	821
745	858
745	943
745	967
745	997
746	49
746	131
746	290
746	554
746	558
746	647
746	789
746	847
746	917
746	975
746	987
746	998
747	36
747	260
747	284
747	420
747	808
747	876
747	891
747	897
747	917
747	931
747	943
747	984
748	7
748	375
748	423
748	531
748	612
748	620
748	642
748	669
748	802
748	893
748	922
748	997
749	309
749	569
749	657
749	672
749	828
749	899
749	911
749	949
749	974
749	980
749	981
749	993
750	179
750	252
750	333
750	489
750	646
750	700
750	778
750	916
750	931
750	943
750	946
750	977
751	8
751	99
751	285
751	302
751	345
751	844
751	850
751	897
751	925
751	961
751	963
751	985
752	31
752	88
752	527
752	699
752	766
752	814
752	866
752	883
752	887
752	946
752	961
752	999
753	366
753	432
753	524
753	685
753	698
753	823
753	855
753	913
753	920
753	926
753	976
753	1000
754	230
754	612
754	651
754	721
754	862
754	888
754	908
754	929
754	969
754	970
754	986
754	993
755	408
755	491
755	538
755	597
755	665
755	774
755	787
755	937
755	960
755	974
755	980
755	984
756	236
756	363
756	529
756	551
756	639
756	667
756	704
756	725
756	866
756	873
756	924
756	974
757	146
757	411
757	629
757	693
757	700
757	701
757	769
757	839
757	877
757	919
757	957
757	986
758	73
758	306
758	328
758	454
758	583
758	769
758	832
758	838
758	847
758	886
758	937
758	974
759	201
759	260
759	650
759	715
759	800
759	826
759	900
759	954
759	968
759	975
759	984
759	987
760	12
760	461
760	578
760	711
760	718
760	792
760	888
760	939
760	969
760	986
760	990
760	999
761	292
761	519
761	556
761	704
761	744
761	880
761	901
761	928
761	942
761	948
761	983
761	999
762	2
762	12
762	86
762	572
762	781
762	831
762	926
762	935
762	937
762	971
762	981
762	994
763	779
763	851
763	852
763	861
763	880
763	900
763	923
763	949
763	954
763	981
763	984
763	996
764	240
764	530
764	731
764	780
764	835
764	848
764	867
764	902
764	912
764	944
764	958
764	990
765	13
765	29
765	745
765	855
765	875
765	894
765	924
765	984
765	988
765	989
765	993
765	998
766	193
766	200
766	353
766	368
766	432
766	558
766	701
766	714
766	715
766	752
766	921
766	955
767	2
767	56
767	77
767	275
767	323
767	511
767	528
767	708
767	827
767	965
767	990
767	999
768	560
768	810
768	816
768	880
768	921
768	932
768	981
768	982
768	983
768	985
768	992
768	998
769	218
769	254
769	267
769	590
769	736
769	757
769	758
769	785
769	835
769	890
769	913
769	962
770	426
770	725
770	737
770	789
770	847
770	854
770	874
770	881
770	909
770	923
770	933
770	1000
771	51
771	115
771	301
771	859
771	890
771	944
771	949
771	963
771	965
771	971
771	988
771	989
772	95
772	251
772	345
772	378
772	713
772	818
772	908
772	917
772	927
772	929
772	937
772	979
773	326
773	330
773	404
773	438
773	495
773	530
773	745
773	785
773	787
773	792
773	861
773	944
773	993
774	6
774	232
774	593
774	677
774	755
774	821
774	852
774	855
774	894
774	931
774	953
774	961
774	973
775	111
775	564
775	601
775	645
775	897
775	912
775	923
775	939
775	950
775	980
775	988
775	989
775	1000
776	4
776	78
776	114
776	151
776	253
776	443
776	485
776	615
776	663
776	841
776	843
776	953
776	958
777	505
777	643
777	735
777	842
777	844
777	910
777	912
777	926
777	946
777	976
777	982
777	985
777	1000
778	596
778	622
778	681
778	706
778	740
778	750
778	790
778	798
778	872
778	908
778	947
778	953
778	981
779	286
779	297
779	318
779	763
779	813
779	845
779	890
779	906
779	911
779	923
779	963
779	965
779	986
780	354
780	522
780	764
780	805
780	844
780	908
780	917
780	920
780	929
780	944
780	946
780	948
780	990
781	217
781	312
781	400
781	546
781	695
781	762
781	803
781	817
781	860
781	869
781	883
781	892
781	941
782	200
782	390
782	496
782	522
782	523
782	698
782	823
782	847
782	892
782	896
782	938
782	966
782	990
783	72
783	159
783	552
783	829
783	836
783	863
783	913
783	949
783	957
783	984
783	991
783	996
783	998
784	1
784	53
784	162
784	555
784	607
784	670
784	675
784	716
784	745
784	860
784	916
784	979
784	995
785	27
785	286
785	438
785	495
785	671
785	692
785	769
785	773
785	824
785	849
785	858
785	944
785	993
786	116
786	124
786	220
786	270
786	443
786	449
786	452
786	707
786	795
786	886
786	935
786	958
786	993
787	97
787	490
787	597
787	690
787	755
787	773
787	885
787	909
787	912
787	964
787	982
787	990
787	994
788	49
788	89
788	247
788	382
788	480
788	508
788	633
788	687
788	863
788	880
788	900
788	965
788	998
789	2
789	21
789	40
789	54
789	84
789	189
789	357
789	594
789	666
789	683
789	746
789	770
789	955
790	254
790	340
790	387
790	494
790	567
790	778
790	796
790	858
790	956
790	958
790	977
790	985
790	994
791	58
791	96
791	132
791	164
791	525
791	577
791	655
791	816
791	881
791	904
791	906
791	945
791	949
792	271
792	592
792	597
792	601
792	639
792	712
792	715
792	731
792	760
792	773
792	823
792	824
792	982
793	274
793	286
793	321
793	337
793	374
793	433
793	470
793	511
793	822
793	857
793	889
793	955
793	995
794	149
794	291
794	419
794	467
794	846
794	874
794	907
794	926
794	952
794	961
794	973
794	992
794	997
795	356
795	576
795	660
795	679
795	736
795	786
795	838
795	927
795	938
795	953
795	979
795	980
795	983
796	180
796	274
796	298
796	559
796	666
796	790
796	804
796	805
796	834
796	847
796	933
796	989
796	999
797	326
797	365
797	463
797	618
797	703
797	727
797	826
797	868
797	897
797	956
797	975
797	978
797	987
798	28
798	252
798	261
798	553
798	714
798	778
798	817
798	897
798	902
798	982
798	987
798	988
798	989
799	109
799	133
799	384
799	408
799	741
799	819
799	873
799	906
799	931
799	936
799	958
799	976
799	986
800	303
800	319
800	358
800	502
800	565
800	629
800	704
800	759
800	836
800	904
800	963
800	968
800	979
801	7
801	16
801	413
801	420
801	437
801	497
801	602
801	630
801	929
801	932
801	975
801	987
801	998
802	312
802	503
802	634
802	729
802	740
802	748
802	805
802	932
802	941
802	959
802	962
802	988
802	989
803	226
803	312
803	454
803	466
803	478
803	505
803	578
803	781
803	943
803	955
803	961
803	980
803	985
804	117
804	429
804	623
804	625
804	702
804	796
804	849
804	857
804	860
804	889
804	894
804	916
804	930
804	995
805	66
805	287
805	376
805	504
805	644
805	780
805	796
805	802
805	834
805	836
805	894
805	909
805	924
805	997
806	127
806	627
806	655
806	927
806	931
806	934
806	935
806	939
806	960
806	976
806	988
806	989
806	994
806	1000
807	103
807	293
807	338
807	473
807	555
807	592
807	595
807	636
807	843
807	898
807	919
807	959
807	966
807	977
808	260
808	409
808	434
808	445
808	639
808	736
808	745
808	747
808	836
808	893
808	943
808	963
808	984
808	995
809	28
809	64
809	396
809	424
809	515
809	613
809	711
809	816
809	850
809	892
809	907
809	932
809	933
809	953
810	71
810	705
810	724
810	744
810	768
810	827
810	909
810	927
810	932
810	944
810	976
810	979
810	985
810	1000
811	567
811	645
811	671
811	681
811	682
811	684
811	692
811	707
811	722
811	888
811	954
811	961
811	969
811	981
812	509
812	565
812	581
812	744
812	821
812	849
812	891
812	916
812	934
812	955
812	960
812	964
812	968
812	980
813	56
813	83
813	232
813	475
813	510
813	739
813	779
813	821
813	886
813	914
813	978
813	987
813	994
813	997
814	464
814	500
814	523
814	585
814	609
814	752
814	876
814	887
814	911
814	915
814	953
814	967
814	975
814	985
815	450
815	548
815	568
815	585
815	644
815	673
815	837
815	884
815	937
815	938
815	940
815	968
815	985
815	991
816	303
816	329
816	538
816	603
816	612
816	651
816	768
816	791
816	809
816	831
816	904
816	925
816	926
816	963
817	515
817	542
817	546
817	638
817	781
817	798
817	868
817	870
817	887
817	905
817	925
817	964
817	977
817	980
818	128
818	158
818	258
818	421
818	476
818	536
818	555
818	713
818	772
818	856
818	864
818	915
818	925
818	966
818	971
819	100
819	138
819	237
819	266
819	317
819	463
819	530
819	586
819	628
819	649
819	676
819	799
819	936
819	940
819	950
820	101
820	354
820	357
820	643
820	691
820	706
820	742
820	903
820	920
820	935
820	954
820	972
820	974
820	986
820	996
821	142
821	376
821	409
821	590
821	678
821	711
821	745
821	774
821	812
821	813
821	857
821	882
821	894
821	977
821	990
822	140
822	447
822	479
822	661
822	691
822	793
822	875
822	878
822	917
822	930
822	954
822	968
822	986
822	991
822	996
823	112
823	207
823	246
823	416
823	562
823	616
823	656
823	728
823	753
823	782
823	792
823	825
823	839
823	950
823	953
824	32
824	436
824	492
824	594
824	624
824	668
824	785
824	792
824	859
824	899
824	935
824	953
824	955
824	959
824	986
825	225
825	246
825	284
825	303
825	534
825	718
825	823
825	841
825	880
825	912
825	935
825	947
825	953
825	966
825	968
826	296
826	367
826	578
826	624
826	744
826	759
826	797
826	832
826	883
826	919
826	959
826	978
826	979
826	988
826	989
827	204
827	207
827	258
827	608
827	621
827	721
827	767
827	810
827	838
827	864
827	904
827	953
827	954
827	965
827	999
828	59
828	65
828	158
828	228
828	252
828	314
828	459
828	711
828	727
828	749
828	883
828	950
828	975
828	978
828	987
829	10
829	22
829	142
829	239
829	360
829	516
829	669
829	684
829	783
829	839
829	849
829	866
829	927
829	986
829	996
830	20
830	48
830	195
830	233
830	462
830	547
830	635
830	707
830	856
830	926
830	936
830	942
830	988
830	989
830	992
831	159
831	271
831	289
831	380
831	405
831	434
831	458
831	699
831	728
831	742
831	762
831	816
831	867
831	926
831	974
832	126
832	177
832	510
832	522
832	543
832	627
832	758
832	826
832	852
832	885
832	941
832	964
832	967
832	982
832	985
833	387
833	628
833	641
833	642
833	734
833	860
833	865
833	873
833	888
833	901
833	922
833	969
833	970
833	973
833	985
834	58
834	168
834	307
834	644
834	660
834	680
834	695
834	796
834	805
834	848
834	909
834	911
834	990
834	991
834	994
834	995
835	263
835	401
835	439
835	538
835	625
835	764
835	769
835	848
835	850
835	907
835	919
835	923
835	924
835	955
835	958
835	959
836	279
836	351
836	482
836	492
836	783
836	800
836	805
836	808
836	902
836	911
836	968
836	973
836	977
836	987
836	988
836	989
837	31
837	347
837	423
837	453
837	815
837	842
837	854
837	857
837	858
837	888
837	919
837	959
837	968
837	969
837	993
837	999
838	441
838	538
838	553
838	726
838	758
838	795
838	827
838	842
838	873
838	886
838	917
838	937
838	944
838	946
838	956
838	961
839	393
839	609
839	661
839	697
839	703
839	730
839	757
839	823
839	829
839	914
839	916
839	938
839	953
839	959
839	990
839	991
840	49
840	265
840	317
840	424
840	425
840	427
840	446
840	511
840	624
840	656
840	857
840	902
840	921
840	936
840	966
840	998
841	82
841	320
841	358
841	391
841	441
841	497
841	630
841	669
841	776
841	825
841	843
841	898
841	919
841	955
841	959
841	973
842	5
842	59
842	356
842	440
842	526
842	530
842	553
842	777
842	837
842	838
842	887
842	898
842	913
842	951
842	971
842	994
843	78
843	225
843	481
843	497
843	536
843	595
843	636
843	683
843	776
843	807
843	841
843	919
843	942
843	959
843	966
843	977
844	8
844	99
844	187
844	283
844	294
844	373
844	397
844	663
844	751
844	777
844	780
844	850
844	852
844	897
844	925
844	947
844	990
845	15
845	47
845	61
845	107
845	141
845	189
845	318
845	473
845	678
845	779
845	871
845	890
845	911
845	963
845	965
845	986
845	990
846	9
846	169
846	273
846	568
846	794
846	869
846	888
846	911
846	924
846	941
846	952
846	961
846	966
846	969
846	976
846	997
846	1000
847	76
847	282
847	333
847	512
847	666
847	670
847	683
847	746
847	758
847	770
847	782
847	796
847	878
847	915
847	970
847	977
847	994
848	217
848	353
848	369
848	416
848	455
848	569
848	614
848	699
848	721
848	764
848	834
848	835
848	867
848	902
848	912
848	944
848	990
849	619
849	671
849	717
849	785
849	804
849	812
849	829
849	860
849	879
849	933
849	957
849	964
849	973
849	974
849	979
849	990
849	1000
850	120
850	214
850	253
850	256
850	321
850	383
850	397
850	722
850	724
850	742
850	751
850	809
850	835
850	844
850	854
850	878
850	971
851	70
851	255
851	329
851	392
851	482
851	541
851	639
851	663
851	665
851	691
851	763
851	893
851	917
851	942
851	943
851	955
851	984
852	204
852	236
852	302
852	373
852	389
852	397
852	402
852	420
852	522
852	663
852	763
852	774
852	832
852	844
852	884
852	947
852	992
853	64
853	158
853	166
853	239
853	425
853	524
853	703
853	705
853	716
853	912
853	917
853	930
853	939
853	958
853	971
853	972
853	979
854	26
854	518
854	599
854	627
854	667
854	676
854	679
854	770
854	837
854	850
854	863
854	911
854	931
854	940
854	946
854	967
854	991
855	109
855	179
855	254
855	259
855	261
855	289
855	470
855	592
855	622
855	753
855	765
855	774
855	931
855	935
855	952
855	960
855	967
856	569
856	607
856	635
856	697
856	713
856	740
856	818
856	830
856	859
856	914
856	961
856	965
856	972
856	975
856	978
856	988
856	989
857	269
857	278
857	356
857	361
857	580
857	793
857	804
857	821
857	837
857	840
857	875
857	899
857	906
857	937
857	981
857	995
857	998
858	27
858	88
858	130
858	236
858	438
858	468
858	495
858	634
858	745
858	785
858	790
858	837
858	861
858	885
858	907
858	958
858	993
859	120
859	263
859	346
859	424
859	506
859	515
859	529
859	533
859	554
859	707
859	771
859	824
859	856
859	925
859	963
859	972
859	996
860	92
860	216
860	338
860	472
860	616
860	639
860	693
860	781
860	784
860	804
860	833
860	849
860	876
860	877
860	952
860	992
860	995
861	188
861	290
861	310
861	527
861	571
861	602
861	704
861	712
861	763
861	773
861	858
861	875
861	899
861	922
861	976
861	977
861	988
861	989
862	46
862	80
862	222
862	257
862	311
862	383
862	469
862	490
862	493
862	498
862	575
862	590
862	651
862	735
862	754
862	878
862	921
862	983
863	40
863	74
863	77
863	119
863	125
863	218
863	272
863	293
863	480
863	733
863	783
863	788
863	854
863	876
863	918
863	992
863	993
863	998
864	98
864	258
864	347
864	357
864	421
864	476
864	610
864	633
864	689
864	713
864	818
864	827
864	884
864	925
864	930
864	965
864	966
864	971
865	293
865	427
865	442
865	575
865	626
865	631
865	646
865	665
865	684
865	720
865	734
865	833
865	885
865	943
865	947
865	951
865	970
865	995
866	31
866	219
866	309
866	363
866	428
866	564
866	572
866	752
866	756
866	829
866	899
866	927
866	950
866	957
866	980
866	981
866	986
866	995
867	159
867	263
867	407
867	458
867	543
867	555
867	580
867	597
867	709
867	764
867	831
867	848
867	910
867	971
867	985
867	990
867	991
867	999
868	16
868	303
868	349
868	479
868	491
868	579
868	626
868	633
868	797
868	817
868	885
868	929
868	937
868	968
868	970
868	974
868	977
868	995
869	45
869	173
869	177
869	292
869	362
869	370
869	501
869	628
869	730
869	781
869	846
869	871
869	900
869	910
869	917
869	932
869	941
869	993
870	4
870	41
870	117
870	151
870	241
870	390
870	465
870	471
870	671
870	686
870	720
870	733
870	817
870	897
870	945
870	949
870	972
870	983
870	992
871	52
871	253
871	318
871	406
871	440
871	477
871	550
871	601
871	640
871	845
871	869
871	881
871	890
871	926
871	945
871	949
871	954
871	962
871	996
872	41
872	161
872	162
872	222
872	281
872	448
872	486
872	488
872	518
872	535
872	544
872	648
872	688
872	694
872	699
872	706
872	778
872	903
872	947
873	176
873	366
873	394
873	416
873	609
873	710
873	712
873	739
873	756
873	799
873	833
873	838
873	884
873	910
873	916
873	924
873	974
873	983
873	992
874	149
874	335
874	419
874	467
874	475
874	504
874	687
874	732
874	743
874	770
874	794
874	880
874	907
874	926
874	949
874	952
874	972
874	992
874	997
875	39
875	469
875	479
875	509
875	577
875	632
875	643
875	685
875	691
875	765
875	822
875	857
875	861
875	899
875	902
875	905
875	915
875	928
875	981
876	94
876	235
876	327
876	360
876	542
876	546
876	747
876	814
876	860
876	863
876	905
876	908
876	922
876	929
876	937
876	942
876	944
876	972
876	998
877	427
877	432
877	468
877	495
877	518
877	539
877	637
877	686
877	701
877	740
877	757
877	860
877	883
877	895
877	912
877	926
877	945
877	964
877	985
878	81
878	410
878	512
878	514
878	575
878	599
878	667
878	686
878	722
878	822
878	847
878	850
878	862
878	921
878	975
878	979
878	983
878	992
878	995
879	41
879	172
879	223
879	250
879	313
879	402
879	475
879	551
879	632
879	665
879	669
879	696
879	849
879	889
879	925
879	932
879	941
879	981
879	992
880	615
880	645
880	726
880	732
880	739
880	761
880	763
880	768
880	788
880	825
880	874
880	909
880	918
880	948
880	952
880	979
880	982
880	992
880	993
881	25
881	96
881	164
881	302
881	308
881	525
881	537
881	605
881	637
881	770
881	791
881	871
881	887
881	891
881	904
881	910
881	945
881	949
881	963
882	144
882	268
882	289
882	393
882	439
882	632
882	654
882	696
882	725
882	821
882	894
882	899
882	905
882	934
882	953
882	960
882	961
882	981
882	982
883	428
883	562
883	563
883	617
883	653
883	752
883	781
883	826
883	828
883	877
883	884
883	896
883	927
883	946
883	961
883	973
883	976
883	987
883	1000
884	57
884	127
884	248
884	294
884	377
884	446
884	526
884	713
884	815
884	852
884	864
884	873
884	883
884	912
884	936
884	940
884	988
884	989
884	992
885	140
885	176
885	247
885	309
885	606
885	734
885	787
885	832
885	858
885	865
885	868
885	929
885	962
885	964
885	970
885	974
885	982
885	993
885	996
886	16
886	84
886	93
886	97
886	155
886	239
886	437
886	490
886	491
886	501
886	566
886	604
886	704
886	707
886	758
886	786
886	813
886	838
886	937
886	994
887	98
887	119
887	516
887	610
887	638
887	661
887	715
887	752
887	814
887	817
887	842
887	881
887	896
887	898
887	905
887	923
887	945
887	949
887	951
887	963
888	63
888	111
888	170
888	306
888	453
888	582
888	680
888	731
888	738
888	754
888	760
888	811
888	833
888	837
888	846
888	966
888	969
888	988
889	143
889	196
889	481
889	484
889	494
889	576
889	662
889	793
889	804
889	879
889	934
889	958
889	959
889	960
889	962
889	975
889	976
889	979
889	995
889	996
890	39
890	61
890	141
890	318
890	406
890	490
890	515
890	521
890	623
890	723
890	769
890	771
890	779
890	845
890	871
890	891
890	906
890	911
890	923
890	986
891	13
891	15
891	68
891	483
891	532
891	646
891	747
891	812
891	881
891	890
891	898
891	899
891	945
891	949
891	958
891	959
891	971
891	979
891	981
891	984
892	34
892	75
892	280
892	342
892	394
892	396
892	496
892	513
892	545
892	592
892	656
892	680
892	695
892	781
892	782
892	809
892	926
892	943
892	944
892	993
893	21
893	351
893	443
893	545
893	589
893	729
893	738
893	748
893	808
893	851
893	913
893	941
893	954
893	960
893	962
893	972
893	984
893	993
893	995
893	997
894	46
894	66
894	168
894	324
894	376
894	463
894	545
894	591
894	600
894	649
894	708
894	733
894	765
894	774
894	804
894	805
894	821
894	882
894	924
894	990
895	240
895	364
895	386
895	399
895	403
895	441
895	450
895	536
895	555
895	559
895	628
895	664
895	683
895	694
895	709
895	877
895	926
895	985
895	998
895	999
896	33
896	64
896	74
896	87
896	283
896	328
896	329
896	359
896	463
896	513
896	535
896	604
896	698
896	699
896	782
896	883
896	887
896	900
896	937
896	973
897	45
897	52
897	272
897	522
897	596
897	640
897	661
897	702
897	739
897	747
897	751
897	775
897	797
897	798
897	844
897	870
897	929
897	950
897	984
897	987
897	995
898	144
898	169
898	281
898	317
898	426
898	573
898	598
898	807
898	841
898	842
898	887
898	891
898	936
898	938
898	940
898	946
898	959
898	983
898	991
898	992
898	998
899	75
899	162
899	234
899	420
899	559
899	572
899	632
899	643
899	691
899	693
899	711
899	749
899	824
899	857
899	861
899	866
899	875
899	882
899	891
899	915
899	981
900	43
900	409
900	539
900	544
900	546
900	683
900	698
900	712
900	759
900	763
900	788
900	869
900	896
900	922
900	932
900	941
900	954
900	973
900	978
900	986
900	998
901	193
901	249
901	354
901	384
901	435
901	487
901	642
901	692
901	714
901	761
901	833
901	911
901	915
901	922
901	933
901	942
901	947
901	948
901	988
901	989
901	992
902	43
902	108
902	184
902	368
902	436
902	546
902	554
902	744
902	764
902	798
902	836
902	840
902	848
902	875
902	905
902	953
902	975
902	978
902	981
902	990
902	997
903	42
903	144
903	185
903	222
903	332
903	357
903	379
903	483
903	591
903	598
903	648
903	665
903	688
903	694
903	699
903	706
903	707
903	820
903	872
903	947
903	982
904	25
904	90
904	96
904	389
904	393
904	505
904	525
904	537
904	605
904	606
904	611
904	637
904	741
904	791
904	800
904	816
904	827
904	881
904	906
904	910
904	945
904	949
905	207
905	276
905	632
905	665
905	675
905	731
905	737
905	817
905	875
905	876
905	882
905	887
905	902
905	916
905	930
905	953
905	954
905	962
905	967
905	976
905	981
905	1000
906	136
906	248
906	358
906	530
906	708
906	722
906	779
906	791
906	799
906	857
906	890
906	904
906	909
906	910
906	911
906	933
906	937
906	943
906	949
906	951
906	965
906	986
907	152
907	477
907	495
907	596
907	623
907	697
907	738
907	743
907	794
907	809
907	835
907	858
907	874
907	908
907	914
907	929
907	950
907	952
907	979
907	982
907	991
907	993
908	18
908	106
908	235
908	277
908	334
908	371
908	433
908	436
908	596
908	602
908	674
908	730
908	754
908	772
908	778
908	780
908	876
908	907
908	918
908	929
908	956
908	976
909	146
909	186
909	336
909	338
909	340
909	390
909	588
909	640
909	693
909	722
909	770
909	787
909	805
909	810
909	834
909	880
909	906
909	914
909	931
909	938
909	982
909	991
909	999
910	24
910	255
910	394
910	451
910	513
910	548
910	624
910	777
910	867
910	869
910	873
910	881
910	904
910	906
910	911
910	928
910	932
910	941
910	945
910	948
910	966
910	977
910	979
911	131
911	143
911	281
911	366
911	641
911	671
911	675
911	749
911	779
911	814
911	834
911	836
911	845
911	846
911	854
911	890
911	901
911	906
911	910
911	922
911	987
911	991
911	992
912	185
912	206
912	469
912	500
912	516
912	629
912	682
912	729
912	764
912	775
912	777
912	787
912	825
912	848
912	853
912	877
912	884
912	925
912	955
912	961
912	964
912	982
912	990
913	55
913	113
913	280
913	334
913	508
913	549
913	587
913	608
913	662
913	686
913	753
913	769
913	783
913	842
913	893
913	925
913	930
913	947
913	954
913	956
913	962
913	967
913	996
914	152
914	283
914	290
914	392
914	412
914	418
914	550
914	561
914	607
914	677
914	694
914	697
914	708
914	721
914	741
914	813
914	839
914	856
914	907
914	909
914	918
914	980
914	997
915	21
915	53
915	107
915	200
915	241
915	249
915	476
915	610
915	653
915	713
915	732
915	743
915	814
915	818
915	847
915	875
915	899
915	901
915	934
915	960
915	992
915	997
915	999
916	9
916	253
916	314
916	395
916	414
916	465
916	536
916	564
916	584
916	629
916	739
916	750
916	784
916	804
916	812
916	839
916	873
916	905
916	920
916	930
916	939
916	971
916	986
917	26
917	156
917	194
917	369
917	577
917	604
917	618
917	742
917	746
917	747
917	772
917	780
917	822
917	838
917	851
917	853
917	869
917	924
917	928
917	948
917	968
917	984
917	995
918	233
918	263
918	410
918	480
918	524
918	622
918	628
918	669
918	701
918	723
918	738
918	863
918	880
918	908
918	914
918	922
918	929
918	950
918	957
918	988
918	989
918	997
918	998
919	89
919	108
919	126
919	346
919	403
919	481
919	497
919	505
919	559
919	630
919	636
919	711
919	725
919	757
919	807
919	826
919	835
919	837
919	841
919	843
919	959
919	973
919	977
920	54
920	216
920	371
920	415
920	428
920	435
920	561
920	567
920	568
920	632
920	672
920	729
920	740
920	753
920	780
920	820
920	916
920	927
920	955
920	967
920	981
920	990
920	994
920	997
921	80
921	103
921	165
921	174
921	279
921	311
921	383
921	445
921	493
921	498
921	514
921	529
921	575
921	646
921	678
921	694
921	703
921	708
921	766
921	768
921	840
921	862
921	878
921	983
922	86
922	93
922	217
922	239
922	249
922	461
922	566
922	591
922	609
922	653
922	712
922	730
922	748
922	833
922	861
922	876
922	900
922	901
922	911
922	918
922	972
922	973
922	994
922	997
923	47
923	265
923	344
923	397
923	408
923	551
923	559
923	650
923	657
923	679
923	715
923	763
923	770
923	775
923	779
923	835
923	887
923	890
923	931
923	944
923	956
923	969
923	974
923	977
924	118
924	251
924	268
924	292
924	319
924	372
924	413
924	430
924	456
924	618
924	672
924	725
924	756
924	765
924	805
924	835
924	846
924	873
924	894
924	917
924	927
924	937
924	975
924	978
924	997
925	153
925	180
925	268
925	396
925	476
925	496
925	507
925	578
925	662
925	751
925	816
925	817
925	818
925	844
925	859
925	864
925	879
925	912
925	913
925	954
925	963
925	966
925	972
925	994
925	996
926	334
926	342
926	393
926	458
926	617
926	635
926	695
926	743
926	753
926	762
926	777
926	794
926	816
926	830
926	831
926	871
926	874
926	877
926	892
926	895
926	944
926	952
926	985
926	988
926	989
926	991
927	57
927	62
927	95
927	135
927	215
927	224
927	250
927	369
927	428
927	434
927	456
927	523
927	544
927	655
927	672
927	772
927	795
927	806
927	810
927	829
927	866
927	883
927	920
927	924
927	956
927	980
928	32
928	74
928	89
928	148
928	193
928	414
928	451
928	460
928	489
928	506
928	535
928	556
928	590
928	600
928	604
928	621
928	623
928	633
928	761
928	875
928	910
928	917
928	948
928	983
928	992
928	999
929	139
929	235
929	336
929	394
929	460
929	528
929	533
929	596
929	602
929	638
929	639
929	670
929	675
929	754
929	772
929	780
929	801
929	868
929	876
929	885
929	897
929	907
929	908
929	918
929	950
929	956
929	998
930	17
930	55
930	205
930	262
930	391
930	420
930	429
930	503
930	587
930	627
930	630
930	651
930	659
930	683
930	804
930	822
930	853
930	864
930	905
930	913
930	916
930	938
930	946
930	959
930	976
930	991
930	1000
931	102
931	109
931	254
931	276
931	385
931	390
931	484
931	489
931	540
931	554
931	577
931	589
931	656
931	725
931	726
931	747
931	750
931	774
931	799
931	806
931	854
931	855
931	909
931	923
931	943
931	946
931	967
932	1
932	50
932	177
932	202
932	229
932	279
932	292
932	295
932	350
932	370
932	610
932	621
932	728
932	730
932	768
932	801
932	802
932	809
932	810
932	869
932	879
932	900
932	910
932	941
932	981
932	993
932	995
933	94
933	137
933	156
933	163
933	171
933	204
933	209
933	219
933	248
933	289
933	452
933	504
933	517
933	530
933	533
933	558
933	566
933	647
933	678
933	714
933	770
933	796
933	809
933	849
933	901
933	906
933	951
934	17
934	199
934	245
934	381
934	415
934	494
934	806
934	812
934	882
934	889
934	915
934	960
934	977
934	982
934	999
935	72
935	167
935	288
935	343
935	344
935	431
935	493
935	496
935	528
935	588
935	597
935	622
935	654
935	676
935	695
935	710
935	762
935	786
935	806
935	820
935	824
935	825
935	855
935	936
935	940
935	962
935	982
935	993
936	26
936	64
936	138
936	237
936	266
936	317
936	405
936	431
936	517
936	592
936	650
936	664
936	670
936	676
936	677
936	708
936	726
936	728
936	733
936	799
936	819
936	830
936	840
936	884
936	898
936	935
936	940
936	950
937	5
937	24
937	251
937	289
937	324
937	389
937	437
937	588
937	594
937	616
937	707
937	723
937	724
937	755
937	758
937	762
937	772
937	815
937	838
937	857
937	868
937	876
937	886
937	896
937	906
937	924
937	944
937	994
938	108
938	161
938	175
938	197
938	280
938	407
938	426
938	444
938	447
938	543
938	550
938	552
938	576
938	598
938	627
938	660
938	678
938	694
938	782
938	795
938	815
938	839
938	898
938	909
938	930
938	958
938	967
938	991
939	123
939	166
939	212
939	300
939	321
939	378
939	422
939	486
939	563
939	571
939	574
939	586
939	619
939	629
939	659
939	696
939	719
939	737
939	760
939	775
939	806
939	853
939	916
939	966
939	976
939	986
939	994
939	1000
940	15
940	26
940	100
940	138
940	237
940	266
940	277
940	332
940	349
940	369
940	431
940	509
940	564
940	620
940	676
940	683
940	694
940	726
940	728
940	815
940	819
940	854
940	884
940	898
940	935
940	936
940	950
940	992
941	97
941	148
941	229
941	272
941	350
941	360
941	370
941	380
941	413
941	414
941	535
941	592
941	599
941	613
941	781
941	802
941	832
941	846
941	869
941	879
941	893
941	900
941	910
941	932
941	974
941	983
941	993
941	995
942	125
942	244
942	254
942	262
942	288
942	367
942	429
942	433
942	482
942	489
942	500
942	622
942	635
942	670
942	677
942	761
942	830
942	843
942	851
942	876
942	901
942	943
942	967
942	973
942	979
942	980
942	984
942	988
942	989
943	5
943	91
943	124
943	150
943	307
943	436
943	542
943	626
943	631
943	724
943	734
943	745
943	747
943	750
943	803
943	808
943	851
943	865
943	892
943	906
943	931
943	942
943	961
943	963
943	965
943	970
943	973
943	993
943	995
944	27
944	34
944	42
944	140
944	246
944	308
944	321
944	343
944	437
944	438
944	519
944	614
944	672
944	680
944	764
944	771
944	773
944	780
944	785
944	810
944	838
944	848
944	876
944	892
944	923
944	926
944	937
944	980
944	990
945	25
945	58
945	90
945	96
945	132
945	133
945	164
945	326
945	518
945	525
945	537
945	594
945	600
945	605
945	614
945	637
945	652
945	702
945	791
945	870
945	871
945	877
945	881
945	887
945	891
945	904
945	910
945	949
945	967
946	98
946	151
946	152
946	388
946	447
946	529
946	541
946	543
946	578
946	585
946	600
946	637
946	677
946	703
946	750
946	752
946	777
946	780
946	838
946	854
946	883
946	898
946	930
946	931
946	951
946	967
946	975
946	978
946	987
946	991
947	288
947	294
947	316
947	377
947	477
947	531
947	540
947	601
947	624
947	648
947	649
947	655
947	688
947	696
947	706
947	728
947	778
947	825
947	844
947	852
947	865
947	872
947	901
947	903
947	913
947	954
947	961
947	962
947	990
947	996
948	130
948	136
948	155
948	224
948	257
948	282
948	360
948	379
948	451
948	456
948	487
948	506
948	514
948	556
948	621
948	623
948	625
948	664
948	692
948	742
948	744
948	761
948	780
948	880
948	901
948	910
948	917
948	928
948	983
948	992
948	999
949	25
949	58
949	90
949	132
949	308
949	416
949	448
949	525
949	537
949	576
949	605
949	620
949	637
949	685
949	687
949	749
949	763
949	771
949	783
949	791
949	870
949	871
949	874
949	881
949	887
949	891
949	904
949	906
949	945
949	965
949	988
950	74
950	131
950	246
950	455
950	521
950	538
950	540
950	561
950	568
950	580
950	596
950	602
950	679
950	682
950	700
950	702
950	775
950	819
950	823
950	828
950	866
950	897
950	907
950	918
950	929
950	936
950	940
950	953
950	978
950	987
950	995
951	40
951	69
951	73
951	82
951	209
951	391
951	393
951	400
951	526
951	615
951	626
951	647
951	654
951	681
951	692
951	721
951	727
951	734
951	842
951	865
951	887
951	906
951	933
951	946
951	959
951	970
951	978
951	983
951	987
951	994
951	995
952	149
952	175
952	186
952	198
952	261
952	291
952	315
952	335
952	345
952	419
952	436
952	466
952	467
952	517
952	518
952	544
952	545
952	598
952	732
952	743
952	794
952	846
952	855
952	860
952	874
952	880
952	907
952	926
952	972
952	973
952	997
953	73
953	86
953	112
953	121
953	143
953	198
953	247
953	271
953	275
953	313
953	330
953	457
953	504
953	562
953	621
953	668
953	774
953	776
953	778
953	795
953	809
953	814
953	823
953	824
953	825
953	827
953	839
953	882
953	902
953	905
953	950
953	990
954	113
954	182
954	287
954	315
954	331
954	487
954	503
954	531
954	549
954	578
954	587
954	608
954	612
954	620
954	649
954	662
954	687
954	759
954	763
954	811
954	820
954	822
954	827
954	871
954	893
954	900
954	905
954	913
954	925
954	947
954	962
954	996
955	10
955	273
955	281
955	349
955	403
955	475
955	488
955	490
955	522
955	580
955	671
955	701
955	730
955	736
955	766
955	789
955	793
955	803
955	812
955	824
955	835
955	841
955	851
955	912
955	920
955	964
955	973
955	981
955	984
955	992
955	993
955	995
956	127
956	138
956	235
956	340
956	362
956	417
956	440
956	526
956	569
956	596
956	600
956	601
956	602
956	662
956	724
956	735
956	790
956	797
956	838
956	908
956	913
956	923
956	927
956	929
956	958
956	962
956	964
956	975
956	978
956	987
956	996
956	999
957	22
957	52
957	59
957	206
957	274
957	281
957	352
957	409
957	411
957	449
957	516
957	564
957	573
957	583
957	600
957	617
957	629
957	669
957	687
957	693
957	700
957	701
957	717
957	733
957	757
957	783
957	849
957	866
957	918
957	958
957	964
957	986
958	46
958	116
958	140
958	208
958	213
958	316
958	392
958	438
958	477
958	557
958	664
958	678
958	705
958	707
958	730
958	737
958	764
958	776
958	786
958	790
958	799
958	835
958	853
958	858
958	889
958	891
958	938
958	956
958	957
958	976
958	993
958	1000
959	14
959	18
959	172
959	183
959	225
959	323
959	331
959	333
959	402
959	403
959	478
959	497
959	589
959	595
959	623
959	630
959	646
959	802
959	807
959	824
959	826
959	835
959	837
959	839
959	841
959	843
959	889
959	891
959	898
959	919
959	930
959	951
959	977
960	17
960	29
960	104
960	147
960	154
960	165
960	169
960	199
960	223
960	277
960	338
960	361
960	381
960	401
960	490
960	494
960	519
960	603
960	649
960	687
960	724
960	726
960	755
960	806
960	812
960	855
960	882
960	889
960	893
960	915
960	934
960	977
960	999
961	53
961	88
961	133
961	185
961	302
961	323
961	351
961	363
961	509
961	527
961	715
961	716
961	740
961	751
961	752
961	774
961	794
961	803
961	811
961	838
961	846
961	856
961	882
961	883
961	912
961	943
961	947
961	965
961	967
961	971
961	974
961	980
961	1000
962	1
962	55
962	79
962	113
962	231
962	315
962	331
962	361
962	503
962	521
962	531
962	549
962	560
962	587
962	608
962	629
962	634
962	644
962	724
962	769
962	802
962	871
962	885
962	889
962	893
962	905
962	913
962	935
962	947
962	954
962	956
962	986
962	996
963	15
963	99
963	120
963	139
963	206
963	207
963	269
963	285
963	423
963	446
963	479
963	499
963	580
963	663
963	724
963	751
963	771
963	779
963	800
963	808
963	816
963	845
963	859
963	881
963	887
963	925
963	943
963	965
963	968
963	972
963	980
963	986
963	990
964	13
964	42
964	67
964	157
964	257
964	265
964	316
964	399
964	411
964	430
964	477
964	533
964	597
964	619
964	638
964	665
964	669
964	673
964	787
964	812
964	817
964	832
964	849
964	877
964	885
964	912
964	955
964	956
964	957
964	974
964	977
964	987
964	994
964	997
965	14
965	69
965	128
965	141
965	211
965	256
965	274
965	374
965	439
965	454
965	478
965	500
965	585
965	611
965	621
965	647
965	714
965	767
965	771
965	779
965	788
965	827
965	845
965	856
965	864
965	906
965	943
965	949
965	961
965	963
965	971
965	983
965	990
965	999
966	155
966	181
966	187
966	205
966	221
966	225
966	228
966	250
966	258
966	306
966	517
966	563
966	570
966	574
966	582
966	617
966	636
966	782
966	807
966	818
966	825
966	840
966	843
966	846
966	864
966	888
966	910
966	925
966	939
966	969
966	971
966	973
966	976
966	989
967	351
967	354
967	432
967	515
967	527
967	552
967	585
967	587
967	606
967	617
967	627
967	661
967	662
967	685
967	740
967	742
967	745
967	814
967	832
967	854
967	855
967	905
967	913
967	920
967	931
967	938
967	942
967	945
967	946
967	961
967	971
967	978
967	991
967	996
968	122
968	218
968	303
968	317
968	319
968	385
968	402
968	479
968	499
968	502
968	544
968	581
968	611
968	621
968	625
968	654
968	675
968	700
968	741
968	759
968	800
968	812
968	815
968	822
968	825
968	836
968	837
968	868
968	917
968	963
968	979
968	980
968	983
968	998
969	63
969	87
969	170
969	203
969	210
969	236
969	241
969	306
969	313
969	371
969	379
969	380
969	392
969	401
969	452
969	453
969	471
969	484
969	492
969	513
969	514
969	582
969	731
969	738
969	743
969	754
969	760
969	811
969	833
969	837
969	846
969	888
969	923
969	966
969	998
970	3
970	56
970	85
970	115
970	175
970	194
970	257
970	279
970	321
970	330
970	386
970	434
970	442
970	456
970	487
970	535
970	566
970	626
970	631
970	646
970	665
970	684
970	702
970	720
970	726
970	734
970	754
970	833
970	847
970	865
970	868
970	885
970	943
970	951
970	995
971	7
971	75
971	124
971	185
971	216
971	247
971	277
971	327
971	471
971	476
971	508
971	515
971	553
971	581
971	585
971	711
971	713
971	735
971	762
971	771
971	818
971	842
971	850
971	853
971	864
971	867
971	891
971	916
971	961
971	965
971	966
971	967
971	979
971	983
971	995
972	54
972	120
972	255
972	310
972	328
972	335
972	354
972	377
972	413
972	414
972	415
972	419
972	506
972	512
972	536
972	541
972	573
972	719
972	730
972	743
972	820
972	853
972	856
972	859
972	870
972	874
972	876
972	893
972	922
972	925
972	952
972	963
972	973
972	977
972	989
972	994
973	82
973	165
973	190
973	210
973	291
973	335
973	367
973	414
973	425
973	458
973	481
973	590
973	595
973	638
973	698
973	732
973	774
973	794
973	833
973	836
973	841
973	849
973	883
973	896
973	900
973	919
973	922
973	942
973	943
973	952
973	955
973	966
973	972
973	980
973	997
974	51
974	57
974	77
974	169
974	224
974	238
974	245
974	270
974	295
974	297
974	301
974	363
974	408
974	474
974	511
974	578
974	583
974	647
974	657
974	700
974	707
974	749
974	755
974	756
974	758
974	820
974	831
974	849
974	868
974	873
974	885
974	923
974	941
974	961
974	964
974	986
974	997
975	29
975	44
975	64
975	75
975	76
975	78
975	184
975	197
975	198
975	245
975	252
975	321
975	322
975	341
975	362
975	372
975	510
975	545
975	561
975	568
975	570
975	629
975	642
975	746
975	759
975	797
975	801
975	814
975	828
975	856
975	878
975	889
975	902
975	924
975	946
975	956
975	978
975	987
976	153
976	203
976	212
976	221
976	300
976	378
976	389
976	396
976	402
976	506
976	554
976	563
976	571
976	574
976	580
976	616
976	639
976	644
976	659
976	666
976	689
976	704
976	753
976	777
976	799
976	806
976	810
976	846
976	861
976	883
976	889
976	905
976	908
976	930
976	939
976	958
976	966
976	994
976	1000
977	31
977	132
977	183
977	199
977	320
977	344
977	361
977	381
977	390
977	443
977	471
977	494
977	539
977	573
977	638
977	679
977	699
977	715
977	719
977	750
977	790
977	807
977	817
977	821
977	836
977	843
977	847
977	861
977	868
977	910
977	919
977	923
977	934
977	959
977	960
977	964
977	972
977	997
977	999
978	33
978	84
978	85
978	115
978	135
978	182
978	184
978	196
978	197
978	313
978	314
978	341
978	372
978	377
978	510
978	569
978	598
978	599
978	606
978	618
978	623
978	711
978	727
978	797
978	813
978	826
978	828
978	856
978	900
978	902
978	924
978	946
978	950
978	951
978	956
978	967
978	975
978	980
978	987
979	122
979	277
979	385
979	387
979	425
979	486
979	502
979	503
979	520
979	521
979	523
979	549
979	560
979	641
979	702
979	709
979	710
979	726
979	772
979	784
979	795
979	800
979	810
979	826
979	849
979	853
979	878
979	880
979	889
979	891
979	907
979	910
979	942
979	968
979	971
979	982
979	985
979	990
979	999
980	11
980	23
980	95
980	134
980	147
980	184
980	190
980	226
980	359
980	372
980	385
980	478
980	499
980	539
980	581
980	633
980	638
980	655
980	665
980	727
980	735
980	749
980	755
980	775
980	795
980	803
980	812
980	817
980	866
980	914
980	927
980	942
980	944
980	961
980	963
980	968
980	973
980	978
980	983
980	987
981	39
981	93
981	166
981	173
981	379
981	409
981	424
981	456
981	461
981	483
981	511
981	533
981	559
981	567
981	572
981	577
981	632
981	641
981	643
981	646
981	682
981	685
981	691
981	749
981	762
981	763
981	768
981	778
981	811
981	857
981	866
981	875
981	879
981	882
981	891
981	899
981	902
981	905
981	920
981	932
981	955
982	6
982	23
982	116
982	153
982	157
982	192
982	194
982	283
982	299
982	401
982	405
982	448
982	560
982	588
982	597
982	653
982	677
982	690
982	696
982	702
982	710
982	716
982	721
982	768
982	777
982	787
982	792
982	798
982	832
982	880
982	882
982	885
982	903
982	907
982	909
982	912
982	934
982	935
982	979
982	990
982	994
983	1
983	174
983	211
983	375
983	385
983	398
983	406
983	433
983	439
983	465
983	485
983	500
983	502
983	506
983	575
983	581
983	634
983	661
983	664
983	717
983	718
983	741
983	761
983	768
983	795
983	862
983	870
983	873
983	878
983	898
983	921
983	928
983	941
983	948
983	951
983	965
983	968
983	971
983	980
983	992
983	999
984	33
984	45
984	70
984	77
984	83
984	91
984	106
984	108
984	129
984	234
984	260
984	261
984	273
984	284
984	285
984	345
984	359
984	400
984	482
984	523
984	613
984	617
984	648
984	664
984	670
984	723
984	724
984	736
984	747
984	755
984	759
984	763
984	765
984	783
984	808
984	851
984	891
984	893
984	897
984	917
984	942
984	955
985	30
985	35
985	84
985	104
985	325
985	329
985	364
985	386
985	387
985	399
985	406
985	423
985	450
985	464
985	466
985	468
985	520
985	570
985	644
985	655
985	670
985	685
985	709
985	711
985	726
985	751
985	768
985	777
985	790
985	803
985	810
985	814
985	815
985	832
985	833
985	867
985	877
985	895
985	926
985	979
985	986
985	999
986	47
986	107
986	118
986	175
986	202
986	240
986	365
986	389
986	398
986	430
986	486
986	529
986	551
986	573
986	574
986	654
986	659
986	700
986	741
986	754
986	757
986	760
986	779
986	799
986	820
986	822
986	824
986	829
986	845
986	866
986	890
986	900
986	906
986	916
986	939
986	957
986	962
986	963
986	974
986	985
986	995
986	1000
987	144
987	173
987	197
987	240
987	252
987	290
987	314
987	323
987	328
987	341
987	359
987	371
987	372
987	374
987	455
987	504
987	510
987	536
987	545
987	569
987	606
987	618
987	642
987	727
987	746
987	759
987	797
987	798
987	801
987	813
987	828
987	836
987	883
987	897
987	911
987	946
987	950
987	951
987	956
987	964
987	975
987	978
987	980
988	20
988	48
988	112
988	145
988	195
988	233
988	244
988	250
988	281
988	287
988	348
988	462
988	484
988	521
988	547
988	555
988	565
988	573
988	635
988	656
988	671
988	719
988	725
988	765
988	771
988	775
988	798
988	802
988	806
988	826
988	830
988	836
988	856
988	861
988	884
988	888
988	901
988	918
988	926
988	942
988	949
988	989
988	992
989	19
989	20
989	48
989	65
989	111
989	195
989	233
989	290
989	349
989	446
989	462
989	464
989	486
989	514
989	534
989	547
989	595
989	625
989	635
989	676
989	686
989	719
989	738
989	765
989	771
989	775
989	796
989	798
989	802
989	806
989	826
989	830
989	836
989	856
989	861
989	884
989	901
989	918
989	926
989	942
989	966
989	972
989	988
989	992
990	44
990	59
990	106
990	135
990	168
990	192
990	223
990	264
990	299
990	361
990	401
990	452
990	562
990	564
990	616
990	663
990	668
990	674
990	760
990	764
990	767
990	780
990	782
990	787
990	821
990	834
990	839
990	844
990	845
990	848
990	849
990	867
990	894
990	902
990	912
990	920
990	944
990	947
990	953
990	963
990	965
990	979
990	982
990	997
990	999
991	30
991	42
991	71
991	73
991	93
991	147
991	198
991	269
991	277
991	286
991	349
991	358
991	407
991	417
991	426
991	468
991	540
991	543
991	552
991	576
991	627
991	644
991	649
991	660
991	678
991	686
991	694
991	742
991	744
991	783
991	815
991	822
991	834
991	839
991	854
991	867
991	898
991	907
991	909
991	911
991	926
991	930
991	938
991	946
991	967
992	12
992	276
992	285
992	382
992	384
992	394
992	419
992	467
992	472
992	547
992	553
992	633
992	635
992	654
992	663
992	673
992	687
992	717
992	732
992	768
992	794
992	830
992	852
992	860
992	863
992	870
992	873
992	874
992	878
992	879
992	880
992	884
992	898
992	901
992	911
992	915
992	928
992	940
992	948
992	955
992	983
992	988
992	989
992	993
992	998
993	11
993	46
993	85
993	124
993	231
993	249
993	310
993	342
993	350
993	434
993	496
993	609
993	613
993	628
993	664
993	680
993	692
993	695
993	699
993	749
993	754
993	765
993	773
993	785
993	786
993	837
993	858
993	863
993	869
993	880
993	885
993	892
993	893
993	907
993	932
993	935
993	941
993	943
993	955
993	958
993	992
993	994
993	995
993	997
993	998
994	24
994	81
994	240
994	249
994	251
994	269
994	297
994	300
994	378
994	437
994	443
994	445
994	469
994	544
994	558
994	563
994	570
994	588
994	609
994	619
994	666
994	690
994	693
994	710
994	725
994	762
994	787
994	790
994	806
994	813
994	834
994	842
994	847
994	886
994	920
994	922
994	925
994	937
994	939
994	951
994	964
994	972
994	976
994	982
994	993
994	1000
995	11
995	143
995	176
995	229
995	307
995	336
995	337
995	362
995	413
995	429
995	442
995	472
995	550
995	590
995	610
995	614
995	626
995	631
995	650
995	698
995	723
995	734
995	784
995	793
995	804
995	808
995	834
995	857
995	860
995	865
995	866
995	868
995	878
995	889
995	893
995	897
995	917
995	932
995	941
995	943
995	950
995	951
995	955
995	970
995	971
995	986
995	993
996	50
996	55
996	71
996	79
996	129
996	156
996	172
996	213
996	275
996	276
996	315
996	331
996	374
996	396
996	445
996	473
996	503
996	509
996	528
996	531
996	536
996	587
996	603
996	604
996	608
996	642
996	658
996	662
996	674
996	675
996	720
996	725
996	763
996	783
996	820
996	822
996	829
996	859
996	871
996	885
996	889
996	913
996	925
996	947
996	954
996	956
996	962
996	967
997	121
997	145
997	205
997	286
997	301
997	316
997	323
997	366
997	374
997	410
997	412
997	427
997	515
997	550
997	562
997	568
997	583
997	607
997	609
997	656
997	683
997	712
997	717
997	730
997	732
997	738
997	743
997	745
997	748
997	794
997	805
997	813
997	846
997	874
997	893
997	902
997	914
997	915
997	918
997	920
997	922
997	924
997	952
997	964
997	973
997	974
997	977
997	990
997	993
998	18
998	49
998	50
998	71
998	118
998	191
998	215
998	228
998	326
998	333
998	343
998	382
998	384
998	402
998	417
998	480
998	487
998	488
998	534
998	565
998	591
998	599
998	603
998	628
998	646
998	649
998	650
998	655
998	703
998	727
998	746
998	765
998	768
998	783
998	788
998	801
998	840
998	857
998	863
998	876
998	895
998	898
998	900
998	918
998	929
998	968
998	969
998	992
998	993
999	196
999	199
999	325
999	332
999	360
999	371
999	381
999	387
999	398
999	440
999	450
999	469
999	485
999	494
999	516
999	534
999	556
999	566
999	599
999	600
999	640
999	681
999	693
999	704
999	718
999	742
999	752
999	760
999	761
999	767
999	796
999	827
999	837
999	867
999	895
999	909
999	915
999	928
999	934
999	948
999	956
999	960
999	965
999	977
999	979
999	983
999	985
999	990
999	1000
1000	9
1000	76
1000	123
1000	191
1000	194
1000	212
1000	215
1000	221
1000	259
1000	262
1000	282
1000	333
1000	339
1000	346
1000	418
1000	422
1000	441
1000	455
1000	460
1000	501
1000	563
1000	574
1000	585
1000	619
1000	639
1000	659
1000	696
1000	708
1000	720
1000	729
1000	730
1000	737
1000	753
1000	770
1000	775
1000	777
1000	806
1000	810
1000	846
1000	849
1000	883
1000	905
1000	930
1000	939
1000	958
1000	961
1000	976
1000	986
1000	994
1000	999
