110 118 16 172 175 208 351 357 359 379 42 430 500 509 521 538 554 559 611 616 659 696 710 742 743 761 782 853 868 89 890 921 925 934 945 992 
151 179 261 310 339 367 387 421 437 441 449 451 46 507 509 550 620 641 68 682 857 867 988 991
112 122 188 195 215 229 34 36 378 391 397 405 427 430 473 512 596 610 752 789 863 914 921 94 973
119 140 242 266 451 51 570 646 718 719 767 821 830 844 847 917 991
154 2 246 388 592 621 682 773 825 892 898 954
100 1000 110 167 170 172 195 211 225 228 244 259 280 287 290 329 345 347 376 411 416 472 482 555 58 591 61 642 677 718 743 754 771 774 790 791 794 829 860 863 9 906 912 934 941 980 984
12 13 190 303 309 31 34 357 364 371 373 381 392 410 419 426 438 439 455 47 486 503 508 510 517 571 576 621 639 640 677 678 704 735 74 754 766 775 797 80 822 846 87 871 904 971
146 232 439 457 520 653 693 70 700 781 79 94 980
198 201 215 275 306 372 374 435 539 550 579 691 701 721 781 799 807 886 934 957
130 187 325 334 340 446 565 662 719 763 9 909 97
124 125 15 17 179 205 370 427 437 451 512 540 572 575 588 6 606 622 640 775 79 825 828 836 884 886 900 908 953 981
119 13 135 137 142 144 146 158 18 200 219 238 241 243 281 362 386 414 487 507 510 516 537 557 581 585 601 605 612 649 654 686 720 743 766 802 818 824 827 856 916 941 946 961 979 990
128 148 183 241 395 407 458 749 837 839 910 949 987
114 122 123 174 198 213 27 274 309 318 336 337 385 389 392 40 424 450 482 506 53 545 56 565 568 572 59 594 609 662 663 664 711 762 804 808 832 861 878 913 94 95 957 979
10 117 121 122 143 151 190 209 210 222 249 255 298 308 319 329 42 455 467 474 475 479 52 554 570 571 574 638 659 681 719 723 736 782 801 843 859 865 904 910 92 948 952 96 97 972
131 175 275 467 485 610 631 769 78 8 817 862 912 937 977
153 24 337 398 480 506 56 608 614 624 629 66 748 820 830 92 990
1000 137 146 17 214 224 234 250 327 330 334 347 374 381 387 394 412 421 425 426 474 484 492 500 545 579 592 625 64 682 701 721 764 772 78 806 822 837 839 841 843 85 902 954 964 970 971 99
14 156 191 197 211 236 251 376 393 4 400 403 455 499 512 582 600 624 643 688 773 774 791 796 807 841 842 865 868 893 980
15 16 17 205 231 278 293 302 364 422 459 464 709 729 861 882 897 969
13 130 132 138 140 160 165 200 225 235 246 292 327 332 358 384 387 388 426 486 511 533 553 558 561 640 650 675 683 714 744 75 770 79 832 88 958 959 971 984 999
112 150 229 269 294 303 366 476 486 499 556 567 603 632 662 694 695 763 772 775 794 838 914 924 96 960
139 14 209 275 377 436 447 460 591 617 691 71 715 723 752 763 825 889 910
109 112 128 240 248 293 313 365 413 418 506 898
111 113 123 183 196 216 258 297 307 319 326 354 396 459 49 527 528 539 568 589 601 62 623 634 7 799 837 857 865 872 892 909 938 974 984 985
10 113 115 12 170 198 209 227 231 340 383 389 418 431 508 522 53 535 540 548 58 588 595 605 636 639 658 668 676 678 690 729 741 75 750 881 964 993
182 212 305 35 381 418 422 442 493 544 691 744 76 996
106 113 121 14 142 194 210 218 269 272 332 335 364 44 445 48 508 510 561 592 599 605 629 690 697 725 776 783 805 867 895 901 937 947 966 969 996
120 152 283 284 381 42 493 511 530 54 570 598 639 662 705 731 732 742 775 783 785 81 830 838 839 840 854 892 906 939 962 977 978
1 190 320 451 5 543 559 783 847 889
130 162 223 321 326 400 41 430 458 529 539 571 577 610 659 668 677 70 81 85 857 889 92 94 976 990 997
21 258 317 347 368 423 440 472 482 499 592 639 66 684 749 762 804 83 885
110 157 167 183 202 23 240 266 310 326 329 367 372 395 452 463 490 499 505 550 579 645 683 684 739 763 783 791 798 812 823 850 853 862 863 883 893 895 896 931 936 99
11 112 123 159 164 171 172 183 215 294 307 383 405 428 443 447 468 493 495 556 559 565 647 655 692 693 70 749 75 759 770 826 833 837 841 856 866 897 951
116 12 168 170 226 244 263 284 315 317 345 571 583 597 6 725 738 768 87 915 939 943
121 123 235 241 292 467 642 690 694 973
14 15 154 156 185 193 21 225 246 307 338 39 41 417 43 436 482 487 509 51 554 579 585 609 627 658 67 675 704 707 708 732 741 760 781 794 806 827 836 849 932 935 955 97 976 983
212 3 353 368 433 438 439 474 477 478 503 505 570 610 65 661 693 805 895 939 988
189 207 234 268 302 365 374 538 573 578 665 679 748 81 815 915 949 957
190 192 228 393 42 456 462 494 500 52 549 55 567 600 619 643 741 803
220 23 346 396 458 538 573 729 807 834 84 889 915
11 25 415 438 50 53 560 641 71 712 728 832 843 856 956
120 127 157 211 222 241 246 25 266 280 284 286 289 29 307 345 403 414 437 448 466 573 642 664 678 806 811 818 848 870 898 948 954 957 960 996 998 999
116 178 28 312 361 393 463 519 529 556 577 595 6 600 689 726 741 780 786 916 921 923 929 943 951 979 990
108 146 219 226 258 292 316 318 341 396 399 420 440 467 50 501 532 54 562 582 627 680 685 700 762 784 799 83 885 929 948 955
171 20 280 294 318 401 440 460 573 819 822
104 169 235 237 426 486 564 595 67 671 791 793 874 906
11 151 2 200 225 303 423 472 532 555 556 569 580 615 623 683 706 709 724 820 944 947 978 983
113 185 234 236 25 284 292 385 389 406 428 461 494 555 650 687 688 69 700 744 747 755 766 795 806 817 820 821 876 920 941 978 994
105 110 182 191 2 219 245 309 319 330 334 338 350 370 414 419 470 48 49 534 559 566 578 586 60 607 636 657 673 678 681 682 723 730 752 76 773 786 808 821 827 873 880 912 948 950 983
103 125 199 206 293 332 365 419 428 434 52 534 551 588 593 658 683 694 706 735 740 772 774 81 813 885 895 944 945 986
10 1000 126 20 205 218 221 226 233 236 242 260 279 324 337 342 343 356 364 379 382 392 445 454 513 544 590 602 625 677 686 69 702 832 85 857 869 921 941 942 946 958 960
119 129 16 19 227 231 317 337 350 362 400 444 457 540 63 636 721 733 734 756 77 86 918 92 926 980
137 142 215 216 269 299 418 419 422 429 505 713 753 78 818 905 910 956 986
107 117 167 180 187 191 210 247 317 374 504 519 565 575 580 587 609 623 624 650 668 801 887 888 9 901 944 949 97
101 117 175 228 237 293 338 348 353 526 545 613 778 804 947 95
191 22 222 279 340 367 48 561 69 690 710 810 896 945 98
136 204 212 216 275 344 367 388 41 412 427 437 443 496 51 600 674 707 709 710 738 789 854 920 933 945 96 963 969 973
116 16 218 304 375 416 428 542 598 756 831 849 888
124 176 177 182 213 235 326 398 665 668 938 972 988 997 998
115 157 193 201 281 298 32 352 376 406 427 457 487 55 558 575 686 838 932 956 964 99 998
211 421 509 643 708 819 859 928 974 987
1 140 268 281 302 305 370 423 425 459 55 591 601 64 819 858 891 896 902 943 946 997
166 322 37 50 515 58 612 642 708 743 789 804 90 908 963 972
104 134 144 173 182 186 19 206 217 238 288 311 324 327 333 373 398 408 503 598 60 672 688 706 738 756 799 801 83 842 847 849 853 968 984
155 208 214 243 352 405 524 628 719 850 854
115 195 229 254 258 497 623 633 817 833 903 908
142 18 277 392 404 440 463 547 708 727 732 735 80 817
137 151 189 238 27 296 488 577 604 618 67 836
163 20 229 231 245 305 383 446 487 534 546 580 64 650 664 665 684 70 701 73 770 773 774 777 845 893 914 919
11 208 298 327 328 368 387 401 494 505 510 627 684 71 716 742 786 792 814 955 974 983 988
12 209 227 274 281 294 318 323 357 389 474 506 53 544 56 591 636 67 696 703 732 754 776 83 851 853 916 93 930 958 963
121 159 193 280 380 395 459 502 503 514 519 523 535 584 696 748 749 754 820 843 867 908 914 915 924 928 95 976
129 181 198 207 227 237 27 379 412 552 60 61 696 816 841 87 885 888
124 157 19 193 20 21 239 245 285 324 362 507 51 652 707 737 9 934
104 117 184 274 305 585 612 779 909 939 977 987 997
18 370 385 455 511 536 568 585 637 656 666 667 729 782 888 897
115 196 2 212 243 302 338 406 432 447 52 601 614 664 675 701 710 747 80 854 904 907 929 956 973
15 222 244 245 413 425 453 458 578 69 770 786 902 916 951 987
185 249 261 349 588 688 808 823 856 938
159 456 645 669 79 818 833 924 964 996
1 1000 122 185 196 240 261 310 34 371 373 376 385 397 403 423 436 443 54 541 56 562 572 582 645 717 725 742 745 757 761 767 798 800 805 833 850 867 963 972 977 978 986 989
101 139 171 203 206 321 33 334 352 395 402 421 446 483 494 532 554 629 704 723 751 761 776 798 909 96 974
116 120 170 206 207 238 252 282 286 314 350 390 405 438 460 493 507 562 569 625 658 704 767 776 827 835 839 851 865 877 879 902 903 928 929 969 976 995
144 228 23 242 269 27 360 413 432 456 48 481 550 562 598 60 61 681 686 709 718 823 830 87 892 894 937 960
147 156 179 189 309 36 365 436 456 465 567 569 58 721 734 807 823 901
129 13 140 154 172 18 19 200 210 213 273 331 363 371 372 373 406 412 446 471 490 491 534 614 624 626 660 693 766 781 821 838 842 850 852 859 863 864 868 901 904 922 928 940
243 257 26 30 332 38 397 472 490 498 512 575 630 707 738 747 855 906
139 156 159 207 213 216 218 240 244 266 271 279 321 329 353 357 388 400 401 416 432 469 519 568 569 578 641 643 644 648 670 694 706 722 746 809 819 822 825 842 85 851 859 886 896 91 946 95 951 998
1 119 124 125 144 205 242 276 295 330 347 413 416 422 460 490 500 529 531 612 645 659 675 718 734 748 80 82 849 851 862 897 911 927 932
101 268 34 398 439 57 621 638 71 744 758 76 943
10 101 171 187 21 249 256 270 340 345 397 457 489 535 544 558 563 595 6 638 66 700 725 734 762 847 937 955 979 986 991 999
104 125 129 133 201 23 237 264 265 268 298 300 310 321 355 36 368 409 41 511 518 525 529 539 561 614 635 64 681 752 76 78 788 836 868 898 899 903 920 938 967
214 25 303 350 379 403 425 535 538 545 577 580 582 629 665 72 756 767 782 787 861 920 947
102 149 161 17 179 201 226 267 286 301 36 401 430 432 558 61 621 698 699 735 761 765 772 861 893 949 975 999
128 141 189 196 234 353 369 45 572 605 789 924
128 130 187 249 319 330 362 396 445 49 508 532 54 55 625 640 66 747 75 794 912 99
120 145 154 175 195 208 214 219 230 236 253 261 274 279 352 371 383 414 443 445 447 50 540 567 609 627 638 641 651 691 798 805 808 862 875 886 903 932 944 965 971 982
139 167 262 286 291 324 372 393 463 49 555 801 954 958 991
