1	67
1	237
1	902
1	944
2	710
2	957
2	966
2	983
3	739
3	875
3	891
3	947
4	578
4	626
4	773
4	943
5	694
5	769
5	857
5	909
5	974
5	1000
6	469
6	548
6	774
6	991
7	390
7	875
7	891
7	947
8	897
8	907
8	972
8	974
9	822
9	842
9	848
9	905
10	832
10	855
10	966
10	997
11	810
11	955
11	975
11	982
12	60
12	267
12	553
12	634
13	512
13	896
13	926
13	993
14	302
14	375
14	588
14	926
15	744
15	880
15	909
15	932
16	79
16	797
16	840
16	859
16	879
16	883
16	978
16	990
17	723
17	913
17	956
17	974
17	982
17	999
18	777
18	901
18	919
18	957
19	700
19	785
19	807
19	952
19	978
19	982
20	776
20	830
20	870
20	969
21	346
21	515
21	706
22	267
22	553
22	634
22	655
23	291
23	364
23	611
23	964
24	929
24	983
24	984
24	1000
25	386
25	722
25	726
25	944
26	65
26	194
26	616
26	774
27	592
27	602
27	699
27	740
28	304
28	305
28	741
28	949
29	577
29	738
29	876
29	992
30	93
30	523
30	569
30	778
31	187
31	533
31	760
31	840
32	622
32	799
32	809
32	872
33	942
33	983
33	984
33	1000
34	809
34	886
34	977
34	978
35	295
35	574
35	599
35	702
36	121
36	368
36	815
36	973
37	39
37	591
37	599
37	702
38	448
38	879
38	880
38	957
38	974
38	975
38	995
39	37
39	591
39	702
39	973
40	699
40	819
40	879
40	954
41	724
41	908
41	917
41	970
42	456
42	473
42	709
42	787
43	609
43	701
43	785
43	962
44	863
44	907
44	972
44	974
45	223
45	526
45	918
45	939
46	815
46	871
46	935
46	947
46	960
46	982
47	496
47	879
47	954
47	993
48	688
48	798
48	821
48	935
49	311
49	392
49	630
49	828
50	347
50	732
50	865
50	924
51	736
51	765
51	833
51	852
52	775
52	786
52	929
52	956
53	619
53	630
53	694
53	828
54	163
54	218
54	333
54	797
55	428
55	508
55	713
55	845
56	602
56	899
56	921
56	956
56	974
56	999
57	708
57	760
57	846
57	935
57	998
57	999
58	761
58	994
58	997
58	998
59	764
59	871
59	947
59	952
59	999
60	12
60	553
60	634
60	655
61	442
61	801
61	896
61	988
62	123
62	351
62	441
62	987
63	951
63	955
63	975
63	982
64	919
64	977
64	978
64	988
65	26
65	994
65	997
65	998
66	138
66	529
66	585
66	756
67	1
67	181
67	726
67	944
68	787
68	947
68	977
68	990
68	998
69	963
69	967
69	976
69	999
70	83
70	389
70	585
70	756
71	202
71	647
71	820
71	991
72	802
72	913
72	943
72	948
73	836
73	884
73	927
73	932
74	919
74	923
74	977
74	978
75	276
75	314
75	673
75	719
76	392
76	694
76	790
76	828
77	605
77	733
77	843
77	859
78	457
78	492
78	665
78	933
79	16
79	186
79	946
79	971
80	458
80	744
80	752
80	920
81	368
81	730
81	780
81	926
82	965
82	979
82	985
82	995
83	70
83	285
83	615
83	756
84	890
84	955
84	975
84	982
85	623
85	713
85	878
85	973
86	450
86	846
86	858
86	898
87	494
87	734
87	930
87	952
88	464
88	981
88	989
88	990
89	701
89	764
89	859
89	878
89	927
89	945
90	672
90	846
90	858
90	898
91	441
91	488
91	503
91	747
92	986
92	994
92	997
92	998
93	30
93	738
93	876
93	992
94	836
94	909
94	927
94	932
95	739
95	875
95	891
95	947
96	963
96	967
96	976
96	999
97	963
97	967
97	976
97	999
98	273
98	817
98	881
98	937
99	700
99	805
99	872
99	875
99	977
99	982
99	989
100	689
100	766
100	805
100	807
101	759
101	796
101	871
101	980
102	488
102	503
102	747
102	988
103	484
103	571
103	761
103	996
104	488
104	503
104	747
104	988
105	772
105	788
105	802
105	811
106	747
106	759
106	915
106	924
106	974
106	982
107	907
107	983
107	984
107	1000
108	579
108	918
108	939
108	960
109	258
109	414
109	480
109	651
110	385
110	749
110	846
110	858
111	412
111	830
111	857
111	932
112	575
112	586
112	778
112	780
113	439
113	955
113	975
113	982
114	689
114	766
114	805
114	807
115	675
115	875
115	891
115	947
116	222
116	563
116	722
116	944
117	457
117	492
117	665
117	991
118	543
118	654
118	789
118	978
119	656
119	683
119	797
119	935
119	948
119	990
119	998
120	803
120	983
120	984
120	1000
121	36
121	426
121	530
121	815
122	750
122	775
122	818
122	956
123	62
123	351
123	814
123	987
124	290
124	433
124	665
124	912
125	723
125	843
125	935
125	944
125	966
125	976
126	512
126	614
126	730
126	926
127	608
127	734
127	930
127	952
128	230
128	254
128	647
128	820
129	898
129	966
129	978
129	990
129	999
129	1000
130	553
130	732
130	835
130	924
131	148
131	709
131	787
131	987
132	548
132	826
132	876
132	992
133	407
133	842
133	848
133	905
134	715
134	955
134	975
134	982
135	834
135	838
135	841
135	915
136	656
136	758
136	815
136	879
136	952
136	956
136	999
137	723
137	879
137	915
137	949
137	970
137	978
138	66
138	585
138	756
138	956
139	173
139	415
139	673
139	719
140	674
140	967
140	976
140	999
141	605
141	733
141	843
141	859
142	750
142	894
142	911
142	992
143	775
143	786
143	818
143	956
144	828
144	940
144	966
144	970
144	982
145	744
145	752
145	762
145	987
146	968
146	981
146	989
146	990
147	847
147	913
147	943
147	948
148	131
148	473
148	709
148	787
149	506
149	775
149	818
149	956
150	916
150	919
150	977
150	978
151	663
151	898
151	915
151	992
151	995
151	999
152	760
152	840
152	930
152	987
153	540
153	733
153	843
153	859
154	706
154	858
154	891
154	944
154	956
154	999
155	966
155	981
155	989
155	990
156	242
156	250
156	570
156	949
157	965
157	979
157	985
157	995
158	208
158	482
158	752
158	987
159	799
159	809
159	872
159	947
160	737
160	835
160	865
160	924
161	334
161	994
161	997
161	998
162	377
162	523
162	575
162	980
163	54
163	333
163	796
163	797
164	544
164	585
164	615
164	756
165	772
165	788
165	802
165	811
166	225
166	529
166	878
166	996
167	854
167	861
167	914
167	928
168	468
168	609
168	701
168	785
169	918
169	939
169	960
169	981
170	862
170	870
170	941
170	969
171	411
171	514
171	761
171	840
172	963
172	967
172	976
172	999
173	139
173	423
173	673
173	790
174	951
174	955
174	975
174	982
175	697
175	734
175	930
175	952
176	276
176	423
176	663
176	673
177	551
177	764
177	796
177	871
178	816
178	982
178	999
178	1000
179	897
179	907
179	972
179	974
180	717
180	762
180	890
180	940
181	67
181	227
181	349
181	722
182	897
182	907
182	972
182	974
183	682
183	769
183	901
183	957
184	608
184	697
184	930
184	952
185	199
185	283
185	700
185	723
186	79
186	433
186	646
186	967
187	31
187	747
187	789
187	989
187	1000
188	612
188	983
188	984
188	1000
189	678
189	706
189	898
189	978
189	990
189	998
189	1000
190	744
190	752
190	832
190	920
191	761
191	879
191	956
191	974
191	990
191	1000
192	232
192	667
192	704
192	954
193	381
193	614
193	926
193	988
194	26
194	704
194	774
194	954
195	392
195	619
195	694
195	828
196	203
196	664
196	821
196	935
197	414
197	651
197	718
197	883
198	430
198	570
198	741
198	949
199	185
199	283
199	700
199	723
200	848
200	979
200	985
200	995
201	834
201	838
201	841
201	915
202	71
202	342
202	820
202	912
203	196
203	764
203	796
203	871
204	496
204	735
204	879
204	993
205	799
205	809
205	872
205	968
206	854
206	864
206	909
206	928
207	738
207	804
207	899
207	941
208	158
208	323
208	744
208	752
209	825
209	904
209	934
209	937
210	824
210	833
210	852
210	954
211	539
211	877
211	903
211	921
212	678
212	863
212	939
212	960
213	733
213	843
213	859
213	930
214	641
214	665
214	954
214	991
215	732
215	835
215	865
215	924
216	918
216	939
216	959
216	960
217	528
217	873
217	902
217	970
218	54
218	333
218	740
218	797
219	255
219	955
219	975
219	982
220	854
220	861
220	914
220	928
221	233
221	981
221	989
221	990
222	116
222	358
222	764
222	944
223	45
223	484
223	571
223	996
224	318
224	451
224	527
224	815
225	166
225	270
225	508
225	793
226	963
226	967
226	976
226	999
227	181
227	349
227	536
227	944
228	934
228	983
228	984
228	1000
229	986
229	994
229	997
229	998
230	128
230	254
230	343
230	356
230	820
231	826
231	857
231	876
231	911
231	992
232	192
232	251
232	704
232	712
232	774
233	221
233	607
233	654
233	721
233	789
234	428
234	448
234	508
234	793
234	810
235	637
235	688
235	798
235	821
235	935
236	742
236	986
236	994
236	997
236	998
237	1
237	563
237	722
237	792
237	935
238	589
238	620
238	913
238	943
238	948
239	560
239	746
239	780
239	801
239	926
240	484
240	709
240	748
240	797
240	924
240	981
241	808
241	951
241	955
241	975
241	982
242	156
242	301
242	532
242	595
242	949
243	572
243	894
243	911
243	950
243	992
244	855
244	968
244	981
244	989
244	990
245	769
245	965
245	979
245	985
245	995
246	574
246	916
246	919
246	977
246	978
247	308
247	624
247	656
247	725
248	596
248	881
248	904
248	937
248	964
249	494
249	930
249	952
249	991
250	156
250	304
250	741
250	751
250	949
251	232
251	550
251	558
251	667
251	675
252	632
252	673
252	700
252	935
252	976
252	978
252	982
252	1000
253	778
253	816
253	909
253	927
253	932
254	128
254	230
254	356
254	647
254	820
255	219
255	656
255	785
255	905
255	960
255	974
255	977
256	614
256	730
256	801
256	896
256	926
257	657
257	826
257	894
257	911
257	992
258	109
258	384
258	680
258	718
258	934
259	328
259	762
259	867
259	890
259	940
260	557
260	705
260	857
260	883
260	885
261	672
261	749
261	846
261	858
261	898
262	610
262	857
262	876
262	883
262	885
263	603
263	713
263	845
263	878
263	995
264	302
264	611
264	787
264	870
264	940
264	949
264	1000
265	420
265	468
265	609
265	701
265	785
266	808
266	951
266	955
266	975
266	982
267	12
267	22
267	634
267	655
267	889
268	275
268	307
268	751
268	949
268	987
269	556
269	919
269	923
269	977
269	978
270	225
270	428
270	758
270	793
270	993
271	929
271	939
271	983
271	984
271	1000
272	580
272	750
272	786
272	818
272	956
273	98
273	963
273	967
273	976
273	999
274	439
274	750
274	786
274	899
274	956
275	268
275	595
275	811
275	949
275	987
276	75
276	176
276	423
276	719
276	784
277	290
277	912
277	964
277	971
277	988
278	351
278	441
278	757
278	904
278	987
279	507
279	578
279	626
279	773
279	993
280	717
280	762
280	890
280	940
280	996
281	651
281	986
281	994
281	997
281	998
282	523
282	569
282	586
282	778
282	980
283	185
283	199
283	367
283	700
283	723
284	575
284	968
284	981
284	989
284	990
285	83
285	389
285	756
285	867
285	971
286	347
286	362
286	918
286	939
286	960
287	830
287	862
287	874
287	941
287	969
288	466
288	916
288	923
288	977
288	978
289	800
289	880
289	909
289	927
289	932
290	124
290	277
290	546
290	964
290	988
291	23
291	364
291	611
291	629
291	964
292	806
292	877
292	895
292	903
292	921
293	522
293	738
293	876
293	894
293	992
294	771
294	861
294	864
294	914
294	928
295	35
295	574
295	591
295	599
295	912
296	962
296	968
296	981
296	989
296	990
297	504
297	832
297	957
297	966
297	991
298	612
298	652
298	877
298	903
298	921
299	510
299	676
299	776
299	899
299	941
300	913
300	943
300	948
300	976
301	242
301	430
301	741
301	949
301	959
302	14
302	264
302	730
302	780
302	926
303	959
303	965
303	979
303	985
303	995
304	28
304	250
304	307
304	751
304	949
305	28
305	751
305	949
305	980
305	999
306	563
306	627
306	759
306	807
306	854
306	952
306	978
306	992
307	268
307	304
307	741
307	751
307	949
308	247
308	624
308	656
308	928
309	959
309	965
309	979
309	985
309	995
310	700
310	916
310	923
310	977
310	978
311	49
311	619
311	630
311	694
311	828
312	594
312	757
312	805
312	820
312	905
312	924
312	935
312	966
312	995
313	741
313	781
313	882
313	939
313	960
314	75
314	562
314	663
314	673
314	719
315	429
315	897
315	907
315	972
315	974
316	713
316	844
316	878
316	948
316	996
317	622
317	687
317	809
317	872
317	924
318	224
318	426
318	451
318	815
318	973
319	706
319	740
319	811
319	822
319	922
319	935
319	982
319	998
320	962
320	968
320	981
320	989
320	990
321	522
321	674
321	894
321	911
321	992
322	638
322	749
322	846
322	858
322	898
323	208
323	487
323	744
323	752
323	987
324	559
324	618
324	718
324	753
324	973
325	492
325	641
325	665
325	971
325	991
326	452
326	769
326	855
326	912
326	957
327	816
327	862
327	880
327	884
327	932
328	259
328	436
328	717
328	890
328	940
329	384
329	656
329	773
329	871
329	944
329	952
329	995
329	999
330	817
330	825
330	831
330	904
330	937
331	939
331	968
331	981
331	989
331	990
332	763
332	863
332	882
332	939
332	960
333	54
333	163
333	218
333	797
333	803
334	161
334	710
334	832
334	901
334	957
335	962
335	968
335	981
335	989
335	990
336	906
336	986
336	994
336	997
336	998
337	814
337	822
337	842
337	848
337	905
338	977
338	986
338	994
338	997
338	998
339	747
339	773
339	940
339	947
339	956
339	998
339	999
340	859
340	951
340	955
340	975
340	982
341	479
341	644
341	737
341	865
341	924
342	202
342	343
342	810
342	820
342	991
343	230
343	342
343	647
343	975
343	991
344	525
344	689
344	766
344	805
344	807
345	702
345	787
345	898
345	928
345	935
345	939
345	952
346	21
346	489
346	515
346	706
347	50
347	286
347	566
347	939
347	960
348	592
348	602
348	699
348	740
348	821
349	181
349	227
349	563
349	722
349	944
350	457
350	908
350	917
350	970
350	990
351	62
351	123
351	278
351	441
351	912
352	396
352	563
352	722
352	944
352	971
353	750
353	775
353	786
353	818
353	956
354	565
354	683
354	835
354	865
354	924
355	525
355	689
355	766
355	805
355	807
356	230
356	254
356	647
356	820
356	922
357	897
357	907
357	972
357	974
357	992
358	222
358	722
358	726
358	792
358	944
359	404
359	425
359	875
359	891
359	947
360	737
360	822
360	835
360	865
360	924
361	931
361	963
361	967
361	976
361	999
362	286
362	929
362	983
362	984
362	1000
363	816
363	836
363	884
363	927
363	932
364	23
364	291
364	611
364	828
364	964
365	916
365	919
365	923
365	977
365	978
366	723
366	811
366	956
366	982
366	1000
367	283
367	700
367	723
367	739
368	36
368	81
368	451
368	815
368	851
369	710
369	777
369	901
369	957
369	966
370	479
370	790
370	877
370	903
370	921
371	816
371	880
371	909
371	927
371	932
372	873
372	902
372	908
372	917
372	970
373	728
373	847
373	913
373	943
373	948
374	699
374	759
374	947
374	974
374	989
374	995
375	14
375	379
375	746
375	801
375	896
376	419
376	902
376	908
376	917
376	970
377	162
377	715
377	824
377	833
377	852
378	862
378	870
378	941
378	955
378	969
379	375
379	541
379	762
379	890
379	940
380	564
380	745
380	930
380	952
380	971
381	193
381	773
381	820
381	875
381	960
381	966
381	995
382	508
382	695
382	832
382	957
382	966
383	595
383	622
383	687
383	799
383	809
383	872
384	258
384	329
384	559
384	753
384	819
384	954
385	110
385	562
385	775
385	786
385	818
385	956
386	25
386	726
386	755
386	792
386	944
386	971
387	767
387	814
387	822
387	842
387	848
387	905
388	893
388	929
388	933
388	983
388	984
388	1000
389	70
389	285
389	585
389	615
389	756
389	971
390	7
390	916
390	919
390	923
390	977
390	978
391	549
391	748
391	816
391	880
391	884
391	932
392	49
392	76
392	195
392	630
392	790
392	828
393	856
393	931
393	963
393	967
393	976
393	999
394	856
394	931
394	963
394	967
394	976
394	999
395	425
395	630
395	739
395	875
395	891
395	947
396	352
396	726
396	792
396	888
396	944
396	953
397	844
397	929
397	933
397	983
397	984
397	1000
398	583
398	697
398	745
398	930
398	952
398	971
399	516
399	655
399	815
399	915
399	935
399	952
399	977
399	995
400	585
400	808
400	951
400	955
400	975
400	982
401	671
401	720
401	847
401	913
401	943
401	948
402	662
402	808
402	951
402	955
402	975
402	982
403	649
403	874
403	899
403	940
403	941
403	969
404	359
404	739
404	875
404	891
404	947
404	980
405	603
405	623
405	793
405	845
405	878
405	964
406	854
406	861
406	864
406	901
406	914
406	928
407	133
407	962
407	968
407	981
407	989
407	990
408	624
408	896
408	914
408	944
408	956
408	982
408	992
409	471
409	717
409	783
409	890
409	940
409	996
410	804
410	815
410	829
410	941
410	969
410	973
411	171
411	533
411	581
411	601
411	934
411	950
412	111
412	442
412	780
412	790
412	896
412	926
413	619
413	931
413	963
413	967
413	976
413	999
414	109
414	197
414	618
414	651
414	718
414	996
415	139
415	701
415	709
415	761
415	797
415	891
415	903
415	998
415	1000
416	715
416	736
416	765
416	824
416	833
416	852
417	662
417	869
417	951
417	955
417	975
417	982
418	795
418	880
418	884
418	909
418	927
418	932
419	376
419	434
419	873
419	917
419	970
419	993
420	265
420	468
420	609
420	701
420	785
420	920
421	852
421	929
421	933
421	983
421	984
421	1000
422	958
422	959
422	965
422	979
422	985
422	995
423	173
423	176
423	276
423	673
423	719
423	819
424	678
424	863
424	882
424	918
424	939
424	960
425	359
425	395
425	739
425	875
425	891
425	947
426	121
426	318
426	451
426	815
426	867
426	974
427	800
427	854
427	861
427	864
427	914
427	928
428	55
428	234
428	270
428	544
428	623
428	991
429	315
429	962
429	968
429	981
429	989
429	990
430	198
430	301
430	532
430	570
430	949
430	980
431	459
431	794
431	825
431	831
431	904
431	937
432	607
432	654
432	721
432	789
432	974
432	980
433	124
433	186
433	471
433	784
433	971
433	988
434	419
434	483
434	619
434	630
434	694
434	828
435	586
435	885
435	898
435	956
435	970
435	977
435	982
436	328
436	692
436	738
436	876
436	894
436	992
437	900
437	906
437	986
437	994
437	997
437	998
438	794
438	817
438	825
438	904
438	937
438	980
439	113
439	274
439	750
439	786
439	818
439	956
440	527
440	692
440	747
440	894
440	911
440	992
441	62
441	91
441	278
441	351
441	912
441	987
442	61
442	412
442	780
442	896
442	926
442	993
443	500
443	522
443	587
443	894
443	934
443	992
444	535
444	759
444	764
444	796
444	871
444	995
445	580
445	638
445	698
445	846
445	858
445	898
446	893
446	929
446	933
446	983
446	984
446	1000
447	763
447	863
447	882
447	939
447	960
447	980
448	38
448	234
448	623
448	793
448	845
448	878
449	632
449	806
449	877
449	903
449	921
449	989
450	86
450	962
450	968
450	981
450	989
450	990
451	224
451	318
451	368
451	426
451	815
451	973
452	326
452	962
452	968
452	981
452	989
452	990
453	771
453	800
453	861
453	864
453	914
453	928
454	958
454	959
454	965
454	979
454	985
454	995
455	597
455	736
455	765
455	833
455	852
455	992
456	42
456	473
456	709
456	787
456	906
456	934
457	78
457	117
457	350
457	492
457	641
457	991
458	80
458	744
458	752
458	957
458	987
458	994
459	431
459	831
459	881
459	904
459	907
459	937
460	540
460	605
460	733
460	843
460	859
460	920
461	626
461	633
461	765
461	824
461	833
461	852
462	637
462	688
462	798
462	821
462	932
462	935
463	740
463	948
463	949
463	969
463	978
463	998
463	1000
464	88
464	626
464	634
464	741
464	940
464	956
464	960
464	1000
465	618
465	682
465	855
465	901
465	957
465	966
466	288
466	559
466	618
466	651
466	753
466	851
467	564
467	608
467	745
467	930
467	945
467	952
468	168
468	265
468	420
468	609
468	701
468	785
469	6
469	616
469	667
469	704
469	774
469	944
470	958
470	959
470	965
470	979
470	985
470	995
471	409
471	433
471	762
471	890
471	940
471	971
472	571
472	756
472	932
472	987
472	998
472	1000
473	42
473	148
473	456
473	709
473	787
473	934
474	805
474	962
474	968
474	981
474	989
474	990
475	545
475	781
475	863
475	918
475	939
475	960
476	511
476	548
476	616
476	667
476	774
476	920
477	808
477	923
477	951
477	955
477	975
477	982
478	763
478	863
478	882
478	918
478	957
478	960
479	341
479	370
479	732
479	835
479	865
479	924
480	109
480	559
480	651
480	718
480	753
480	806
481	497
481	612
481	806
481	877
481	903
481	921
482	158
482	543
482	607
482	654
482	721
482	789
483	434
483	926
483	947
483	966
483	971
483	997
484	103
484	223
484	240
484	571
484	819
484	996
485	754
485	834
485	838
485	841
485	883
485	915
486	814
486	822
486	842
486	848
486	893
486	905
487	323
487	657
487	659
487	674
487	894
487	911
487	992
488	91
488	102
488	104
488	503
488	747
488	967
488	988
489	346
489	746
489	780
489	801
489	896
489	926
489	954
490	535
490	958
490	959
490	965
490	979
490	985
490	995
491	539
491	606
491	632
491	803
491	877
491	903
491	921
492	78
492	117
492	325
492	457
492	665
492	954
492	973
493	812
493	868
493	897
493	907
493	972
493	974
493	981
494	87
494	249
494	564
494	745
494	841
494	930
494	952
495	856
495	869
495	931
495	963
495	967
495	976
495	999
496	47
496	204
496	768
496	840
496	879
496	954
496	993
497	481
497	652
497	806
497	877
497	903
497	921
497	946
498	771
498	800
498	854
498	861
498	864
498	914
498	928
499	554
499	568
499	772
499	788
499	802
499	811
499	873
500	443
500	659
500	674
500	684
500	692
500	701
500	992
501	510
501	573
501	594
501	829
501	862
501	874
501	969
502	946
502	958
502	959
502	965
502	979
502	985
502	995
503	91
503	102
503	104
503	488
503	747
503	897
503	988
504	297
504	658
504	690
504	729
504	769
504	901
504	957
505	681
505	704
505	754
505	834
505	838
505	841
505	915
506	149
506	562
506	580
506	750
506	775
506	818
506	956
507	279
507	724
507	873
507	902
507	908
507	917
507	970
508	55
508	225
508	234
508	382
508	623
508	757
508	878
509	644
509	683
509	732
509	737
509	835
509	865
509	924
510	299
510	501
510	567
510	776
510	862
510	941
510	969
511	476
511	548
511	558
511	616
511	704
511	774
511	783
512	13
512	126
512	666
512	730
512	801
512	926
512	954
513	767
513	799
513	814
513	822
513	842
513	848
513	905
514	171
514	601
514	760
514	761
514	840
514	917
514	987
515	21
515	346
515	706
515	757
516	399
516	672
516	698
516	749
516	846
516	858
516	898
517	597
517	633
517	715
517	736
517	824
517	833
517	852
518	631
518	778
518	797
518	840
518	905
518	949
518	977
518	985
518	999
519	557
519	593
519	705
519	857
519	883
519	885
519	983
520	817
520	825
520	881
520	894
520	904
520	937
520	980
521	720
521	770
521	847
521	880
521	913
521	943
521	948
522	293
522	321
522	443
522	738
522	876
522	894
522	992
523	30
523	162
523	282
523	569
523	586
523	778
523	991
524	829
524	874
524	897
524	899
524	941
524	969
524	973
525	344
525	355
525	549
525	689
525	766
525	805
525	807
526	45
526	778
526	871
526	885
526	928
526	966
526	999
527	224
527	440
527	826
527	876
527	894
527	911
527	992
528	217
528	856
528	931
528	963
528	967
528	976
528	999
529	66
529	166
529	744
529	811
529	949
529	995
529	998
530	121
530	720
530	770
530	847
530	913
530	943
530	948
531	643
531	849
531	870
531	874
531	881
531	941
531	969
532	242
532	430
532	595
532	741
532	751
532	949
532	987
533	31
533	411
533	581
533	582
533	760
533	761
533	840
534	679
534	794
534	825
534	831
534	881
534	904
534	937
535	444
535	490
535	551
535	759
535	764
535	796
535	871
536	227
536	942
536	962
536	968
536	981
536	989
536	990
537	886
537	888
537	916
537	919
537	923
537	977
537	978
538	839
538	886
538	916
538	919
538	923
538	977
538	978
539	211
539	491
539	632
539	806
539	877
539	903
539	921
540	153
540	460
540	605
540	690
540	733
540	843
540	859
541	379
541	717
541	762
541	890
541	940
541	987
541	996
542	690
542	695
542	855
542	901
542	911
542	957
542	966
543	118
543	482
543	607
543	654
543	721
543	789
543	980
544	164
544	428
544	706
544	731
544	859
544	896
544	935
544	970
544	977
545	475
545	781
545	863
545	882
545	918
545	939
545	960
546	290
546	767
546	814
546	822
546	842
546	848
546	905
547	725
547	812
547	868
547	897
547	907
547	972
547	974
548	6
548	132
548	476
548	511
548	616
548	704
548	993
549	391
549	525
549	689
549	766
549	805
549	807
550	251
550	611
550	706
550	937
550	952
550	981
550	992
550	999
551	177
551	535
551	759
551	764
551	796
551	798
551	871
552	631
552	719
552	873
552	902
552	908
552	917
552	970
553	12
553	22
553	60
553	130
553	634
553	655
553	888
554	499
554	568
554	772
554	788
554	802
554	811
554	885
555	791
555	836
555	884
555	909
555	927
555	932
555	979
556	269
556	703
556	771
556	854
556	861
556	864
556	914
557	260
557	519
557	596
557	857
557	883
557	885
557	996
558	251
558	511
558	625
558	667
558	704
558	774
558	954
559	324
559	384
559	466
559	480
559	753
559	954
559	996
560	239
560	682
560	769
560	777
560	832
560	855
560	957
560	966
561	679
561	794
561	817
561	825
561	831
561	881
561	904
561	937
562	314
562	385
562	506
562	750
562	775
562	786
562	818
562	956
563	116
563	237
563	306
563	349
563	352
563	792
563	944
563	953
564	380
564	467
564	494
564	567
564	734
564	745
564	930
564	952
565	354
565	699
565	749
565	807
565	811
565	843
565	937
565	947
565	976
566	347
566	678
566	782
566	863
566	882
566	918
566	939
566	960
567	510
567	564
567	608
567	697
567	734
567	745
567	930
567	952
568	499
568	554
568	714
568	772
568	788
568	802
568	811
569	30
569	282
569	523
569	575
569	586
569	636
569	778
569	991
570	156
570	198
570	430
570	595
570	741
570	751
570	860
570	949
571	103
571	223
571	472
571	484
571	577
571	629
571	819
571	996
572	243
572	657
572	684
572	876
572	894
572	911
572	973
572	992
573	501
573	637
573	676
573	804
573	830
573	874
573	941
573	969
574	35
574	246
574	295
574	591
574	599
574	702
574	887
574	912
575	112
575	162
575	284
575	569
575	586
575	778
575	784
575	980
576	661
576	671
576	873
576	902
576	908
576	917
576	953
576	970
577	29
577	571
577	611
577	785
577	891
577	924
577	928
577	944
577	998
578	4
578	279
578	626
578	757
578	773
578	934
578	961
578	993
579	108
579	781
579	824
579	863
579	882
579	918
579	939
579	960
580	272
580	445
580	506
580	750
580	775
580	786
580	818
580	956
581	411
581	533
581	601
581	760
581	761
581	840
581	942
581	987
582	533
582	718
582	778
582	896
582	927
582	940
582	982
582	992
582	994
582	1000
583	398
583	856
583	869
583	931
583	963
583	967
583	976
583	999
584	637
584	664
584	688
584	798
584	821
584	873
584	935
584	991
585	66
585	70
585	138
585	164
585	389
585	400
585	615
585	756
586	112
586	282
586	435
586	523
586	569
586	575
586	629
586	991
587	443
587	684
587	738
587	826
587	876
587	894
587	911
587	992
588	14
588	665
588	872
588	915
588	921
588	935
588	970
588	974
588	992
589	238
589	653
589	728
589	847
589	909
589	913
589	943
589	948
590	696
590	856
590	869
590	931
590	963
590	967
590	976
590	999
591	37
591	39
591	295
591	574
591	599
591	702
591	821
591	887
592	27
592	348
592	639
592	699
592	740
592	779
592	987
592	996
593	519
593	596
593	610
593	705
593	857
593	883
593	885
593	988
594	312
594	501
594	643
594	849
594	870
594	899
594	941
594	969
595	242
595	275
595	383
595	532
595	570
595	751
595	949
595	980
596	248
596	557
596	593
596	610
596	705
596	857
596	883
596	885
597	455
597	517
597	715
597	765
597	824
597	833
597	852
597	968
598	663
598	820
598	838
598	948
598	956
598	989
598	990
598	999
599	35
599	37
599	295
599	574
599	591
599	702
599	790
599	887
600	866
600	893
600	895
600	929
600	933
600	983
600	984
600	1000
601	411
601	514
601	581
601	760
601	761
601	840
601	950
601	959
602	27
602	56
602	348
602	699
602	732
602	740
602	987
602	996
603	263
603	405
603	720
603	793
603	845
603	878
603	973
603	993
604	839
604	854
604	886
604	916
604	919
604	923
604	977
604	978
605	77
605	141
605	460
605	540
605	733
605	843
605	859
605	1000
606	491
606	632
606	652
606	806
606	877
606	903
606	921
606	970
607	233
607	432
607	482
607	543
607	654
607	658
607	721
607	789
608	127
608	184
608	467
608	567
608	734
608	745
608	930
608	952
609	43
609	168
609	265
609	420
609	468
609	701
609	785
609	964
610	262
610	593
610	596
610	705
610	857
610	883
610	885
610	988
611	23
611	264
611	291
611	364
611	550
611	577
611	743
611	968
612	188
612	298
612	481
612	652
612	806
612	877
612	903
612	921
613	839
613	886
613	916
613	919
613	923
613	950
613	977
613	978
614	126
614	193
614	256
614	666
614	746
614	861
614	896
614	926
615	83
615	164
615	389
615	585
615	756
615	784
615	809
615	971
616	26
616	469
616	476
616	511
616	548
616	667
616	786
616	993
617	656
617	661
617	700
617	740
617	778
617	797
617	879
617	940
617	952
617	998
618	324
618	414
618	465
618	466
618	621
618	718
618	753
618	996
619	53
619	195
619	311
619	413
619	434
619	630
619	694
619	828
620	238
620	653
620	728
620	770
620	847
620	913
620	943
620	948
621	618
621	752
621	801
621	859
621	927
621	974
621	978
621	992
622	32
622	317
622	383
622	660
622	687
622	799
622	809
622	872
622	988
623	85
623	405
623	428
623	448
623	508
623	810
623	845
623	868
623	996
624	247
624	308
624	408
624	656
624	825
625	558
625	631
625	671
625	724
625	873
625	902
625	908
625	917
625	970
626	4
626	279
626	461
626	464
626	578
626	773
626	920
626	934
626	993
627	306
627	850
627	853
627	900
627	906
627	986
627	994
627	997
627	998
628	677
628	681
628	711
628	754
628	834
628	838
628	841
628	915
628	929
629	291
629	571
629	586
629	915
629	918
629	947
629	970
629	976
629	986
630	49
630	53
630	311
630	392
630	395
630	434
630	619
630	694
630	828
631	518
631	552
631	625
631	661
631	873
631	902
631	908
631	917
631	970
632	252
632	449
632	491
632	539
632	606
632	806
632	877
632	903
632	921
633	461
633	517
633	648
633	715
633	736
633	765
633	824
633	833
633	852
634	12
634	22
634	60
634	267
634	464
634	553
634	655
634	788
634	888
635	850
635	853
635	900
635	906
635	912
635	986
635	994
635	997
635	998
636	569
636	925
636	946
636	958
636	959
636	965
636	979
636	985
636	995
637	235
637	462
637	573
637	584
637	664
637	688
637	798
637	821
637	935
638	322
638	445
638	672
638	698
638	749
638	818
638	846
638	858
638	898
639	592
639	936
639	942
639	945
639	962
639	968
639	981
639	989
639	990
640	772
640	936
640	942
640	945
640	962
640	968
640	981
640	989
640	990
641	214
641	325
641	457
641	665
641	727
641	954
641	971
641	991
641	1000
642	748
642	791
642	836
642	880
642	884
642	909
642	914
642	927
642	932
643	531
643	594
643	664
643	830
643	862
643	874
643	899
643	941
643	969
644	341
644	509
644	683
644	732
644	737
644	835
644	865
644	888
644	924
645	925
645	946
645	958
645	959
645	965
645	979
645	983
645	985
645	995
646	186
646	652
646	845
646	871
646	914
646	947
646	956
646	992
646	998
647	71
647	128
647	254
647	343
647	356
647	810
647	820
647	912
647	977
648	633
648	677
648	681
648	711
648	754
648	834
648	838
648	841
648	915
649	403
649	669
649	776
649	862
649	870
649	912
649	941
649	969
649	991
650	725
650	812
650	849
650	868
650	897
650	907
650	972
650	974
651	109
651	197
651	281
651	414
651	466
651	480
651	718
651	954
651	973
652	298
652	497
652	606
652	612
652	646
652	806
652	877
652	903
652	921
653	589
653	620
653	720
653	728
653	770
653	847
653	913
653	943
653	948
654	118
654	233
654	432
654	482
654	543
654	607
654	721
654	789
654	921
655	22
655	60
655	267
655	399
655	553
655	634
655	758
655	889
655	993
656	119
656	136
656	247
656	255
656	308
656	329
656	617
656	624
656	687
657	257
657	487
657	572
657	659
657	674
657	692
657	885
657	911
657	992
658	504
658	607
658	695
658	729
658	832
658	901
658	957
658	966
658	991
659	487
659	500
659	657
659	674
659	684
659	760
659	876
659	911
659	992
660	622
660	687
660	757
660	796
660	799
660	809
660	872
660	993
661	576
661	617
661	631
661	724
661	873
661	902
661	908
661	917
661	970
662	402
662	417
662	808
662	896
662	951
662	955
662	975
662	982
663	151
663	176
663	314
663	598
663	673
663	719
663	784
663	844
663	852
664	196
664	584
664	637
664	643
664	688
664	798
664	821
664	935
664	991
665	78
665	117
665	124
665	214
665	325
665	492
665	588
665	641
665	971
666	512
666	614
666	730
666	746
666	780
666	896
666	926
666	944
666	988
667	192
667	251
667	469
667	476
667	558
667	616
667	680
667	839
667	993
668	813
668	866
668	893
668	895
668	929
668	933
668	951
668	983
668	984
668	1000
669	649
669	776
669	849
669	870
669	874
669	899
669	912
669	933
669	941
669	969
670	827
670	850
670	853
670	874
670	900
670	906
670	986
670	994
670	997
670	998
671	401
671	576
671	625
671	724
671	873
671	902
671	908
671	917
671	950
671	970
672	90
672	261
672	516
672	638
672	698
672	749
672	846
672	858
672	898
672	973
673	75
673	139
673	173
673	176
673	252
673	314
673	423
673	663
673	719
673	743
674	140
674	321
674	487
674	500
674	657
674	659
674	826
674	911
674	973
674	992
675	115
675	251
675	706
675	725
675	840
675	872
675	878
675	889
675	935
675	949
675	992
676	299
676	573
676	734
676	804
676	849
676	862
676	870
676	899
676	941
676	969
677	628
677	648
677	681
677	711
677	754
677	834
677	838
677	841
677	915
677	985
678	189
678	212
678	424
678	566
678	763
678	781
678	882
678	918
678	939
678	960
679	534
679	561
679	794
679	817
679	825
679	831
679	872
679	881
679	904
679	937
680	258
680	667
680	791
680	890
680	927
680	947
680	951
680	957
680	972
680	995
681	505
681	628
681	648
681	677
681	711
681	754
681	834
681	838
681	841
681	915
682	183
682	465
682	560
682	690
682	729
682	777
682	901
682	957
682	960
682	966
683	119
683	354
683	509
683	644
683	732
683	737
683	835
683	865
683	924
683	955
684	500
684	572
684	587
684	659
684	753
684	826
684	876
684	894
684	911
684	992
685	820
685	877
685	883
685	914
685	944
685	957
685	974
685	975
685	997
685	998
686	705
686	910
686	925
686	946
686	958
686	959
686	965
686	979
686	985
686	995
687	317
687	383
687	622
687	656
687	660
687	799
687	809
687	872
687	988
687	993
688	48
688	235
688	462
688	584
688	637
688	664
688	798
688	821
688	865
688	935
689	100
689	114
689	344
689	355
689	525
689	549
689	766
689	805
689	807
689	973
690	504
690	540
690	542
690	682
690	769
690	777
690	855
690	901
690	957
690	966
691	791
691	910
691	925
691	946
691	958
691	959
691	965
691	979
691	985
691	995
692	436
692	440
692	500
692	657
692	738
692	826
692	894
692	911
692	992
692	995
693	862
693	936
693	938
693	942
693	945
693	962
693	968
693	981
693	989
693	990
694	5
694	53
694	76
694	195
694	311
694	434
694	619
694	630
694	828
694	971
695	382
695	542
695	658
695	729
695	769
695	832
695	855
695	930
695	957
695	966
696	590
696	735
696	803
696	856
696	869
696	931
696	963
696	967
696	976
696	999
697	175
697	184
697	398
697	567
697	745
697	930
697	952
697	961
697	991
697	1000
698	445
698	516
698	638
698	672
698	749
698	836
698	846
698	858
698	898
698	953
699	27
699	40
699	348
699	374
699	565
699	592
699	602
699	740
699	987
699	996
700	19
700	99
700	185
700	199
700	252
700	283
700	310
700	367
700	617
700	723
701	43
701	89
701	168
701	265
701	415
701	420
701	468
701	500
701	609
701	785
702	35
702	37
702	39
702	345
702	574
702	591
702	599
702	912
702	954
702	999
703	556
703	771
703	800
703	854
703	861
703	864
703	914
703	920
703	928
703	980
704	192
704	194
704	232
704	469
704	505
704	511
704	548
704	558
704	774
704	993
705	260
705	519
705	593
705	596
705	610
705	686
705	857
705	883
705	885
705	996
706	21
706	154
706	189
706	319
706	346
706	515
706	544
706	550
706	675
706	736
707	791
707	852
707	871
707	879
707	905
707	927
707	940
707	977
707	989
707	1000
708	57
708	757
708	859
708	864
708	969
708	978
708	996
708	998
708	999
708	1000
709	42
709	131
709	148
709	240
709	415
709	456
709	473
709	787
709	810
709	934
710	2
710	334
710	369
710	729
710	769
710	832
710	855
710	901
710	957
710	996
711	628
711	648
711	677
711	681
711	754
711	834
711	838
711	841
711	915
711	929
712	232
712	723
712	744
712	879
712	891
712	909
712	932
712	948
712	981
712	984
712	1000
713	55
713	85
713	263
713	316
713	845
713	878
713	905
713	950
713	953
713	991
713	993
714	568
714	837
714	839
714	886
714	916
714	919
714	923
714	977
714	978
715	134
715	377
715	416
715	517
715	597
715	633
715	736
715	765
715	824
715	833
715	852
716	767
716	814
716	822
716	842
716	848
716	905
716	977
717	180
717	280
717	328
717	409
717	541
717	762
717	890
717	910
717	940
717	964
717	971
718	197
718	258
718	324
718	414
718	480
718	582
718	618
718	651
718	784
718	854
718	996
719	75
719	139
719	276
719	314
719	423
719	552
719	663
719	673
719	790
719	819
719	844
720	401
720	521
720	530
720	603
720	653
720	728
720	770
720	847
720	913
720	943
720	948
721	233
721	432
721	482
721	543
721	607
721	654
721	789
721	811
721	867
721	889
721	980
722	25
722	116
722	181
722	237
722	349
722	352
722	358
722	726
722	792
722	936
722	944
723	17
723	125
723	137
723	185
723	199
723	283
723	366
723	367
723	700
723	712
723	899
724	41
724	507
724	625
724	661
724	671
724	873
724	894
724	902
724	908
724	917
724	970
725	247
725	547
725	650
725	675
725	812
725	868
725	897
725	907
725	972
725	974
726	25
726	67
726	358
726	386
726	396
726	722
726	792
726	810
726	888
726	944
726	987
727	641
727	892
727	910
727	925
727	946
727	958
727	959
727	965
727	979
727	985
727	995
728	373
728	589
728	620
728	653
728	720
728	770
728	792
728	847
728	913
728	943
728	948
729	504
729	658
729	682
729	695
729	710
729	777
729	832
729	865
729	901
729	957
729	966
730	81
730	126
730	256
730	302
730	512
730	666
730	746
730	780
730	896
730	926
730	989
731	544
731	892
731	910
731	925
731	946
731	958
731	959
731	965
731	979
731	985
731	995
732	50
732	130
732	215
732	479
732	509
732	602
732	644
732	683
732	835
732	865
732	924
733	77
733	141
733	153
733	213
733	460
733	540
733	605
733	843
733	859
733	944
734	87
734	127
734	175
734	564
734	567
734	608
734	676
734	745
734	930
734	952
734	991
735	204
735	696
735	773
735	856
735	869
735	931
735	963
735	967
735	976
735	999
736	51
736	416
736	455
736	517
736	633
736	706
736	715
736	765
736	824
736	833
736	852
737	160
737	341
737	360
737	509
737	644
737	683
737	758
737	835
737	865
737	904
737	924
738	29
738	93
738	207
738	293
738	436
738	522
738	587
738	692
738	826
738	911
738	992
739	3
739	95
739	367
739	395
739	404
739	425
739	875
739	891
739	947
739	980
739	998
740	27
740	218
740	319
740	348
740	463
740	592
740	602
740	617
740	699
740	987
740	996
741	28
741	198
741	250
741	301
741	307
741	313
741	464
741	532
741	570
741	751
741	949
742	236
742	785
742	792
742	796
742	845
742	871
742	881
742	940
742	944
742	947
742	949
743	611
743	673
743	753
743	905
743	928
743	949
743	971
743	989
743	990
743	997
743	998
744	15
744	80
744	145
744	190
744	208
744	323
744	458
744	529
744	712
744	752
744	920
745	380
745	398
745	467
745	494
745	564
745	567
745	608
745	697
745	734
745	830
745	930
745	952
746	239
746	375
746	489
746	614
746	666
746	730
746	801
746	896
746	926
746	949
746	954
746	993
747	91
747	102
747	104
747	106
747	187
747	339
747	440
747	488
747	503
747	793
747	851
747	988
748	240
748	391
748	642
748	791
748	816
748	836
748	880
748	884
748	909
748	927
748	932
748	979
749	110
749	261
749	322
749	516
749	565
749	638
749	672
749	698
749	846
749	858
749	898
749	920
750	122
750	142
750	272
750	274
750	353
750	439
750	506
750	562
750	580
750	818
750	835
750	956
751	250
751	268
751	304
751	305
751	307
751	532
751	570
751	595
751	741
751	845
751	949
751	987
752	80
752	145
752	158
752	190
752	208
752	323
752	458
752	621
752	744
752	754
752	984
752	987
753	324
753	384
753	466
753	480
753	559
753	618
753	684
753	743
753	779
753	851
753	954
753	973
754	485
754	505
754	628
754	648
754	677
754	681
754	711
754	752
754	834
754	838
754	841
754	915
755	386
755	827
755	850
755	853
755	900
755	906
755	986
755	994
755	997
755	998
756	66
756	70
756	83
756	138
756	164
756	285
756	389
756	472
756	585
756	615
756	969
756	971
757	278
757	312
757	508
757	515
757	578
757	660
757	708
757	799
757	810
757	828
757	864
757	921
758	136
758	270
758	655
758	737
758	898
758	924
758	937
758	948
758	970
758	977
758	984
758	1000
759	101
759	106
759	306
759	374
759	444
759	535
759	551
759	764
759	796
759	871
759	882
759	980
760	31
760	57
760	152
760	514
760	533
760	581
760	601
760	659
760	761
760	840
760	987
760	996
761	58
761	103
761	171
761	191
761	415
761	514
761	533
761	581
761	601
761	760
761	840
761	950
762	145
762	180
762	259
762	280
762	379
762	471
762	541
762	717
762	890
762	940
762	964
762	996
763	332
763	447
763	478
763	678
763	781
763	844
763	863
763	882
763	918
763	933
763	939
763	960
764	59
764	89
764	177
764	203
764	222
764	444
764	535
764	551
764	759
764	796
764	871
764	980
765	51
765	416
765	455
765	461
765	597
765	633
765	715
765	736
765	817
765	824
765	833
765	852
766	100
766	114
766	344
766	355
766	525
766	549
766	689
766	805
766	807
766	953
766	963
767	387
767	513
767	546
767	716
767	814
767	822
767	831
767	842
767	848
767	905
768	496
768	824
768	879
768	890
768	904
768	919
768	940
768	969
768	985
768	992
768	997
768	998
769	5
769	183
769	245
769	326
769	504
769	560
769	690
769	695
769	710
769	901
769	957
769	966
770	521
770	530
770	620
770	653
770	720
770	728
770	847
770	913
770	943
770	947
770	948
770	996
771	294
771	453
771	498
771	556
771	703
771	800
771	854
771	861
771	864
771	880
771	914
771	928
772	105
772	165
772	499
772	554
772	568
772	640
772	788
772	802
772	811
773	4
773	279
773	329
773	339
773	381
773	578
773	626
773	735
773	847
773	920
773	934
773	961
773	993
774	6
774	26
774	194
774	232
774	469
774	476
774	511
774	558
774	704
774	835
774	920
774	927
774	993
775	52
775	122
775	143
775	149
775	353
775	385
775	506
775	562
775	580
775	786
775	934
775	956
775	994
776	20
776	299
776	510
776	649
776	669
776	804
776	829
776	849
776	870
776	899
776	941
776	969
776	997
777	18
777	369
777	560
777	682
777	690
777	729
777	855
777	887
777	889
777	901
777	957
777	966
777	991
778	30
778	112
778	253
778	282
778	518
778	523
778	526
778	569
778	575
778	582
778	617
778	980
778	991
779	592
779	753
779	801
779	865
779	872
779	890
779	924
779	940
779	949
779	957
779	966
779	984
779	1000
780	81
780	112
780	239
780	302
780	412
780	442
780	489
780	666
780	730
780	801
780	803
780	896
780	926
781	313
781	475
781	545
781	579
781	678
781	763
781	784
781	851
781	863
781	882
781	918
781	960
781	980
782	566
782	783
782	813
782	866
782	893
782	895
782	929
782	933
782	983
782	984
782	1000
783	409
783	511
783	782
783	813
783	866
783	893
783	895
783	929
783	933
783	983
783	984
783	1000
784	276
784	433
784	575
784	615
784	663
784	718
784	781
784	862
784	947
784	976
784	997
784	998
784	999
785	19
785	43
785	168
785	255
785	265
785	420
785	468
785	577
785	609
785	701
785	742
785	803
785	964
786	52
786	143
786	272
786	274
786	353
786	385
786	439
786	562
786	580
786	616
786	775
786	818
786	956
787	42
787	68
787	131
787	148
787	264
787	345
787	456
787	473
787	709
787	810
787	866
787	934
787	989
788	105
788	165
788	499
788	554
788	568
788	634
788	772
788	802
788	811
789	118
789	187
789	233
789	432
789	482
789	543
789	607
789	654
789	721
789	867
789	889
789	960
789	980
790	76
790	173
790	370
790	392
790	412
790	599
790	719
790	828
790	916
790	975
790	977
790	984
790	1000
791	555
791	642
791	680
791	691
791	707
791	748
791	836
791	880
791	884
791	909
791	927
791	932
791	971
792	237
792	358
792	386
792	396
792	563
792	722
792	726
792	728
792	742
792	944
792	953
792	955
792	971
793	225
793	234
793	270
793	405
793	448
793	603
793	747
793	845
793	878
793	950
793	980
793	991
793	996
794	431
794	438
794	534
794	561
794	679
794	817
794	825
794	831
794	881
794	904
794	937
794	938
794	988
795	418
795	922
795	936
795	938
795	942
795	945
795	962
795	968
795	981
795	989
795	990
796	101
796	163
796	177
796	203
796	444
796	535
796	551
796	660
796	742
796	759
796	764
796	871
796	980
797	16
797	54
797	119
797	163
797	218
797	240
797	333
797	415
797	518
797	617
797	803
797	819
797	826
798	48
798	235
798	462
798	551
798	584
798	637
798	664
798	688
798	821
798	886
798	935
798	953
798	991
799	32
799	159
799	205
799	383
799	513
799	622
799	660
799	687
799	757
799	809
799	872
799	988
799	993
800	289
800	427
800	453
800	498
800	703
800	771
800	854
800	861
800	864
800	914
800	920
800	928
800	997
801	61
801	239
801	256
801	375
801	489
801	512
801	621
801	746
801	779
801	780
801	896
801	926
801	982
802	72
802	105
802	165
802	499
802	554
802	568
802	772
802	788
802	811
803	120
803	333
803	491
803	696
803	780
803	785
803	797
803	834
803	859
803	915
803	926
803	943
803	974
804	207
804	410
804	573
804	676
804	776
804	829
804	830
804	849
804	874
804	899
804	938
804	941
804	950
804	969
805	99
805	100
805	114
805	312
805	344
805	355
805	474
805	525
805	549
805	689
805	766
805	807
805	953
806	292
806	449
806	480
806	481
806	497
806	539
806	606
806	612
806	632
806	652
806	877
806	903
806	921
806	964
807	19
807	100
807	114
807	306
807	344
807	355
807	525
807	549
807	565
807	689
807	766
807	805
807	953
807	983
808	241
808	266
808	400
808	402
808	477
808	662
808	951
808	955
808	969
808	975
808	982
808	986
808	987
808	988
809	32
809	34
809	159
809	205
809	317
809	383
809	615
809	622
809	660
809	687
809	799
809	872
809	988
809	993
810	11
810	234
810	342
810	623
810	647
810	709
810	726
810	757
810	787
810	828
810	872
810	944
810	948
810	974
811	105
811	165
811	275
811	319
811	366
811	499
811	529
811	554
811	565
811	568
811	721
811	772
811	788
811	802
812	493
812	547
812	650
812	725
812	868
812	897
812	907
812	911
812	963
812	972
812	974
813	668
813	782
813	783
813	866
813	893
813	895
813	929
813	933
813	983
813	984
813	990
813	1000
814	123
814	337
814	387
814	486
814	513
814	546
814	716
814	767
814	822
814	842
814	848
814	905
814	961
814	987
815	36
815	46
815	121
815	136
815	224
815	318
815	368
815	399
815	410
815	426
815	451
815	851
815	867
815	973
816	178
816	253
816	327
816	363
816	371
816	391
816	748
816	836
816	842
816	880
816	884
816	909
816	927
816	932
817	98
817	330
817	438
817	520
817	561
817	679
817	765
817	794
817	825
817	831
817	881
817	904
817	937
817	988
818	122
818	143
818	149
818	272
818	353
818	385
818	439
818	506
818	562
818	580
818	638
818	750
818	786
818	934
818	956
819	40
819	384
819	423
819	484
819	571
819	719
819	797
819	855
819	865
819	879
819	898
819	924
819	966
819	996
820	71
820	128
820	202
820	230
820	254
820	312
820	342
820	356
820	381
820	598
820	647
820	685
820	912
820	940
820	991
821	48
821	196
821	235
821	348
821	462
821	584
821	591
821	637
821	664
821	688
821	798
821	844
821	935
821	953
821	991
822	9
822	319
822	337
822	360
822	387
822	486
822	513
822	546
822	716
822	767
822	814
822	842
822	848
822	905
822	970
823	860
823	892
823	910
823	920
823	925
823	946
823	958
823	959
823	965
823	979
823	985
823	995
824	210
824	377
824	416
824	461
824	517
824	579
824	597
824	633
824	715
824	736
824	765
824	768
824	833
824	852
824	984
825	209
825	330
825	431
825	438
825	520
825	534
825	561
825	624
825	679
825	794
825	817
825	831
825	904
825	937
825	964
826	132
826	231
826	257
826	527
826	587
826	674
826	684
826	692
826	738
826	797
826	876
826	894
826	911
826	950
826	992
827	670
827	755
827	850
827	853
827	884
827	900
827	906
827	986
827	994
827	997
827	998
828	49
828	53
828	76
828	144
828	195
828	311
828	364
828	392
828	434
828	619
828	630
828	694
828	757
828	790
828	810
829	410
829	501
829	524
829	776
829	804
829	830
829	849
829	862
829	870
829	874
829	899
829	963
829	964
829	969
829	991
830	20
830	111
830	287
830	573
830	643
830	745
830	804
830	829
830	849
830	862
830	870
830	899
830	937
830	941
830	969
831	330
831	431
831	459
831	534
831	561
831	679
831	767
831	794
831	817
831	825
831	881
831	888
831	904
831	937
831	982
832	10
832	190
832	297
832	334
832	382
832	560
832	658
832	695
832	710
832	729
832	855
832	901
832	912
832	957
832	966
833	51
833	210
833	377
833	416
833	455
833	461
833	517
833	597
833	633
833	715
833	736
833	765
833	824
833	852
833	996
834	135
834	201
834	485
834	505
834	628
834	648
834	677
834	681
834	711
834	754
834	803
834	838
834	841
834	844
834	915
834	980
835	130
835	160
835	215
835	354
835	360
835	479
835	509
835	644
835	683
835	732
835	737
835	750
835	774
835	865
835	888
835	924
836	73
836	94
836	363
836	555
836	642
836	698
836	748
836	791
836	816
836	880
836	884
836	909
836	927
836	932
836	950
836	961
837	714
837	839
837	886
837	892
837	916
837	919
837	923
837	977
837	978
838	135
838	201
838	485
838	505
838	598
838	628
838	648
838	677
838	681
838	711
838	754
838	834
838	841
838	878
838	915
839	538
839	604
839	613
839	667
839	714
839	837
839	886
839	916
839	919
839	923
839	977
839	978
840	16
840	31
840	152
840	171
840	496
840	514
840	518
840	533
840	581
840	601
840	675
840	760
840	761
840	948
840	950
840	987
841	135
841	201
841	485
841	494
841	505
841	628
841	648
841	677
841	681
841	711
841	754
841	834
841	838
841	844
841	867
841	915
842	9
842	133
842	337
842	387
842	486
842	513
842	546
842	716
842	767
842	814
842	816
842	822
842	848
842	905
842	985
842	987
843	77
843	125
843	141
843	153
843	213
843	460
843	540
843	565
843	605
843	733
843	859
843	867
843	971
844	316
844	397
844	663
844	719
844	763
844	821
844	834
844	841
844	845
844	883
844	885
844	904
844	935
844	937
844	943
844	948
844	960
845	55
845	263
845	405
845	448
845	603
845	623
845	646
845	713
845	742
845	751
845	793
845	844
845	878
845	953
845	991
845	996
845	997
846	57
846	86
846	90
846	110
846	261
846	322
846	445
846	516
846	638
846	672
846	698
846	749
846	858
846	884
846	898
846	920
846	953
847	147
847	373
847	401
847	521
847	530
847	589
847	620
847	653
847	720
847	728
847	770
847	773
847	863
847	913
847	943
847	948
847	996
848	9
848	133
848	200
848	337
848	387
848	486
848	513
848	546
848	716
848	767
848	814
848	822
848	842
848	864
848	905
848	961
848	987
849	531
849	594
849	650
849	669
849	676
849	776
849	804
849	829
849	830
849	862
849	870
849	874
849	899
849	941
849	952
849	964
849	969
850	627
850	635
850	670
850	755
850	827
850	853
850	895
850	900
850	906
850	986
850	994
850	997
850	998
851	368
851	466
851	747
851	753
851	781
851	815
851	904
851	909
851	939
851	955
851	976
851	985
851	995
851	997
851	998
851	999
852	51
852	210
852	377
852	416
852	421
852	455
852	461
852	517
852	597
852	633
852	663
852	707
852	715
852	736
852	765
852	824
852	833
853	627
853	635
853	670
853	755
853	827
853	850
853	900
853	906
853	916
853	986
853	994
853	997
853	998
854	167
854	206
854	220
854	306
854	406
854	427
854	498
854	556
854	604
854	703
854	718
854	771
854	800
854	861
854	864
854	914
854	928
855	10
855	244
855	326
855	465
855	542
855	560
855	690
855	695
855	710
855	777
855	819
855	832
855	901
855	957
855	966
855	981
855	991
856	393
856	394
856	495
856	528
856	583
856	590
856	696
856	735
856	869
856	931
856	963
856	967
856	976
856	978
856	999
857	5
857	111
857	231
857	260
857	262
857	519
857	557
857	593
857	596
857	610
857	705
857	883
857	885
857	912
857	934
857	988
857	996
858	86
858	90
858	110
858	154
858	261
858	322
858	445
858	516
858	638
858	672
858	698
858	749
858	846
858	898
858	920
858	953
858	978
859	16
859	77
859	89
859	141
859	153
859	213
859	340
859	460
859	540
859	544
859	605
859	621
859	708
859	733
859	803
859	843
859	867
860	570
860	823
860	892
860	910
860	925
860	946
860	951
860	958
860	959
860	965
860	979
860	985
860	995
861	167
861	220
861	294
861	406
861	427
861	453
861	498
861	556
861	614
861	703
861	771
861	800
861	854
861	864
861	914
861	928
861	961
861	967
862	170
862	287
862	327
862	378
862	501
862	510
862	643
862	649
862	676
862	693
862	784
862	829
862	830
862	849
862	874
862	899
862	941
862	969
863	44
863	212
863	332
863	424
863	447
863	475
863	478
863	545
863	566
863	579
863	763
863	781
863	847
863	882
863	918
863	939
863	960
863	973
864	206
864	294
864	406
864	427
864	453
864	498
864	556
864	703
864	708
864	757
864	771
864	800
864	848
864	854
864	861
864	914
864	928
864	961
865	50
865	160
865	215
865	341
865	354
865	360
865	479
865	509
865	644
865	683
865	688
865	729
865	732
865	737
865	779
865	819
865	835
865	924
866	600
866	668
866	782
866	783
866	787
866	813
866	893
866	895
866	929
866	933
866	952
866	983
866	984
866	1000
867	259
867	285
867	426
867	721
867	789
867	815
867	841
867	843
867	859
867	915
867	939
867	960
867	972
867	974
867	984
867	985
867	995
867	1000
868	493
868	547
868	623
868	650
868	725
868	812
868	897
868	907
868	972
868	974
868	987
869	417
869	495
869	583
869	590
869	696
869	735
869	856
869	931
869	963
869	967
869	976
869	986
869	999
870	20
870	170
870	264
870	378
870	531
870	594
870	649
870	669
870	676
870	776
870	829
870	830
870	849
870	874
870	888
870	899
870	941
870	969
870	978
871	46
871	59
871	101
871	177
871	203
871	329
871	444
871	526
871	535
871	551
871	646
871	707
871	742
871	759
871	764
871	796
871	924
871	949
871	980
872	32
872	99
872	159
872	205
872	317
872	383
872	588
872	622
872	660
872	675
872	679
872	687
872	779
872	799
872	809
872	810
872	887
872	988
872	993
873	217
873	372
873	419
873	499
873	507
873	552
873	576
873	584
873	625
873	631
873	661
873	671
873	724
873	902
873	908
873	917
873	961
873	970
873	993
874	287
874	403
874	501
874	524
874	531
874	573
874	643
874	669
874	670
874	804
874	829
874	849
874	862
874	870
874	899
874	912
874	941
874	969
874	992
875	3
875	7
875	95
875	99
875	115
875	359
875	381
875	395
875	404
875	425
875	739
875	887
875	891
875	908
875	920
875	943
875	947
875	954
875	980
876	29
876	93
876	132
876	231
876	262
876	293
876	436
876	522
876	527
876	572
876	587
876	659
876	684
876	826
876	911
876	934
876	973
876	992
876	993
877	211
877	292
877	298
877	370
877	449
877	481
877	491
877	497
877	539
877	606
877	612
877	632
877	652
877	685
877	806
877	903
877	912
877	921
877	964
878	85
878	89
878	166
878	263
878	316
878	405
878	448
878	508
878	603
878	675
878	713
878	793
878	838
878	845
878	950
878	964
878	973
878	988
878	993
879	16
879	38
879	40
879	47
879	136
879	137
879	191
879	204
879	496
879	617
879	707
879	712
879	768
879	819
879	888
879	954
879	964
879	974
879	993
880	15
880	38
880	289
880	327
880	371
880	391
880	418
880	521
880	642
880	748
880	771
880	791
880	816
880	836
880	884
880	909
880	927
880	932
880	950
881	98
881	248
881	459
881	520
881	531
881	534
881	561
881	679
881	742
881	794
881	817
881	831
881	904
881	934
881	937
881	964
881	980
881	988
881	996
882	313
882	332
882	424
882	447
882	478
882	545
882	566
882	579
882	678
882	759
882	763
882	781
882	863
882	918
882	939
882	960
882	973
882	980
882	995
883	16
883	197
883	260
883	262
883	485
883	519
883	557
883	593
883	596
883	610
883	685
883	705
883	844
883	857
883	885
883	912
883	934
883	988
883	996
884	73
884	327
884	363
884	391
884	418
884	555
884	642
884	748
884	791
884	816
884	827
884	836
884	846
884	880
884	909
884	927
884	932
884	961
884	971
885	260
885	262
885	435
885	519
885	526
885	554
885	557
885	593
885	596
885	610
885	657
885	705
885	844
885	857
885	883
885	912
885	934
885	988
885	996
886	34
886	537
886	538
886	604
886	613
886	714
886	798
886	837
886	839
886	916
886	919
886	923
886	977
886	978
886	996
887	574
887	591
887	599
887	777
887	872
887	875
887	890
887	891
887	903
887	921
887	930
887	939
887	940
887	947
887	952
887	960
887	969
887	972
887	973
887	974
888	396
888	537
888	553
888	634
888	644
888	726
888	831
888	835
888	870
888	879
888	902
888	914
888	924
888	928
888	937
888	944
888	947
888	949
888	970
888	993
889	267
889	655
889	675
889	721
889	777
889	789
889	908
889	914
889	921
889	928
889	957
889	966
889	970
889	972
889	974
889	975
889	982
889	994
889	997
889	998
890	84
890	180
890	259
890	280
890	328
890	379
890	409
890	471
890	541
890	680
890	717
890	762
890	768
890	779
890	887
890	940
890	964
890	971
890	989
890	996
891	3
891	7
891	95
891	115
891	154
891	359
891	395
891	404
891	415
891	425
891	577
891	712
891	739
891	875
891	887
891	920
891	947
891	954
891	956
891	980
892	727
892	731
892	823
892	837
892	860
892	900
892	910
892	925
892	946
892	958
892	959
892	965
892	979
892	985
892	995
893	388
893	446
893	486
893	600
893	668
893	782
893	783
893	813
893	866
893	895
893	925
893	929
893	933
893	983
893	984
893	1000
894	142
894	243
894	257
894	293
894	321
894	436
894	440
894	443
894	487
894	520
894	522
894	527
894	572
894	587
894	684
894	692
894	724
894	826
894	911
894	992
895	292
895	600
895	668
895	782
895	783
895	813
895	850
895	866
895	893
895	929
895	933
895	983
895	984
895	1000
896	13
896	61
896	256
896	375
896	408
896	412
896	442
896	489
896	544
896	582
896	614
896	662
896	666
896	730
896	746
896	780
896	801
896	926
896	953
896	993
897	8
897	179
897	182
897	315
897	357
897	493
897	503
897	524
897	547
897	650
897	725
897	812
897	868
897	907
897	972
897	974
898	86
898	90
898	129
898	151
898	189
898	261
898	322
898	345
898	435
898	445
898	516
898	638
898	672
898	698
898	749
898	758
898	819
898	846
898	858
898	903
898	923
899	56
899	207
899	274
899	299
899	403
899	524
899	594
899	643
899	669
899	676
899	723
899	776
899	804
899	829
899	830
899	849
899	862
899	870
899	874
899	941
899	969
900	437
900	627
900	635
900	670
900	755
900	827
900	850
900	853
900	892
900	906
900	927
900	986
900	994
900	997
900	998
901	18
901	183
901	334
901	369
901	406
901	465
901	504
901	542
901	658
901	682
901	690
901	710
901	729
901	769
901	777
901	832
901	855
901	941
901	957
901	966
901	991
902	1
902	217
902	372
902	376
902	507
902	552
902	576
902	625
902	631
902	661
902	671
902	724
902	873
902	888
902	908
902	917
902	953
902	961
902	970
902	975
902	993
903	211
903	292
903	298
903	370
903	415
903	449
903	481
903	491
903	497
903	539
903	606
903	612
903	632
903	652
903	806
903	877
903	887
903	898
903	921
903	964
903	988
904	209
904	248
904	278
904	330
904	431
904	438
904	459
904	520
904	534
904	561
904	679
904	737
904	768
904	794
904	817
904	825
904	831
904	844
904	851
904	881
904	937
904	988
905	9
905	133
905	255
905	312
905	337
905	387
905	486
905	513
905	518
905	546
905	707
905	713
905	716
905	743
905	767
905	814
905	822
905	842
905	848
905	939
905	961
905	987
906	336
906	437
906	456
906	627
906	635
906	670
906	755
906	827
906	850
906	853
906	900
906	946
906	980
906	986
906	988
906	994
906	997
906	998
907	8
907	44
907	107
907	179
907	182
907	315
907	357
907	459
907	493
907	547
907	650
907	725
907	812
907	868
907	897
907	934
907	954
907	972
907	974
908	41
908	350
908	372
908	376
908	507
908	552
908	576
908	625
908	631
908	661
908	671
908	724
908	873
908	875
908	889
908	902
908	917
908	950
908	953
908	970
908	986
908	993
909	5
909	15
909	94
909	206
909	253
909	289
909	371
909	418
909	555
909	589
909	642
909	712
909	748
909	791
909	816
909	836
909	851
909	880
909	884
909	927
909	932
909	950
909	971
910	686
910	691
910	717
910	727
910	731
910	823
910	860
910	892
910	925
910	946
910	958
910	959
910	965
910	976
910	979
910	985
910	995
911	142
911	231
911	243
911	257
911	321
911	440
911	487
911	527
911	542
911	572
911	587
911	657
911	659
911	674
911	684
911	692
911	738
911	812
911	826
911	876
911	894
911	953
911	992
912	124
912	202
912	277
912	295
912	326
912	351
912	441
912	574
912	635
912	647
912	649
912	669
912	702
912	820
912	832
912	857
912	874
912	877
912	883
912	885
912	943
912	948
912	966
913	17
913	72
913	147
913	238
913	300
913	373
913	401
913	521
913	530
913	589
913	620
913	653
913	720
913	728
913	770
913	847
913	943
913	948
913	950
913	996
913	998
914	167
914	220
914	294
914	406
914	408
914	427
914	453
914	498
914	556
914	642
914	646
914	685
914	703
914	771
914	800
914	854
914	861
914	864
914	888
914	889
914	928
914	961
914	965
915	106
915	135
915	137
915	151
915	201
915	399
915	485
915	505
915	588
915	628
915	629
915	648
915	677
915	681
915	711
915	754
915	803
915	834
915	838
915	841
915	867
915	931
915	969
916	150
916	246
916	288
916	310
916	365
916	390
916	537
916	538
916	604
916	613
916	714
916	790
916	837
916	839
916	853
916	886
916	919
916	923
916	961
916	977
916	978
916	991
916	999
917	41
917	350
917	372
917	376
917	419
917	507
917	514
917	552
917	576
917	625
917	631
917	661
917	671
917	724
917	873
917	902
917	908
917	918
917	950
917	961
917	970
917	979
917	993
918	45
918	108
918	169
918	216
918	286
918	424
918	475
918	478
918	545
918	566
918	579
918	629
918	678
918	763
918	781
918	863
918	882
918	917
918	939
918	960
918	973
918	980
918	991
919	18
919	64
919	74
919	150
919	246
919	269
919	365
919	390
919	537
919	538
919	604
919	613
919	714
919	768
919	837
919	839
919	886
919	916
919	923
919	954
919	977
919	978
919	991
920	80
920	190
920	420
920	460
920	476
920	626
920	703
920	744
920	749
920	773
920	774
920	800
920	823
920	846
920	858
920	875
920	891
920	928
920	943
920	947
920	948
920	981
920	989
920	990
921	56
921	211
921	292
921	298
921	370
921	449
921	481
921	491
921	497
921	539
921	588
921	606
921	612
921	632
921	652
921	654
921	757
921	806
921	877
921	887
921	889
921	903
921	931
921	964
922	319
922	356
922	795
922	936
922	938
922	942
922	945
922	962
922	968
922	981
922	989
922	990
922	1000
923	74
923	269
923	288
923	310
923	365
923	390
923	477
923	537
923	538
923	604
923	613
923	714
923	837
923	839
923	886
923	898
923	916
923	919
923	926
923	954
923	961
923	977
923	978
923	991
924	50
924	106
924	130
924	160
924	215
924	240
924	312
924	317
924	341
924	354
924	360
924	479
924	509
924	577
924	644
924	683
924	732
924	737
924	758
924	779
924	819
924	835
924	865
924	871
924	888
925	636
925	645
925	686
925	691
925	727
925	731
925	823
925	860
925	892
925	893
925	910
925	946
925	958
925	959
925	965
925	979
925	985
925	990
925	995
925	998
926	13
926	14
926	81
926	126
926	193
926	239
926	256
926	302
926	412
926	442
926	483
926	489
926	512
926	614
926	666
926	730
926	746
926	780
926	801
926	803
926	896
926	923
926	975
926	984
926	988
926	993
927	73
927	89
927	94
927	253
927	289
927	363
927	371
927	418
927	555
927	582
927	621
927	642
927	680
927	707
927	748
927	774
927	791
927	816
927	836
927	880
927	884
927	900
927	909
927	932
927	961
927	971
928	167
928	206
928	220
928	294
928	308
928	345
928	406
928	427
928	453
928	498
928	526
928	577
928	703
928	743
928	771
928	800
928	854
928	861
928	864
928	888
928	889
928	914
928	920
928	961
928	965
928	990
929	24
929	52
929	271
929	362
929	388
929	397
929	421
929	446
929	600
929	628
929	668
929	711
929	782
929	783
929	813
929	866
929	893
929	895
929	933
929	983
929	984
929	987
929	1000
930	87
930	127
930	152
930	175
930	184
930	213
930	249
930	380
930	398
930	467
930	494
930	564
930	567
930	608
930	695
930	697
930	734
930	745
930	887
930	952
930	971
930	991
931	361
931	393
931	394
931	413
931	495
931	528
931	583
931	590
931	696
931	735
931	856
931	869
931	915
931	921
931	963
931	967
931	976
931	988
931	999
932	15
932	73
932	94
932	111
932	253
932	289
932	327
932	363
932	371
932	391
932	418
932	462
932	472
932	555
932	642
932	712
932	748
932	791
932	816
932	836
932	880
932	884
932	909
932	927
932	936
932	950
932	961
933	78
933	388
933	397
933	421
933	446
933	600
933	668
933	669
933	763
933	782
933	783
933	813
933	866
933	893
933	895
933	929
933	983
933	984
933	987
933	1000
934	209
934	228
934	258
934	411
934	443
934	456
934	473
934	578
934	626
934	709
934	773
934	775
934	787
934	818
934	857
934	876
934	881
934	883
934	885
934	907
934	937
934	955
934	956
934	972
934	974
934	975
934	982
934	992
935	46
935	48
935	57
935	119
935	125
935	196
935	235
935	237
935	252
935	312
935	319
935	345
935	399
935	462
935	544
935	584
935	588
935	637
935	664
935	675
935	688
935	798
935	821
935	844
935	952
935	953
935	972
935	991
936	639
936	640
936	693
936	722
936	795
936	922
936	932
936	938
936	942
936	945
936	960
936	962
936	968
936	981
936	989
936	990
937	98
937	209
937	248
937	330
937	431
937	438
937	459
937	520
937	534
937	550
937	561
937	565
937	679
937	758
937	794
937	817
937	825
937	830
937	831
937	844
937	881
937	888
937	904
937	934
937	964
937	980
937	988
937	994
938	693
938	794
938	795
938	804
938	922
938	936
938	942
938	945
938	962
938	968
938	977
938	981
938	989
938	990
939	45
939	108
939	169
939	212
939	216
939	271
939	286
939	313
939	331
939	332
939	345
939	347
939	424
939	447
939	475
939	545
939	566
939	579
939	678
939	763
939	851
939	863
939	867
939	882
939	887
939	905
939	918
939	960
940	144
940	180
940	259
940	264
940	280
940	328
940	339
940	379
940	403
940	409
940	464
940	471
940	541
940	582
940	617
940	707
940	717
940	742
940	762
940	768
940	779
940	820
940	887
940	890
940	941
940	964
940	971
940	996
941	170
941	207
941	287
941	299
941	378
941	403
941	410
941	510
941	524
941	531
941	573
941	594
941	643
941	649
941	669
941	676
941	776
941	804
941	830
941	849
941	862
941	870
941	874
941	899
941	901
941	940
941	964
941	969
942	33
942	536
942	581
942	639
942	640
942	693
942	795
942	922
942	936
942	938
942	945
942	962
942	968
942	974
942	981
942	989
942	990
943	4
943	72
943	147
943	238
943	300
943	373
943	401
943	521
943	530
943	589
943	620
943	653
943	720
943	728
943	770
943	803
943	844
943	847
943	875
943	912
943	913
943	920
943	945
943	948
943	950
943	996
944	1
944	25
944	67
944	116
944	125
944	154
944	222
944	227
944	329
944	349
944	352
944	358
944	386
944	396
944	408
944	469
944	563
944	577
944	666
944	685
944	722
944	726
944	733
944	742
944	792
944	810
944	888
944	953
944	971
945	89
945	467
945	639
945	640
945	693
945	795
945	922
945	936
945	938
945	942
945	943
945	962
945	968
945	981
945	989
945	990
946	79
946	497
946	502
946	636
946	645
946	686
946	691
946	727
946	731
946	823
946	860
946	892
946	906
946	910
946	925
946	958
946	959
946	965
946	979
946	985
946	995
947	3
947	7
947	46
947	59
947	68
947	95
947	115
947	159
947	339
947	359
947	374
947	395
947	404
947	425
947	483
947	565
947	629
947	646
947	680
947	739
947	742
947	770
947	784
947	875
947	887
947	888
947	891
947	920
947	954
947	980
948	72
948	119
948	147
948	238
948	300
948	316
948	373
948	401
948	463
948	521
948	530
948	589
948	598
948	620
948	653
948	712
948	720
948	728
948	758
948	770
948	810
948	840
948	844
948	847
948	912
948	913
948	920
948	943
948	950
948	982
948	996
949	28
949	137
949	156
949	198
949	242
949	250
949	264
949	268
949	275
949	301
949	304
949	305
949	307
949	430
949	463
949	518
949	529
949	532
949	570
949	595
949	675
949	741
949	742
949	743
949	746
949	751
949	779
949	871
949	888
949	980
949	987
950	243
950	411
950	601
950	613
950	671
950	713
950	761
950	793
950	804
950	826
950	836
950	840
950	878
950	880
950	908
950	909
950	913
950	917
950	932
950	943
950	948
950	951
950	955
950	970
950	975
950	979
950	982
950	984
950	985
950	992
950	995
951	63
951	174
951	241
951	266
951	340
951	400
951	402
951	417
951	477
951	662
951	668
951	680
951	808
951	860
951	950
951	955
951	975
951	982
951	987
951	988
952	19
952	59
952	87
952	127
952	136
952	175
952	184
952	249
952	306
952	329
952	345
952	380
952	398
952	399
952	467
952	494
952	550
952	564
952	567
952	608
952	617
952	697
952	734
952	745
952	849
952	866
952	887
952	930
952	935
952	971
952	991
953	396
953	563
953	576
953	698
953	713
953	766
953	792
953	798
953	805
953	807
953	821
953	845
953	846
953	858
953	896
953	902
953	908
953	911
953	935
953	944
953	956
953	963
953	964
953	967
953	968
953	970
953	973
953	976
953	981
953	989
953	990
953	999
954	40
954	47
954	192
954	194
954	210
954	214
954	384
954	489
954	492
954	496
954	512
954	558
954	559
954	641
954	651
954	702
954	746
954	753
954	875
954	879
954	891
954	907
954	919
954	923
954	947
954	972
954	974
954	977
954	978
954	988
954	997
955	11
955	63
955	84
955	113
955	134
955	174
955	219
955	241
955	266
955	340
955	378
955	400
955	402
955	417
955	477
955	662
955	683
955	792
955	808
955	851
955	934
955	950
955	951
955	975
955	982
955	987
955	988
956	17
956	52
956	56
956	122
956	136
956	138
956	143
956	149
956	154
956	191
956	272
956	274
956	339
956	353
956	366
956	385
956	408
956	435
956	439
956	464
956	506
956	562
956	580
956	598
956	646
956	750
956	775
956	786
956	818
956	891
956	934
956	953
957	2
957	18
957	38
957	183
957	297
957	326
957	334
957	369
957	382
957	458
957	465
957	478
957	504
957	542
957	560
957	658
957	680
957	682
957	685
957	690
957	695
957	710
957	729
957	769
957	777
957	779
957	832
957	855
957	889
957	901
957	958
957	966
958	422
958	454
958	470
958	490
958	502
958	636
958	645
958	686
958	691
958	727
958	731
958	823
958	860
958	892
958	910
958	925
958	946
958	957
958	959
958	965
958	970
958	979
958	985
958	989
958	995
959	216
959	301
959	303
959	309
959	422
959	454
959	470
959	490
959	502
959	601
959	636
959	645
959	686
959	691
959	727
959	731
959	823
959	860
959	892
959	910
959	925
959	946
959	958
959	965
959	979
959	985
959	993
959	995
959	996
960	46
960	108
960	169
960	212
960	216
960	255
960	286
960	313
960	332
960	347
960	381
960	424
960	447
960	464
960	475
960	478
960	545
960	566
960	579
960	678
960	682
960	763
960	781
960	789
960	844
960	863
960	867
960	882
960	887
960	918
960	936
960	939
960	973
961	578
961	697
961	773
961	814
961	836
961	848
961	861
961	864
961	873
961	884
961	902
961	905
961	914
961	916
961	917
961	923
961	927
961	928
961	932
961	966
961	968
961	970
961	977
961	978
961	981
961	986
961	989
961	990
961	993
961	994
961	997
961	998
961	999
962	43
962	296
962	320
962	335
962	407
962	429
962	450
962	452
962	474
962	536
962	639
962	640
962	693
962	795
962	922
962	936
962	938
962	942
962	945
962	968
962	972
962	981
962	989
962	990
962	993
963	69
963	96
963	97
963	172
963	226
963	273
963	361
963	393
963	394
963	413
963	495
963	528
963	583
963	590
963	696
963	735
963	766
963	812
963	829
963	856
963	869
963	931
963	953
963	967
963	973
963	976
963	988
963	999
964	23
964	248
964	277
964	290
964	291
964	364
964	405
964	609
964	717
964	762
964	785
964	806
964	825
964	829
964	849
964	877
964	878
964	879
964	881
964	890
964	903
964	921
964	937
964	940
964	941
964	953
964	968
964	969
964	976
964	981
964	988
964	989
964	990
964	993
965	82
965	157
965	245
965	303
965	309
965	422
965	454
965	470
965	490
965	502
965	636
965	645
965	686
965	691
965	727
965	731
965	823
965	860
965	892
965	910
965	914
965	925
965	928
965	946
965	958
965	959
965	971
965	972
965	979
965	985
965	993
965	995
965	996
966	2
966	10
966	125
966	129
966	144
966	155
966	297
966	312
966	369
966	381
966	382
966	465
966	483
966	526
966	542
966	560
966	658
966	682
966	690
966	695
966	729
966	769
966	777
966	779
966	819
966	832
966	855
966	889
966	901
966	912
966	957
966	961
966	985
966	991
967	69
967	96
967	97
967	140
967	172
967	186
967	226
967	273
967	361
967	393
967	394
967	413
967	488
967	495
967	528
967	583
967	590
967	696
967	735
967	856
967	861
967	869
967	931
967	953
967	963
967	973
967	976
967	988
967	999
968	146
968	205
968	244
968	284
968	296
968	320
968	331
968	335
968	407
968	429
968	450
968	452
968	474
968	536
968	597
968	611
968	639
968	640
968	693
968	795
968	922
968	936
968	938
968	942
968	945
968	953
968	961
968	962
968	964
968	981
968	989
968	990
969	20
969	170
969	287
969	378
969	403
969	410
969	463
969	501
969	510
969	524
969	531
969	573
969	594
969	643
969	649
969	669
969	676
969	708
969	756
969	768
969	776
969	804
969	808
969	829
969	830
969	849
969	862
969	870
969	874
969	887
969	899
969	915
969	941
969	964
969	973
970	41
970	137
970	144
970	217
970	350
970	372
970	376
970	419
970	435
970	507
970	544
970	552
970	576
970	588
970	606
970	625
970	629
970	631
970	661
970	671
970	724
970	758
970	822
970	873
970	888
970	889
970	902
970	908
970	917
970	950
970	953
970	958
970	961
970	982
970	993
971	79
971	277
971	285
971	325
971	352
971	380
971	386
971	389
971	398
971	433
971	471
971	483
971	615
971	641
971	665
971	694
971	717
971	743
971	756
971	791
971	792
971	843
971	884
971	890
971	909
971	927
971	930
971	940
971	944
971	952
971	965
971	979
971	985
971	992
971	995
972	8
972	44
972	179
972	182
972	315
972	357
972	493
972	547
972	650
972	680
972	725
972	812
972	867
972	868
972	887
972	889
972	897
972	907
972	934
972	935
972	954
972	962
972	965
972	974
972	985
973	36
973	39
973	85
973	318
973	324
973	410
973	451
973	492
973	524
973	572
973	603
973	651
973	672
973	674
973	689
973	753
973	815
973	863
973	876
973	878
973	882
973	887
973	918
973	953
973	960
973	963
973	967
973	969
973	976
973	986
973	992
973	994
973	996
973	997
973	998
973	999
974	5
974	8
974	17
974	38
974	44
974	56
974	106
974	179
974	182
974	191
974	255
974	315
974	357
974	374
974	426
974	432
974	493
974	547
974	588
974	621
974	650
974	685
974	725
974	803
974	810
974	812
974	867
974	868
974	879
974	887
974	889
974	897
974	907
974	934
974	942
974	954
974	972
975	11
975	38
975	63
975	84
975	113
975	134
975	174
975	219
975	241
975	266
975	340
975	343
975	400
975	402
975	417
975	477
975	662
975	685
975	790
975	808
975	889
975	902
975	926
975	934
975	950
975	951
975	955
975	982
975	987
975	988
975	991
976	69
976	96
976	97
976	125
976	140
976	172
976	226
976	252
976	273
976	300
976	361
976	393
976	394
976	413
976	495
976	528
976	565
976	583
976	590
976	629
976	696
976	735
976	784
976	851
976	856
976	869
976	910
976	931
976	953
976	963
976	964
976	967
976	973
976	988
976	999
977	34
977	64
977	68
977	74
977	99
977	150
977	246
977	255
977	269
977	288
977	310
977	338
977	365
977	390
977	399
977	435
977	518
977	537
977	538
977	544
977	604
977	613
977	647
977	707
977	714
977	716
977	758
977	790
977	837
977	839
977	886
977	916
977	919
977	923
977	938
977	954
977	961
977	978
977	991
978	16
978	19
978	34
978	64
978	74
978	118
978	129
978	137
978	150
978	189
978	246
978	252
978	269
978	288
978	306
978	310
978	365
978	390
978	463
978	537
978	538
978	604
978	613
978	621
978	708
978	714
978	837
978	839
978	856
978	858
978	870
978	886
978	916
978	919
978	923
978	954
978	961
978	977
978	991
979	82
979	157
979	200
979	245
979	303
979	309
979	422
979	454
979	470
979	490
979	502
979	555
979	636
979	645
979	686
979	691
979	727
979	731
979	748
979	823
979	860
979	892
979	910
979	917
979	925
979	946
979	950
979	958
979	959
979	965
979	971
979	985
979	993
979	995
979	996
980	101
980	162
980	282
980	305
980	404
980	430
980	432
980	438
980	447
980	520
980	543
980	575
980	595
980	703
980	721
980	739
980	759
980	764
980	778
980	781
980	789
980	793
980	796
980	834
980	871
980	875
980	881
980	882
980	891
980	906
980	918
980	937
980	947
980	949
980	986
980	991
980	993
980	994
980	997
980	998
981	88
981	146
981	155
981	169
981	221
981	240
981	244
981	284
981	296
981	320
981	331
981	335
981	407
981	429
981	450
981	452
981	474
981	493
981	536
981	550
981	639
981	640
981	693
981	712
981	795
981	855
981	920
981	922
981	936
981	938
981	942
981	945
981	953
981	961
981	962
981	964
981	968
981	989
981	990
982	11
982	17
982	19
982	46
982	63
982	84
982	99
982	106
982	113
982	134
982	144
982	174
982	178
982	219
982	241
982	252
982	266
982	319
982	340
982	366
982	400
982	402
982	408
982	417
982	435
982	477
982	582
982	662
982	801
982	808
982	831
982	889
982	934
982	948
982	950
982	951
982	955
982	970
982	975
982	987
982	988
983	2
983	24
983	33
983	107
983	120
983	188
983	228
983	271
983	362
983	388
983	397
983	421
983	446
983	519
983	600
983	645
983	668
983	782
983	783
983	807
983	813
983	866
983	893
983	895
983	929
983	933
983	984
983	987
983	1000
984	24
984	33
984	107
984	120
984	188
984	228
984	271
984	362
984	388
984	397
984	421
984	446
984	600
984	668
984	712
984	752
984	758
984	779
984	782
984	783
984	790
984	813
984	824
984	866
984	867
984	893
984	895
984	926
984	929
984	933
984	950
984	983
984	987
984	1000
985	82
985	157
985	200
985	245
985	303
985	309
985	422
985	454
985	470
985	490
985	502
985	518
985	636
985	645
985	677
985	686
985	691
985	727
985	731
985	768
985	823
985	842
985	851
985	860
985	867
985	892
985	910
985	925
985	946
985	950
985	958
985	959
985	965
985	966
985	971
985	972
985	979
985	993
985	995
985	996
986	92
986	229
986	236
986	281
986	336
986	338
986	437
986	627
986	629
986	635
986	670
986	755
986	808
986	827
986	850
986	853
986	869
986	900
986	906
986	908
986	961
986	973
986	980
986	994
986	997
986	998
987	62
987	123
987	131
987	145
987	152
987	158
987	268
987	275
987	278
987	323
987	441
987	458
987	472
987	514
987	532
987	541
987	581
987	592
987	602
987	699
987	726
987	740
987	751
987	752
987	760
987	808
987	814
987	840
987	842
987	848
987	868
987	905
987	929
987	933
987	949
987	951
987	955
987	975
987	982
987	983
987	984
987	996
987	1000
988	61
988	64
988	102
988	104
988	193
988	277
988	290
988	433
988	488
988	503
988	593
988	610
988	622
988	666
988	687
988	747
988	794
988	799
988	808
988	809
988	817
988	857
988	872
988	878
988	881
988	883
988	885
988	903
988	904
988	906
988	926
988	931
988	937
988	951
988	954
988	955
988	963
988	964
988	967
988	975
988	976
988	982
988	999
989	88
989	99
989	146
989	155
989	187
989	221
989	244
989	284
989	296
989	320
989	331
989	335
989	374
989	407
989	429
989	449
989	450
989	452
989	474
989	536
989	598
989	639
989	640
989	693
989	707
989	730
989	743
989	787
989	795
989	890
989	920
989	922
989	936
989	938
989	942
989	945
989	953
989	958
989	961
989	962
989	964
989	968
989	981
989	990
990	16
990	68
990	88
990	119
990	129
990	146
990	155
990	189
990	191
990	221
990	244
990	284
990	296
990	320
990	331
990	335
990	350
990	407
990	429
990	450
990	452
990	474
990	536
990	598
990	639
990	640
990	693
990	743
990	795
990	813
990	920
990	922
990	925
990	928
990	936
990	938
990	942
990	945
990	953
990	961
990	962
990	964
990	968
990	981
990	989
991	6
991	71
991	117
991	214
991	249
991	297
991	325
991	342
991	343
991	428
991	457
991	523
991	569
991	584
991	586
991	641
991	649
991	658
991	664
991	697
991	713
991	734
991	777
991	778
991	793
991	798
991	820
991	821
991	829
991	845
991	855
991	901
991	916
991	918
991	919
991	923
991	930
991	935
991	952
991	966
991	975
991	977
991	978
991	980
991	996
992	29
992	93
992	132
992	142
992	151
992	231
992	243
992	257
992	293
992	306
992	321
992	357
992	408
992	436
992	440
992	443
992	455
992	487
992	500
992	522
992	527
992	550
992	572
992	582
992	587
992	588
992	621
992	646
992	657
992	659
992	674
992	675
992	684
992	692
992	738
992	768
992	826
992	874
992	876
992	894
992	911
992	934
992	950
992	971
992	973
993	13
993	47
993	204
993	270
993	279
993	419
993	442
993	496
993	548
993	578
993	603
993	616
993	626
993	655
993	660
993	667
993	687
993	704
993	713
993	746
993	773
993	774
993	799
993	809
993	872
993	873
993	876
993	878
993	879
993	888
993	896
993	902
993	908
993	917
993	926
993	959
993	961
993	962
993	964
993	965
993	970
993	979
993	980
993	985
993	995
994	58
994	65
994	92
994	161
994	229
994	236
994	281
994	336
994	338
994	437
994	458
994	582
994	627
994	635
994	670
994	755
994	775
994	827
994	850
994	853
994	889
994	900
994	906
994	937
994	961
994	973
994	980
994	986
994	997
994	998
995	38
995	82
995	151
995	157
995	200
995	245
995	263
995	303
995	309
995	312
995	329
995	374
995	381
995	399
995	422
995	444
995	454
995	470
995	490
995	502
995	529
995	636
995	645
995	680
995	686
995	691
995	692
995	727
995	731
995	823
995	851
995	860
995	867
995	882
995	892
995	910
995	925
995	946
995	950
995	958
995	959
995	965
995	971
995	979
995	985
995	993
995	996
996	103
996	166
996	223
996	280
996	316
996	409
996	414
996	484
996	541
996	557
996	559
996	571
996	592
996	602
996	618
996	623
996	699
996	705
996	708
996	710
996	718
996	740
996	760
996	762
996	770
996	793
996	819
996	833
996	845
996	847
996	857
996	881
996	883
996	885
996	886
996	890
996	913
996	940
996	943
996	948
996	959
996	965
996	973
996	979
996	985
996	987
996	991
996	995
997	10
997	58
997	65
997	92
997	161
997	229
997	236
997	281
997	336
997	338
997	437
997	483
997	627
997	635
997	670
997	685
997	743
997	755
997	768
997	776
997	784
997	800
997	827
997	845
997	850
997	851
997	853
997	889
997	900
997	906
997	954
997	961
997	973
997	980
997	986
997	994
997	998
998	57
998	58
998	65
998	68
998	92
998	119
998	161
998	189
998	229
998	236
998	281
998	319
998	336
998	338
998	339
998	415
998	437
998	463
998	472
998	529
998	577
998	617
998	627
998	635
998	646
998	670
998	685
998	708
998	739
998	743
998	755
998	768
998	784
998	827
998	850
998	851
998	853
998	889
998	900
998	906
998	913
998	925
998	961
998	973
998	980
998	986
998	994
998	997
998	999
999	17
999	56
999	57
999	59
999	69
999	96
999	97
999	129
999	136
999	140
999	151
999	154
999	172
999	178
999	226
999	273
999	305
999	329
999	339
999	361
999	393
999	394
999	413
999	495
999	518
999	526
999	528
999	550
999	583
999	590
999	598
999	696
999	702
999	708
999	735
999	784
999	851
999	856
999	869
999	916
999	931
999	953
999	961
999	963
999	967
999	973
999	976
999	988
999	998
1000	5
1000	24
1000	33
1000	107
1000	120
1000	129
1000	178
1000	187
1000	188
1000	189
1000	191
1000	228
1000	252
1000	264
1000	271
1000	362
1000	366
1000	388
1000	397
1000	415
1000	421
1000	446
1000	463
1000	464
1000	472
1000	582
1000	600
1000	605
1000	641
1000	668
1000	697
1000	707
1000	708
1000	712
1000	758
1000	779
1000	782
1000	783
1000	790
1000	813
1000	866
1000	867
1000	893
1000	895
1000	922
1000	929
1000	933
1000	983
1000	984
1000	987
