1	695
1	954
1	995
1	998
2	455
2	990
2	994
2	1000
3	451
3	918
3	972
3	973
4	150
4	942
4	985
4	986
5	274
5	990
5	994
5	1000
6	639
6	651
6	918
6	973
7	660
7	733
7	979
7	992
8	260
8	335
8	561
8	924
9	751
9	840
9	863
9	915
10	927
10	941
10	981
10	983
11	696
11	948
11	955
11	990
12	497
12	755
12	902
12	942
13	722
13	764
13	888
13	904
14	769
14	815
14	975
14	980
15	925
15	955
15	990
15	1000
16	33
16	951
16	971
16	997
17	206
17	676
17	744
17	933
17	968
18	704
18	887
18	906
18	956
19	851
19	909
19	951
19	971
20	469
20	568
20	907
20	973
21	234
21	699
21	860
21	873
22	495
22	788
22	955
22	999
23	622
23	671
23	797
23	926
24	275
24	277
24	912
24	958
25	448
25	517
25	799
25	814
25	881
25	905
26	916
26	930
26	935
26	966
27	601
27	729
27	938
27	999
28	361
28	923
28	932
28	974
29	163
29	738
29	918
29	973
30	569
30	584
30	624
30	735
31	143
31	156
31	696
31	994
32	556
32	882
32	964
32	1000
33	16
33	377
33	546
33	978
34	490
34	505
34	724
34	965
35	621
35	752
35	917
35	965
36	223
36	803
36	953
36	997
37	827
37	833
37	902
37	960
38	153
38	441
38	927
38	983
39	417
39	909
39	953
39	997
40	626
40	778
40	869
40	943
41	539
41	668
41	810
41	962
42	960
42	969
42	985
42	986
43	424
43	530
43	728
43	931
44	82
44	322
44	678
44	730
45	549
45	896
45	941
45	952
46	58
46	842
46	920
46	983
47	539
47	672
47	678
47	703
48	86
48	587
48	708
48	977
49	769
49	829
49	880
49	894
50	311
50	514
50	775
50	951
51	120
51	395
51	791
51	924
52	625
52	674
52	947
52	965
53	794
53	887
53	903
53	956
54	688
54	969
54	985
54	986
55	422
55	848
55	877
55	898
56	671
56	761
56	797
56	858
57	124
57	963
57	987
57	988
58	46
58	622
58	927
58	944
59	188
59	955
59	990
59	1000
60	320
60	878
60	887
60	956
61	680
61	786
61	923
61	926
62	854
62	990
62	994
62	1000
63	866
63	941
63	952
63	956
64	524
64	895
64	905
64	937
65	858
65	896
65	953
65	997
66	332
66	834
66	849
66	903
66	930
67	955
67	970
67	994
67	1000
68	824
68	830
68	940
68	957
69	109
69	428
69	897
69	974
70	824
70	940
70	957
70	979
71	947
71	951
71	987
71	997
72	533
72	863
72	886
72	993
73	245
73	724
73	841
73	945
74	88
74	971
74	992
74	997
75	260
75	725
75	948
75	973
76	370
76	401
76	615
76	873
77	178
77	873
77	972
77	991
78	191
78	345
78	372
78	968
78	970
78	991
79	879
79	895
79	901
79	960
80	644
80	916
80	930
80	935
81	877
81	898
81	968
81	982
82	44
82	949
82	976
82	984
83	931
83	990
83	999
83	1000
84	946
84	976
84	983
84	984
85	617
85	820
85	928
85	929
86	48
86	496
86	587
86	708
87	327
87	902
87	948
87	981
88	74
88	897
88	909
88	953
89	414
89	852
89	862
89	967
90	598
90	916
90	937
90	959
90	994
91	960
91	971
91	986
91	997
92	844
92	888
92	894
92	962
93	262
93	503
93	942
93	968
94	296
94	621
94	872
94	885
95	100
95	113
95	710
95	778
96	382
96	575
96	851
96	958
97	170
97	959
97	995
97	998
98	535
98	725
98	749
98	927
98	935
99	743
99	778
99	867
99	905
99	995
100	95
100	577
100	710
100	927
101	168
101	931
101	990
101	994
102	420
102	790
102	856
102	998
103	167
103	862
103	950
103	981
104	263
104	903
104	915
104	957
104	970
104	993
105	536
105	724
105	841
105	864
106	746
106	770
106	816
106	957
107	215
107	435
107	749
107	969
108	149
108	380
108	832
108	885
109	69
109	687
109	850
109	981
110	760
110	896
110	941
110	952
111	152
111	886
111	888
111	972
112	597
112	762
112	781
112	873
113	95
113	577
113	761
113	874
114	409
114	777
114	851
114	888
115	162
115	421
115	793
115	860
116	502
116	651
116	918
116	972
117	796
117	892
117	995
117	998
118	428
118	689
118	762
118	939
119	285
119	350
119	429
119	924
120	51
120	914
120	953
120	997
121	801
121	802
121	846
121	986
122	598
122	619
122	811
122	847
123	499
123	705
123	720
123	996
124	57
124	214
124	950
124	977
125	441
125	711
125	968
125	969
125	997
126	402
126	753
126	872
126	885
127	275
127	679
127	792
127	862
128	212
128	908
128	914
128	980
129	285
129	457
129	787
129	844
130	334
130	775
130	850
130	974
131	137
131	260
131	918
131	973
132	765
132	827
132	852
132	968
133	177
133	556
133	623
133	886
134	566
134	728
134	791
134	956
135	543
135	777
135	888
135	904
136	431
136	541
136	686
136	948
137	131
137	434
137	902
137	948
138	416
138	797
138	921
138	993
139	789
139	800
139	809
139	857
140	351
140	448
140	686
140	992
141	645
141	949
141	976
141	984
142	945
142	975
142	980
142	992
143	31
143	357
143	508
143	939
144	203
144	907
144	921
144	973
145	592
145	756
145	800
145	968
146	958
146	990
146	994
146	1000
147	735
147	897
147	957
147	993
147	998
148	670
148	703
148	965
148	995
149	108
149	408
149	790
149	928
150	4
150	735
150	816
150	871
150	937
150	980
151	663
151	875
151	905
151	927
152	111
152	344
152	854
152	972
153	38
153	852
153	871
153	960
153	999
154	455
154	493
154	592
154	930
155	368
155	852
155	908
155	935
156	31
156	690
156	944
156	977
157	939
157	969
157	985
157	986
158	916
158	930
158	935
158	969
159	871
159	957
159	986
159	997
159	999
160	669
160	770
160	816
160	976
161	752
161	832
161	885
161	944
162	115
162	504
162	811
162	847
163	29
163	254
163	689
163	867
164	384
164	408
164	710
164	950
164	987
165	575
165	832
165	912
165	958
166	447
166	910
166	943
166	970
167	103
167	840
167	863
167	915
168	101
168	278
168	339
168	749
169	212
169	949
169	976
169	984
170	97
170	376
170	621
170	965
171	798
171	912
171	937
171	944
171	985
171	999
172	354
172	436
172	710
172	979
173	883
173	949
173	976
173	984
174	746
174	975
174	977
174	981
175	358
175	562
175	659
175	979
176	261
176	658
176	788
176	999
177	133
177	819
177	897
177	972
178	77
178	566
178	618
178	730
179	196
179	349
179	418
179	885
180	487
180	583
180	815
180	883
181	579
181	593
181	811
181	847
182	265
182	788
182	990
182	999
183	337
183	388
183	940
183	957
184	248
184	358
184	659
184	900
185	916
185	930
185	935
185	998
186	481
186	731
186	930
186	935
187	521
187	871
187	911
187	991
188	59
188	674
188	930
188	935
189	698
189	802
189	916
189	985
189	995
190	602
190	716
190	864
190	964
191	78
191	702
191	901
191	960
192	697
192	808
192	817
192	908
193	454
193	733
193	921
193	974
194	482
194	934
194	943
194	970
195	384
195	861
195	899
195	922
196	179
196	511
196	587
196	708
197	237
197	303
197	834
197	849
198	572
198	594
198	872
198	885
199	274
199	558
199	850
199	988
200	734
200	760
200	761
200	897
201	591
201	649
201	817
201	908
202	606
202	802
202	968
202	996
203	144
203	371
203	907
203	997
204	878
204	934
204	950
204	977
205	652
205	903
205	929
205	937
205	969
205	988
205	999
206	17
206	628
206	965
206	966
207	577
207	710
207	853
207	934
208	822
208	955
208	994
208	1000
209	746
209	864
209	906
209	997
210	782
210	797
210	991
210	993
211	826
211	847
211	876
211	903
212	128
212	169
212	712
212	759
213	592
213	855
213	936
213	974
214	124
214	887
214	906
214	956
215	107
215	339
215	749
215	799
216	910
216	963
216	987
216	988
217	389
217	848
217	877
217	898
218	863
218	915
218	940
218	998
219	633
219	664
219	941
219	952
220	466
220	543
220	860
220	864
221	300
221	833
221	879
221	960
222	726
222	857
222	921
222	989
223	36
223	715
223	962
223	982
224	678
224	786
224	923
224	998
225	494
225	617
225	912
225	958
226	436
226	491
226	530
226	979
227	913
227	959
227	995
227	998
228	777
228	887
228	904
228	971
229	809
229	953
229	971
229	997
230	604
230	700
230	951
230	953
230	997
231	870
231	875
231	940
231	957
231	964
232	557
232	808
232	817
232	908
232	994
233	420
233	450
233	914
233	947
233	953
234	21
234	382
234	584
234	912
234	958
235	624
235	938
235	949
235	976
235	984
236	609
236	914
236	947
236	951
236	990
237	197
237	357
237	453
237	919
237	967
238	938
238	949
238	975
238	976
238	984
239	899
239	914
239	922
239	958
239	966
240	926
240	969
240	985
240	986
240	995
241	498
241	567
241	636
241	742
241	964
242	805
242	954
242	959
242	995
242	998
243	418
243	698
243	949
243	959
243	968
243	985
244	396
244	402
244	447
244	909
244	948
245	73
245	288
245	390
245	733
245	841
246	821
246	855
246	875
246	959
246	983
247	758
247	880
247	888
247	894
247	979
248	184
248	562
248	860
248	979
248	985
249	367
249	568
249	583
249	693
249	975
250	490
250	736
250	844
250	880
250	888
251	465
251	697
251	808
251	845
251	908
252	834
252	949
252	976
252	984
252	1000
253	705
253	820
253	843
253	886
253	929
254	163
254	483
254	663
254	687
254	775
255	598
255	667
255	798
255	847
255	874
256	483
256	685
256	882
256	905
256	964
257	432
257	563
257	595
257	912
257	958
258	457
258	693
258	720
258	928
258	929
259	468
259	642
259	713
259	951
259	954
260	8
260	75
260	131
260	725
260	744
261	176
261	569
261	624
261	735
261	765
262	93
262	307
262	870
262	940
262	957
263	104
263	744
263	756
263	907
263	917
264	744
264	875
264	969
264	985
264	986
265	182
265	432
265	729
265	801
265	999
266	488
266	878
266	887
266	906
266	956
267	928
267	950
267	975
267	980
267	981
268	669
268	746
268	770
268	816
268	884
269	410
269	464
269	471
269	829
269	937
269	940
270	284
270	739
270	848
270	877
270	898
271	693
271	810
271	908
271	950
271	980
272	706
272	916
272	930
272	935
272	956
273	326
273	770
273	848
273	877
273	898
274	5
274	199
274	849
274	916
274	972
274	987
275	24
275	127
275	500
275	979
275	998
276	892
276	920
276	954
276	995
276	998
277	24
277	796
277	896
277	941
277	952
278	168
278	323
278	435
278	749
278	940
279	723
279	807
279	852
279	856
279	862
280	737
280	825
280	843
280	928
280	929
281	315
281	697
281	817
281	908
281	986
282	637
282	848
282	877
282	898
282	992
283	575
283	734
283	761
283	912
283	958
284	270
284	305
284	658
284	834
284	999
285	119
285	129
285	787
285	831
285	882
286	884
286	902
286	982
286	995
286	998
287	536
287	933
287	975
287	977
287	981
288	245
288	384
288	454
288	733
288	980
289	625
289	635
289	716
289	964
289	965
290	461
290	796
290	808
290	899
290	922
291	919
291	938
291	949
291	976
291	984
292	475
292	817
292	844
292	894
292	966
293	506
293	643
293	687
293	917
293	991
294	946
294	961
294	963
294	987
294	988
295	580
295	813
295	947
295	951
295	997
296	94
296	594
296	715
296	832
296	872
297	394
297	523
297	674
297	815
297	883
298	668
298	690
298	767
298	789
298	857
299	457
299	787
299	891
299	921
299	1000
300	221
300	657
300	852
300	856
300	862
301	622
301	671
301	797
301	900
301	922
302	471
302	846
302	907
302	913
302	927
303	197
303	669
303	746
303	770
303	816
304	318
304	505
304	511
304	715
304	888
305	284
305	539
305	601
305	889
305	999
306	392
306	530
306	832
306	975
306	999
307	262
307	688
307	870
307	957
307	970
308	440
308	820
308	933
308	977
308	981
309	545
309	788
309	962
309	966
309	999
310	604
310	754
310	866
310	941
310	952
311	50
311	363
311	428
311	762
311	830
312	582
312	639
312	824
312	918
312	973
313	558
313	805
313	863
313	915
313	983
314	889
314	915
314	963
314	987
314	988
315	281
315	375
315	578
315	806
315	841
315	999
316	453
316	532
316	914
316	967
316	982
317	793
317	851
317	898
317	905
317	989
317	994
317	997
317	999
318	304
318	505
318	511
318	836
318	962
319	321
319	692
319	959
319	995
319	998
320	60
320	931
320	990
320	994
320	1000
321	319
321	363
321	546
321	558
321	819
322	44
322	463
322	566
322	730
322	732
323	278
323	685
323	964
323	992
323	998
324	872
324	978
324	989
324	991
324	993
325	899
325	939
325	978
325	989
325	991
326	273
326	536
326	660
326	755
326	993
327	87
327	520
327	840
327	856
327	968
327	985
327	993
328	369
328	614
328	901
328	936
328	960
329	545
329	567
329	882
329	964
329	980
330	968
330	975
330	977
330	980
330	981
331	632
331	879
331	901
331	913
331	960
332	66
332	539
332	672
332	678
332	800
333	596
333	778
333	930
333	986
333	987
334	130
334	715
334	749
334	975
334	984
334	993
335	8
335	527
335	770
335	773
335	932
336	743
336	978
336	989
336	991
336	993
337	183
337	824
337	866
337	940
337	957
338	838
338	885
338	909
338	971
338	997
339	168
339	215
339	435
339	695
339	922
340	499
340	563
340	912
340	958
340	981
341	818
341	978
341	989
341	991
341	993
342	527
342	805
342	924
342	926
342	932
343	836
343	928
343	929
343	931
343	999
344	152
344	623
344	795
344	854
344	972
345	78
345	945
345	969
345	985
345	986
346	375
346	844
346	902
346	976
346	986
346	999
347	857
347	864
347	880
347	957
347	960
347	968
348	486
348	497
348	707
348	942
348	948
349	179
349	418
349	496
349	708
349	879
350	119
350	429
350	787
350	877
350	916
351	140
351	448
351	686
351	778
351	994
352	717
352	895
352	901
352	905
352	937
353	765
353	768
353	784
353	843
353	968
354	172
354	385
354	517
354	583
354	646
355	769
355	786
355	792
355	856
355	862
356	468
356	493
356	649
356	768
356	968
357	143
357	237
357	710
357	967
357	975
358	175
358	184
358	562
358	659
358	906
359	462
359	565
359	568
359	683
359	733
360	585
360	740
360	861
360	899
360	922
361	28
361	666
361	848
361	877
361	898
362	453
362	771
362	819
362	876
362	915
362	998
362	1000
363	311
363	321
363	420
363	891
363	988
364	545
364	598
364	683
364	858
364	952
365	602
365	913
365	927
365	944
365	983
366	568
366	605
366	797
366	984
366	991
367	249
367	661
367	933
367	992
367	993
368	155
368	552
368	753
368	872
368	996
369	328
369	499
369	743
369	843
369	929
370	76
370	497
370	949
370	976
370	984
371	203
371	961
371	963
371	987
371	988
372	78
372	463
372	770
372	940
372	953
373	529
373	709
373	870
373	940
373	957
374	644
374	669
374	746
374	770
374	816
375	315
375	346
375	399
375	696
375	957
376	170
376	436
376	481
376	965
376	996
377	33
377	435
377	749
377	868
377	927
378	641
378	874
378	892
378	995
378	998
379	443
379	584
379	912
379	948
379	958
380	108
380	449
380	822
380	832
380	885
381	773
381	978
381	989
381	991
381	993
382	96
382	234
382	656
382	843
382	958
383	868
383	910
383	934
383	943
383	970
383	1000
384	164
384	195
384	288
384	565
384	871
384	993
385	354
385	955
385	983
385	990
385	994
385	1000
386	541
386	633
386	634
386	635
386	712
386	806
387	526
387	969
387	975
387	977
387	980
387	981
388	183
388	913
388	927
388	944
388	964
388	983
389	217
389	646
389	704
389	800
389	835
389	871
390	245
390	490
390	523
390	622
390	816
390	841
391	651
391	844
391	851
391	880
391	902
391	904
392	306
392	432
392	460
392	729
392	930
392	999
393	437
393	911
393	945
393	969
393	985
393	986
394	297
394	513
394	534
394	815
394	883
394	995
395	51
395	791
395	858
395	924
395	932
395	999
396	244
396	402
396	774
396	899
396	902
396	948
397	531
397	824
397	870
397	893
397	940
397	957
398	762
398	873
398	887
398	894
398	903
398	989
399	375
399	407
399	516
399	574
399	646
399	712
400	881
400	977
400	978
400	989
400	991
400	993
401	76
401	681
401	700
401	781
401	847
401	919
402	126
402	244
402	396
402	642
402	902
402	948
403	569
403	917
403	927
403	930
403	952
403	985
404	893
404	939
404	978
404	989
404	991
404	993
405	522
405	590
405	686
405	692
405	778
405	996
406	560
406	821
406	830
406	924
406	926
406	990
407	399
407	693
407	787
407	800
407	942
407	992
408	149
408	164
408	528
408	836
408	843
408	928
409	114
409	779
409	845
409	934
409	943
409	970
410	269
410	618
410	630
410	730
410	744
410	973
411	776
411	812
411	866
411	916
411	941
411	973
412	568
412	659
412	671
412	857
412	970
412	983
412	991
413	483
413	531
413	536
413	685
413	882
413	964
414	89
414	879
414	901
414	960
414	985
414	996
415	721
415	913
415	920
415	944
415	983
415	987
416	138
416	518
416	642
416	691
416	758
416	893
417	39
417	647
417	723
417	834
417	849
417	898
418	179
418	243
418	349
418	587
418	961
418	968
419	496
419	830
419	839
419	898
419	923
419	924
420	102
420	233
420	363
420	662
420	762
420	801
421	115
421	597
421	699
421	728
421	860
421	943
422	55
422	764
422	895
422	905
422	937
422	941
423	551
423	726
423	767
423	809
423	857
423	860
424	43
424	425
424	530
424	545
424	658
424	999
425	424
425	914
425	947
425	964
425	971
425	997
426	546
426	839
426	924
426	926
426	932
426	962
427	470
427	607
427	625
427	703
427	752
427	965
428	69
428	118
428	311
428	525
428	533
428	850
429	119
429	350
429	457
429	787
429	859
429	886
430	631
430	790
430	820
430	894
430	928
430	929
431	136
431	434
431	497
431	586
431	902
431	948
432	257
432	265
432	392
432	775
432	788
432	999
433	441
433	762
433	793
433	927
433	972
433	983
434	137
434	431
434	902
434	948
434	973
434	997
435	107
435	278
435	339
435	377
435	702
435	749
436	172
436	226
436	376
436	646
436	871
436	998
437	393
437	649
437	684
437	768
437	903
437	968
438	446
438	575
438	647
438	723
438	834
438	849
439	814
439	859
439	916
439	930
439	935
439	998
440	308
440	749
440	961
440	963
440	987
440	988
441	38
441	125
441	433
441	734
441	875
441	983
442	803
442	939
442	978
442	989
442	991
442	993
443	379
443	618
443	907
443	918
443	973
443	993
444	881
444	920
444	945
444	969
444	985
444	986
445	561
445	818
445	876
445	934
445	943
445	970
446	438
446	647
446	723
446	834
446	849
446	952
447	166
447	244
447	652
447	846
447	920
447	944
448	25
448	140
448	351
448	626
448	778
448	963
449	380
449	533
449	753
449	773
449	832
449	885
450	233
450	869
450	938
450	949
450	976
450	984
451	3
451	550
451	618
451	639
451	756
451	973
452	479
452	569
452	954
452	959
452	995
452	998
453	237
453	316
453	362
453	508
453	532
453	877
454	193
454	288
454	506
454	583
454	693
454	933
455	2
455	154
455	806
455	832
455	965
455	968
456	719
456	807
456	815
456	883
456	996
456	998
457	129
457	258
457	299
457	429
457	532
457	787
458	585
458	763
458	826
458	846
458	876
458	903
459	665
459	870
459	881
459	940
459	942
459	957
460	392
460	759
460	855
460	903
460	957
460	984
461	290
461	861
461	899
461	922
461	954
461	974
462	359
462	568
462	765
462	871
462	967
462	992
463	322
463	372
463	672
463	678
463	930
463	972
464	269
464	776
464	786
464	852
464	856
464	862
465	251
465	557
465	817
465	908
465	928
465	977
466	220
466	582
466	712
466	781
466	929
466	959
467	838
467	889
467	930
467	955
467	994
467	1000
468	259
468	356
468	518
468	642
468	713
468	758
469	20
469	584
469	626
469	918
469	973
469	979
470	427
470	621
470	670
470	923
470	965
470	966
471	269
471	302
471	532
471	712
471	954
471	994
472	922
472	939
472	978
472	989
472	991
472	993
473	752
473	835
473	902
473	925
473	965
473	996
474	834
474	916
474	945
474	969
474	985
474	986
475	292
475	662
475	829
475	860
475	904
475	996
476	870
476	909
476	931
476	990
476	994
476	1000
477	620
477	643
477	837
477	975
477	977
477	981
478	760
478	867
478	882
478	917
478	925
478	972
479	452
479	531
479	553
479	866
479	941
479	952
480	572
480	618
480	846
480	899
480	913
480	920
481	186
481	376
481	625
481	752
481	965
481	966
482	194
482	873
482	954
482	959
482	995
482	998
483	254
483	256
483	413
483	602
483	724
483	964
484	723
484	909
484	948
484	951
484	953
484	971
485	799
485	805
485	840
485	863
485	915
485	963
486	348
486	652
486	745
486	794
486	906
486	956
487	180
487	534
487	648
487	815
487	823
487	826
487	883
488	266
488	698
488	793
488	857
488	875
488	942
488	983
489	653
489	776
489	796
489	866
489	896
489	952
489	959
490	34
490	250
490	390
490	724
490	841
490	915
490	967
491	226
491	577
491	583
491	614
491	704
491	769
491	871
492	525
492	563
492	584
492	595
492	876
492	912
492	958
493	154
493	356
493	530
493	886
493	960
493	997
493	998
494	225
494	563
494	575
494	893
494	942
494	948
494	958
495	22
495	729
495	788
495	909
495	915
495	962
495	999
496	86
496	349
496	419
496	597
496	708
496	751
496	862
497	12
497	348
497	370
497	431
497	541
497	812
497	948
498	241
498	747
498	763
498	826
498	876
498	903
498	913
499	123
499	340
499	369
499	647
499	836
499	928
499	982
500	275
500	842
500	879
500	910
500	934
500	943
500	970
501	512
501	805
501	839
501	840
501	863
501	915
501	942
502	116
502	588
502	785
502	867
502	880
502	897
502	972
503	93
503	719
503	729
503	784
503	802
503	936
503	968
504	162
504	633
504	892
504	954
504	959
504	995
504	998
505	34
505	304
505	318
505	511
505	629
505	715
505	921
506	293
506	454
506	614
506	639
506	922
506	937
506	988
507	726
507	772
507	849
507	875
507	947
507	987
507	998
507	999
508	143
508	453
508	532
508	555
508	774
508	967
508	975
509	728
509	748
509	794
509	842
509	906
509	939
509	956
510	603
510	791
510	861
510	864
510	899
510	922
510	934
511	196
511	304
511	318
511	505
511	715
511	792
511	921
512	501
512	665
512	803
512	805
512	840
512	863
512	915
513	394
513	648
513	674
513	809
513	815
513	835
513	883
514	50
514	569
514	577
514	581
514	964
514	972
514	995
515	780
515	884
515	954
515	959
515	981
515	995
515	998
516	399
516	523
516	624
516	759
516	775
516	955
516	990
517	25
517	354
517	680
517	897
517	937
517	984
517	987
517	994
518	416
518	468
518	659
518	691
518	713
518	791
518	966
519	645
519	722
519	860
519	861
519	864
519	899
519	922
520	327
520	564
520	931
520	955
520	990
520	994
520	1000
521	187
521	933
521	975
521	977
521	980
521	981
521	992
522	405
522	700
522	809
522	931
522	933
522	960
522	988
522	999
523	297
523	390
523	516
523	576
523	724
523	839
523	841
524	64
524	745
524	755
524	861
524	864
524	899
524	922
525	428
525	492
525	687
525	689
525	762
525	850
525	998
526	387
526	695
526	809
526	933
526	975
526	977
526	981
527	335
527	342
527	738
527	814
527	924
527	926
527	991
528	408
528	743
528	820
528	929
528	979
528	982
528	985
529	373
529	688
529	856
529	870
529	922
529	940
529	957
530	43
530	226
530	306
530	424
530	493
530	658
530	999
531	397
531	413
531	479
531	683
531	796
531	866
531	941
532	316
532	453
532	457
532	471
532	508
532	930
532	967
533	72
533	428
533	449
533	627
533	651
533	795
533	972
534	394
534	487
534	559
534	674
534	877
534	883
534	996
535	98
535	582
535	751
535	759
535	860
535	873
535	976
536	105
536	287
536	326
536	413
536	724
536	841
536	967
537	650
537	761
537	861
537	923
537	926
537	932
537	944
538	793
538	880
538	882
538	904
538	908
538	973
538	999
539	41
539	47
539	305
539	332
539	544
539	603
539	672
540	602
540	670
540	685
540	844
540	882
540	964
540	989
541	136
541	386
541	497
541	660
541	761
541	830
541	991
542	670
542	855
542	913
542	944
542	951
542	983
542	992
543	135
543	220
543	681
543	759
543	766
543	781
543	980
544	539
544	663
544	672
544	678
544	785
544	918
544	988
545	309
545	329
545	364
545	424
545	601
545	729
545	999
546	33
546	321
546	426
546	689
546	775
546	850
546	974
547	895
547	911
547	945
547	962
547	969
547	985
547	986
548	666
548	726
548	848
548	877
548	898
548	955
548	963
549	45
549	659
549	663
549	945
549	969
549	985
549	986
550	451
550	805
550	840
550	863
550	909
550	915
550	992
551	423
551	619
551	656
551	798
551	847
551	910
551	932
552	368
552	939
552	965
552	978
552	989
552	991
552	993
553	479
553	710
553	960
553	972
553	981
553	988
553	995
553	1000
554	619
554	837
554	975
554	977
554	980
554	981
554	989
555	508
555	600
555	848
555	947
555	951
555	971
555	997
556	32
556	133
556	635
556	742
556	756
556	882
556	964
557	232
557	465
557	750
557	793
557	808
557	817
557	908
558	199
558	313
558	321
558	676
558	687
558	850
558	911
559	534
559	829
559	845
559	910
559	934
559	943
559	970
560	406
560	562
560	568
560	830
560	923
560	924
560	926
560	932
561	8
561	445
561	680
561	733
561	773
561	791
561	830
561	923
562	175
562	248
562	358
562	560
562	659
562	690
562	976
562	979
563	257
563	340
563	492
563	494
563	696
563	841
563	847
563	958
564	520
564	713
564	936
564	946
564	961
564	963
564	987
564	988
565	359
565	384
565	661
565	733
565	871
565	969
565	990
565	994
566	134
566	178
566	322
566	672
566	678
566	959
566	962
566	970
567	241
567	329
567	716
567	774
567	843
567	882
567	964
567	986
568	20
568	249
568	359
568	366
568	412
568	462
568	560
568	800
569	30
569	261
569	403
569	452
569	514
569	624
569	735
569	925
570	749
570	869
570	898
570	904
570	940
570	965
570	968
570	970
571	820
571	838
571	911
571	945
571	969
571	985
571	986
572	198
572	480
572	641
572	819
572	846
572	855
572	944
572	983
573	722
573	752
573	939
573	962
573	978
573	989
573	991
573	993
574	399
574	644
574	869
574	928
574	954
574	959
574	995
574	998
575	96
575	165
575	283
575	438
575	494
575	836
575	912
575	958
576	523
576	587
576	699
576	702
576	908
576	932
576	980
576	990
577	100
577	113
577	207
577	491
577	514
577	710
577	731
577	884
578	315
578	837
578	912
578	933
578	950
578	975
578	977
578	980
579	181
579	656
579	699
579	760
579	798
579	811
579	847
579	887
580	295
580	790
580	818
580	845
580	910
580	934
580	943
580	970
581	514
581	649
581	791
581	924
581	926
581	932
581	982
581	993
582	312
582	466
582	535
582	681
582	699
582	860
582	873
582	900
583	180
583	249
583	354
583	454
583	491
583	733
583	800
583	861
584	30
584	234
584	379
584	469
584	492
584	709
584	912
584	958
585	360
585	458
585	914
585	946
585	961
585	963
585	987
585	988
586	431
586	662
586	691
586	708
586	715
586	747
586	800
586	922
586	984
587	48
587	86
587	196
587	418
587	576
587	708
587	804
587	985
588	502
588	753
588	754
588	779
588	795
588	867
588	886
588	972
589	786
589	789
589	812
589	841
589	927
589	960
589	965
589	968
590	405
590	605
590	626
590	686
590	778
590	863
590	893
590	949
591	201
591	697
591	717
591	741
591	808
591	817
591	908
591	928
592	145
592	154
592	213
592	783
592	840
592	907
592	918
592	973
593	181
593	831
593	869
593	892
593	954
593	959
593	995
593	998
594	198
594	296
594	780
594	832
594	872
594	885
594	990
594	996
595	257
595	492
595	820
595	852
595	898
595	912
595	942
595	958
596	333
596	698
596	726
596	767
596	789
596	809
596	857
596	901
597	112
597	421
597	496
597	615
597	635
597	712
597	860
597	873
598	90
598	122
598	255
598	364
598	664
598	776
598	896
598	952
599	738
599	825
599	950
599	975
599	977
599	980
599	981
599	989
600	555
600	857
600	923
600	947
600	951
600	953
600	971
600	997
601	27
601	305
601	545
601	624
601	658
601	788
601	948
601	999
602	190
602	365
602	483
602	540
602	635
602	685
602	905
602	964
603	510
603	539
603	755
603	840
603	861
603	864
603	899
603	922
604	230
604	310
604	746
604	858
604	909
604	953
604	971
604	997
605	366
605	590
605	627
605	796
605	898
605	940
605	983
605	999
606	202
606	684
606	719
606	725
606	739
606	768
606	784
606	968
607	427
607	821
607	825
607	836
607	975
607	977
607	980
607	981
608	628
608	933
608	950
608	975
608	977
608	980
608	981
608	994
609	236
609	695
609	787
609	826
609	953
609	956
609	972
609	973
610	810
610	842
610	845
610	910
610	934
610	943
610	970
610	975
611	936
611	946
611	961
611	963
611	966
611	984
611	987
611	988
612	854
612	919
612	938
612	939
612	949
612	976
612	984
612	991
613	660
613	858
613	914
613	953
613	971
613	986
613	996
613	997
614	328
614	491
614	506
614	827
614	833
614	901
614	939
614	960
615	76
615	597
615	667
615	759
615	766
615	849
615	873
615	953
616	736
616	827
616	833
616	879
616	901
616	960
616	974
616	988
617	85
617	225
617	661
617	722
617	806
617	905
617	941
617	986
618	178
618	410
618	443
618	451
618	480
618	630
618	907
618	973
619	122
619	551
619	554
619	656
619	798
619	811
619	847
619	973
620	477
620	651
620	842
620	845
620	910
620	934
620	943
620	970
621	35
621	94
621	170
621	470
621	670
621	705
621	965
621	966
622	23
622	58
622	301
622	390
622	671
622	750
622	761
622	797
622	853
623	133
623	344
623	625
623	705
623	754
623	756
623	760
623	897
623	972
624	30
624	235
624	261
624	516
624	569
624	601
624	735
624	777
624	925
625	52
625	289
625	427
625	481
625	623
625	670
625	703
625	704
625	965
626	40
626	448
626	469
626	590
626	686
626	778
626	893
626	936
626	961
627	533
627	605
627	752
627	754
627	841
627	867
627	886
627	897
627	972
628	206
628	608
628	683
628	796
628	866
628	896
628	919
628	941
628	952
629	505
629	801
629	936
629	946
629	956
629	961
629	963
629	987
629	988
630	410
630	618
630	725
630	744
630	751
630	821
630	893
630	918
630	973
631	430
631	682
631	745
631	794
631	878
631	906
631	915
631	951
631	956
632	331
632	688
632	702
632	827
632	833
632	879
632	901
632	960
632	971
633	219
633	386
633	504
633	634
633	769
633	806
633	902
633	917
633	948
634	386
634	633
634	660
634	806
634	893
634	902
634	946
634	948
634	954
635	289
635	386
635	556
635	597
635	602
635	662
635	716
635	882
635	964
636	241
636	642
636	716
636	742
636	845
636	882
636	964
636	987
636	992
637	282
637	788
637	806
637	890
637	909
637	947
637	951
637	971
637	997
638	679
638	786
638	792
638	847
638	852
638	856
638	862
638	889
638	984
639	6
639	312
639	451
639	506
639	815
639	907
639	918
639	927
639	973
640	644
640	732
640	869
640	884
640	892
640	953
640	959
640	995
640	998
641	378
641	572
641	671
641	844
641	846
641	875
641	913
641	927
641	983
642	259
642	402
642	416
642	468
642	636
642	691
642	713
642	758
642	952
643	293
643	477
643	662
643	687
643	689
643	762
643	775
643	912
643	987
644	80
644	374
644	574
644	640
644	884
644	954
644	959
644	995
644	998
645	141
645	519
645	750
645	755
645	861
645	864
645	899
645	922
645	978
646	354
646	389
646	399
646	436
646	661
646	862
646	871
646	907
646	921
647	417
647	438
647	446
647	499
647	723
647	834
647	849
647	909
648	487
648	513
648	674
648	689
648	815
648	838
648	842
648	883
648	996
649	201
649	356
649	437
649	581
649	784
649	801
649	802
649	918
649	968
650	537
650	738
650	759
650	839
650	923
650	926
650	932
650	986
650	991
651	6
651	116
651	391
651	533
651	620
651	657
651	867
651	890
651	972
652	205
652	447
652	486
652	846
652	913
652	920
652	944
652	967
652	983
653	489
653	751
653	753
653	883
653	891
653	905
653	912
653	980
653	981
653	1000
654	693
654	870
654	900
654	939
654	978
654	989
654	991
654	993
654	995
655	746
655	854
655	919
655	937
655	938
655	949
655	954
655	976
655	984
656	382
656	551
656	579
656	619
656	798
656	811
656	847
656	851
656	936
657	300
657	651
657	754
657	867
657	886
657	897
657	952
657	962
657	972
658	176
658	284
658	424
658	530
658	601
658	978
658	983
658	996
658	999
659	175
659	184
659	358
659	412
659	518
659	549
659	562
659	712
659	979
660	7
660	326
660	541
660	613
660	634
660	774
660	806
660	902
660	948
661	367
661	565
661	617
661	646
661	704
661	761
661	799
661	824
661	982
662	420
662	475
662	586
662	635
662	643
662	687
662	762
662	775
662	917
663	151
663	254
663	544
663	549
663	830
663	844
663	948
663	971
663	1000
664	219
664	598
664	757
664	796
664	836
664	866
664	896
664	952
664	979
665	459
665	512
665	789
665	889
665	931
665	955
665	990
665	994
665	1000
666	361
666	548
666	689
666	848
666	877
666	894
666	898
666	955
666	992
667	255
667	615
667	668
667	721
667	933
667	950
667	975
667	980
667	981
668	41
668	298
668	667
668	730
668	841
668	847
668	848
668	896
668	984
668	987
669	160
669	268
669	303
669	374
669	746
669	770
669	816
669	856
669	958
669	992
670	148
670	470
670	540
670	542
670	621
670	625
670	703
670	752
670	965
670	968
671	23
671	56
671	301
671	412
671	622
671	641
671	750
671	797
671	949
671	972
672	47
672	332
672	463
672	539
672	544
672	566
672	730
672	745
672	923
672	953
673	774
673	851
673	895
673	956
673	957
673	960
673	968
673	971
673	984
673	988
674	52
674	188
674	297
674	513
674	534
674	648
674	815
674	883
674	910
674	996
675	714
675	780
675	840
675	911
675	912
675	945
675	969
675	980
675	985
675	986
676	17
676	558
676	757
676	854
676	919
676	938
676	949
676	976
676	984
676	999
677	727
677	764
677	780
677	798
677	911
677	945
677	969
677	985
677	986
677	989
678	44
678	47
678	224
678	332
678	463
678	544
678	566
678	727
678	730
678	922
679	127
679	638
679	782
679	786
679	792
679	803
679	811
679	852
679	856
679	862
680	61
680	517
680	561
680	773
680	839
680	865
680	923
680	932
680	941
680	974
681	401
681	543
681	582
681	699
681	766
681	860
681	873
681	910
681	965
681	986
682	631
682	745
682	878
682	887
682	893
682	906
682	956
682	957
682	995
682	996
683	359
683	364
683	531
683	628
683	747
683	812
683	866
683	919
683	941
683	952
684	437
684	606
684	701
684	768
684	784
684	801
684	802
684	806
684	968
684	1000
685	256
685	323
685	413
685	540
685	602
685	742
685	818
685	924
685	964
685	988
686	136
686	140
686	351
686	405
686	590
686	626
686	765
686	778
686	893
686	951
687	109
687	254
687	293
687	525
687	558
687	643
687	662
687	874
687	940
687	979
688	54
688	307
688	529
688	632
688	695
688	824
688	870
688	940
688	957
688	989
689	118
689	163
689	525
689	546
689	643
689	648
689	666
689	738
689	775
689	850
690	156
690	298
690	562
690	726
690	767
690	774
690	789
690	809
690	857
690	937
691	416
691	518
691	586
691	642
691	713
691	721
691	753
691	758
691	924
691	966
692	319
692	405
692	874
692	889
692	890
692	931
692	955
692	990
692	994
692	1000
693	249
693	258
693	271
693	407
693	454
693	654
693	704
693	733
693	800
693	979
694	717
694	740
694	764
694	873
694	895
694	905
694	935
694	937
694	957
695	1
695	339
695	526
695	609
695	688
695	832
695	841
695	907
695	947
695	997
696	11
696	31
696	375
696	563
696	766
696	888
696	915
696	941
696	958
696	971
697	192
697	251
697	281
697	591
697	768
697	808
697	817
697	890
697	908
697	925
698	189
698	243
698	488
698	596
698	721
698	875
698	913
698	920
698	944
698	983
699	21
699	421
699	576
699	579
699	582
699	681
699	710
699	781
699	860
699	869
700	230
700	401
700	522
700	772
700	795
700	849
700	870
700	932
700	957
700	964
701	684
701	865
701	868
701	900
701	939
701	978
701	989
701	990
701	991
701	993
702	191
702	435
702	576
702	632
702	827
702	833
702	879
702	901
702	947
702	960
703	47
703	148
703	427
703	625
703	670
703	752
703	774
703	798
703	965
703	996
704	18
704	389
704	491
704	625
704	661
704	693
704	769
704	871
704	973
704	992
705	123
705	253
705	621
705	623
705	737
705	743
705	820
705	872
705	928
705	929
706	272
706	731
706	739
706	814
706	828
706	916
706	930
706	935
706	951
706	990
707	348
707	881
707	906
707	936
707	946
707	958
707	961
707	963
707	987
707	988
708	48
708	86
708	196
708	349
708	496
708	586
708	587
708	767
708	883
708	939
709	373
709	584
709	757
709	854
709	867
709	919
709	938
709	949
709	976
709	984
710	95
710	100
710	164
710	172
710	207
710	357
710	553
710	577
710	699
710	761
711	125
711	722
711	829
711	834
711	841
711	844
711	880
711	888
711	894
711	904
711	996
712	212
712	386
712	399
712	466
712	471
712	597
712	659
712	759
712	766
712	781
712	807
713	259
713	468
713	518
713	564
713	642
713	691
713	735
713	758
713	833
713	917
713	966
714	675
714	727
714	735
714	780
714	911
714	945
714	969
714	985
714	986
714	988
714	991
715	223
715	296
715	304
715	334
715	505
715	511
715	586
715	803
715	878
715	921
715	962
716	190
716	289
716	567
716	635
716	636
716	742
716	882
716	891
716	895
716	964
716	986
717	352
717	591
717	694
717	736
717	740
717	764
717	895
717	905
717	937
717	966
717	980
718	741
718	747
718	763
718	826
718	858
718	876
718	903
718	927
718	934
719	456
719	503
719	606
719	765
719	768
719	784
719	801
719	802
719	804
719	886
719	968
720	123
720	258
720	737
720	747
720	790
720	820
720	836
720	843
720	913
720	928
720	975
721	415
721	667
721	691
721	698
721	821
721	825
721	950
721	975
721	977
721	980
721	981
722	13
722	519
722	573
722	617
722	711
722	736
722	741
722	844
722	851
722	894
722	904
723	279
723	417
723	438
723	446
723	484
723	647
723	834
723	849
723	967
724	34
724	73
724	105
724	483
724	490
724	523
724	536
724	808
724	841
724	865
724	967
725	75
725	98
725	260
725	606
725	630
725	828
725	907
725	918
725	971
725	973
725	980
726	222
726	423
726	507
726	548
726	596
726	690
726	767
726	789
726	809
726	857
726	935
727	677
727	678
727	714
727	780
727	911
727	945
727	969
727	985
727	986
727	988
727	997
728	43
728	134
728	421
728	509
728	745
728	748
728	878
728	906
728	929
728	956
728	982
729	27
729	265
729	392
729	495
729	503
729	545
729	788
729	823
729	886
729	962
729	999
730	44
730	178
730	322
730	410
730	668
730	672
730	678
730	797
730	930
730	962
730	979
731	186
731	577
731	706
731	739
731	814
731	916
731	930
731	935
731	952
731	964
731	982
732	322
732	640
732	859
732	874
732	889
732	931
732	941
732	955
732	990
732	994
732	1000
733	7
733	193
733	245
733	288
733	359
733	561
733	565
733	583
733	693
733	871
733	960
734	200
734	283
734	441
734	824
734	849
734	896
734	948
734	957
734	958
734	978
734	993
735	30
735	147
735	150
735	261
735	569
735	624
735	713
735	714
735	785
735	925
735	941
736	250
736	616
736	717
736	722
736	777
736	829
736	851
736	880
736	886
736	888
736	937
737	280
737	705
737	720
737	743
737	819
737	836
737	843
737	849
737	928
737	929
737	969
738	29
738	527
738	599
738	650
738	689
738	773
738	830
738	839
738	924
738	926
738	932
739	270
739	606
739	706
739	731
739	771
739	814
739	916
739	930
739	935
739	963
740	360
740	694
740	717
740	764
740	816
740	895
740	905
740	937
740	943
741	591
741	718
741	722
741	747
741	763
741	826
741	876
741	903
741	1000
742	241
742	556
742	636
742	685
742	716
742	792
742	882
742	883
742	891
742	964
742	992
743	99
743	336
743	369
743	528
743	705
743	737
743	796
743	836
743	928
743	929
743	970
744	17
744	260
744	263
744	264
744	410
744	630
744	756
744	852
744	918
744	973
744	993
745	486
745	524
745	631
745	672
745	682
745	728
745	748
745	855
745	878
745	887
745	906
745	956
746	106
746	174
746	209
746	268
746	303
746	374
746	604
746	655
746	669
746	770
746	785
746	816
747	498
747	586
747	683
747	718
747	720
747	741
747	763
747	826
747	876
747	903
747	920
748	509
748	728
748	745
748	794
748	857
748	878
748	882
748	887
748	894
748	906
748	956
748	962
749	98
749	107
749	168
749	215
749	278
749	334
749	377
749	435
749	440
749	570
749	780
749	974
750	557
750	622
750	645
750	671
750	857
750	901
750	912
750	916
750	956
750	960
750	964
750	965
751	9
751	496
751	535
751	630
751	653
751	797
751	811
751	950
751	954
751	956
751	965
751	977
752	35
752	161
752	427
752	473
752	481
752	573
752	627
752	670
752	703
752	965
752	987
752	996
753	126
753	368
753	449
753	588
753	653
753	691
753	872
753	885
753	893
753	933
753	963
753	996
754	310
754	588
754	623
754	627
754	657
754	760
754	795
754	820
754	827
754	867
754	886
754	897
755	12
755	326
755	524
755	603
755	645
755	811
755	861
755	864
755	899
755	922
755	933
755	966
756	145
756	263
756	451
756	556
756	623
756	744
756	890
756	907
756	947
756	973
756	974
756	979
757	664
757	676
757	709
757	824
757	854
757	919
757	938
757	943
757	949
757	976
757	984
758	247
758	416
758	468
758	642
758	691
758	713
758	893
758	917
758	962
758	966
758	977
758	978
759	212
759	460
759	516
759	535
759	543
759	615
759	650
759	712
759	766
759	781
759	814
759	945
760	110
760	200
760	478
760	579
760	623
760	754
760	779
760	867
760	886
760	897
760	972
760	997
761	56
761	113
761	200
761	283
761	537
761	541
761	622
761	661
761	710
761	875
761	877
761	907
762	112
762	118
762	311
762	398
762	420
762	433
762	525
762	643
762	662
762	850
762	926
762	985
763	458
763	498
763	718
763	741
763	747
763	802
763	826
763	856
763	876
763	903
763	967
764	13
764	422
764	677
764	694
764	717
764	740
764	895
764	905
764	937
764	967
764	973
764	998
765	132
765	261
765	353
765	462
765	686
765	719
765	768
765	784
765	801
765	802
765	968
765	985
766	543
766	615
766	681
766	696
766	712
766	759
766	781
766	832
766	860
766	882
766	942
766	994
767	298
767	423
767	596
767	690
767	708
767	726
767	789
767	802
767	809
767	855
767	857
767	897
768	353
768	356
768	437
768	606
768	684
768	697
768	719
768	765
768	801
768	894
768	900
768	968
769	14
769	49
769	355
769	491
769	633
769	704
769	839
769	855
769	972
769	983
769	988
769	991
770	106
770	160
770	268
770	273
770	303
770	335
770	372
770	374
770	669
770	746
770	816
770	863
771	362
771	739
771	786
771	803
771	813
771	858
771	914
771	947
771	951
771	953
771	971
771	977
772	507
772	700
772	794
772	859
772	874
772	889
772	931
772	955
772	987
772	990
772	994
772	1000
773	335
773	381
773	449
773	561
773	680
773	738
773	791
773	809
773	818
773	923
773	924
773	926
773	932
774	396
774	508
774	567
774	660
774	673
774	690
774	703
774	824
774	847
774	908
774	909
774	912
774	958
775	50
775	130
775	254
775	432
775	516
775	546
775	643
775	662
775	689
775	788
775	848
775	850
775	974
776	411
776	464
776	489
776	598
776	799
776	812
776	853
776	873
776	896
776	935
776	941
776	952
776	966
777	114
777	135
777	228
777	624
777	736
777	818
777	827
777	829
777	851
777	880
777	894
777	904
777	961
778	40
778	95
778	99
778	333
778	351
778	405
778	448
778	590
778	626
778	686
778	927
778	962
778	987
779	409
779	588
779	760
779	923
779	976
779	978
779	984
779	987
779	988
779	989
779	994
779	997
779	999
780	515
780	594
780	675
780	677
780	714
780	727
780	749
780	911
780	945
780	966
780	969
780	985
780	986
781	112
781	401
781	466
781	543
781	699
781	712
781	759
781	766
781	860
781	873
781	888
781	950
781	952
782	210
782	679
782	818
782	842
782	845
782	910
782	921
782	934
782	943
782	944
782	970
783	592
783	794
783	823
783	831
783	865
783	888
783	900
783	939
783	958
783	978
783	989
783	991
783	993
784	353
784	503
784	606
784	649
784	684
784	719
784	765
784	801
784	823
784	922
784	968
784	979
784	996
785	502
785	544
785	735
785	746
785	816
785	854
785	935
785	946
785	952
785	962
785	989
785	993
785	999
786	61
786	224
786	355
786	464
786	589
786	638
786	679
786	771
786	792
786	852
786	856
786	862
786	932
787	129
787	285
787	299
787	350
787	407
787	429
787	457
787	609
787	817
787	891
787	921
787	964
787	967
788	22
788	176
788	182
788	309
788	432
788	495
788	601
788	637
788	729
788	775
788	953
788	978
788	999
789	139
789	298
789	589
789	596
789	665
789	690
789	726
789	767
789	809
789	857
789	920
789	980
789	1000
790	102
790	149
790	430
790	580
790	720
790	820
790	836
790	843
790	873
790	928
790	929
790	966
790	997
791	51
791	134
791	395
791	510
791	518
791	561
791	581
791	773
791	839
791	923
791	924
791	932
791	989
792	127
792	355
792	511
792	638
792	679
792	742
792	786
792	852
792	853
792	856
792	862
792	974
792	984
793	115
793	317
793	433
793	488
793	538
793	557
793	838
793	846
793	855
793	920
793	942
793	944
793	983
794	53
794	486
794	509
794	631
794	748
794	772
794	783
794	816
794	878
794	887
794	906
794	935
794	956
795	344
795	533
795	588
795	700
795	754
795	886
795	897
795	925
795	931
795	932
795	949
795	962
795	972
796	117
796	277
796	290
796	489
796	531
796	605
796	628
796	664
796	743
796	812
796	835
796	866
796	952
797	23
797	56
797	138
797	210
797	301
797	366
797	622
797	671
797	730
797	751
797	853
797	967
797	994
798	171
798	255
798	551
798	579
798	619
798	656
798	677
798	703
798	811
798	835
798	847
798	920
798	944
799	25
799	215
799	485
799	661
799	776
799	916
799	959
799	976
799	981
799	984
799	995
799	999
799	1000
800	139
800	145
800	332
800	389
800	407
800	568
800	583
800	586
800	693
800	871
800	917
800	921
800	992
801	121
801	265
801	420
801	629
801	649
801	684
801	719
801	765
801	768
801	784
801	802
801	968
801	992
802	121
802	189
802	202
802	503
802	649
802	684
802	719
802	763
802	765
802	767
802	801
802	907
802	968
803	36
803	442
803	512
803	679
803	715
803	771
803	813
803	909
803	914
803	947
803	951
803	953
803	997
804	587
804	719
804	822
804	838
804	866
804	881
804	903
804	936
804	946
804	961
804	963
804	979
804	987
804	988
805	242
805	313
805	342
805	485
805	501
805	512
805	550
805	808
805	840
805	863
805	871
805	915
805	992
806	315
806	386
806	455
806	617
806	633
806	634
806	637
806	660
806	684
806	893
806	917
806	944
806	948
806	963
807	279
807	456
807	712
807	812
807	873
807	883
807	907
807	915
807	918
807	944
807	953
807	954
807	965
807	995
808	192
808	232
808	251
808	290
808	557
808	591
808	697
808	724
808	805
808	817
808	833
808	868
808	899
808	908
809	139
809	229
809	423
809	513
809	522
809	526
809	596
809	690
809	726
809	767
809	773
809	789
809	857
809	871
810	41
810	271
810	610
810	821
810	825
810	826
810	837
810	933
810	950
810	959
810	975
810	977
810	980
810	981
811	122
811	162
811	181
811	579
811	619
811	656
811	679
811	751
811	755
811	798
811	835
811	847
811	931
811	960
812	411
812	497
812	589
812	683
812	776
812	796
812	807
812	837
812	890
812	896
812	941
812	952
812	978
812	986
813	295
813	771
813	803
813	858
813	872
813	909
813	914
813	938
813	946
813	947
813	951
813	970
813	971
813	997
814	25
814	439
814	527
814	706
814	731
814	739
814	759
814	823
814	863
814	916
814	930
814	935
814	979
814	982
815	14
815	180
815	297
815	394
815	456
815	487
815	513
815	639
815	648
815	674
815	846
815	883
815	889
815	996
816	106
816	150
816	160
816	268
816	303
816	374
816	390
816	669
816	740
816	746
816	770
816	785
816	794
816	900
817	192
817	201
817	232
817	281
817	292
817	465
817	557
817	591
817	697
817	787
817	808
817	821
817	908
817	961
818	341
818	445
818	580
818	685
818	773
818	777
818	782
818	842
818	845
818	910
818	934
818	943
818	970
818	979
818	982
819	177
819	321
819	362
819	572
819	737
819	902
819	937
819	948
819	959
819	987
819	988
819	989
819	991
819	998
819	999
820	85
820	253
820	308
820	430
820	528
820	571
820	595
820	705
820	720
820	754
820	790
820	836
820	928
820	929
820	966
821	246
821	406
821	607
821	630
821	721
821	810
821	817
821	837
821	933
821	950
821	975
821	977
821	980
821	981
821	998
822	208
822	380
822	804
822	838
822	881
822	894
822	925
822	935
822	936
822	946
822	961
822	963
822	987
822	988
823	487
823	729
823	783
823	784
823	814
823	831
823	865
823	900
823	939
823	978
823	989
823	991
823	993
824	68
824	70
824	312
824	337
824	397
824	661
824	688
824	734
824	757
824	774
824	870
824	896
824	940
824	957
824	967
825	280
825	599
825	607
825	721
825	810
825	837
825	892
825	933
825	950
825	970
825	975
825	977
825	980
825	981
825	994
826	211
826	458
826	487
826	498
826	609
826	718
826	741
826	747
826	763
826	810
826	876
826	903
826	960
827	37
827	132
827	614
827	616
827	632
827	702
827	754
827	777
827	833
827	879
827	901
827	960
827	973
827	974
827	996
828	706
828	725
828	829
828	847
828	912
828	958
828	965
828	973
828	985
828	986
828	987
828	988
828	995
828	998
828	999
829	49
829	269
829	475
829	559
829	711
829	736
829	777
829	828
829	851
829	888
829	894
829	904
829	911
829	931
829	984
830	68
830	311
830	406
830	419
830	541
830	560
830	561
830	663
830	738
830	839
830	891
830	923
830	924
830	926
830	932
831	285
831	593
831	783
831	823
831	854
831	865
831	900
831	901
831	939
831	978
831	989
831	991
831	993
831	994
832	108
832	161
832	165
832	296
832	306
832	380
832	449
832	455
832	594
832	695
832	766
832	872
832	885
832	925
832	996
833	37
833	221
833	614
833	616
833	632
833	702
833	713
833	808
833	827
833	879
833	901
833	960
833	963
833	972
833	996
834	66
834	197
834	252
834	284
834	417
834	438
834	446
834	474
834	647
834	711
834	723
834	849
834	932
835	389
835	473
835	513
835	796
835	798
835	811
835	872
835	877
835	878
835	885
835	965
835	982
835	985
835	990
835	999
835	1000
836	318
836	343
836	408
836	499
836	575
836	607
836	664
836	720
836	737
836	743
836	790
836	820
836	843
836	928
836	929
836	936
837	477
837	554
837	578
837	810
837	812
837	821
837	825
837	904
837	923
837	933
837	943
837	950
837	977
837	980
837	981
837	995
838	338
838	467
838	571
838	648
838	793
838	804
838	822
838	881
838	936
838	946
838	961
838	963
838	987
838	988
839	419
839	426
839	501
839	523
839	650
839	680
839	738
839	769
839	791
839	830
839	890
839	923
839	926
839	932
839	942
839	970
840	9
840	167
840	327
840	485
840	501
840	512
840	550
840	592
840	603
840	675
840	805
840	863
840	878
840	915
840	992
840	993
841	73
841	105
841	245
841	315
841	390
841	490
841	523
841	536
841	563
841	589
841	627
841	668
841	695
841	711
841	724
841	967
842	46
842	500
842	509
842	610
842	620
842	648
842	782
842	818
842	845
842	910
842	934
842	943
842	970
842	982
842	985
842	986
843	253
843	280
843	353
843	369
843	382
843	408
843	567
843	720
843	737
843	790
843	836
843	853
843	883
843	928
843	929
843	966
844	92
844	129
844	250
844	292
844	346
844	391
844	540
844	641
844	663
844	711
844	722
844	851
844	880
844	888
844	894
844	950
844	996
845	251
845	409
845	559
845	580
845	610
845	620
845	636
845	782
845	818
845	842
845	910
845	934
845	943
845	970
845	971
845	981
845	987
846	121
846	302
846	447
846	458
846	480
846	572
846	641
846	652
846	793
846	815
846	855
846	865
846	893
846	913
846	915
846	920
846	944
847	122
847	162
847	181
847	211
847	255
847	401
847	551
847	563
847	579
847	619
847	638
847	656
847	668
847	774
847	798
847	811
847	828
848	55
848	217
848	270
848	273
848	282
848	361
848	548
848	555
848	666
848	668
848	775
848	877
848	898
848	927
848	985
848	991
848	992
849	66
849	197
849	274
849	417
849	438
849	446
849	507
849	615
849	647
849	700
849	723
849	734
849	737
849	834
849	850
849	934
849	943
850	109
850	130
850	199
850	428
850	525
850	546
850	558
850	689
850	762
850	775
850	849
850	890
850	891
850	917
850	926
850	949
850	976
851	19
851	96
851	114
851	317
851	391
851	656
851	673
851	722
851	736
851	777
851	829
851	844
851	880
851	904
851	911
851	997
851	1000
852	89
852	132
852	153
852	155
852	279
852	300
852	464
852	595
852	638
852	679
852	744
852	786
852	792
852	856
852	862
852	913
852	952
853	207
853	622
853	776
853	792
853	797
853	843
853	862
853	876
853	902
853	903
853	912
853	929
853	947
853	948
853	977
853	995
853	997
854	62
854	152
854	344
854	612
854	655
854	676
854	709
854	757
854	785
854	831
854	919
854	938
854	949
854	976
854	984
854	985
855	213
855	246
855	460
855	542
855	572
855	745
855	767
855	769
855	793
855	846
855	904
855	913
855	920
855	927
855	983
855	992
855	998
856	102
856	279
856	300
856	327
856	355
856	464
856	529
856	638
856	669
856	679
856	763
856	786
856	792
856	852
856	862
856	947
856	987
857	139
857	222
857	298
857	347
857	412
857	423
857	488
857	596
857	600
857	690
857	726
857	748
857	750
857	767
857	789
857	809
857	889
858	56
858	65
858	364
858	395
858	604
858	613
858	718
858	771
858	813
858	909
858	914
858	947
858	951
858	953
858	958
858	971
858	997
859	429
859	439
859	732
859	772
859	864
859	874
859	878
859	889
859	904
859	931
859	955
859	990
859	994
859	1000
860	21
860	115
860	220
860	248
860	421
860	423
860	475
860	519
860	535
860	582
860	597
860	681
860	699
860	766
860	781
860	873
860	895
861	195
861	360
861	461
861	510
861	519
861	524
861	537
861	583
861	603
861	645
861	755
861	864
861	884
861	885
861	899
861	922
861	934
861	945
862	89
862	103
862	127
862	279
862	300
862	355
862	464
862	496
862	638
862	646
862	679
862	786
862	792
862	852
862	853
862	856
862	906
862	956
863	9
863	72
863	167
863	218
863	313
863	485
863	501
863	512
863	550
863	590
863	770
863	805
863	814
863	840
863	915
863	956
863	958
863	992
864	105
864	190
864	209
864	220
864	347
864	510
864	519
864	524
864	603
864	645
864	755
864	859
864	861
864	899
864	922
864	940
864	966
864	971
865	680
865	701
865	724
865	783
865	823
865	831
865	846
865	900
865	939
865	959
865	974
865	978
865	989
865	991
865	993
865	994
866	63
866	310
866	337
866	411
866	479
866	489
866	531
866	628
866	664
866	683
866	796
866	804
866	892
866	896
866	897
866	941
866	952
866	982
867	99
867	163
867	478
867	502
867	588
867	627
867	651
867	657
867	709
867	754
867	760
867	886
867	897
867	920
867	931
867	972
867	991
867	996
868	377
868	383
868	701
868	808
868	870
868	876
868	903
868	908
868	910
868	957
868	963
868	969
868	973
868	985
868	986
868	988
868	990
868	994
869	40
869	450
869	570
869	574
869	593
869	640
869	699
869	884
869	892
869	921
869	954
869	959
869	962
869	974
869	992
869	993
869	995
869	998
870	231
870	262
870	307
870	373
870	397
870	459
870	476
870	529
870	654
870	688
870	700
870	824
870	868
870	872
870	940
870	942
870	957
870	978
870	995
871	150
871	153
871	159
871	187
871	384
871	389
871	436
871	462
871	491
871	565
871	646
871	704
871	733
871	800
871	805
871	809
871	924
871	953
871	983
872	94
872	126
872	198
872	296
872	324
872	368
872	594
872	705
872	753
872	813
872	832
872	835
872	870
872	877
872	880
872	885
872	893
872	925
872	996
873	21
873	76
873	77
873	112
873	398
873	482
873	535
873	582
873	597
873	615
873	681
873	694
873	776
873	781
873	790
873	807
873	860
873	890
873	983
874	113
874	255
874	378
874	687
874	692
874	732
874	772
874	859
874	889
874	919
874	930
874	931
874	955
874	990
874	994
874	1000
875	151
875	231
875	246
875	264
875	441
875	488
875	507
875	641
875	698
875	761
875	898
875	913
875	920
875	927
875	937
875	942
875	944
875	947
875	983
876	211
876	362
876	445
876	458
876	492
876	498
876	718
876	741
876	747
876	763
876	826
876	853
876	868
876	892
876	903
876	911
876	948
876	996
877	55
877	81
877	217
877	270
877	273
877	282
877	350
877	361
877	453
877	534
877	548
877	666
877	761
877	835
877	848
877	872
877	898
877	976
877	992
878	60
878	204
878	266
878	631
878	682
878	715
878	728
878	745
878	748
878	794
878	835
878	840
878	859
878	887
878	906
878	925
878	947
878	956
878	990
879	79
879	221
879	331
879	349
879	414
879	500
879	616
879	632
879	702
879	827
879	833
879	901
879	949
879	951
879	960
879	974
879	987
879	996
879	1000
880	49
880	247
880	250
880	347
880	391
880	502
880	538
880	711
880	736
880	777
880	844
880	851
880	872
880	888
880	892
880	894
880	904
880	937
880	990
881	25
881	400
881	444
881	459
881	707
881	804
881	822
881	838
881	936
881	946
881	954
881	961
881	963
881	987
881	988
881	1000
882	32
882	256
882	285
882	329
882	413
882	478
882	538
882	540
882	556
882	567
882	635
882	636
882	716
882	742
882	748
882	766
882	964
882	976
882	992
883	173
883	180
883	297
883	394
883	456
883	487
883	513
883	534
883	648
883	653
883	674
883	708
883	742
883	807
883	815
883	843
883	992
883	994
883	996
884	268
884	286
884	515
884	577
884	640
884	644
884	861
884	869
884	892
884	918
884	954
884	959
884	974
884	979
884	980
884	981
884	992
884	995
884	998
885	94
885	108
885	126
885	161
885	179
885	198
885	338
885	380
885	449
885	594
885	753
885	832
885	835
885	861
885	872
885	908
885	925
885	929
885	950
886	72
886	111
886	133
886	253
886	429
886	493
886	588
886	627
886	657
886	719
886	729
886	736
886	754
886	760
886	795
886	867
886	890
886	897
886	969
886	972
887	18
887	53
887	60
887	214
887	228
887	266
887	398
887	579
887	682
887	745
887	748
887	794
887	878
887	906
887	925
887	932
887	938
887	950
887	956
887	982
888	13
888	92
888	111
888	114
888	135
888	247
888	250
888	304
888	696
888	711
888	736
888	781
888	783
888	829
888	844
888	880
888	894
888	904
888	947
888	996
889	305
889	314
889	467
889	638
889	665
889	692
889	732
889	772
889	815
889	857
889	859
889	874
889	931
889	945
889	955
889	990
889	994
889	996
889	1000
890	637
890	651
890	692
890	697
890	756
890	812
890	839
890	850
890	873
890	886
890	895
890	934
890	937
890	940
890	941
890	943
890	951
890	953
890	957
890	970
891	299
891	363
891	653
891	716
891	742
891	787
891	830
891	850
891	905
891	907
891	914
891	958
891	969
891	971
891	973
891	985
891	986
891	989
891	993
891	997
892	117
892	276
892	378
892	504
892	593
892	640
892	825
892	866
892	869
892	876
892	880
892	884
892	954
892	959
892	974
892	976
892	979
892	995
892	996
892	998
893	397
893	404
893	416
893	494
893	590
893	626
893	630
893	634
893	682
893	686
893	753
893	758
893	806
893	846
893	872
893	915
893	920
893	956
893	961
893	983
894	49
894	92
894	247
894	292
894	398
894	430
894	666
894	711
894	722
894	748
894	768
894	777
894	822
894	829
894	844
894	880
894	888
894	904
894	974
894	996
895	64
895	79
895	352
895	422
895	547
895	673
895	694
895	716
895	717
895	740
895	764
895	860
895	890
895	905
895	937
895	941
895	948
895	966
895	967
896	45
896	65
896	110
896	277
896	489
896	598
896	628
896	664
896	668
896	734
896	776
896	812
896	824
896	866
896	941
896	952
896	966
896	972
896	982
896	995
897	69
897	88
897	147
897	177
897	200
897	502
897	517
897	623
897	627
897	657
897	754
897	760
897	767
897	795
897	866
897	867
897	886
897	962
897	972
897	977
897	993
898	55
898	81
898	217
898	270
898	273
898	282
898	317
898	361
898	417
898	419
898	548
898	570
898	595
898	605
898	666
898	848
898	875
898	877
898	946
898	954
898	992
899	195
899	239
899	290
899	325
899	360
899	396
899	461
899	480
899	510
899	519
899	524
899	603
899	645
899	755
899	808
899	861
899	864
899	922
899	966
899	975
899	976
900	184
900	301
900	582
900	654
900	701
900	768
900	783
900	816
900	823
900	831
900	865
900	938
900	939
900	978
900	989
900	991
900	993
901	79
901	191
901	328
901	331
901	352
901	414
901	596
901	614
901	616
901	632
901	702
901	750
901	827
901	831
901	833
901	879
901	925
901	960
901	981
901	984
901	996
902	12
902	37
902	87
902	137
902	286
902	346
902	391
902	396
902	402
902	431
902	434
902	473
902	633
902	634
902	660
902	819
902	853
902	948
902	966
902	984
902	990
903	53
903	66
903	104
903	205
903	211
903	398
903	437
903	458
903	460
903	498
903	718
903	741
903	747
903	763
903	804
903	826
903	853
903	868
903	876
903	906
903	925
904	13
904	135
904	228
904	391
904	475
904	538
904	570
904	711
904	722
904	777
904	829
904	837
904	851
904	855
904	859
904	880
904	888
904	894
904	952
904	955
904	960
904	996
905	25
905	64
905	99
905	151
905	256
905	317
905	352
905	422
905	602
905	617
905	653
905	694
905	717
905	740
905	764
905	891
905	895
905	908
905	937
905	942
905	966
905	967
906	18
906	209
906	214
906	266
906	358
906	486
906	509
906	631
906	682
906	707
906	728
906	745
906	748
906	794
906	862
906	878
906	887
906	903
906	924
906	954
906	956
906	982
907	20
907	144
907	203
907	263
907	302
907	443
907	592
907	618
907	639
907	646
907	695
907	725
907	756
907	761
907	802
907	807
907	891
907	917
907	918
907	950
907	973
907	979
908	128
908	155
908	192
908	201
908	232
908	251
908	271
908	281
908	465
908	538
908	557
908	576
908	591
908	697
908	774
908	808
908	817
908	868
908	885
908	905
908	911
908	978
909	19
909	39
909	88
909	244
909	338
909	476
909	484
909	495
909	550
909	604
909	637
909	647
909	774
909	803
909	813
909	858
909	914
909	947
909	951
909	953
909	962
909	971
909	997
910	166
910	216
910	383
910	500
910	551
910	559
910	580
910	610
910	620
910	674
910	681
910	782
910	818
910	842
910	845
910	868
910	934
910	937
910	943
910	970
910	979
910	982
910	993
911	187
911	393
911	547
911	558
911	571
911	675
911	677
911	714
911	727
911	780
911	829
911	851
911	876
911	908
911	945
911	969
911	985
911	986
911	996
912	24
912	165
912	171
912	225
912	234
912	257
912	283
912	340
912	379
912	492
912	575
912	578
912	584
912	595
912	643
912	653
912	675
912	750
912	774
912	828
912	853
912	942
912	958
913	227
913	302
913	331
913	365
913	388
913	415
913	480
913	498
913	542
913	641
913	652
913	698
913	720
913	846
913	852
913	855
913	875
913	920
913	927
913	944
913	955
913	983
913	992
914	120
914	128
914	233
914	236
914	239
914	316
914	425
914	585
914	613
914	771
914	803
914	813
914	858
914	891
914	909
914	921
914	932
914	947
914	951
914	958
914	971
914	992
914	997
915	9
915	104
915	167
915	218
915	313
915	314
915	362
915	485
915	490
915	495
915	501
915	512
915	550
915	631
915	696
915	805
915	807
915	840
915	846
915	863
915	893
915	982
915	992
916	26
916	80
916	90
916	158
916	185
916	189
916	272
916	274
916	350
916	411
916	439
916	474
916	706
916	731
916	739
916	750
916	799
916	814
916	930
916	935
916	942
916	979
916	982
917	35
917	263
917	293
917	403
917	478
917	633
917	662
917	713
917	758
917	800
917	806
917	850
917	907
917	948
917	949
917	950
917	976
917	980
917	981
917	984
917	989
917	990
917	1000
918	3
918	6
918	29
918	116
918	131
918	312
918	443
918	469
918	544
918	592
918	630
918	639
918	649
918	725
918	744
918	807
918	884
918	907
918	924
918	973
918	974
918	983
918	995
919	237
919	291
919	401
919	612
919	628
919	655
919	676
919	683
919	709
919	757
919	854
919	874
919	938
919	940
919	949
919	960
919	976
919	984
920	46
920	276
920	415
920	444
920	447
920	480
920	652
920	698
920	747
920	789
920	793
920	798
920	846
920	855
920	867
920	875
920	893
920	913
920	927
920	944
920	967
920	983
920	989
920	994
921	138
921	144
921	193
921	222
921	299
921	505
921	511
921	646
921	715
921	782
921	787
921	800
921	869
921	914
921	934
921	951
921	963
921	970
921	978
921	983
921	987
921	988
921	989
921	991
922	195
922	239
922	290
922	301
922	339
922	360
922	461
922	472
922	506
922	510
922	519
922	524
922	529
922	586
922	603
922	645
922	678
922	755
922	784
922	861
922	864
922	899
922	963
922	990
923	28
923	61
923	224
923	419
923	470
923	537
923	560
923	561
923	600
923	650
923	672
923	680
923	773
923	779
923	791
923	830
923	837
923	839
923	924
923	926
923	929
923	961
923	972
923	974
924	8
924	51
924	119
924	342
924	395
924	406
924	419
924	426
924	527
924	560
924	581
924	685
924	691
924	738
924	773
924	791
924	830
924	871
924	906
924	918
924	923
924	926
924	932
924	942
924	992
925	15
925	473
925	478
925	569
925	624
925	697
925	735
925	795
925	822
925	832
925	872
925	878
925	885
925	887
925	901
925	903
925	945
925	955
925	956
925	965
925	972
925	974
925	989
925	991
925	993
926	23
926	61
926	240
926	342
926	406
926	426
926	527
926	537
926	560
926	581
926	650
926	738
926	762
926	773
926	830
926	839
926	850
926	923
926	924
926	932
926	938
926	939
926	942
926	959
926	963
926	974
927	10
927	38
927	58
927	98
927	100
927	151
927	302
927	365
927	377
927	388
927	403
927	433
927	589
927	639
927	641
927	718
927	778
927	848
927	855
927	875
927	913
927	920
927	944
927	976
927	983
927	992
928	85
928	149
928	258
928	267
928	280
928	343
928	408
928	430
928	465
928	499
928	574
928	591
928	705
928	720
928	737
928	743
928	790
928	820
928	836
928	843
928	929
928	937
928	968
928	969
928	982
928	996
929	85
929	205
929	253
929	258
929	280
929	343
929	369
929	430
929	466
929	528
929	705
929	728
929	737
929	743
929	790
929	820
929	836
929	843
929	853
929	885
929	923
929	928
929	941
929	955
929	966
929	982
929	999
930	26
930	66
930	80
930	154
930	158
930	185
930	186
930	188
930	272
930	333
930	392
930	403
930	439
930	463
930	467
930	532
930	706
930	730
930	731
930	739
930	814
930	874
930	916
930	935
930	975
930	979
930	982
931	43
931	83
931	101
931	320
931	343
931	476
931	520
931	522
931	665
931	692
931	732
931	772
931	795
931	811
931	829
931	859
931	867
931	874
931	889
931	955
931	978
931	982
931	983
931	990
931	994
931	996
931	1000
932	28
932	335
932	342
932	395
932	426
932	537
932	551
932	560
932	576
932	581
932	650
932	680
932	700
932	738
932	773
932	786
932	791
932	795
932	830
932	834
932	839
932	887
932	914
932	924
932	926
932	982
932	996
933	17
933	287
933	308
933	367
933	454
933	521
933	522
933	526
933	578
933	608
933	667
933	753
933	755
933	810
933	821
933	825
933	837
933	942
933	946
933	950
933	975
933	977
933	978
933	980
933	981
933	983
933	997
934	194
934	204
934	207
934	383
934	409
934	445
934	500
934	510
934	559
934	580
934	610
934	620
934	718
934	782
934	818
934	842
934	845
934	849
934	861
934	890
934	910
934	921
934	938
934	942
934	943
934	970
934	971
934	979
935	26
935	80
935	98
935	155
935	158
935	185
935	186
935	188
935	272
935	439
935	694
935	706
935	726
935	731
935	739
935	776
935	785
935	794
935	814
935	822
935	916
935	930
935	964
935	965
935	979
935	982
935	988
935	997
936	213
936	328
936	503
936	564
936	611
936	626
936	629
936	656
936	707
936	804
936	822
936	836
936	838
936	881
936	944
936	946
936	961
936	963
936	987
936	988
936	991
937	64
937	90
937	150
937	171
937	205
937	269
937	352
937	422
937	506
937	517
937	655
937	690
937	694
937	717
937	736
937	740
937	764
937	819
937	875
937	880
937	890
937	895
937	905
937	910
937	928
937	948
937	966
937	967
938	27
938	235
938	238
938	291
938	450
938	612
938	655
938	676
938	709
938	757
938	813
938	854
938	887
938	900
938	919
938	926
938	934
938	949
938	963
938	964
938	967
938	976
938	984
939	118
939	143
939	157
939	325
939	404
939	442
939	472
939	509
939	552
939	573
939	612
939	614
939	654
939	701
939	708
939	783
939	823
939	831
939	865
939	900
939	926
939	978
939	982
939	989
939	991
939	993
940	68
940	70
940	183
940	218
940	231
940	262
940	269
940	278
940	337
940	372
940	373
940	397
940	459
940	529
940	570
940	605
940	687
940	688
940	824
940	864
940	870
940	890
940	919
940	942
940	957
940	971
940	973
940	988
941	10
941	45
941	63
941	110
941	219
941	277
941	310
941	411
941	422
941	479
941	531
941	617
941	628
941	680
941	683
941	696
941	732
941	735
941	776
941	812
941	866
941	890
941	895
941	896
941	929
941	952
941	966
941	969
942	4
942	12
942	93
942	348
942	407
942	459
942	488
942	494
942	501
942	595
942	766
942	793
942	839
942	870
942	875
942	905
942	912
942	916
942	924
942	926
942	933
942	934
942	940
942	948
942	957
942	958
942	975
942	981
942	986
943	40
943	166
943	194
943	383
943	409
943	421
943	445
943	500
943	559
943	580
943	610
943	620
943	740
943	757
943	782
943	818
943	837
943	842
943	845
943	849
943	890
943	910
943	934
943	950
943	961
943	965
943	970
943	979
943	982
944	58
944	156
944	161
944	171
944	365
944	388
944	415
944	447
944	537
944	542
944	572
944	652
944	698
944	782
944	793
944	798
944	806
944	807
944	846
944	875
944	913
944	920
944	927
944	936
944	946
944	967
944	973
944	983
944	992
945	73
945	142
945	345
945	393
945	444
945	474
945	547
945	549
945	571
945	675
945	677
945	714
945	727
945	759
945	780
945	861
945	889
945	911
945	925
945	949
945	969
945	980
945	985
945	986
945	995
946	84
946	294
946	564
946	585
946	611
946	629
946	634
946	707
946	785
946	804
946	813
946	822
946	838
946	881
946	898
946	933
946	936
946	944
946	961
946	963
946	966
946	974
946	987
946	988
946	1000
947	52
947	71
947	233
947	236
947	295
947	425
947	507
947	555
947	600
947	637
947	695
947	702
947	756
947	771
947	803
947	813
947	853
947	856
947	858
947	875
947	878
947	888
947	909
947	914
947	951
947	953
947	971
947	978
947	997
947	999
948	11
948	75
948	87
948	136
948	137
948	244
948	348
948	379
948	396
948	402
948	431
948	434
948	484
948	494
948	497
948	601
948	633
948	634
948	660
948	663
948	734
948	806
948	819
948	853
948	876
948	895
948	902
948	917
948	937
948	942
948	997
949	82
949	141
949	169
949	173
949	235
949	238
949	243
949	252
949	291
949	370
949	450
949	590
949	612
949	655
949	671
949	676
949	709
949	757
949	795
949	850
949	854
949	879
949	917
949	919
949	938
949	945
949	967
949	972
949	976
949	979
949	984
950	103
950	124
950	164
950	204
950	267
950	271
950	578
950	599
950	608
950	667
950	721
950	751
950	781
950	810
950	821
950	825
950	837
950	844
950	885
950	887
950	907
950	917
950	933
950	943
950	956
950	965
950	974
950	975
950	977
950	980
950	981
951	16
951	19
951	50
951	71
951	230
951	236
951	259
951	295
951	484
951	542
951	555
951	600
951	631
951	637
951	686
951	706
951	771
951	803
951	813
951	858
951	879
951	890
951	909
951	914
951	921
951	947
951	953
951	954
951	967
951	971
951	997
952	45
952	63
952	110
952	219
952	277
952	310
952	364
952	403
952	446
952	479
952	489
952	598
952	628
952	642
952	657
952	664
952	683
952	731
952	776
952	781
952	785
952	796
952	812
952	852
952	866
952	896
952	904
952	941
952	959
952	966
952	984
953	36
953	39
953	65
953	88
953	120
953	229
953	230
953	233
953	372
953	484
953	600
953	604
953	609
953	613
953	615
953	640
953	672
953	771
953	788
953	803
953	807
953	858
953	871
953	890
953	909
953	947
953	951
953	956
953	966
953	967
953	971
953	997
954	1
954	242
954	259
954	276
954	452
954	461
954	471
954	482
954	504
954	515
954	574
954	593
954	634
954	644
954	655
954	751
954	807
954	869
954	881
954	884
954	892
954	898
954	906
954	951
954	959
954	962
954	966
954	974
954	977
954	979
954	995
954	998
955	11
955	15
955	22
955	59
955	67
955	208
955	385
955	467
955	516
955	520
955	548
955	665
955	666
955	692
955	732
955	772
955	859
955	874
955	889
955	904
955	913
955	925
955	929
955	931
955	959
955	962
955	982
955	990
955	994
955	996
955	999
955	1000
956	18
956	53
956	60
956	63
956	134
956	214
956	266
956	272
956	486
956	509
956	609
956	629
956	631
956	673
956	682
956	728
956	745
956	748
956	750
956	751
956	794
956	862
956	863
956	878
956	887
956	893
956	906
956	925
956	950
956	953
956	972
956	982
957	68
957	70
957	104
957	106
957	147
957	159
957	183
957	231
957	262
957	307
957	337
957	347
957	373
957	375
957	397
957	459
957	460
957	529
957	673
957	682
957	688
957	694
957	700
957	734
957	824
957	868
957	870
957	890
957	940
957	942
957	961
957	984
958	24
958	96
958	146
958	165
958	225
958	234
958	239
958	257
958	283
958	340
958	379
958	382
958	492
958	494
958	563
958	575
958	584
958	595
958	669
958	696
958	707
958	734
958	774
958	783
958	828
958	858
958	863
958	891
958	912
958	914
958	942
958	981
959	90
959	97
959	227
959	242
959	243
959	246
959	319
959	452
959	466
959	482
959	489
959	504
959	515
959	566
959	574
959	593
959	640
959	644
959	799
959	810
959	819
959	865
959	869
959	884
959	892
959	926
959	952
959	954
959	955
959	970
959	992
959	995
959	998
960	37
960	42
960	79
960	91
960	153
960	191
960	221
960	328
960	331
960	347
960	414
960	493
960	522
960	553
960	589
960	614
960	616
960	632
960	673
960	702
960	733
960	750
960	811
960	826
960	827
960	833
960	879
960	901
960	904
960	919
960	974
960	996
960	1000
961	294
961	371
961	418
961	440
961	564
961	585
961	611
961	626
961	629
961	707
961	777
961	804
961	817
961	822
961	838
961	881
961	893
961	923
961	936
961	943
961	946
961	957
961	963
961	964
961	974
961	979
961	987
961	988
962	41
962	92
962	223
962	309
962	318
962	426
962	495
962	547
962	566
962	573
962	657
962	715
962	729
962	730
962	748
962	758
962	778
962	785
962	795
962	869
962	897
962	909
962	954
962	955
962	972
962	987
962	989
962	990
962	994
962	995
962	998
962	999
962	1000
963	57
963	216
963	294
963	314
963	371
963	440
963	448
963	485
963	548
963	564
963	585
963	611
963	629
963	707
963	739
963	753
963	804
963	806
963	822
963	833
963	838
963	868
963	881
963	921
963	922
963	926
963	936
963	938
963	946
963	961
963	974
963	987
963	988
964	32
964	190
964	231
964	241
964	256
964	289
964	323
964	329
964	388
964	413
964	425
964	483
964	514
964	540
964	556
964	567
964	602
964	635
964	636
964	685
964	700
964	716
964	731
964	742
964	750
964	787
964	882
964	935
964	938
964	961
964	974
964	977
964	992
964	994
965	34
965	35
965	52
965	148
965	170
965	206
965	289
965	376
965	427
965	455
965	470
965	473
965	481
965	552
965	570
965	589
965	621
965	625
965	670
965	681
965	703
965	750
965	751
965	752
965	807
965	828
965	835
965	925
965	935
965	943
965	950
965	970
965	989
965	996
966	26
966	206
966	239
966	292
966	309
966	470
966	481
966	518
966	611
966	621
966	691
966	713
966	717
966	755
966	758
966	776
966	780
966	790
966	820
966	843
966	864
966	895
966	896
966	899
966	902
966	905
966	929
966	937
966	941
966	946
966	952
966	953
966	954
966	992
967	89
967	237
967	316
967	357
967	462
967	490
967	508
967	532
967	536
967	652
967	723
967	724
967	763
967	764
967	787
967	797
967	824
967	841
967	895
967	905
967	920
967	937
967	938
967	944
967	949
967	951
967	953
967	971
967	976
967	983
967	984
967	990
967	997
967	998
968	17
968	78
968	81
968	93
968	125
968	132
968	145
968	202
968	243
968	327
968	330
968	347
968	353
968	356
968	418
968	437
968	455
968	503
968	570
968	589
968	606
968	649
968	670
968	673
968	684
968	719
968	765
968	768
968	784
968	801
968	802
968	928
968	974
968	978
969	42
969	54
969	107
969	125
969	157
969	158
969	205
969	240
969	264
969	345
969	387
969	393
969	444
969	474
969	547
969	549
969	565
969	571
969	675
969	677
969	714
969	727
969	737
969	780
969	868
969	886
969	891
969	911
969	928
969	941
969	945
969	980
969	985
969	986
969	987
970	67
970	78
970	104
970	166
970	194
970	307
970	383
970	409
970	412
970	445
970	500
970	559
970	566
970	570
970	580
970	610
970	620
970	743
970	782
970	813
970	818
970	825
970	839
970	842
970	845
970	890
970	910
970	921
970	934
970	943
970	959
970	965
970	979
970	982
970	993
971	16
971	19
971	74
971	91
971	228
971	229
971	338
971	425
971	484
971	555
971	600
971	604
971	613
971	632
971	637
971	663
971	673
971	696
971	725
971	771
971	813
971	845
971	858
971	864
971	891
971	909
971	914
971	934
971	940
971	947
971	951
971	953
971	967
971	977
971	1000
972	3
972	77
972	111
972	116
972	152
972	177
972	274
972	344
972	433
972	463
972	478
972	502
972	514
972	533
972	553
972	588
972	609
972	623
972	627
972	651
972	657
972	671
972	760
972	769
972	795
972	833
972	867
972	886
972	896
972	897
972	923
972	925
972	949
972	956
972	962
972	985
973	3
973	6
973	20
973	29
973	75
973	131
973	144
973	312
973	410
973	411
973	434
973	443
973	451
973	469
973	538
973	592
973	609
973	618
973	619
973	630
973	639
973	704
973	725
973	744
973	756
973	764
973	827
973	828
973	868
973	891
973	907
973	918
973	940
973	944
973	976
973	980
974	28
974	69
974	130
974	193
974	213
974	461
974	546
974	616
974	680
974	749
974	756
974	775
974	792
974	827
974	865
974	869
974	879
974	884
974	892
974	894
974	918
974	923
974	925
974	926
974	946
974	950
974	954
974	960
974	961
974	963
974	964
974	968
974	977
974	979
974	987
974	988
974	998
975	14
975	142
975	174
975	238
975	249
975	267
975	287
975	306
975	330
975	334
975	357
975	387
975	477
975	508
975	521
975	526
975	554
975	578
975	599
975	607
975	608
975	610
975	667
975	720
975	721
975	810
975	821
975	825
975	899
975	930
975	933
975	942
975	950
975	977
975	980
975	981
975	994
975	999
976	82
976	84
976	141
976	160
976	169
976	173
976	235
976	238
976	252
976	291
976	346
976	370
976	450
976	535
976	562
976	612
976	655
976	676
976	709
976	757
976	779
976	799
976	850
976	854
976	877
976	882
976	892
976	899
976	917
976	919
976	927
976	938
976	949
976	967
976	973
976	981
976	984
977	48
977	124
977	156
977	174
977	204
977	287
977	308
977	330
977	387
977	400
977	465
977	477
977	521
977	526
977	554
977	578
977	599
977	607
977	608
977	721
977	751
977	758
977	771
977	810
977	821
977	825
977	837
977	853
977	897
977	933
977	950
977	954
977	964
977	971
977	974
977	975
977	980
977	981
977	983
978	33
978	324
978	325
978	336
978	341
978	381
978	400
978	404
978	442
978	472
978	552
978	573
978	645
978	654
978	658
978	701
978	734
978	758
978	779
978	783
978	788
978	812
978	823
978	831
978	865
978	870
978	900
978	908
978	921
978	931
978	933
978	939
978	947
978	968
978	982
978	986
978	989
978	991
978	993
979	7
979	70
979	172
979	175
979	226
979	247
979	248
979	275
979	469
979	528
979	562
979	659
979	664
979	687
979	693
979	730
979	756
979	784
979	804
979	814
979	818
979	884
979	892
979	907
979	910
979	916
979	930
979	934
979	935
979	943
979	949
979	954
979	961
979	970
979	974
979	988
979	995
979	998
979	999
980	14
980	128
980	142
980	150
980	267
980	271
980	288
980	329
980	330
980	387
980	521
980	543
980	554
980	576
980	578
980	599
980	607
980	608
980	653
980	667
980	675
980	717
980	721
980	725
980	789
980	810
980	821
980	825
980	837
980	884
980	917
980	933
980	945
980	950
980	969
980	973
980	975
980	977
980	981
980	999
981	10
981	87
981	103
981	109
981	174
981	267
981	287
981	308
981	330
981	340
981	387
981	477
981	515
981	521
981	526
981	553
981	554
981	599
981	607
981	608
981	653
981	667
981	721
981	799
981	810
981	821
981	825
981	837
981	845
981	884
981	901
981	917
981	933
981	942
981	950
981	958
981	975
981	976
981	977
981	980
981	991
982	81
982	223
982	286
982	316
982	499
982	528
982	581
982	661
982	728
982	731
982	814
982	818
982	835
982	842
982	866
982	887
982	896
982	906
982	910
982	915
982	916
982	928
982	929
982	930
982	931
982	932
982	935
982	939
982	943
982	955
982	956
982	970
982	978
982	989
982	990
982	991
982	992
982	993
982	994
982	997
982	1000
983	10
983	38
983	46
983	84
983	246
983	313
983	365
983	385
983	388
983	412
983	415
983	433
983	441
983	488
983	542
983	572
983	605
983	641
983	652
983	658
983	698
983	769
983	793
983	855
983	871
983	873
983	875
983	893
983	913
983	918
983	920
983	921
983	927
983	931
983	933
983	944
983	967
983	977
983	992
983	995
983	998
984	82
984	84
984	141
984	169
984	173
984	235
984	238
984	252
984	291
984	334
984	366
984	370
984	450
984	460
984	517
984	586
984	611
984	612
984	638
984	655
984	668
984	673
984	676
984	709
984	757
984	779
984	792
984	799
984	829
984	854
984	901
984	902
984	917
984	919
984	938
984	949
984	952
984	957
984	967
984	976
984	995
984	998
985	4
985	42
985	54
985	157
985	171
985	189
985	240
985	243
985	248
985	264
985	327
985	345
985	393
985	403
985	414
985	444
985	474
985	528
985	547
985	549
985	571
985	587
985	675
985	677
985	714
985	727
985	762
985	765
985	780
985	828
985	835
985	842
985	848
985	854
985	868
985	891
985	911
985	945
985	969
985	972
985	986
985	997
986	4
986	42
986	54
986	91
986	121
986	157
986	159
986	240
986	264
986	281
986	333
986	345
986	346
986	393
986	444
986	474
986	547
986	549
986	567
986	571
986	613
986	617
986	650
986	675
986	677
986	681
986	714
986	716
986	727
986	780
986	812
986	828
986	842
986	868
986	891
986	911
986	942
986	945
986	969
986	978
986	985
986	989
987	57
987	71
987	164
987	216
987	274
987	294
987	314
987	333
987	371
987	415
987	440
987	507
987	517
987	564
987	585
987	611
987	629
987	636
987	643
987	668
987	707
987	752
987	772
987	778
987	779
987	804
987	819
987	822
987	828
987	838
987	845
987	856
987	879
987	881
987	921
987	936
987	946
987	961
987	962
987	963
987	969
987	974
987	988
988	57
988	199
988	205
988	216
988	294
988	314
988	363
988	371
988	440
988	506
988	522
988	544
988	553
988	564
988	585
988	611
988	616
988	629
988	673
988	685
988	707
988	714
988	727
988	769
988	779
988	804
988	819
988	822
988	828
988	838
988	868
988	881
988	921
988	935
988	936
988	940
988	946
988	961
988	963
988	974
988	979
988	987
988	990
989	222
989	317
989	324
989	325
989	336
989	341
989	381
989	398
989	400
989	404
989	442
989	472
989	540
989	552
989	554
989	573
989	599
989	654
989	677
989	688
989	701
989	779
989	783
989	785
989	791
989	819
989	823
989	831
989	865
989	891
989	900
989	917
989	920
989	921
989	925
989	939
989	962
989	965
989	978
989	982
989	986
989	991
989	992
989	993
990	2
990	5
990	11
990	15
990	59
990	62
990	83
990	101
990	146
990	182
990	236
990	320
990	385
990	406
990	476
990	516
990	520
990	565
990	576
990	594
990	665
990	692
990	701
990	706
990	732
990	772
990	835
990	859
990	868
990	874
990	878
990	880
990	889
990	902
990	917
990	922
990	931
990	955
990	962
990	967
990	982
990	988
990	994
990	996
990	1000
991	77
991	78
991	187
991	210
991	293
991	324
991	325
991	336
991	341
991	366
991	381
991	400
991	404
991	412
991	442
991	472
991	527
991	541
991	552
991	573
991	612
991	650
991	654
991	701
991	714
991	769
991	783
991	819
991	823
991	831
991	848
991	865
991	867
991	900
991	921
991	925
991	936
991	939
991	978
991	981
991	982
991	989
991	993
991	996
991	997
992	7
992	74
992	140
992	142
992	282
992	323
992	367
992	407
992	462
992	521
992	542
992	550
992	636
992	666
992	669
992	704
992	742
992	800
992	801
992	805
992	840
992	848
992	855
992	863
992	869
992	877
992	882
992	883
992	884
992	898
992	913
992	914
992	915
992	924
992	927
992	944
992	959
992	964
992	966
992	982
992	983
992	989
992	995
992	998
992	999
993	72
993	104
993	138
993	147
993	210
993	324
993	326
993	327
993	334
993	336
993	341
993	367
993	381
993	384
993	400
993	404
993	442
993	443
993	472
993	552
993	573
993	581
993	654
993	701
993	734
993	744
993	783
993	785
993	823
993	831
993	840
993	865
993	869
993	891
993	897
993	900
993	910
993	925
993	939
993	970
993	978
993	982
993	989
993	991
993	997
994	2
994	5
994	31
994	62
994	67
994	90
994	101
994	146
994	208
994	232
994	317
994	320
994	351
994	385
994	467
994	471
994	476
994	517
994	520
994	565
994	608
994	665
994	692
994	732
994	766
994	772
994	779
994	797
994	825
994	831
994	859
994	865
994	868
994	874
994	883
994	889
994	920
994	931
994	955
994	962
994	964
994	975
994	982
994	990
994	996
994	1000
995	1
995	97
995	99
995	117
995	148
995	189
995	227
995	240
995	242
995	276
995	286
995	319
995	378
995	394
995	452
995	482
995	504
995	514
995	515
995	553
995	574
995	593
995	640
995	644
995	654
995	682
995	799
995	807
995	828
995	837
995	853
995	869
995	870
995	884
995	892
995	896
995	918
995	945
995	954
995	959
995	962
995	979
995	983
995	984
995	992
995	998
995	1000
996	123
996	202
996	368
996	376
996	405
996	414
996	456
996	473
996	475
996	534
996	594
996	613
996	648
996	658
996	674
996	682
996	703
996	711
996	752
996	753
996	784
996	815
996	827
996	832
996	833
996	844
996	867
996	872
996	876
996	879
996	883
996	888
996	889
996	892
996	894
996	901
996	904
996	911
996	928
996	931
996	932
996	955
996	960
996	965
996	990
996	991
996	994
996	1000
997	16
997	36
997	39
997	65
997	71
997	74
997	91
997	120
997	125
997	159
997	203
997	209
997	229
997	230
997	295
997	317
997	338
997	425
997	434
997	493
997	555
997	600
997	604
997	613
997	637
997	695
997	727
997	760
997	779
997	790
997	803
997	813
997	851
997	853
997	858
997	891
997	909
997	914
997	933
997	935
997	947
997	948
997	951
997	953
997	967
997	982
997	985
997	991
997	993
998	1
998	97
998	102
998	117
998	147
998	185
998	218
998	224
998	227
998	242
998	275
998	276
998	286
998	319
998	323
998	362
998	378
998	436
998	439
998	452
998	456
998	482
998	493
998	504
998	507
998	515
998	525
998	574
998	593
998	640
998	644
998	764
998	819
998	821
998	828
998	855
998	869
998	884
998	892
998	954
998	959
998	962
998	967
998	974
998	979
998	983
998	984
998	992
998	995
999	22
999	27
999	83
999	153
999	159
999	171
999	176
999	182
999	205
999	265
999	284
999	305
999	306
999	309
999	315
999	317
999	343
999	346
999	392
999	395
999	424
999	432
999	495
999	507
999	522
999	530
999	538
999	545
999	601
999	605
999	658
999	676
999	729
999	779
999	785
999	788
999	799
999	819
999	828
999	835
999	929
999	947
999	955
999	962
999	975
999	979
999	980
999	992
999	1000
1000	2
1000	5
1000	15
1000	32
1000	59
1000	62
1000	67
1000	83
1000	146
1000	208
1000	252
1000	299
1000	320
1000	362
1000	383
1000	385
1000	467
1000	476
1000	520
1000	553
1000	653
1000	663
1000	665
1000	684
1000	692
1000	732
1000	741
1000	772
1000	789
1000	799
1000	835
1000	851
1000	859
1000	874
1000	879
1000	881
1000	889
1000	917
1000	931
1000	946
1000	955
1000	960
1000	962
1000	971
1000	982
1000	990
1000	994
1000	995
1000	996
1000	999
