10 161 23 249 272 274 308 326 331 346 390 412 487 49 516 536 541 609 679 701 702 763 769 788 796 810 813 826 841 878 899 927 964 977 984 999 
1000 111 113 128 147 153 262 264 385 39 420 465 599 649 655 671 679 689 775 790 819 834 859 943
130 134 207 227 234 247 276 321 403 408 436 478 511 517 58 643 668 673 736 738 776 806 852 899 931
114 21 212 239 313 348 387 43 522 614 631 733 754 810 830 833 926
13 359 362 368 542 551 561 661 711 866 984 992
12 186 218 225 257 26 266 272 284 307 352 380 398 404 424 439 44 452 457 460 468 516 540 575 637 652 678 692 70 706 713 730 736 738 770 816 835 867 871 889 913 915 926 931 948 986 989
135 138 178 189 196 197 203 241 245 32 334 340 344 350 364 392 43 449 461 498 547 577 622 625 629 631 68 705 708 712 736 746 760 784 795 817 852 863 903 91 932 935 945 952 988 99
138 183 308 323 382 397 50 51 516 569 630 766 992
192 205 229 261 303 367 430 458 504 505 522 529 571 575 59 700 703 793 875 957
124 17 204 268 376 393 483 519 539 644 654 698 786
154 237 277 361 39 415 432 485 499 500 511 544 565 582 589 620 632 633 646 720 739 741 755 789 839 877 889 900 926 946
1000 109 125 146 154 162 166 205 216 281 289 292 302 345 369 385 391 396 421 422 427 430 442 476 535 592 621 626 635 675 689 69 696 735 76 761 802 813 824 827 882 916 979 984 991 994
186 430 549 585 634 68 691 724 729 801 843 931 964
100 110 143 144 155 160 196 199 230 272 31 326 385 39 406 435 469 496 507 523 552 603 609 631 641 656 665 722 797 804 839 869 888 892 897 911 943 951 960 966 976 978 985 993
132 151 154 159 162 190 193 194 201 243 280 32 332 333 356 359 428 435 443 451 489 505 507 522 566 617 624 631 648 657 661 68 694 726 738 776 832 84 86 92 942 955 967 973 984 987
209 273 324 372 453 478 501 525 619 636 790 810 825 862 926
118 148 176 18 233 30 394 429 431 445 455 497 564 580 616 642 779
102 112 120 182 192 210 215 219 24 267 275 29 297 304 309 335 344 378 459 463 485 515 554 562 618 647 656 667 692 714 716 720 75 751 782 866 892 909 916 937 958 959 963 971 974 981 990 998
104 127 136 154 162 170 253 255 263 265 272 281 338 358 367 379 435 570 582 583 586 647 65 689 731 809 855 906 939 954 957
103 141 250 362 399 437 520 531 544 581 591 66 687 688 736 762 773 96
157 180 184 185 22 229 251 277 281 300 308 34 357 384 4 438 488 52 589 593 628 63 639 654 660 689 71 715 738 751 839 857 872 892 916 919 920 934 95 980 992
174 288 294 308 351 37 377 434 460 468 511 512 524 558 582 653 734 740 776 845 883 899 917 921 940 986
147 15 175 187 20 204 329 385 498 567 576 594 674 721 723 751 853 899 986
213 482 516 526 555 584 664 704 731 745 889 951
121 125 139 156 236 270 291 35 373 407 43 441 450 477 485 486 498 507 527 578 596 669 685 718 798 836 850 851 874 905 912 924 925 929 936 98
186 196 200 221 223 347 395 41 425 427 430 490 528 560 60 61 62 623 651 676 687 701 727 743 790 813 82 820 823 837 852 876 890 931 956 968 983 992
175 19 229 416 418 435 488 492 575 680 73 777 790 799 848 862 868 943
1000 115 138 145 173 192 214 220 232 258 27 320 355 359 367 386 400 427 433 446 467 468 544 557 658 687 77 79 828 870 914 938 953 957 970 972 975
125 133 150 279 321 411 454 462 480 491 495 505 507 521 533 574 587 611 627 691 701 709 737 843 847 864 874 894 902 907 951 957 986
14 363 383 410 46 470 472 545 640 89
169 179 211 217 254 278 281 310 315 316 365 377 440 505 52 579 609 714 717 791 807 81 83 880 923 928 964
137 163 205 23 248 313 353 427 511 514 553 588 612 74 800 844 85 87 873
105 107 122 126 147 158 175 192 238 285 287 301 36 370 38 419 466 484 503 56 661 67 679 686 690 691 720 749 752 818 838 843 862 866 896 9 904 943 949 950 964 999
117 140 252 313 319 33 330 39 423 473 475 488 5 522 548 559 569 575 582 602 659 666 682 692 707 719 725 742 751 756 758 808 831 879 898 910 947 965 982
147 226 244 341 377 42 468 48 506 524 544 569 6 68 684 693 7 732 785 814 848 908
204 23 495 543 550 57 610 677 687 801
119 129 188 198 298 305 311 321 337 339 344 360 374 414 448 460 478 479 52 524 532 537 563 568 589 607 613 645 656 661 670 681 695 731 767 810 829 848 860 881 885 889 895 995 996 997
1 142 202 306 317 32 321 344 402 444 456 465 485 54 569 732 753 757 768 846 94
191 208 259 277 474 530 546 701 732 750 778 780 805 849 874 884 97 999
224 229 296 299 362 366 409 417 495 513 573 728 774 812 843 861 866 874
123 125 172 175 181 222 228 283 293 295 375 58 852
106 235 242 326 465 493 509 605 654 692 710 714 72 764 822
131 164 269 271 28 3 322 336 343 43 447 471 494 53 58 589 606 615 650 656 663 697 714 747 771 772 781 783 792 821 840 858 865 886 893 918 922 944
138 162 165 177 240 313 314 354 381 413 45 481 488 495 498 502 534 572 590 600 601 604 679 720 813 854 941
152 16 205 290 318 362 389 40 426 465 47 508 55 597 598 608 638 647 662 672 683 691 732 794 80 815 839 88 887 892 930 933
116 231 277 286 359 371 405 654 78 801 90
168 186 206 246 256 342 518 538 58 609 64 647 803 862
108 11 171 196 2 282 312 32 326 349 377 401 464 478 52 524 699 731 744 748 776 801 848 951
1000 101 149 167 195 204 23 25 260 325 327 328 367 388 460 510 556 595 759 765 787 8 811 842 856 891 901 916 93 961 962 969 999
