1	398
1	562
1	719
1	945
1	996
2	410
2	764
2	773
2	998
3	392
3	438
3	937
3	989
4	574
4	711
4	856
4	959
5	827
5	968
5	981
5	1000
6	836
6	939
6	957
6	990
7	703
7	952
7	985
7	996
8	19
8	542
8	872
8	907
9	597
9	719
9	736
9	945
10	575
10	722
10	956
10	999
11	672
11	730
11	731
11	979
12	428
12	648
12	733
12	963
13	447
13	451
13	714
13	972
14	934
14	951
14	959
14	999
15	313
15	957
15	978
15	990
16	679
16	911
16	985
16	987
17	674
17	679
17	787
17	911
18	880
18	926
18	951
18	970
19	8
19	872
19	907
19	972
20	659
20	667
20	723
20	980
21	49
21	864
21	980
21	988
22	808
22	830
22	857
22	961
23	728
23	868
23	949
23	1000
24	283
24	893
24	913
24	977
25	576
25	632
25	950
25	952
26	772
26	935
26	971
26	991
27	212
27	277
27	720
27	834
28	714
28	861
28	907
28	909
29	380
29	470
29	672
29	989
30	598
30	750
30	785
30	987
31	191
31	505
31	953
31	964
32	787
32	832
32	886
32	907
33	786
33	806
33	979
33	991
34	500
34	549
34	659
34	980
35	868
35	976
35	993
35	1000
36	804
36	817
36	958
36	978
37	580
37	782
37	903
37	998
38	891
38	966
38	990
38	999
39	802
39	872
39	958
39	978
40	670
40	827
40	921
40	984
41	868
41	956
41	999
41	1000
42	891
42	960
42	976
42	990
43	508
43	557
43	676
43	991
44	326
44	354
44	953
44	987
45	654
45	888
45	920
45	978
46	337
46	834
46	860
46	946
47	724
47	739
47	857
47	952
48	652
48	779
48	935
48	999
49	21
49	934
49	963
49	988
50	747
50	924
50	992
50	997
51	238
51	675
51	910
51	968
52	491
52	525
52	867
52	965
53	913
53	932
53	974
53	999
54	728
54	868
54	949
54	1000
55	761
55	847
55	895
55	916
56	883
56	897
56	956
56	999
57	613
57	883
57	959
57	989
58	357
58	373
58	718
58	926
59	656
59	953
59	955
59	964
60	421
60	750
60	903
60	930
61	268
61	580
61	976
61	998
62	712
62	916
62	958
62	978
63	781
63	850
63	947
63	984
64	243
64	328
64	589
64	635
65	531
65	569
65	659
65	953
66	813
66	916
66	968
66	1000
67	201
67	404
67	514
67	589
68	571
68	950
68	960
68	961
69	340
69	693
69	977
69	988
70	948
70	965
70	985
70	996
71	281
71	717
71	850
71	926
72	404
72	589
72	897
72	977
73	215
73	383
73	887
73	992
74	635
74	676
74	779
74	793
75	435
75	533
75	593
75	689
76	152
76	432
76	724
76	886
77	614
77	910
77	968
77	1000
78	524
78	952
78	985
78	996
79	619
79	638
79	678
79	806
80	527
80	771
80	930
80	991
81	953
81	955
81	964
81	992
82	605
82	864
82	980
82	989
83	786
83	796
83	954
83	978
84	735
84	752
84	909
84	979
85	496
85	522
85	896
85	993
86	405
86	579
86	679
86	857
87	757
87	880
87	929
87	936
88	125
88	404
88	848
88	992
89	285
89	289
89	585
89	916
90	813
90	910
90	916
90	968
91	107
91	365
91	841
91	945
92	950
92	955
92	961
92	964
93	624
93	884
93	919
93	946
94	812
94	917
94	928
94	949
95	104
95	369
95	720
95	906
96	735
96	839
96	845
96	886
97	178
97	381
97	936
97	970
98	690
98	921
98	977
98	988
99	673
99	712
99	784
99	909
100	359
100	853
100	896
100	993
101	902
101	924
101	992
101	997
102	590
102	636
102	792
102	946
103	514
103	584
103	585
103	589
104	95
104	413
104	751
104	977
105	280
105	460
105	707
105	948
106	948
106	959
106	965
106	989
107	91
107	897
107	931
107	959
108	529
108	750
108	903
108	980
109	697
109	857
109	950
109	961
110	292
110	786
110	796
110	937
111	221
111	384
111	860
111	884
112	441
112	775
112	978
112	988
113	554
113	687
113	841
113	900
114	773
114	829
114	955
114	964
115	565
115	753
115	944
115	974
116	851
116	911
116	984
116	987
117	924
117	969
117	973
117	997
118	424
118	439
118	761
118	818
119	736
119	855
119	922
119	945
120	319
120	761
120	877
120	916
121	646
121	833
121	948
121	965
122	837
122	845
122	978
122	994
123	842
123	911
123	987
123	995
124	705
124	893
124	953
124	977
125	88
125	181
125	589
125	964
126	457
126	674
126	722
126	882
127	912
127	915
127	919
127	963
128	682
128	917
128	970
128	998
129	424
129	712
129	761
129	916
130	703
130	953
130	964
130	981
131	693
131	863
131	982
131	988
132	779
132	840
132	942
132	999
133	886
133	953
133	955
133	964
134	399
134	636
134	877
134	947
135	773
135	829
135	885
135	943
136	753
136	902
136	992
136	997
137	760
137	786
137	796
137	835
138	638
138	823
138	985
138	986
139	836
139	944
139	950
139	981
140	263
140	578
140	873
140	998
141	811
141	875
141	925
141	969
142	310
142	945
142	969
142	973
143	685
143	865
143	972
143	978
144	195
144	748
144	941
144	943
145	390
145	643
145	777
145	969
146	767
146	889
146	965
146	983
147	455
147	762
147	918
147	972
148	587
148	802
148	809
148	896
149	615
149	809
149	821
149	854
150	349
150	729
150	864
150	980
151	241
151	505
151	838
151	931
152	76
152	521
152	825
152	961
153	596
153	925
153	946
153	998
154	554
154	981
154	983
154	988
155	940
155	946
155	994
155	999
156	636
156	776
156	792
156	877
157	813
157	910
157	968
157	1000
158	382
158	647
158	860
158	884
159	657
159	717
159	922
159	926
160	876
160	926
160	965
160	970
161	792
161	877
161	944
161	965
162	210
162	855
162	884
162	972
163	250
163	719
163	859
163	944
164	935
164	959
164	994
164	999
165	294
165	372
165	900
165	903
166	187
166	874
166	939
166	990
167	620
167	888
167	955
167	964
168	657
168	717
168	921
168	940
169	664
169	815
169	922
169	961
170	864
170	980
170	985
170	996
171	658
171	736
171	855
171	945
172	864
172	980
172	992
172	997
173	564
173	910
173	968
173	1000
174	685
174	735
174	822
174	845
175	792
175	877
175	992
175	997
176	294
176	372
176	453
176	900
177	596
177	624
177	840
177	860
178	97
178	570
178	906
178	960
179	809
179	854
179	982
179	985
180	323
180	915
180	971
180	996
181	125
181	321
181	502
181	589
182	471
182	717
182	953
182	955
183	397
183	731
183	992
183	997
184	687
184	714
184	991
184	996
185	733
185	837
185	935
185	962
186	636
186	792
186	942
186	957
187	166
187	769
187	939
187	957
188	344
188	767
188	847
188	919
189	647
189	861
189	987
189	995
190	353
190	378
190	948
190	976
191	31
191	644
191	747
191	838
192	985
192	992
192	996
192	997
193	634
193	756
193	923
193	954
194	925
194	933
194	970
194	998
195	144
195	764
195	839
195	927
196	677
196	957
196	977
196	993
197	479
197	902
197	992
197	997
198	416
198	886
198	943
198	988
199	937
199	939
199	957
199	990
200	368
200	875
200	890
200	909
201	67
201	589
201	748
201	874
202	565
202	806
202	913
202	974
203	211
203	401
203	608
203	989
204	650
204	806
204	955
204	974
205	373
205	624
205	850
205	926
206	314
206	657
206	951
206	953
207	286
207	940
207	955
207	999
208	637
208	877
208	924
208	997
209	804
209	817
209	958
209	978
210	162
210	270
210	481
210	687
211	203
211	602
211	655
211	989
212	27
212	624
212	713
212	803
213	909
213	933
213	950
213	988
214	417
214	657
214	926
214	998
215	73
215	948
215	955
215	964
216	583
216	778
216	872
216	989
217	242
217	677
217	752
217	909
218	910
218	948
218	968
218	1000
219	691
219	861
219	909
219	1000
220	844
220	879
220	944
220	994
221	111
221	860
221	878
221	884
222	924
222	976
222	992
222	997
223	437
223	679
223	985
223	986
224	694
224	940
224	956
224	999
225	784
225	909
225	917
225	990
226	919
226	963
226	985
226	996
227	734
227	923
227	927
227	1000
228	296
228	611
228	717
228	926
229	441
229	496
229	958
229	993
230	636
230	792
230	863
230	987
230	995
231	605
231	835
231	889
231	948
231	965
232	743
232	929
232	936
232	970
232	998
233	370
233	977
233	986
233	988
233	993
234	441
234	818
234	879
234	923
234	954
235	683
235	744
235	790
235	825
235	920
236	264
236	933
236	981
236	983
236	988
237	415
237	786
237	796
237	957
237	990
238	51
238	910
238	916
238	968
238	1000
239	560
239	660
239	910
239	968
239	993
240	259
240	288
240	354
240	987
240	995
241	151
241	776
241	792
241	877
241	989
242	217
242	755
242	784
242	861
242	909
243	64
243	331
243	406
243	927
243	975
244	321
244	584
244	684
244	917
244	990
245	252
245	283
245	296
245	565
245	974
246	530
246	933
246	975
246	981
246	988
247	672
247	716
247	853
247	896
247	993
248	892
248	940
248	960
248	994
248	999
249	628
249	862
249	878
249	974
249	986
250	163
250	443
250	680
250	688
250	731
251	761
251	868
251	916
251	949
251	1000
252	245
252	940
252	956
252	959
252	999
253	569
253	681
253	767
253	798
253	987
254	892
254	932
254	956
254	959
254	999
255	635
255	846
255	912
255	962
255	995
256	299
256	521
256	602
256	780
256	838
257	759
257	825
257	920
257	992
257	997
258	590
258	652
258	687
258	714
258	972
259	240
259	671
259	753
259	913
259	942
260	745
260	873
260	878
260	919
260	962
261	407
261	664
261	913
261	947
261	951
262	616
262	726
262	782
262	987
262	998
263	140
263	793
263	905
263	952
263	960
264	236
264	497
264	503
264	907
264	909
265	351
265	711
265	770
265	959
265	989
266	894
266	953
266	955
266	964
266	995
267	457
267	644
267	658
267	780
267	838
268	61
268	282
268	396
268	972
268	976
269	908
269	971
269	979
269	991
269	996
270	210
270	363
270	557
270	953
270	964
271	350
271	730
271	731
271	889
271	926
272	490
272	811
272	906
272	969
272	983
273	508
273	694
273	866
273	942
273	986
274	456
274	674
274	794
274	985
274	996
275	865
275	939
275	941
275	951
275	993
276	561
276	919
276	934
276	958
276	978
277	27
277	350
277	905
277	937
277	942
278	620
278	685
278	775
278	845
278	928
279	875
279	884
279	908
279	939
279	957
280	105
280	448
280	725
280	833
280	835
281	71
281	471
281	805
281	850
281	926
282	268
282	384
282	858
282	972
282	976
283	24
283	245
283	619
283	753
283	913
284	334
284	843
284	851
284	958
284	978
285	89
285	593
285	796
285	811
285	969
286	207
286	651
286	729
286	864
286	980
287	567
287	862
287	866
287	886
287	986
288	240
288	570
288	679
288	705
288	987
289	89
289	728
289	901
289	949
289	1000
290	673
290	784
290	861
290	909
290	975
291	553
291	647
291	701
291	859
291	943
292	110
292	360
292	400
292	860
292	946
293	701
293	705
293	823
293	911
293	987
294	165
294	176
294	322
294	900
294	930
295	433
295	893
295	934
295	963
295	977
296	228
296	245
296	357
296	568
296	657
297	553
297	732
297	829
297	968
297	1000
298	569
298	675
298	686
298	689
298	818
299	256
299	644
299	655
299	747
299	838
300	342
300	621
300	650
300	765
300	951
301	750
301	821
301	867
301	903
301	982
302	545
302	861
302	893
302	977
302	984
303	399
303	508
303	937
303	962
303	967
304	465
304	746
304	748
304	849
304	943
305	754
305	837
305	895
305	935
305	994
306	582
306	594
306	786
306	796
306	865
307	727
307	799
307	945
307	969
307	973
308	847
308	883
308	884
308	969
308	973
309	821
309	854
309	899
309	985
309	986
310	142
310	911
310	934
310	963
310	987
311	640
311	852
311	979
311	991
311	996
312	811
312	944
312	949
312	967
312	984
313	15
313	346
313	653
313	676
313	950
314	206
314	450
314	788
314	897
314	942
315	352
315	676
315	903
315	981
315	1000
316	604
316	932
316	935
316	956
316	994
317	736
317	912
317	939
317	957
317	990
318	821
318	844
318	854
318	944
318	982
319	120
319	424
319	761
319	916
319	999
320	425
320	916
320	968
320	974
320	1000
321	181
321	244
321	696
321	998
322	294
322	459
322	820
322	930
322	981
323	180
323	754
323	757
323	983
323	988
324	836
324	912
324	925
324	939
324	957
325	587
325	646
325	837
325	895
325	994
326	44
326	891
326	917
326	976
326	990
327	544
327	567
327	737
327	921
327	984
328	64
328	835
328	926
328	934
328	936
329	395
329	710
329	924
329	992
329	997
330	862
330	873
330	878
330	904
330	974
331	243
331	530
331	617
331	743
331	987
332	772
332	931
332	971
332	979
332	991
333	588
333	644
333	838
333	883
333	959
334	284
334	586
334	963
334	976
334	993
335	343
335	777
335	816
335	856
335	927
336	382
336	780
336	834
336	860
336	986
337	46
337	704
337	840
337	853
337	885
338	449
338	805
338	932
338	940
338	999
339	852
339	890
339	961
339	979
339	988
340	69
340	619
340	903
340	974
340	988
341	823
341	911
341	938
341	987
341	995
342	300
342	664
342	765
342	947
342	951
343	335
343	379
343	890
343	975
343	988
344	188
344	538
344	674
344	734
344	983
345	538
345	725
345	835
345	882
345	965
346	313
346	653
346	867
346	959
346	992
347	744
347	887
347	929
347	933
347	970
348	807
348	869
348	880
348	929
348	970
349	150
349	864
349	980
349	985
349	996
350	271
350	277
350	720
350	971
350	991
351	265
351	605
351	931
351	959
351	989
352	315
352	363
352	676
352	992
352	997
353	190
353	835
353	905
353	926
353	948
354	44
354	240
354	810
354	938
354	999
355	389
355	800
355	915
355	970
355	998
356	856
356	923
356	927
356	936
356	944
357	58
357	296
357	717
357	854
357	926
358	932
358	956
358	992
358	997
358	999
359	100
359	896
359	982
359	985
359	993
360	292
360	400
360	822
360	970
360	998
361	507
361	692
361	743
361	929
361	975
362	879
362	939
362	954
362	957
362	998
363	270
363	352
363	432
363	530
363	676
364	876
364	918
364	983
364	988
364	1000
365	91
365	786
365	796
365	855
365	865
366	816
366	870
366	945
366	969
366	973
367	542
367	845
367	854
367	972
367	978
368	200
368	673
368	752
368	861
368	968
369	95
369	539
369	788
369	905
369	942
370	233
370	407
370	740
370	858
370	946
371	729
371	864
371	980
371	993
372	165
372	176
372	459
372	554
372	900
373	58
373	205
373	751
373	850
373	942
374	826
374	862
374	873
374	878
374	974
375	520
375	799
375	945
375	969
375	973
376	651
376	699
376	729
376	864
376	980
377	615
377	814
377	893
377	928
377	977
378	190
378	578
378	616
378	903
378	998
379	343
379	914
379	971
379	979
379	991
380	29
380	491
380	672
380	696
380	831
381	97
381	648
381	830
381	872
381	962
382	158
382	336
382	666
382	834
382	860
383	73
383	536
383	704
383	707
383	885
383	965
384	111
384	282
384	946
384	976
384	983
384	993
385	401
385	608
385	711
385	770
385	892
385	989
386	623
386	738
386	914
386	967
386	979
386	991
387	665
387	777
387	887
387	935
387	992
387	997
388	451
388	703
388	774
388	900
388	930
388	981
389	355
389	858
389	915
389	934
389	976
389	993
390	145
390	724
390	898
390	914
390	960
390	969
391	717
391	805
391	921
391	922
391	932
391	960
392	3
392	401
392	846
392	879
392	935
392	989
393	399
393	751
393	905
393	937
393	962
393	967
394	427
394	588
394	833
394	889
394	948
394	965
395	329
395	892
395	932
395	940
395	982
395	999
396	268
396	622
396	858
396	902
396	972
396	997
397	183
397	510
397	581
397	597
397	695
397	764
398	1
398	502
398	584
398	587
398	589
398	643
399	134
399	303
399	393
399	700
399	942
399	967
400	292
400	360
400	611
400	669
400	860
400	884
401	203
401	385
401	392
401	711
401	989
401	990
402	783
402	904
402	934
402	941
402	946
402	963
403	539
403	588
403	897
403	914
403	971
403	991
404	67
404	72
404	88
404	502
404	514
404	584
405	86
405	460
405	677
405	784
405	960
405	987
406	243
406	534
406	793
406	927
406	962
406	975
407	261
407	370
407	684
407	868
407	947
407	1000
408	436
408	443
408	680
408	688
408	695
408	832
409	743
409	869
409	872
409	925
409	929
409	998
410	2
410	742
410	773
410	829
410	871
410	951
411	463
411	786
411	796
411	979
411	991
411	997
412	484
412	858
412	879
412	935
412	972
412	993
413	104
413	824
413	971
413	985
413	991
413	996
414	582
414	732
414	781
414	921
414	947
414	984
415	237
415	680
415	695
415	731
415	916
415	968
416	198
416	868
416	949
416	975
416	977
416	1000
417	214
417	520
417	580
417	782
417	904
417	998
418	882
418	891
418	960
418	976
418	994
418	999
419	664
419	670
419	923
419	947
419	951
419	984
420	866
420	873
420	880
420	933
420	970
420	995
421	60
421	452
421	683
421	774
421	992
421	997
422	594
422	605
422	718
422	819
422	897
422	989
423	633
423	683
423	825
423	883
423	931
423	989
424	118
424	129
424	319
424	540
424	712
424	761
425	320
425	460
425	655
425	694
425	948
425	986
426	450
426	666
426	802
426	815
426	937
426	969
427	394
427	668
427	725
427	835
427	889
427	965
428	12
428	586
428	598
428	913
428	947
428	963
429	727
429	734
429	839
429	886
429	901
429	943
430	894
430	953
430	955
430	964
430	973
430	995
431	830
431	898
431	924
431	952
431	992
431	997
432	76
432	363
432	530
432	676
432	688
432	943
433	295
433	704
433	885
433	934
433	963
433	989
434	575
434	787
434	832
434	901
434	921
434	943
435	75
435	686
435	756
435	923
435	954
435	958
436	408
436	656
436	680
436	859
436	911
436	929
437	223
437	791
437	862
437	878
437	982
437	986
438	3
438	836
438	874
438	939
438	957
438	990
439	118
439	672
439	724
439	831
439	857
439	961
440	527
440	632
440	790
440	820
440	825
440	900
441	112
441	229
441	234
441	923
441	954
441	958
442	714
442	817
442	870
442	872
442	958
442	978
443	250
443	408
443	688
443	695
443	832
443	859
444	558
444	674
444	847
444	966
444	980
444	983
445	614
445	795
445	908
445	952
445	985
445	996
446	551
446	843
446	844
446	898
446	944
446	984
447	13
447	471
447	850
447	900
447	903
447	926
448	280
448	810
448	948
448	965
448	987
448	995
449	338
449	886
449	907
449	910
449	916
449	1000
450	314
450	426
450	763
450	809
450	811
450	834
451	13
451	388
451	554
451	820
451	900
451	981
452	421
452	725
452	833
452	889
452	905
452	965
453	176
453	612
453	774
453	900
453	930
453	981
454	750
454	857
454	922
454	930
454	952
454	981
455	147
455	842
455	858
455	972
455	993
455	1000
456	274
456	597
456	760
456	829
456	946
456	965
457	126
457	267
457	838
457	884
457	949
457	980
458	502
458	833
458	910
458	948
458	968
458	985
459	322
459	372
459	527
459	528
459	544
459	612
460	105
460	405
460	425
460	760
460	948
460	965
461	553
461	825
461	905
461	920
461	941
461	946
462	789
462	902
462	924
462	985
462	992
462	997
463	411
463	572
463	914
463	961
463	979
463	991
464	556
464	837
464	911
464	935
464	994
464	999
465	304
465	553
465	773
465	814
465	940
465	999
466	847
466	932
466	972
466	993
466	994
466	999
467	663
467	836
467	874
467	957
467	992
467	997
468	570
468	581
468	682
468	917
468	952
468	960
469	747
469	781
469	838
469	947
469	962
469	984
470	29
470	596
470	672
470	696
470	863
470	987
471	182
471	281
471	447
471	717
471	850
471	988
472	914
472	961
472	971
472	979
472	991
472	996
473	632
473	845
473	849
473	920
473	934
473	963
474	732
474	936
474	937
474	943
474	957
474	990
475	488
475	582
475	670
475	781
475	947
475	984
476	615
476	819
476	854
476	982
476	985
476	986
477	776
477	792
477	858
477	865
477	866
477	877
478	600
478	816
478	856
478	927
478	967
478	975
479	197
479	683
479	684
479	759
479	825
479	920
480	740
480	742
480	773
480	829
480	849
480	965
481	210
481	678
481	816
481	867
481	872
481	978
482	707
482	824
482	845
482	972
482	979
482	991
483	801
483	814
483	893
483	928
483	964
483	977
484	412
484	587
484	595
484	745
484	837
484	935
485	598
485	664
485	888
485	913
485	947
485	951
486	553
486	876
486	880
486	929
486	970
486	998
487	648
487	821
487	854
487	944
487	949
487	984
487	986
488	475
488	548
488	891
488	917
488	960
488	976
488	990
489	560
489	806
489	808
489	810
489	950
489	961
489	974
490	272
490	681
490	793
490	932
490	956
490	988
490	999
491	52
491	380
491	672
491	831
491	952
491	985
491	996
492	685
492	797
492	902
492	920
492	947
492	992
492	997
493	500
493	765
493	836
493	868
493	925
493	949
493	1000
494	598
494	913
494	951
494	953
494	964
494	982
494	995
495	910
495	953
495	955
495	964
495	968
495	995
495	1000
496	85
496	229
496	716
496	853
496	896
496	966
496	993
497	264
497	536
497	702
497	864
497	886
497	908
497	980
498	757
498	869
498	880
498	925
498	929
498	970
498	998
499	653
499	678
499	735
499	822
499	845
499	920
499	999
500	34
500	493
500	657
500	850
500	926
500	937
500	939
501	876
501	891
501	917
501	929
501	970
501	976
501	990
502	181
502	398
502	404
502	458
502	889
502	948
502	965
503	264
503	545
503	562
503	617
503	861
503	909
503	958
504	513
504	749
504	890
504	950
504	975
504	981
504	988
505	31
505	151
505	528
505	690
505	747
505	771
505	988
506	710
506	789
506	887
506	922
506	924
506	992
506	997
507	361
507	603
507	699
507	777
507	923
507	927
507	936
508	43
508	273
508	303
508	862
508	866
508	897
508	962
509	516
509	854
509	950
509	977
509	985
509	986
509	988
510	397
510	708
510	740
510	764
510	870
510	883
510	959
511	607
511	638
511	934
511	962
511	963
511	985
511	986
512	609
512	698
512	768
512	915
512	919
512	934
512	963
513	504
513	799
513	890
513	975
513	977
513	981
513	988
514	67
514	103
514	404
514	600
514	777
514	923
514	933
515	624
515	762
515	844
515	860
515	944
515	946
515	984
516	509
516	681
516	866
516	873
516	910
516	974
516	975
517	530
517	793
517	924
517	927
517	975
517	992
517	997
518	577
518	702
518	818
518	828
518	924
518	954
518	962
519	617
519	728
519	868
519	882
519	901
519	949
519	1000
520	375
520	417
520	782
520	786
520	796
520	865
520	998
521	152
521	256
521	602
521	655
521	658
521	747
521	838
522	85
522	618
522	853
522	910
522	968
522	993
522	1000
523	719
523	736
523	751
523	855
523	942
523	945
523	967
524	78
524	851
524	892
524	944
524	956
524	967
524	999
525	52
525	833
525	889
525	905
525	926
525	948
525	965
526	545
526	673
526	861
526	876
526	909
526	929
526	970
527	80
527	440
527	459
527	558
527	900
527	930
527	972
528	459
528	505
528	749
528	933
528	950
528	977
528	988
529	108
529	538
529	703
529	799
529	873
529	904
529	986
530	246
530	331
530	363
530	432
530	517
530	676
530	793
531	65
531	705
531	759
531	859
531	911
531	938
531	987
532	842
532	858
532	865
532	918
532	972
532	976
532	993
533	75
533	569
533	686
533	709
533	818
533	953
533	958
534	406
534	600
534	606
534	856
534	923
534	936
534	975
535	540
535	629
535	797
535	803
535	903
535	913
535	974
536	383
536	497
536	649
536	734
536	783
536	787
536	886
537	697
537	788
537	843
537	898
537	944
537	961
537	984
538	344
538	345
538	529
538	767
538	798
538	847
538	980
539	369
539	403
539	550
539	700
539	905
539	942
539	962
540	424
540	535
540	761
540	809
540	913
540	916
540	974
541	738
541	768
541	813
541	910
541	915
541	934
541	968
542	8
542	367
542	601
542	830
542	870
542	872
542	972
543	754
543	940
543	956
543	959
543	982
543	994
543	999
544	327
544	459
544	612
544	919
544	962
544	963
544	981
545	302
545	503
545	526
545	673
545	755
545	784
545	861
546	705
546	715
546	803
546	863
546	987
546	992
546	997
547	775
547	828
547	844
547	944
547	949
547	967
547	984
548	488
548	812
548	891
548	945
548	960
548	976
548	990
549	34
549	767
549	847
549	882
549	906
549	980
549	983
550	539
550	897
550	905
550	937
550	942
550	963
550	967
551	446
551	732
551	843
551	944
551	971
551	991
551	996
552	573
552	778
552	819
552	955
552	964
552	989
552	995
553	291
553	297
553	461
553	465
553	486
553	742
553	943
554	113
554	154
554	372
554	451
554	774
554	900
554	981
555	635
555	816
555	870
555	971
555	975
555	979
555	991
556	464
556	669
556	777
556	820
556	846
556	935
556	994
557	43
557	270
557	651
557	676
557	729
557	864
557	980
558	444
558	527
558	814
558	893
558	930
558	977
558	981
559	867
559	870
559	883
559	919
559	959
559	962
559	963
560	239
560	489
560	762
560	858
560	918
560	972
560	976
560	993
561	276
561	576
561	642
561	888
561	912
561	915
561	934
561	978
562	1
562	503
562	752
562	819
562	861
562	883
562	909
562	989
563	570
563	713
563	719
563	736
563	808
563	898
563	945
563	960
564	173
564	630
564	716
564	758
564	813
564	827
564	968
564	1000
565	115
565	202
565	245
565	585
565	650
565	810
565	974
565	983
566	906
566	912
566	937
566	942
566	953
566	955
566	964
566	995
567	287
567	327
567	737
567	781
567	850
567	921
567	947
567	984
568	296
568	902
568	908
568	913
568	925
568	957
568	974
568	990
569	65
569	253
569	298
569	533
569	756
569	823
569	863
569	905
570	178
570	288
570	468
570	563
570	808
570	857
570	922
570	961
571	68
571	577
571	722
571	808
571	897
571	942
571	952
571	962
572	463
572	620
572	852
572	914
572	971
572	979
572	991
572	996
573	552
573	836
573	912
573	939
573	952
573	957
573	985
573	996
574	4
574	852
574	953
574	955
574	964
574	971
574	991
574	996
575	10
575	434
575	649
575	787
575	839
575	886
575	901
575	943
576	25
576	561
576	888
576	933
576	954
576	975
576	983
576	988
577	518
577	571
577	622
577	720
577	897
577	902
577	942
577	967
578	140
578	378
578	580
578	616
578	726
578	782
578	903
578	998
579	86
579	823
579	911
579	930
579	952
579	985
579	987
579	996
580	37
580	61
580	417
580	578
580	668
580	782
580	903
580	998
581	397
581	468
581	662
581	724
581	739
581	945
581	969
581	973
582	306
582	414
582	475
582	670
582	850
582	921
582	947
582	984
583	216
583	630
583	910
583	933
583	968
583	983
583	988
583	1000
584	103
584	244
584	398
584	404
584	672
584	696
584	831
584	938
585	89
585	103
585	565
585	643
585	753
585	815
585	896
585	974
586	334
586	428
586	723
586	746
586	912
586	915
586	962
586	963
587	148
587	325
587	398
587	484
587	811
587	906
587	935
587	994
588	333
588	394
588	403
588	644
588	668
588	780
588	889
588	965
589	64
589	67
589	72
589	103
589	125
589	181
589	201
589	398
590	102
590	258
590	687
590	714
590	746
590	788
590	829
590	951
591	607
591	626
591	643
591	704
591	853
591	885
592	602
592	644
592	688
592	838
592	902
592	915
592	992
592	997
593	75
593	285
593	666
593	756
593	811
593	815
593	954
593	958
594	306
594	422
594	786
594	796
594	865
594	931
594	959
594	989
595	484
595	646
595	669
595	837
595	895
595	935
595	951
595	994
596	153
596	177
596	470
596	782
596	860
596	938
596	987
596	995
597	9
597	397
597	456
597	719
597	733
597	740
597	841
597	899
598	30
598	428
598	485
598	494
598	684
598	765
598	947
598	951
599	869
599	876
599	880
599	929
599	933
599	936
599	970
599	998
600	478
600	514
600	534
600	762
600	858
600	927
600	972
600	993
601	542
601	653
601	845
601	902
601	920
601	924
601	978
601	997
602	211
602	256
602	521
602	592
602	644
602	658
602	838
602	972
603	507
603	614
603	630
603	856
603	925
603	927
603	968
603	1000
604	316
604	707
604	760
604	833
604	905
604	926
604	948
604	965
605	82
605	231
605	351
605	422
605	709
605	778
605	870
605	883
606	534
606	719
606	736
606	797
606	909
606	923
606	936
606	945
607	511
607	591
607	626
607	704
607	726
607	853
607	885
608	203
608	385
608	770
608	842
608	918
608	976
608	989
608	993
609	512
609	745
609	751
609	906
609	919
609	963
609	967
609	996
610	785
610	852
610	914
610	961
610	971
610	979
610	991
610	996
611	228
611	400
611	860
611	931
611	946
611	971
611	979
611	991
612	453
612	459
612	544
612	703
612	774
612	900
612	903
612	955
613	57
613	621
613	778
613	883
613	911
613	938
613	987
613	996
614	77
614	445
614	603
614	758
614	813
614	910
614	968
614	1000
615	149
615	377
615	476
615	817
615	958
615	978
615	982
615	986
616	262
616	378
616	578
616	730
616	782
616	903
616	930
616	998
617	331
617	503
617	519
617	784
617	861
617	909
617	911
617	987
618	522
618	708
618	853
618	896
618	953
618	955
618	964
618	993
619	79
619	283
619	340
619	730
619	782
619	913
619	975
619	998
620	167
620	278
620	572
620	738
620	888
620	954
620	979
620	991
621	300
621	613
621	911
621	913
621	947
621	951
621	987
621	995
622	396
622	577
622	671
622	720
622	887
622	922
622	942
622	992
622	997
623	386
623	824
623	850
623	914
623	931
623	971
623	979
623	991
623	996
624	93
624	177
624	205
624	212
624	515
624	762
624	860
624	884
624	946
625	791
625	823
625	863
625	866
625	873
625	911
625	981
625	986
625	987
626	591
626	607
626	704
626	726
626	853
626	885
626	938
627	631
627	802
627	812
627	847
627	891
627	917
627	960
627	976
627	990
628	249
628	792
628	826
628	877
628	887
628	974
628	986
628	992
628	997
629	535
629	748
629	783
629	829
629	856
629	923
629	927
629	943
629	993
630	564
630	583
630	603
630	758
630	827
630	916
630	968
630	974
630	1000
631	627
631	797
631	812
631	841
631	891
631	917
631	960
631	976
631	990
632	25
632	440
632	473
632	653
632	735
632	845
632	888
632	954
632	978
633	423
633	759
633	821
633	825
633	839
633	920
633	927
633	936
633	975
634	193
634	818
634	869
634	879
634	910
634	923
634	929
634	970
634	998
635	64
635	74
635	255
635	555
635	770
635	839
635	856
635	927
635	936
636	102
636	134
636	156
636	186
636	230
636	776
636	792
636	801
636	877
637	208
637	763
637	789
637	790
637	887
637	922
637	924
637	992
637	997
638	79
638	138
638	511
638	757
638	821
638	899
638	982
638	985
638	986
639	661
639	668
639	789
639	793
639	887
639	902
639	924
639	992
639	997
640	311
640	692
640	772
640	824
640	914
640	961
640	971
640	979
640	991
641	804
641	848
641	894
641	941
641	953
641	955
641	964
641	973
641	995
642	561
642	845
642	859
642	863
642	897
642	920
642	954
642	987
642	995
643	145
643	398
643	585
643	591
643	802
643	811
643	815
643	834
643	906
644	191
644	267
644	299
644	333
644	588
644	592
644	602
644	747
644	780
645	772
645	810
645	891
645	917
645	971
645	976
645	979
645	990
645	991
646	121
646	325
646	595
646	665
646	669
646	879
646	895
646	935
646	994
647	158
647	189
647	291
647	701
647	823
647	863
647	938
647	987
647	995
648	12
648	381
648	487
648	733
648	897
648	904
648	906
648	942
648	963
649	536
649	575
649	734
649	790
649	832
649	886
649	907
649	911
649	943
650	204
650	300
650	565
650	810
650	862
650	878
650	904
650	974
650	986
651	286
651	376
651	557
651	699
651	702
651	729
651	864
651	977
651	980
652	48
652	258
652	669
652	777
652	826
652	837
652	879
652	935
652	994
653	313
653	346
653	499
653	601
653	632
653	735
653	797
653	845
653	920
654	45
654	804
654	817
654	932
654	940
654	956
654	958
654	978
654	999
655	211
655	299
655	425
655	521
655	835
655	838
655	948
655	965
655	995
656	59
656	436
656	743
656	744
656	880
656	881
656	929
656	970
656	998
657	159
657	168
657	206
657	214
657	296
657	500
657	717
657	722
657	926
658	171
658	267
658	521
658	602
658	688
658	719
658	747
658	841
658	945
659	20
659	34
659	65
659	667
659	794
659	798
659	799
659	847
659	895
660	239
660	937
660	939
660	953
660	955
660	957
660	964
660	990
660	995
661	639
661	668
661	789
661	887
661	902
661	924
661	992
661	997
661	998
662	581
662	718
662	722
662	771
662	824
662	898
662	979
662	988
662	991
663	467
663	745
663	846
663	892
663	935
663	940
663	956
663	994
663	999
664	169
664	261
664	342
664	419
664	485
664	765
664	913
664	947
664	951
665	387
665	646
665	781
665	837
665	907
665	921
665	947
665	984
665	994
666	382
666	426
666	593
666	763
666	811
666	815
666	834
666	896
666	969
667	20
667	659
667	703
667	734
667	741
667	798
667	895
667	966
667	983
668	427
668	580
668	588
668	639
668	661
668	789
668	833
668	889
668	948
668	997
669	400
669	556
669	595
669	646
669	652
669	826
669	879
669	895
669	935
669	994
670	40
670	419
670	475
670	582
670	732
670	781
670	850
670	947
670	961
670	984
671	259
671	622
671	696
671	751
671	788
671	863
671	937
671	942
671	962
671	967
672	11
672	29
672	247
672	380
672	439
672	470
672	491
672	584
672	696
672	831
673	99
673	290
673	368
673	526
673	545
673	706
673	752
673	755
673	861
673	909
674	17
674	126
674	274
674	344
674	444
674	800
674	847
674	862
674	980
674	983
675	51
675	298
675	686
675	758
675	813
675	879
675	917
675	958
675	968
675	1000
676	43
676	74
676	313
676	315
676	352
676	363
676	432
676	530
676	557
676	824
677	196
677	217
677	405
677	874
677	922
677	939
677	952
677	957
677	960
677	990
678	79
678	481
678	499
678	685
678	775
678	812
678	822
678	888
678	954
678	978
679	16
679	17
679	86
679	223
679	288
679	823
679	859
679	863
679	987
679	995
680	250
680	408
680	415
680	436
680	695
680	701
680	730
680	731
680	832
680	859
681	253
681	490
681	516
681	690
681	890
681	975
681	977
681	981
681	983
681	988
682	128
682	468
682	812
682	861
682	871
682	891
682	917
682	960
682	976
682	990
683	235
683	421
683	423
683	479
683	691
683	820
683	825
683	900
683	920
683	981
684	244
684	407
684	479
684	598
684	744
684	825
684	913
684	920
684	947
684	951
685	143
685	174
685	278
685	492
685	678
685	768
685	822
685	867
685	954
685	978
686	298
686	435
686	533
686	675
686	689
686	756
686	818
686	923
686	958
686	974
687	113
687	184
687	210
687	258
687	590
687	700
687	830
687	855
687	907
687	972
688	250
688	408
688	432
688	443
688	592
688	658
688	731
688	747
688	832
688	838
689	75
689	298
689	686
689	783
689	807
689	847
689	895
689	954
689	966
689	980
690	98
690	505
690	681
690	691
690	806
690	890
690	935
690	950
690	977
690	988
691	219
691	683
691	690
691	703
691	707
691	774
691	903
691	975
691	981
691	983
692	361
692	640
692	744
692	757
692	869
692	876
692	929
692	933
692	970
692	998
693	69
693	131
693	707
693	711
693	890
693	950
693	975
693	977
693	983
693	988
694	224
694	273
694	425
694	780
694	862
694	866
694	873
694	878
694	974
694	986
695	397
695	408
695	415
695	443
695	680
695	730
695	731
695	832
695	859
695	929
696	321
696	380
696	470
696	584
696	671
696	672
696	751
696	788
696	831
696	967
697	109
697	537
697	724
697	772
697	821
697	854
697	950
697	960
697	985
697	986
698	512
698	833
698	875
698	908
698	912
698	919
698	934
698	939
698	957
698	963
699	376
699	507
699	651
699	729
699	864
699	868
699	901
699	949
699	980
699	1000
700	399
700	539
700	687
700	828
700	872
700	889
700	907
700	962
700	967
700	972
701	291
701	293
701	647
701	680
701	705
701	785
701	823
701	911
701	987
701	995
702	497
702	518
702	651
702	729
702	818
702	864
702	943
702	954
702	958
702	980
703	7
703	130
703	388
703	529
703	612
703	667
703	691
703	750
703	799
703	983
704	337
704	383
704	433
704	591
704	607
704	626
704	726
704	853
704	885
704	948
705	124
705	288
705	293
705	531
705	546
705	701
705	823
705	846
705	987
705	995
706	673
706	778
706	801
706	814
706	893
706	897
706	928
706	931
706	977
706	989
707	105
707	383
707	482
707	604
707	691
707	693
707	890
707	948
707	965
707	988
708	510
708	618
708	836
708	875
708	890
708	937
708	939
708	957
708	981
708	988
709	533
709	605
709	725
709	756
709	778
709	818
709	870
709	931
709	958
709	989
710	329
710	506
710	789
710	813
710	887
710	902
710	922
710	924
710	992
710	997
711	4
711	265
711	385
711	401
711	693
711	770
711	777
711	816
711	839
711	856
711	989
712	62
712	99
712	129
712	424
712	752
712	761
712	784
712	861
712	909
712	916
712	999
713	212
713	563
713	719
713	736
713	793
713	803
713	841
713	855
713	856
713	870
713	927
714	13
714	28
714	184
714	258
714	442
714	590
714	749
714	855
714	872
714	907
714	972
715	546
715	748
715	764
715	773
715	891
715	902
715	924
715	946
715	951
715	992
715	997
716	247
716	496
716	564
716	758
716	789
716	813
716	853
716	896
716	910
716	968
716	993
717	71
717	159
717	168
717	182
717	228
717	357
717	391
717	471
717	657
717	850
717	926
718	58
718	422
718	662
718	778
718	808
718	819
718	857
718	870
718	883
718	950
718	952
719	1
719	9
719	163
719	523
719	563
719	597
719	606
719	658
719	713
719	736
719	945
720	27
720	95
720	350
720	577
720	622
720	751
720	760
720	828
720	942
720	962
720	967
721	801
721	814
721	815
721	834
721	873
721	893
721	896
721	906
721	928
721	969
721	977
722	10
722	126
722	571
722	657
722	662
722	794
722	798
722	857
722	898
722	966
722	980
723	20
723	586
723	745
723	754
723	767
723	783
723	794
723	800
723	849
723	882
723	966
724	47
724	76
724	390
724	439
724	581
724	697
724	808
724	857
724	922
724	950
724	991
725	280
725	345
725	427
725	452
725	709
725	760
725	833
725	869
725	926
725	948
725	965
726	262
726	578
726	607
726	626
726	704
726	782
726	842
726	853
726	885
726	903
726	998
727	307
727	429
727	799
727	899
727	916
727	945
727	969
727	973
727	982
727	985
727	986
728	23
728	54
728	289
728	519
728	766
728	868
728	879
728	882
728	901
728	949
728	1000
729	150
729	286
729	371
729	376
729	557
729	651
729	699
729	702
729	864
729	980
729	993
730	11
730	271
730	616
730	619
730	680
730	695
730	782
730	859
730	903
730	943
730	998
731	11
731	183
731	250
731	271
731	415
731	680
731	688
731	695
731	832
731	859
731	931
732	297
732	414
732	474
732	551
732	670
732	781
732	874
732	943
732	947
732	951
732	984
733	12
733	185
733	597
733	648
733	768
733	849
733	867
733	915
733	919
733	934
733	962
734	227
734	344
734	429
734	536
734	649
734	667
734	787
734	794
734	799
734	901
734	983
735	84
735	96
735	174
735	499
735	632
735	653
735	797
735	845
735	867
735	938
735	954
736	9
736	119
736	171
736	317
736	523
736	563
736	606
736	713
736	719
736	855
736	945
737	327
737	567
737	758
737	813
737	835
737	910
737	921
737	947
737	968
737	984
737	1000
738	386
738	541
738	620
738	852
738	914
738	931
738	961
738	971
738	979
738	991
738	996
739	47
739	581
739	767
739	774
739	808
739	873
739	898
739	900
739	952
739	954
739	981
740	370
740	480
740	510
740	597
740	742
740	783
740	829
740	837
740	941
740	943
740	946
741	667
741	779
741	892
741	930
741	932
741	956
741	959
741	966
741	982
741	994
741	999
742	410
742	480
742	553
742	740
742	764
742	829
742	874
742	899
742	916
742	941
742	946
743	232
743	331
743	361
743	409
743	656
743	869
743	876
743	880
743	925
743	933
743	970
744	235
744	347
744	656
744	684
744	692
744	790
744	825
744	864
744	876
744	920
744	970
745	260
745	484
745	609
745	663
745	723
745	837
745	862
745	904
745	915
745	935
745	963
745	994
746	304
746	586
746	590
746	754
746	768
746	829
746	915
746	918
746	919
746	941
746	946
746	963
747	50
747	191
747	299
747	469
747	505
747	521
747	644
747	658
747	688
747	780
747	838
747	973
748	144
748	201
748	304
748	629
748	715
748	773
748	783
748	849
748	874
748	875
748	885
748	941
749	504
749	528
749	714
749	772
749	914
749	931
749	950
749	971
749	979
749	981
749	988
749	996
750	30
750	60
750	108
750	301
750	454
750	703
750	774
750	820
750	894
750	900
750	963
750	981
751	104
751	373
751	393
751	523
751	609
751	671
751	696
751	720
751	867
751	905
751	906
751	942
752	84
752	217
752	368
752	562
752	673
752	712
752	755
752	784
752	861
752	881
752	886
752	909
753	115
753	136
753	259
753	283
753	585
753	806
753	887
753	902
753	964
753	974
753	992
753	997
754	305
754	323
754	543
754	723
754	746
754	915
754	919
754	934
754	956
754	966
754	982
754	999
755	242
755	545
755	673
755	752
755	784
755	849
755	909
755	912
755	915
755	919
755	963
755	997
756	193
756	435
756	569
756	593
756	686
756	709
756	818
756	879
756	923
756	954
756	958
756	987
757	87
757	323
757	498
757	638
757	692
757	854
757	880
757	899
757	936
757	970
757	982
757	985
758	564
758	614
758	630
758	675
758	716
758	737
758	813
758	827
758	910
758	967
758	968
758	973
759	257
759	479
759	531
759	633
759	790
759	825
759	866
759	873
759	878
759	920
759	974
759	986
760	137
760	456
760	460
760	604
760	720
760	725
760	793
760	794
760	833
760	889
760	948
760	965
761	55
761	118
761	120
761	129
761	251
761	319
761	424
761	540
761	712
761	855
761	916
761	952
762	147
762	515
762	560
762	600
762	624
762	834
762	858
762	884
762	918
762	946
762	977
762	993
763	450
763	637
763	666
763	815
763	834
763	887
763	896
763	924
763	969
763	990
763	992
763	997
764	2
764	195
764	397
764	510
764	715
764	742
764	817
764	849
764	885
764	941
764	943
764	951
765	300
765	342
765	493
765	598
765	664
765	840
765	866
765	873
765	878
765	913
765	947
765	986
766	728
766	804
766	817
766	868
766	882
766	890
766	901
766	949
766	958
766	978
766	1000
767	146
767	188
767	253
767	538
767	549
767	723
767	739
767	794
767	847
767	884
767	966
767	983
768	512
768	541
768	685
768	733
768	746
768	867
768	904
768	915
768	919
768	934
768	962
768	963
769	187
769	848
769	894
769	938
769	941
769	953
769	955
769	964
769	973
769	981
769	995
770	265
770	385
770	608
770	635
770	711
770	816
770	856
770	927
770	936
770	956
770	975
770	989
771	80
771	505
771	662
771	772
771	824
771	852
771	914
771	931
771	971
771	979
771	991
771	996
772	26
772	332
772	640
772	645
772	697
772	749
772	771
772	807
772	914
772	971
772	979
772	991
773	2
773	114
773	135
773	410
773	465
773	480
773	715
773	748
773	874
773	876
773	885
773	899
773	946
774	388
774	421
774	453
774	554
774	612
774	691
774	739
774	750
774	820
774	924
774	930
774	981
774	994
775	112
775	278
775	547
775	678
775	844
775	845
775	898
775	928
775	944
775	954
775	955
775	967
775	978
776	156
776	241
776	477
776	636
776	792
776	801
776	814
776	820
776	877
776	893
776	928
776	977
776	994
777	145
777	335
777	387
777	507
777	514
777	556
777	652
777	711
777	895
777	927
777	935
777	975
777	994
778	216
778	552
778	605
778	613
778	706
778	709
778	718
778	883
778	897
778	931
778	959
778	974
778	989
779	48
779	74
779	132
779	741
779	805
779	921
779	930
779	932
779	956
779	966
779	982
779	994
779	999
780	256
780	267
780	336
780	588
780	644
780	694
780	747
780	838
780	862
780	866
780	874
780	878
780	974
781	63
781	414
781	469
781	475
781	567
781	665
781	670
781	732
781	841
781	850
781	921
781	947
781	984
782	37
782	262
782	417
782	520
782	578
782	580
782	596
782	616
782	619
782	726
782	730
782	903
782	998
783	402
783	536
783	629
783	689
783	723
783	740
783	748
783	790
783	832
783	849
783	886
783	901
783	946
784	99
784	225
784	242
784	290
784	405
784	545
784	617
784	712
784	752
784	755
784	861
784	909
784	956
785	30
785	610
785	701
785	844
785	863
785	938
785	961
785	971
785	979
785	987
785	991
785	995
785	996
786	33
786	83
786	110
786	137
786	237
786	306
786	365
786	411
786	520
786	594
786	796
786	865
786	955
787	17
787	32
787	434
787	536
787	575
787	734
787	790
787	839
787	871
787	886
787	901
787	907
787	943
788	314
788	369
788	537
788	590
788	671
788	696
788	816
788	830
788	870
788	872
788	942
788	967
788	972
789	462
789	506
789	637
789	639
789	661
789	668
789	710
789	716
789	887
789	902
789	984
789	992
789	997
790	235
790	440
790	637
790	649
790	744
790	759
790	783
790	787
790	825
790	886
790	907
790	920
790	943
791	437
791	625
791	840
791	862
791	888
791	890
791	904
791	974
791	975
791	977
791	981
791	983
791	988
792	102
792	156
792	161
792	175
792	186
792	230
792	241
792	477
792	628
792	636
792	776
792	877
792	970
793	74
793	263
793	406
793	490
793	517
793	530
793	639
793	713
793	760
793	835
793	889
793	948
793	965
794	274
794	659
794	722
794	723
794	734
794	760
794	767
794	847
794	882
794	895
794	966
794	980
794	983
795	445
795	908
795	930
795	952
795	985
795	996
796	83
796	110
796	137
796	237
796	285
796	306
796	365
796	411
796	520
796	594
796	786
796	845
796	865
797	492
797	535
797	606
797	631
797	653
797	735
797	822
797	845
797	856
797	923
797	927
797	936
797	978
798	253
798	538
798	659
798	667
798	722
798	800
798	807
798	847
798	895
798	979
798	980
798	983
798	992
799	307
799	375
799	513
799	529
799	659
799	703
799	727
799	734
799	945
799	966
799	969
799	973
799	983
800	355
800	674
800	723
800	798
800	809
800	849
800	896
800	915
800	934
800	963
800	966
800	980
800	983
801	483
801	636
801	706
801	721
801	776
801	814
801	820
801	831
801	893
801	928
801	977
801	978
802	39
802	148
802	426
802	627
802	643
802	809
802	812
802	871
802	906
802	917
802	969
802	976
802	990
803	212
803	535
803	546
803	713
803	836
803	842
803	856
803	908
803	925
803	936
803	939
803	957
803	986
804	36
804	209
804	641
804	654
804	766
804	817
804	822
804	958
804	978
805	281
805	338
805	391
805	779
805	881
805	921
805	930
805	932
805	940
805	956
805	966
805	982
805	994
805	999
806	33
806	79
806	202
806	204
806	489
806	690
806	753
806	810
806	950
806	974
806	975
806	981
806	983
806	988
807	348
807	689
807	772
807	798
807	824
807	852
807	884
807	895
807	914
807	961
807	979
807	980
807	983
807	991
808	22
808	489
808	563
808	570
808	571
808	718
808	724
808	739
808	857
808	922
808	950
808	960
808	966
808	994
809	148
809	149
809	179
809	450
809	540
809	800
809	802
809	811
809	815
809	854
809	969
809	982
809	985
809	986
810	354
810	448
810	489
810	565
810	645
810	650
810	806
810	846
810	911
810	913
810	938
810	974
810	987
810	995
811	141
811	272
811	285
811	312
811	450
811	587
811	593
811	643
811	666
811	809
811	815
811	906
811	961
811	969
812	94
812	548
812	627
812	631
812	678
812	682
812	802
812	841
812	871
812	891
812	917
812	960
812	976
812	990
813	66
813	90
813	157
813	541
813	564
813	614
813	675
813	710
813	716
813	737
813	758
813	916
813	968
813	1000
814	377
814	465
814	483
814	558
814	706
814	721
814	776
814	801
814	820
814	831
814	893
814	928
814	977
815	169
815	426
815	585
815	593
815	643
815	666
815	721
815	763
815	809
815	811
815	896
815	906
815	920
815	969
816	335
816	366
816	478
816	481
816	555
816	711
816	770
816	788
816	829
816	855
816	872
816	927
816	972
816	975
817	36
817	209
817	442
817	615
817	654
817	764
817	766
817	804
817	958
817	978
818	118
818	234
818	298
818	518
818	533
818	634
818	686
818	702
818	709
818	756
818	848
818	879
818	923
818	954
818	958
819	422
819	476
819	552
819	562
819	718
819	821
819	854
819	870
819	883
819	899
819	900
819	931
819	982
819	985
819	986
820	322
820	440
820	451
820	556
820	683
820	750
820	774
820	776
820	801
820	814
820	831
820	893
820	928
820	977
820	981
821	149
821	301
821	309
821	318
821	487
821	633
821	638
821	697
821	819
821	854
821	899
821	923
821	982
821	985
821	986
822	174
822	360
822	499
822	678
822	685
822	797
822	804
822	930
822	940
822	954
822	956
822	966
822	982
822	994
822	999
823	138
823	293
823	341
823	569
823	579
823	625
823	647
823	679
823	701
823	705
823	846
823	863
823	938
823	987
823	995
824	413
824	482
824	623
824	640
824	662
824	676
824	771
824	807
824	852
824	961
824	971
824	979
824	990
824	991
824	996
825	152
825	235
825	257
825	423
825	440
825	461
825	479
825	633
825	683
825	684
825	744
825	759
825	790
825	920
825	942
826	374
826	628
826	652
826	669
826	837
826	840
826	846
826	862
826	873
826	895
826	904
826	935
826	969
826	986
826	994
827	5
827	40
827	564
827	630
827	758
827	848
827	894
827	916
827	953
827	955
827	964
827	968
827	973
827	995
827	1000
828	518
828	547
828	700
828	720
828	843
828	844
828	851
828	905
828	937
828	942
828	944
828	962
828	967
828	979
828	984
829	114
829	135
829	297
829	410
829	456
829	480
829	590
829	629
829	740
829	742
829	746
829	816
829	834
829	941
829	951
830	22
830	381
830	431
830	542
830	687
830	788
830	857
830	868
830	870
830	872
830	906
830	950
830	952
830	960
830	961
831	380
831	439
831	491
831	584
831	672
831	696
831	801
831	814
831	820
831	893
831	898
831	928
831	958
831	977
832	32
832	408
832	434
832	443
832	649
832	680
832	688
832	695
832	731
832	783
832	840
832	859
832	886
832	907
832	943
833	121
833	280
833	394
833	452
833	458
833	525
833	604
833	668
833	698
833	725
833	760
833	835
833	889
833	948
833	965
834	27
834	46
834	336
834	382
834	450
834	643
834	666
834	721
834	762
834	763
834	829
834	840
834	896
834	906
834	946
834	969
835	137
835	231
835	280
835	328
835	345
835	353
835	427
835	655
835	737
835	793
835	833
835	852
835	889
835	905
835	948
835	965
836	6
836	139
836	324
836	438
836	467
836	493
836	573
836	708
836	803
836	875
836	912
836	925
836	937
836	939
836	957
836	990
837	122
837	185
837	305
837	325
837	464
837	484
837	595
837	652
837	665
837	740
837	745
837	826
837	846
837	879
837	935
837	994
838	151
838	191
838	256
838	267
838	299
838	333
838	457
838	469
838	521
838	592
838	602
838	655
838	688
838	747
838	780
838	940
839	96
839	195
839	429
839	575
839	633
839	635
839	711
839	787
839	856
839	886
839	901
839	923
839	927
839	943
839	975
839	985
840	132
840	177
840	337
840	765
840	791
840	826
840	832
840	834
840	860
840	865
840	866
840	878
840	884
840	946
840	974
840	986
841	91
841	113
841	597
841	631
841	658
841	713
841	781
841	812
841	855
841	871
841	891
841	917
841	945
841	960
841	976
841	990
842	123
842	455
842	532
842	608
842	726
842	803
842	858
842	875
842	908
842	918
842	925
842	937
842	939
842	957
842	972
842	976
843	284
843	446
843	537
843	551
843	828
843	844
843	851
843	875
843	898
843	918
843	922
843	928
843	944
843	949
843	967
843	984
844	220
844	318
844	446
844	515
844	547
844	775
844	785
844	828
844	843
844	851
844	888
844	918
844	928
844	944
844	949
844	967
844	984
845	96
845	122
845	174
845	278
845	367
845	473
845	482
845	499
845	601
845	632
845	642
845	653
845	735
845	775
845	796
845	797
845	954
846	255
846	392
846	556
846	663
846	705
846	810
846	823
846	826
846	837
846	863
846	895
846	911
846	935
846	938
846	957
846	987
846	994
847	55
847	188
847	308
847	444
847	466
847	538
847	549
847	627
847	659
847	674
847	689
847	767
847	794
847	798
847	882
847	884
847	966
848	88
848	641
848	769
848	818
848	827
848	894
848	938
848	941
848	953
848	955
848	964
848	973
848	995
849	304
849	473
849	480
849	723
849	733
849	748
849	755
849	764
849	783
849	800
849	851
849	899
849	904
849	919
849	934
849	941
849	995
850	63
850	71
850	205
850	281
850	373
850	447
850	471
850	500
850	567
850	582
850	623
850	670
850	717
850	781
850	921
850	947
850	984
851	116
851	284
851	524
851	828
851	843
851	844
851	849
851	860
851	875
851	888
851	898
851	918
851	928
851	944
851	949
851	967
851	984
852	311
852	339
852	572
852	574
852	610
852	738
852	771
852	807
852	824
852	835
852	872
852	914
852	931
852	971
852	979
852	991
852	996
853	100
853	247
853	337
853	496
853	522
853	591
853	607
853	618
853	626
853	704
853	716
853	726
853	885
853	896
853	917
853	993
854	149
854	179
854	309
854	318
854	357
854	367
854	476
854	487
854	509
854	697
854	757
854	809
854	819
854	821
854	982
854	985
854	986
855	119
855	162
855	171
855	365
855	523
855	687
855	713
855	714
855	736
855	761
855	816
855	841
855	872
855	907
855	945
855	947
855	972
856	4
856	335
856	356
856	478
856	534
856	603
856	629
856	635
856	711
856	713
856	770
856	797
856	803
856	839
856	883
856	927
856	975
857	22
857	47
857	86
857	109
857	439
857	454
857	570
857	718
857	722
857	724
857	808
857	830
857	922
857	950
857	952
857	960
857	961
858	282
858	370
858	389
858	396
858	412
858	455
858	477
858	532
858	560
858	600
858	762
858	842
858	865
858	918
858	972
858	976
858	993
859	163
859	291
859	436
859	443
859	531
859	642
859	679
859	680
859	695
859	730
859	731
859	832
859	863
859	866
859	911
859	987
859	995
860	46
860	111
860	158
860	177
860	221
860	292
860	336
860	382
860	400
860	515
860	596
860	611
860	624
860	840
860	851
860	940
860	946
861	28
861	189
861	219
861	242
861	290
861	302
861	368
861	503
861	526
861	545
861	562
861	617
861	673
861	682
861	712
861	752
861	784
861	909
862	249
862	287
862	330
862	374
862	437
862	508
862	650
862	674
862	694
862	745
862	780
862	791
862	826
862	866
862	873
862	878
862	974
862	986
863	131
863	230
863	470
863	546
863	569
863	625
863	642
863	647
863	671
863	679
863	785
863	823
863	846
863	859
863	911
863	938
863	987
863	995
864	21
864	82
864	150
864	170
864	172
864	286
864	349
864	371
864	376
864	497
864	557
864	651
864	699
864	702
864	729
864	744
864	965
864	980
865	143
865	275
865	306
865	365
865	477
865	520
865	532
865	594
865	786
865	796
865	840
865	858
865	918
865	931
865	976
865	993
866	273
866	287
866	420
866	477
866	508
866	516
866	625
866	694
866	759
866	765
866	780
866	840
866	859
866	862
866	873
866	878
866	904
866	974
867	52
867	301
867	346
867	481
867	559
867	685
867	733
867	735
867	751
867	768
867	904
867	915
867	920
867	934
867	954
867	962
867	963
867	978
868	23
868	35
868	41
868	54
868	251
868	407
868	416
868	493
868	519
868	699
868	728
868	766
868	830
868	882
868	901
868	949
868	982
868	1000
869	348
869	409
869	498
869	599
869	634
869	692
869	725
869	743
869	876
869	880
869	881
869	925
869	929
869	933
869	936
869	970
869	980
869	998
870	366
870	442
870	510
870	542
870	555
870	559
870	605
870	709
870	713
870	718
870	788
870	819
870	830
870	872
870	883
870	897
870	907
870	972
870	989
871	410
871	682
871	787
871	802
871	812
871	841
871	891
871	892
871	917
871	930
871	932
871	940
871	956
871	960
871	976
871	982
871	990
871	994
871	999
872	8
872	19
872	39
872	216
872	381
872	409
872	442
872	481
872	542
872	700
872	714
872	788
872	816
872	830
872	852
872	855
872	870
872	907
872	972
873	140
873	260
873	330
873	374
873	420
873	516
873	529
873	625
873	694
873	721
873	739
873	759
873	765
873	826
873	862
873	866
873	878
873	904
873	986
874	166
874	201
874	438
874	467
874	677
874	732
874	742
874	748
874	773
874	780
874	875
874	885
874	899
874	912
874	939
874	951
874	957
874	966
874	990
875	141
875	200
875	279
875	698
875	708
875	748
875	836
875	842
875	843
875	851
875	874
875	888
875	908
875	918
875	944
875	949
875	967
875	984
875	990
876	160
876	364
876	486
876	501
876	526
876	599
876	692
876	743
876	744
876	773
876	869
876	880
876	881
876	925
876	929
876	933
876	936
876	970
876	998
877	120
877	134
877	156
877	161
877	175
877	208
877	241
877	477
877	628
877	636
877	776
877	792
877	887
877	902
877	922
877	924
877	954
877	992
877	997
878	221
878	249
878	260
878	330
878	374
878	437
878	650
878	694
878	759
878	765
878	780
878	840
878	862
878	866
878	873
878	904
878	951
878	974
878	986
879	220
879	234
879	362
879	392
879	412
879	634
879	646
879	652
879	669
879	675
879	728
879	756
879	818
879	837
879	935
879	954
879	958
879	989
879	994
880	18
880	87
880	348
880	420
880	486
880	498
880	599
880	656
880	743
880	757
880	869
880	876
880	881
880	929
880	933
880	936
880	940
880	970
880	998
881	656
881	752
881	805
881	869
881	876
881	880
881	892
881	929
881	932
881	936
881	940
881	956
881	959
881	966
881	970
881	982
881	998
881	999
881	1000
882	126
882	345
882	418
882	519
882	549
882	723
882	728
882	766
882	794
882	847
882	868
882	901
882	949
882	966
882	980
882	983
882	999
882	1000
883	56
883	57
883	308
883	333
883	423
883	510
883	559
883	562
883	605
883	613
883	718
883	778
883	819
883	856
883	870
883	897
883	931
883	959
883	989
884	93
884	111
884	158
884	162
884	221
884	279
884	308
884	400
884	457
884	624
884	762
884	767
884	807
884	840
884	847
884	946
884	966
884	980
884	983
885	135
885	337
885	383
885	433
885	591
885	607
885	626
885	704
885	726
885	748
885	764
885	773
885	853
885	874
885	899
885	932
885	943
885	946
885	951
886	32
886	76
886	96
886	133
886	198
886	287
886	429
886	449
886	497
886	536
886	575
886	649
886	752
886	783
886	787
886	790
886	832
886	839
886	907
886	943
887	73
887	347
887	387
887	506
887	622
887	628
887	637
887	639
887	661
887	710
887	753
887	763
887	789
887	877
887	902
887	922
887	924
887	986
887	992
887	997
888	45
888	167
888	485
888	561
888	576
888	620
888	632
888	678
888	791
888	844
888	851
888	875
888	898
888	928
888	944
888	949
888	954
888	967
888	978
888	984
889	146
889	231
889	271
889	394
889	427
889	452
889	502
889	525
889	588
889	668
889	700
889	760
889	793
889	833
889	835
889	905
889	926
889	948
889	959
889	965
890	200
890	339
890	343
890	504
890	513
890	681
890	690
890	693
890	707
890	708
890	766
890	791
890	933
890	949
890	950
890	975
890	977
890	981
890	983
890	988
891	38
891	42
891	326
891	418
891	488
891	501
891	548
891	627
891	631
891	645
891	682
891	715
891	812
891	841
891	871
891	917
891	944
891	960
891	976
891	990
892	248
892	254
892	385
892	395
892	524
892	663
892	741
892	871
892	881
892	921
892	930
892	932
892	940
892	956
892	959
892	966
892	971
892	982
892	994
892	999
893	24
893	124
893	295
893	302
893	377
893	483
893	558
893	706
893	721
893	776
893	801
893	814
893	820
893	831
893	928
893	971
893	977
893	982
894	266
894	430
894	641
894	750
894	769
894	827
894	848
894	901
894	938
894	941
894	953
894	955
894	964
894	973
894	995
895	55
895	305
895	325
895	595
895	646
895	659
895	667
895	669
895	689
895	777
895	794
895	798
895	807
895	826
895	846
895	900
895	935
895	966
895	971
895	983
896	85
896	100
896	148
896	247
896	359
896	496
896	585
896	618
896	666
896	716
896	721
896	763
896	800
896	815
896	834
896	853
896	906
896	946
896	969
896	993
897	56
897	72
897	107
897	314
897	403
897	422
897	508
897	550
897	571
897	577
897	642
897	648
897	706
897	778
897	870
897	883
897	931
897	937
897	942
897	959
897	989
898	390
898	431
898	446
898	537
898	563
898	662
898	722
898	739
898	775
898	831
898	843
898	851
898	888
898	918
898	944
898	950
898	960
898	961
898	967
898	984
898	989
899	309
899	597
899	638
899	727
899	742
899	757
899	773
899	819
899	821
899	849
899	874
899	885
899	941
899	943
899	946
899	951
899	972
899	982
899	983
899	985
899	986
900	113
900	165
900	176
900	294
900	372
900	388
900	440
900	447
900	451
900	453
900	527
900	554
900	612
900	683
900	739
900	750
900	819
900	895
900	903
900	930
900	981
901	289
901	429
901	434
901	519
901	575
901	699
901	728
901	734
901	766
901	783
901	787
901	839
901	868
901	882
901	894
901	907
901	943
901	949
901	958
901	1000
902	101
902	136
902	197
902	396
902	462
902	492
902	568
902	577
902	592
902	601
902	639
902	661
902	710
902	715
902	753
902	789
902	877
902	887
902	924
902	992
902	997
903	37
903	60
903	108
903	165
903	301
903	315
903	340
903	378
903	447
903	535
903	578
903	580
903	612
903	616
903	691
903	726
903	730
903	782
903	900
903	981
903	998
904	330
904	402
904	417
904	529
904	648
904	650
904	745
904	768
904	791
904	826
904	849
904	866
904	867
904	873
904	878
904	914
904	915
904	919
904	934
904	962
904	974
904	986
905	263
905	277
905	353
905	369
905	393
905	452
905	461
905	525
905	539
905	550
905	569
905	604
905	751
905	828
905	835
905	889
905	926
905	937
905	942
905	948
905	962
905	965
906	95
906	178
906	272
906	549
906	566
906	587
906	609
906	643
906	648
906	721
906	751
906	802
906	811
906	815
906	830
906	834
906	896
906	935
906	937
906	942
906	967
906	969
907	8
907	19
907	28
907	32
907	264
907	449
907	649
907	665
907	687
907	700
907	714
907	787
907	790
907	832
907	855
907	870
907	872
907	886
907	901
907	943
907	972
907	983
908	269
908	279
908	445
908	497
908	568
908	698
908	795
908	803
908	842
908	875
908	937
908	939
908	952
908	957
908	985
908	990
908	996
909	28
909	84
909	99
909	200
909	213
909	217
909	219
909	225
909	242
909	264
909	290
909	503
909	526
909	562
909	606
909	617
909	673
909	712
909	752
909	755
909	784
909	861
909	934
910	51
910	77
910	90
910	157
910	173
910	218
910	238
910	239
910	449
910	458
910	495
910	516
910	522
910	541
910	583
910	614
910	634
910	716
910	737
910	758
910	916
910	968
910	1000
911	16
911	17
911	116
911	123
911	293
911	310
911	341
911	436
911	464
911	531
911	579
911	613
911	617
911	621
911	625
911	649
911	701
911	810
911	846
911	859
911	863
911	987
911	995
912	127
912	255
912	317
912	324
912	561
912	566
912	573
912	586
912	698
912	755
912	836
912	874
912	915
912	919
912	922
912	925
912	934
912	937
912	939
912	957
912	962
912	963
912	990
913	24
913	53
913	202
913	259
913	261
913	283
913	428
913	485
913	494
913	535
913	540
913	568
913	619
913	621
913	664
913	684
913	765
913	810
913	947
913	951
913	970
913	974
913	991
914	379
914	386
914	390
914	403
914	463
914	472
914	572
914	610
914	623
914	640
914	738
914	749
914	771
914	772
914	807
914	852
914	904
914	931
914	961
914	971
914	979
914	991
914	996
915	127
915	180
915	355
915	389
915	512
915	541
915	561
915	586
915	592
915	733
915	745
915	746
915	754
915	755
915	768
915	800
915	867
915	904
915	912
915	919
915	934
915	960
915	963
916	55
916	62
916	66
916	89
916	90
916	120
916	129
916	238
916	251
916	319
916	320
916	415
916	449
916	540
916	630
916	712
916	727
916	742
916	761
916	813
916	827
916	910
916	968
917	94
917	128
917	225
917	244
917	326
917	468
917	488
917	501
917	627
917	631
917	645
917	675
917	682
917	802
917	812
917	841
917	853
917	871
917	891
917	960
917	976
917	990
917	999
918	147
918	364
918	532
918	560
918	608
918	746
918	762
918	842
918	843
918	844
918	851
918	858
918	865
918	875
918	898
918	928
918	944
918	949
918	967
918	972
918	976
918	984
918	993
919	93
919	127
919	188
919	226
919	260
919	276
919	512
919	544
919	559
919	609
919	698
919	733
919	746
919	754
919	755
919	768
919	849
919	904
919	912
919	915
919	934
919	962
919	963
920	45
920	235
920	257
920	461
920	473
920	479
920	492
920	499
920	601
920	633
920	642
920	653
920	683
920	684
920	744
920	759
920	790
920	815
920	825
920	867
920	933
920	954
920	978
920	984
921	40
921	98
921	168
921	327
921	391
921	414
921	434
921	567
921	582
921	665
921	737
921	779
921	781
921	805
921	850
921	892
921	932
921	940
921	956
921	957
921	982
921	984
921	994
921	999
922	119
922	159
922	169
922	391
922	454
922	506
922	570
922	622
922	637
922	677
922	710
922	724
922	808
922	843
922	857
922	877
922	887
922	912
922	924
922	950
922	952
922	961
922	992
922	997
923	193
923	227
923	234
923	356
923	419
923	435
923	441
923	507
923	514
923	534
923	606
923	629
923	634
923	686
923	756
923	797
923	818
923	821
923	839
923	927
923	954
923	958
923	975
923	993
924	50
924	101
924	117
924	208
924	222
924	329
924	431
924	462
924	506
924	517
924	518
924	601
924	637
924	639
924	661
924	710
924	715
924	763
924	774
924	877
924	887
924	902
924	922
924	992
924	997
925	141
925	153
925	194
925	324
925	409
925	493
925	498
925	568
925	603
925	743
925	803
925	836
925	842
925	869
925	876
925	912
925	929
925	936
925	939
925	957
925	962
925	970
925	973
925	990
925	998
926	18
926	58
926	71
926	159
926	160
926	205
926	214
926	228
926	271
926	281
926	328
926	353
926	357
926	447
926	500
926	525
926	604
926	657
926	717
926	725
926	889
926	905
926	948
926	965
926	974
926	976
927	195
927	227
927	243
927	335
927	356
927	406
927	478
927	507
927	517
927	600
927	603
927	629
927	633
927	635
927	713
927	770
927	777
927	797
927	816
927	839
927	856
927	923
927	936
927	951
927	975
927	978
928	94
928	278
928	377
928	483
928	706
928	721
928	775
928	776
928	801
928	814
928	820
928	831
928	843
928	844
928	851
928	888
928	893
928	918
928	939
928	944
928	949
928	967
928	977
928	984
928	1000
929	87
929	232
929	347
929	348
929	361
929	409
929	436
929	486
929	498
929	501
929	526
929	599
929	634
929	656
929	692
929	695
929	869
929	876
929	880
929	881
929	925
929	933
929	936
929	950
929	970
929	976
929	998
930	60
930	80
930	294
930	322
930	388
930	453
930	454
930	527
930	558
930	579
930	616
930	741
930	774
930	779
930	795
930	805
930	822
930	871
930	892
930	900
930	932
930	956
930	959
930	966
930	981
930	982
930	994
931	107
931	151
931	332
931	351
931	423
931	594
931	611
931	623
931	706
931	709
931	731
931	738
931	749
931	771
931	778
931	819
931	852
931	865
931	883
931	897
931	914
931	961
931	971
931	979
931	989
931	991
931	996
932	53
932	254
932	316
932	338
932	358
932	391
932	395
932	466
932	490
932	654
932	741
932	779
932	805
932	871
932	881
932	885
932	892
932	921
932	930
932	940
932	956
932	959
932	966
932	969
932	982
932	994
932	999
933	194
933	213
933	236
933	246
933	347
933	420
933	514
933	528
933	576
933	583
933	599
933	692
933	743
933	869
933	876
933	880
933	890
933	920
933	929
933	970
933	975
933	977
933	981
933	983
933	986
933	988
933	998
934	14
934	49
934	276
934	295
934	310
934	328
934	389
934	402
934	433
934	473
934	511
934	512
934	541
934	561
934	698
934	733
934	754
934	768
934	800
934	849
934	867
934	904
934	909
934	912
934	915
934	919
934	962
934	963
935	26
935	48
935	164
935	185
935	305
935	316
935	387
935	392
935	412
935	464
935	484
935	556
935	587
935	595
935	646
935	652
935	663
935	669
935	690
935	745
935	777
935	826
935	837
935	846
935	879
935	895
935	906
935	994
936	87
936	97
936	232
936	328
936	356
936	474
936	507
936	534
936	599
936	606
936	633
936	635
936	757
936	770
936	797
936	803
936	869
936	876
936	880
936	881
936	925
936	927
936	929
936	970
936	975
936	987
936	997
936	998
937	3
937	110
937	199
937	277
937	303
937	393
937	426
937	474
937	500
937	550
937	566
937	660
937	671
937	708
937	828
937	836
937	842
937	897
937	905
937	906
937	908
937	912
937	939
937	942
937	957
937	962
937	969
937	990
938	341
938	354
938	531
938	584
938	596
938	613
938	626
938	647
938	735
938	769
938	785
938	810
938	823
938	846
938	848
938	863
938	894
938	941
938	953
938	955
938	964
938	973
938	987
938	995
939	6
939	166
939	187
939	199
939	275
939	279
939	317
939	324
939	362
939	438
939	500
939	573
939	660
939	677
939	698
939	708
939	803
939	836
939	842
939	874
939	908
939	912
939	925
939	928
939	937
939	947
939	957
939	990
940	155
940	168
940	207
940	224
940	248
940	252
940	338
940	395
940	465
940	543
940	654
940	663
940	805
940	822
940	838
940	860
940	871
940	880
940	881
940	892
940	921
940	932
940	956
940	959
940	966
940	982
940	994
940	999
941	144
941	275
941	402
941	461
941	641
941	740
941	742
941	746
941	748
941	764
941	769
941	829
941	848
941	849
941	894
941	899
941	938
941	951
941	953
941	955
941	964
941	973
941	991
941	995
942	132
942	186
942	259
942	273
942	277
942	314
942	369
942	373
942	399
942	523
942	539
942	550
942	566
942	571
942	577
942	622
942	648
942	671
942	720
942	751
942	788
942	825
942	828
942	897
942	905
942	906
942	937
942	962
942	967
943	135
943	144
943	198
943	291
943	304
943	429
943	432
943	434
943	474
943	553
943	575
943	629
943	649
943	702
943	730
943	732
943	740
943	764
943	787
943	790
943	832
943	839
943	885
943	886
943	899
943	901
943	907
943	951
943	977
944	115
944	139
944	161
944	163
944	220
944	312
944	318
944	356
944	446
944	487
944	515
944	524
944	537
944	547
944	551
944	775
944	828
944	843
944	844
944	851
944	875
944	888
944	891
944	898
944	918
944	928
944	949
944	967
944	984
945	1
945	9
945	91
945	119
945	142
945	171
945	307
945	366
945	375
945	523
945	548
945	563
945	581
945	606
945	658
945	719
945	727
945	736
945	799
945	841
945	855
945	969
945	973
945	980
945	994
946	46
946	93
946	102
946	153
946	155
946	292
946	370
946	384
946	402
946	456
946	461
946	515
946	611
946	624
946	715
946	740
946	742
946	746
946	762
946	773
946	783
946	834
946	840
946	860
946	884
946	885
946	896
946	899
946	951
946	975
947	63
947	134
947	261
947	342
947	407
947	414
947	419
947	428
947	469
947	475
947	485
947	492
947	567
947	582
947	598
947	621
947	664
947	665
947	670
947	684
947	732
947	737
947	765
947	781
947	850
947	855
947	913
947	939
947	951
947	984
948	70
948	105
948	106
948	121
948	190
948	215
948	218
948	231
948	353
948	394
948	425
948	448
948	458
948	460
948	502
948	525
948	604
948	655
948	668
948	704
948	707
948	725
948	760
948	793
948	833
948	835
948	889
948	905
948	926
948	965
948	996
949	23
949	54
949	94
949	251
949	289
949	312
949	416
949	457
949	487
949	493
949	519
949	547
949	699
949	728
949	766
949	843
949	844
949	851
949	868
949	875
949	882
949	888
949	890
949	901
949	918
949	928
949	944
949	953
949	967
949	984
949	1000
950	25
950	68
950	92
950	109
950	139
950	213
950	313
950	489
950	504
950	509
950	528
950	690
950	693
950	697
950	718
950	724
950	749
950	806
950	808
950	830
950	857
950	890
950	898
950	922
950	929
950	960
950	975
950	977
950	981
950	988
950	990
951	14
951	18
951	206
951	261
951	275
951	300
951	342
951	410
951	419
951	485
951	494
951	590
951	595
951	598
951	621
951	664
951	684
951	715
951	732
951	764
951	829
951	874
951	878
951	885
951	899
951	913
951	927
951	941
951	943
951	946
951	947
952	7
952	25
952	47
952	78
952	263
952	431
952	445
952	454
952	468
952	491
952	571
952	573
952	579
952	677
952	718
952	739
952	761
952	795
952	830
952	857
952	908
952	922
952	960
952	961
952	964
952	985
952	996
953	31
953	44
953	59
953	65
953	81
953	124
953	130
953	133
953	182
953	206
953	266
953	270
953	430
953	494
953	495
953	533
953	566
953	574
953	618
953	641
953	660
953	769
953	827
953	848
953	894
953	938
953	941
953	949
953	955
953	964
953	973
953	995
954	83
954	193
954	234
954	362
954	435
954	441
954	518
954	576
954	593
954	620
954	632
954	642
954	678
954	685
954	689
954	702
954	735
954	739
954	756
954	775
954	818
954	822
954	845
954	867
954	877
954	879
954	888
954	920
954	923
954	958
954	978
954	997
955	59
955	81
955	92
955	114
955	133
955	167
955	182
955	204
955	207
955	215
955	266
955	430
955	495
955	552
955	566
955	574
955	612
955	618
955	641
955	660
955	769
955	775
955	786
955	827
955	848
955	894
955	938
955	941
955	953
955	964
955	973
955	995
956	10
956	41
956	56
956	224
956	252
956	254
956	316
956	358
956	490
956	524
956	543
956	654
956	663
956	741
956	754
956	770
956	779
956	784
956	805
956	822
956	871
956	881
956	892
956	921
956	930
956	932
956	940
956	966
956	979
956	982
956	994
956	999
957	6
957	15
957	186
957	187
957	196
957	199
957	237
957	279
957	317
957	324
957	362
957	438
957	467
957	474
957	568
957	573
957	660
957	677
957	698
957	708
957	803
957	836
957	842
957	846
957	874
957	908
957	912
957	921
957	925
957	937
957	939
957	990
958	36
958	39
958	62
958	209
958	229
958	276
958	284
958	435
958	441
958	442
958	503
958	533
958	593
958	615
958	654
958	675
958	686
958	702
958	709
958	756
958	766
958	804
958	817
958	818
958	831
958	879
958	901
958	923
958	954
958	978
959	4
959	14
959	57
959	106
959	107
959	164
959	252
959	254
959	265
959	333
959	346
959	351
959	510
959	543
959	559
959	594
959	741
959	778
959	881
959	883
959	889
959	892
959	897
959	930
959	932
959	940
959	966
959	982
959	984
959	989
959	994
959	996
959	999
960	42
960	68
960	178
960	248
960	263
960	390
960	391
960	405
960	418
960	468
960	488
960	548
960	563
960	627
960	631
960	677
960	682
960	697
960	808
960	812
960	830
960	841
960	857
960	871
960	891
960	898
960	915
960	917
960	950
960	952
960	973
960	976
960	990
961	22
961	68
961	92
961	109
961	152
961	169
961	339
961	439
961	463
961	472
961	489
961	537
961	570
961	610
961	640
961	670
961	738
961	785
961	807
961	811
961	824
961	830
961	857
961	898
961	914
961	922
961	931
961	952
961	970
961	971
961	979
961	991
961	996
962	185
962	255
962	260
962	303
962	381
962	393
962	406
962	469
962	508
962	511
962	518
962	539
962	544
962	559
962	571
962	586
962	671
962	700
962	720
962	733
962	768
962	828
962	867
962	904
962	905
962	912
962	919
962	925
962	934
962	937
962	942
962	963
962	967
963	12
963	49
963	127
963	226
963	295
963	310
963	334
963	402
963	428
963	433
963	473
963	511
963	512
963	544
963	550
963	559
963	586
963	609
963	648
963	698
963	745
963	746
963	750
963	755
963	768
963	800
963	867
963	912
963	915
963	919
963	934
963	962
963	982
964	31
964	59
964	81
964	92
964	114
964	125
964	130
964	133
964	167
964	215
964	266
964	270
964	430
964	483
964	494
964	495
964	552
964	566
964	574
964	618
964	641
964	660
964	753
964	769
964	827
964	848
964	894
964	938
964	941
964	952
964	953
964	955
964	973
964	995
965	52
965	70
965	106
965	121
965	146
965	160
965	161
965	231
965	345
965	383
965	394
965	427
965	448
965	452
965	456
965	460
965	480
965	502
965	525
965	588
965	604
965	655
965	707
965	725
965	760
965	793
965	833
965	835
965	864
965	889
965	905
965	926
965	948
965	972
966	38
966	444
966	496
966	667
966	689
966	722
966	723
966	741
966	754
966	767
966	779
966	794
966	799
966	800
966	805
966	808
966	822
966	847
966	874
966	881
966	882
966	884
966	892
966	895
966	930
966	932
966	940
966	956
966	959
966	980
966	982
966	983
966	994
966	999
967	303
967	312
967	386
967	393
967	399
967	478
967	523
967	524
967	547
967	550
967	577
967	609
967	671
967	696
967	700
967	720
967	758
967	775
967	788
967	828
967	843
967	844
967	851
967	875
967	888
967	898
967	906
967	918
967	928
967	942
967	944
967	949
967	962
967	984
968	5
968	51
968	66
968	77
968	90
968	157
968	173
968	218
968	238
968	239
968	297
968	320
968	368
968	415
968	458
968	495
968	522
968	541
968	564
968	583
968	603
968	614
968	630
968	675
968	716
968	737
968	758
968	813
968	827
968	910
968	916
968	975
968	980
968	1000
969	117
969	141
969	142
969	145
969	272
969	285
969	307
969	308
969	366
969	375
969	390
969	426
969	581
969	666
969	721
969	727
969	763
969	799
969	802
969	809
969	811
969	815
969	826
969	834
969	896
969	906
969	932
969	937
969	945
969	973
970	18
970	97
970	128
970	160
970	194
970	232
970	347
970	348
970	355
970	360
970	420
970	486
970	498
970	501
970	526
970	599
970	634
970	656
970	692
970	743
970	744
970	757
970	792
970	869
970	876
970	880
970	881
970	913
970	925
970	929
970	933
970	936
970	961
970	976
970	998
971	26
971	180
971	269
971	332
971	350
971	379
971	403
971	413
971	472
971	551
971	555
971	572
971	574
971	610
971	611
971	623
971	640
971	645
971	738
971	749
971	771
971	772
971	785
971	824
971	852
971	892
971	893
971	895
971	914
971	931
971	961
971	979
971	990
971	991
971	996
972	13
972	19
972	143
972	147
972	162
972	258
972	268
972	282
972	367
972	396
972	412
972	455
972	466
972	482
972	527
972	532
972	542
972	560
972	600
972	602
972	687
972	700
972	714
972	788
972	816
972	842
972	855
972	858
972	870
972	872
972	899
972	907
972	918
972	965
972	976
972	993
973	117
973	142
973	307
973	308
973	366
973	375
973	430
973	581
973	641
973	727
973	747
973	758
973	769
973	799
973	827
973	848
973	894
973	925
973	938
973	941
973	945
973	953
973	955
973	960
973	964
973	969
973	995
974	53
974	115
974	202
974	204
974	245
974	249
974	320
974	330
974	340
974	374
974	489
974	516
974	535
974	540
974	565
974	568
974	585
974	628
974	630
974	650
974	686
974	694
974	753
974	759
974	778
974	780
974	791
974	806
974	810
974	840
974	862
974	866
974	878
974	904
974	913
974	926
974	986
975	243
975	246
975	290
975	343
975	361
975	406
975	416
975	478
975	504
975	513
975	516
975	517
975	534
975	555
975	576
975	619
975	633
975	681
975	691
975	693
975	770
975	777
975	791
975	806
975	816
975	839
975	856
975	890
975	923
975	927
975	933
975	936
975	946
975	950
975	968
975	981
975	983
975	988
976	35
976	42
976	61
976	190
976	222
976	268
976	282
976	326
976	334
976	384
976	389
976	418
976	488
976	501
976	532
976	548
976	560
976	608
976	627
976	631
976	645
976	682
976	802
976	812
976	841
976	842
976	858
976	865
976	871
976	891
976	917
976	918
976	926
976	929
976	960
976	970
976	972
976	990
976	993
977	24
977	69
977	72
977	98
977	104
977	124
977	196
977	233
977	295
977	302
977	377
977	416
977	483
977	509
977	513
977	528
977	558
977	651
977	681
977	690
977	693
977	706
977	721
977	762
977	776
977	791
977	801
977	814
977	820
977	831
977	890
977	893
977	928
977	933
977	943
977	950
977	981
977	983
977	988
978	15
978	36
978	39
978	45
978	62
978	83
978	112
978	122
978	143
978	209
978	276
978	284
978	367
978	442
978	481
978	561
978	601
978	615
978	632
978	654
978	678
978	685
978	766
978	775
978	797
978	801
978	804
978	817
978	867
978	888
978	920
978	927
978	954
978	958
978	997
979	11
979	33
979	84
979	269
979	311
979	332
979	339
979	379
979	386
979	411
979	463
979	472
979	482
979	555
979	572
979	610
979	611
979	620
979	623
979	640
979	645
979	662
979	738
979	749
979	771
979	772
979	785
979	798
979	807
979	824
979	828
979	852
979	914
979	931
979	956
979	961
979	971
979	991
979	996
980	20
980	21
980	34
980	82
980	108
980	150
980	170
980	172
980	286
980	349
980	371
980	376
980	444
980	457
980	497
980	538
980	549
980	557
980	651
980	674
980	689
980	699
980	702
980	722
980	729
980	794
980	798
980	800
980	807
980	864
980	869
980	882
980	884
980	945
980	966
980	968
980	983
980	995
981	5
981	130
981	139
981	154
981	236
981	246
981	315
981	322
981	388
981	451
981	453
981	454
981	504
981	513
981	544
981	554
981	558
981	625
981	681
981	683
981	691
981	708
981	739
981	749
981	750
981	769
981	774
981	791
981	806
981	820
981	890
981	900
981	903
981	930
981	933
981	950
981	975
981	977
981	983
981	988
981	998
982	131
982	179
982	301
982	318
982	359
982	395
982	437
982	476
982	494
982	543
982	615
982	638
982	727
982	741
982	754
982	757
982	779
982	805
982	809
982	819
982	821
982	822
982	854
982	868
982	871
982	881
982	892
982	893
982	899
982	921
982	930
982	932
982	940
982	956
982	959
982	963
982	966
982	985
982	986
982	994
982	999
983	146
983	154
983	236
983	272
983	323
983	344
983	364
983	384
983	444
983	549
983	565
983	576
983	583
983	667
983	674
983	681
983	691
983	693
983	703
983	734
983	767
983	791
983	794
983	798
983	799
983	800
983	806
983	807
983	882
983	884
983	890
983	895
983	899
983	907
983	933
983	966
983	975
983	977
983	980
983	981
983	988
984	40
984	63
984	116
984	302
984	312
984	327
984	414
984	419
984	446
984	469
984	475
984	487
984	515
984	537
984	547
984	567
984	582
984	665
984	670
984	732
984	737
984	781
984	789
984	828
984	843
984	844
984	850
984	851
984	875
984	888
984	898
984	918
984	920
984	921
984	928
984	944
984	947
984	949
984	959
984	967
985	7
985	16
985	70
985	78
985	138
985	170
985	179
985	192
985	223
985	226
985	274
985	309
985	349
985	359
985	413
985	445
985	458
985	462
985	476
985	491
985	509
985	511
985	573
985	579
985	638
985	697
985	727
985	757
985	795
985	809
985	819
985	821
985	839
985	854
985	899
985	908
985	952
985	982
985	986
985	996
986	138
986	223
986	233
986	249
986	273
986	287
986	309
986	336
986	425
986	437
986	476
986	487
986	509
986	511
986	529
986	615
986	625
986	628
986	638
986	650
986	694
986	697
986	727
986	759
986	765
986	803
986	809
986	819
986	821
986	826
986	840
986	854
986	862
986	873
986	878
986	887
986	899
986	904
986	933
986	974
986	982
986	985
987	16
987	30
987	44
987	116
987	123
987	189
987	230
987	240
987	253
987	262
987	288
987	293
987	310
987	331
987	341
987	405
987	448
987	470
987	531
987	546
987	579
987	596
987	613
987	617
987	621
987	625
987	642
987	647
987	679
987	701
987	705
987	756
987	785
987	810
987	823
987	846
987	859
987	863
987	911
987	936
987	938
987	991
987	995
988	21
988	49
988	69
988	98
988	112
988	131
988	154
988	198
988	213
988	233
988	236
988	246
988	323
988	339
988	340
988	343
988	364
988	471
988	490
988	504
988	505
988	509
988	513
988	528
988	576
988	583
988	662
988	681
988	690
988	693
988	707
988	708
988	749
988	791
988	806
988	890
988	933
988	950
988	975
988	977
988	981
988	983
988	989
989	3
989	29
989	57
989	82
989	106
989	203
989	211
989	216
989	241
989	265
989	351
989	385
989	392
989	401
989	422
989	423
989	433
989	552
989	562
989	594
989	608
989	706
989	709
989	711
989	770
989	778
989	870
989	879
989	883
989	897
989	898
989	931
989	959
989	988
990	6
990	15
990	38
990	42
990	166
990	199
990	225
990	237
990	244
990	317
990	326
990	401
990	438
990	474
990	488
990	501
990	548
990	568
990	627
990	631
990	645
990	660
990	677
990	682
990	763
990	802
990	812
990	824
990	836
990	841
990	871
990	874
990	875
990	891
990	908
990	912
990	917
990	925
990	937
990	939
990	950
990	957
990	960
990	971
990	976
991	26
991	33
991	43
991	80
991	184
991	269
991	311
991	332
991	350
991	379
991	386
991	403
991	411
991	413
991	463
991	472
991	482
991	551
991	555
991	572
991	574
991	610
991	611
991	620
991	623
991	640
991	645
991	662
991	724
991	738
991	771
991	772
991	785
991	807
991	824
991	852
991	913
991	914
991	931
991	941
991	961
991	971
991	979
991	987
991	996
992	50
992	73
992	81
992	88
992	101
992	136
992	172
992	175
992	183
992	192
992	197
992	222
992	257
992	329
992	346
992	352
992	358
992	387
992	421
992	431
992	462
992	467
992	492
992	506
992	517
992	546
992	592
992	622
992	628
992	637
992	639
992	661
992	710
992	715
992	753
992	763
992	789
992	798
992	877
992	887
992	902
992	922
992	924
992	997
992	998
993	35
993	85
993	100
993	196
993	229
993	233
993	239
993	247
993	275
993	334
993	359
993	371
993	384
993	389
993	412
993	455
993	466
993	496
993	522
993	532
993	560
993	600
993	608
993	618
993	629
993	716
993	729
993	762
993	853
993	858
993	865
993	896
993	918
993	923
993	972
993	976
994	122
994	155
994	164
994	220
994	248
994	305
994	316
994	325
994	418
994	464
994	466
994	543
994	556
994	587
994	595
994	646
994	652
994	663
994	665
994	669
994	741
994	745
994	774
994	776
994	777
994	779
994	805
994	808
994	822
994	826
994	837
994	846
994	871
994	879
994	892
994	921
994	930
994	932
994	935
994	940
994	945
994	956
994	959
994	966
994	982
994	999
995	123
995	189
995	230
995	240
995	255
995	266
995	341
995	420
995	430
995	448
995	494
995	495
995	552
995	566
995	596
995	621
995	641
995	642
995	647
995	655
995	660
995	679
995	701
995	705
995	769
995	785
995	810
995	823
995	827
995	848
995	849
995	859
995	863
995	894
995	911
995	938
995	941
995	953
995	955
995	964
995	973
995	980
995	987
996	1
996	7
996	70
996	78
996	170
996	180
996	184
996	192
996	226
996	269
996	274
996	311
996	349
996	413
996	445
996	472
996	491
996	551
996	572
996	573
996	574
996	579
996	609
996	610
996	613
996	623
996	738
996	749
996	771
996	785
996	795
996	824
996	852
996	908
996	914
996	931
996	948
996	952
996	959
996	961
996	971
996	979
996	985
996	991
996	1000
997	50
997	101
997	117
997	136
997	172
997	175
997	183
997	192
997	197
997	208
997	222
997	257
997	329
997	352
997	358
997	387
997	396
997	411
997	421
997	431
997	462
997	467
997	492
997	506
997	517
997	546
997	592
997	601
997	622
997	628
997	637
997	639
997	661
997	668
997	710
997	715
997	753
997	755
997	763
997	789
997	877
997	887
997	902
997	922
997	924
997	936
997	954
997	978
997	992
998	2
998	37
998	61
998	128
998	140
998	153
998	194
998	214
998	232
998	262
998	321
998	355
998	360
998	362
998	378
998	409
998	417
998	486
998	498
998	520
998	578
998	580
998	599
998	616
998	619
998	634
998	656
998	661
998	692
998	726
998	730
998	782
998	869
998	876
998	880
998	881
998	903
998	925
998	929
998	933
998	936
998	970
998	981
998	992
999	10
999	14
999	38
999	41
999	48
999	53
999	56
999	132
999	155
999	164
999	207
999	224
999	248
999	252
999	254
999	319
999	338
999	354
999	358
999	395
999	418
999	464
999	465
999	466
999	490
999	499
999	524
999	543
999	654
999	663
999	712
999	741
999	754
999	779
999	805
999	822
999	871
999	881
999	882
999	892
999	917
999	921
999	932
999	940
999	956
999	959
999	966
999	982
999	994
1000	5
1000	23
1000	35
1000	41
1000	54
1000	66
1000	77
1000	157
1000	173
1000	218
1000	219
1000	227
1000	238
1000	251
1000	289
1000	297
1000	315
1000	320
1000	364
1000	407
1000	416
1000	449
1000	455
1000	493
1000	495
1000	519
1000	522
1000	564
1000	583
1000	603
1000	614
1000	630
1000	675
1000	699
1000	728
1000	737
1000	766
1000	813
1000	827
1000	868
1000	881
1000	882
1000	901
1000	910
1000	928
1000	949
1000	968
1000	996
