1	881
1	892
1	918
1	954
2	493
2	941
2	949
2	969
3	884
3	923
3	934
3	975
4	264
4	327
4	897
4	902
5	852
5	908
5	978
5	989
6	918
6	953
6	960
6	967
7	812
7	840
7	988
8	452
8	838
8	931
8	936
9	918
9	953
9	960
9	967
10	648
10	682
10	794
10	965
11	486
11	723
11	921
11	963
12	947
12	964
12	972
12	974
13	65
13	522
13	833
13	887
14	693
14	916
14	917
14	967
15	662
15	672
15	728
15	839
16	601
16	847
16	918
16	960
17	837
17	861
17	900
17	928
18	615
18	977
18	990
18	1000
19	402
19	916
19	917
19	928
20	533
20	756
20	770
20	963
21	893
21	919
21	979
21	983
22	809
22	906
22	952
22	965
23	561
23	705
23	756
23	770
24	545
24	722
24	890
24	960
25	129
25	469
25	532
25	585
26	624
26	629
26	826
26	852
27	269
27	672
27	839
27	879
28	258
28	799
28	847
28	967
29	519
29	795
29	827
29	970
30	632
30	777
30	906
30	913
31	718
31	970
31	986
31	1000
32	864
32	932
32	978
32	989
33	575
33	875
33	880
33	902
34	738
34	828
34	951
34	995
35	881
35	892
35	954
35	993
36	930
36	962
36	981
36	984
37	860
37	866
37	868
37	993
38	685
38	841
38	954
38	993
39	410
39	908
39	982
39	989
40	569
40	841
40	911
40	993
41	297
41	637
41	816
41	823
42	648
42	678
42	682
42	794
43	459
43	503
43	609
43	877
44	626
44	914
44	966
44	968
45	920
45	994
45	997
45	998
46	915
46	949
46	969
46	973
47	906
47	931
47	936
47	986
48	890
48	953
48	960
48	967
49	788
49	798
49	873
49	950
50	962
50	984
50	991
50	992
51	748
51	863
51	951
51	995
52	599
52	714
52	772
52	952
53	673
53	788
53	873
53	950
54	101
54	711
54	812
54	830
55	391
55	629
55	826
55	852
56	259
56	593
56	791
56	897
57	397
57	528
57	567
57	680
58	615
58	717
58	765
58	915
59	134
59	866
59	868
59	993
60	700
60	931
60	936
60	986
61	764
61	938
61	971
61	975
62	937
62	940
62	956
62	999
63	962
63	981
63	984
63	992
64	288
64	397
64	517
64	604
65	13
65	522
65	833
65	984
66	994
66	996
66	997
66	998
67	639
67	662
67	866
67	993
68	411
68	794
68	975
68	995
69	100
69	563
69	637
69	823
70	855
70	934
70	971
70	975
71	994
71	996
71	997
71	998
72	951
72	994
72	996
72	998
73	481
73	850
73	921
73	961
74	251
74	737
74	816
74	823
75	994
75	996
75	997
75	998
76	187
76	430
76	642
76	797
77	169
77	837
77	900
77	928
78	226
78	738
78	863
78	951
79	957
79	975
79	979
79	983
80	860
80	866
80	868
80	993
81	591
81	668
81	755
81	928
82	594
82	634
82	639
82	662
83	594
83	607
83	634
83	662
84	705
84	756
84	770
84	801
85	859
85	880
85	888
85	999
86	764
86	782
86	971
86	975
87	738
87	796
87	951
87	995
88	923
88	962
88	971
88	975
89	728
89	844
89	965
89	982
90	796
90	863
90	951
90	985
91	554
91	688
91	807
91	862
92	309
92	725
92	791
92	899
93	877
93	947
93	964
93	974
94	700
94	931
94	936
94	986
95	806
95	937
95	946
95	956
96	965
96	978
96	982
96	989
97	674
97	686
97	931
97	986
98	198
98	507
98	727
98	897
99	589
99	689
99	914
99	968
100	69
100	637
100	816
100	823
101	54
101	631
101	783
101	827
102	673
102	784
102	873
102	950
103	498
103	934
103	935
103	1000
104	758
104	893
104	979
104	983
105	841
105	892
105	924
105	954
106	644
106	874
106	898
106	976
107	850
107	875
107	921
107	961
108	291
108	931
108	936
108	986
109	948
109	977
109	990
109	1000
110	792
110	920
110	953
110	967
111	783
111	827
111	866
111	993
112	863
112	947
112	951
112	995
113	314
113	375
113	966
113	968
114	311
114	718
114	789
114	986
115	797
115	807
115	856
115	934
116	551
116	848
116	916
116	917
117	387
117	582
117	797
117	935
118	645
118	854
118	916
118	917
119	688
119	712
119	803
119	807
120	727
120	875
120	903
120	907
121	362
121	503
121	609
121	752
122	831
122	871
122	898
122	976
123	446
123	582
123	981
123	984
124	342
124	800
124	924
124	954
125	804
125	806
125	946
125	985
126	598
126	875
126	897
126	899
127	859
127	880
127	888
127	999
128	860
128	866
128	868
128	993
129	25
129	383
129	532
129	572
130	927
130	957
130	979
130	983
131	868
131	996
131	997
131	998
132	926
132	944
132	964
132	972
133	416
133	948
133	954
133	993
134	59
134	642
134	862
134	1000
135	180
135	951
135	985
135	995
136	994
136	996
136	997
136	998
137	278
137	503
137	574
137	752
138	876
138	877
138	918
138	960
139	771
139	847
139	865
139	981
140	619
140	853
140	862
140	894
141	642
141	657
141	659
141	935
142	705
142	756
142	770
142	976
143	859
143	880
143	888
143	999
144	491
144	632
144	669
144	777
145	218
145	622
145	941
145	969
146	673
146	784
146	842
146	873
147	932
147	978
147	982
147	989
148	891
148	977
148	990
148	1000
149	519
149	783
149	812
149	827
150	480
150	753
150	971
150	975
151	799
151	876
151	953
151	960
152	533
152	970
152	977
152	1000
153	574
153	752
153	867
153	959
154	561
154	630
154	756
154	770
155	742
155	928
155	984
155	992
156	892
156	924
156	954
156	993
157	672
157	728
157	839
157	879
158	871
158	874
158	925
158	976
159	705
159	756
159	770
159	779
160	692
160	923
160	971
160	975
161	694
161	798
161	951
161	985
162	526
162	668
162	788
162	893
163	768
163	915
163	941
163	973
164	300
164	760
164	790
164	976
165	876
165	953
165	960
165	967
166	381
166	839
166	879
166	904
167	409
167	437
167	779
167	852
168	359
168	569
168	612
168	954
169	77
169	830
169	911
169	928
170	602
170	847
170	890
170	967
171	962
171	981
171	984
171	992
172	850
172	922
172	961
172	976
173	599
173	762
173	952
173	968
174	947
174	964
174	972
174	974
175	851
175	927
175	979
175	983
176	493
176	625
176	826
176	852
177	941
177	949
177	969
177	973
178	861
178	879
178	904
178	928
179	930
179	962
179	981
179	992
180	135
180	694
180	863
180	985
181	533
181	539
181	926
181	950
182	925
182	941
182	969
182	973
183	736
183	805
183	931
183	936
184	780
184	978
184	982
184	989
185	663
185	850
185	911
185	976
186	861
186	880
186	888
186	999
187	76
187	639
187	801
187	894
188	747
188	910
188	990
188	1000
189	772
189	824
189	886
189	988
190	790
190	922
190	964
190	976
191	789
191	865
191	924
191	986
192	915
192	925
192	969
192	973
193	338
193	703
193	771
193	986
194	748
194	931
194	936
194	951
195	804
195	881
195	924
195	954
196	366
196	500
196	951
196	995
197	786
197	912
197	946
197	956
198	98
198	784
198	873
198	950
199	421
199	867
199	950
199	959
200	684
200	919
200	957
200	983
201	773
201	930
201	962
201	992
202	630
202	920
202	953
202	960
203	263
203	766
203	865
203	924
204	399
204	503
204	631
204	812
205	584
205	808
205	822
205	968
206	300
206	790
206	886
206	961
207	650
207	869
207	990
207	1000
208	851
208	957
208	979
208	983
209	831
209	874
209	898
209	976
210	932
210	965
210	982
210	996
211	868
211	888
211	993
211	999
212	486
212	493
212	629
212	852
213	387
213	688
213	896
213	935
214	943
214	944
214	972
214	974
215	397
215	526
215	633
215	668
216	784
216	880
216	888
216	999
217	347
217	964
217	972
217	974
218	145
218	978
218	982
218	989
219	549
219	713
219	853
219	935
220	287
220	931
220	936
220	986
221	510
221	943
221	964
221	974
222	699
222	766
222	771
222	865
223	706
223	841
223	892
223	970
224	574
224	947
224	972
224	974
225	941
225	949
225	969
225	973
226	78
226	514
226	951
226	985
227	824
227	965
227	982
227	989
228	360
228	994
228	996
228	997
229	397
229	473
229	517
229	680
230	542
230	562
230	733
230	926
230	959
231	768
231	779
231	787
231	795
231	812
232	910
232	948
232	955
232	990
232	1000
233	515
233	851
233	951
233	979
233	983
234	251
234	310
234	637
234	816
234	823
235	941
235	949
235	969
235	973
235	988
236	367
236	789
236	888
236	924
236	986
237	492
237	844
237	890
237	900
237	978
238	848
238	854
238	901
238	916
238	917
239	436
239	929
239	946
239	956
239	999
240	313
240	599
240	966
240	968
240	981
241	298
241	733
241	933
241	950
241	959
242	937
242	946
242	981
242	985
242	992
243	731
243	782
243	854
243	916
243	917
244	349
244	508
244	754
244	801
244	895
245	661
245	930
245	981
245	984
245	992
246	668
246	955
246	970
246	990
246	1000
247	508
247	659
247	712
247	853
247	935
248	713
248	808
248	822
248	843
248	933
249	586
249	713
249	808
249	822
249	843
250	306
250	491
250	632
250	669
250	777
251	74
251	234
251	297
251	563
251	823
252	708
252	881
252	951
252	985
252	995
253	717
253	735
253	762
253	969
253	973
254	671
254	734
254	981
254	984
254	992
255	670
255	857
255	865
255	877
255	999
256	562
256	568
256	590
256	664
256	933
257	443
257	650
257	661
257	739
257	741
258	28
258	918
258	960
258	967
258	983
259	56
259	690
259	897
259	899
259	907
260	347
260	902
260	978
260	982
260	989
261	915
261	925
261	949
261	969
261	973
262	270
262	943
262	964
262	972
262	974
263	203
263	286
263	839
263	879
263	904
264	4
264	763
264	878
264	940
264	946
265	566
265	933
265	939
265	981
265	992
266	677
266	840
266	842
266	913
266	988
267	386
267	848
267	854
267	916
267	917
268	761
268	837
268	861
268	900
268	928
269	27
269	525
269	549
269	728
269	879
270	262
270	433
270	464
270	682
270	794
271	838
271	931
271	936
271	986
271	996
272	294
272	365
272	486
272	826
272	852
273	811
273	829
273	950
273	952
273	959
274	570
274	723
274	922
274	961
274	963
275	806
275	834
275	845
275	946
275	963
276	767
276	886
276	926
276	939
276	959
277	715
277	760
277	850
277	921
277	961
278	137
278	413
278	609
278	752
278	808
279	893
279	927
279	979
279	983
279	987
280	563
280	637
280	769
280	824
280	988
281	861
281	900
281	911
281	928
281	933
282	465
282	919
282	927
282	979
282	983
283	740
283	835
283	871
283	874
283	898
284	890
284	918
284	983
284	997
284	998
285	782
285	816
285	848
285	916
285	917
286	263
286	634
286	728
286	839
286	879
287	220
287	736
287	906
287	931
287	936
288	64
288	526
288	591
288	668
288	788
289	434
289	881
289	892
289	924
289	993
290	805
290	843
290	850
290	922
290	961
291	108
291	700
291	736
291	906
291	936
292	725
292	768
292	779
292	783
292	830
293	845
293	912
293	937
293	956
293	999
294	272
294	486
294	493
294	826
294	852
295	910
295	955
295	970
295	977
295	1000
296	877
296	937
296	940
296	946
296	956
297	41
297	251
297	563
297	816
297	823
298	241
298	733
298	815
298	939
298	959
299	871
299	874
299	898
299	903
299	976
300	164
300	206
300	838
300	911
300	961
301	670
301	765
301	786
301	977
301	1000
302	382
302	893
302	919
302	927
302	957
303	334
303	506
303	518
303	791
303	907
304	313
304	457
304	914
304	966
304	968
305	688
305	858
305	949
305	969
305	973
306	250
306	491
306	777
306	902
306	913
307	504
307	505
307	557
307	560
307	966
308	598
308	791
308	794
308	897
308	899
309	92
309	727
309	897
309	899
309	907
310	234
310	737
310	816
310	823
310	996
311	114
311	766
311	771
311	865
311	986
312	421
312	658
312	889
312	926
312	963
313	240
313	304
313	675
313	966
313	968
314	113
314	994
314	996
314	997
314	998
315	316
315	759
315	966
315	968
315	986
316	315
316	751
316	941
316	969
316	988
317	896
317	908
317	912
317	937
317	985
318	649
318	762
318	914
318	966
318	992
319	690
319	735
319	765
319	786
319	940
320	696
320	699
320	841
320	954
320	989
321	503
321	574
321	609
321	752
321	877
322	911
322	921
322	961
322	963
322	976
323	698
323	767
323	838
323	931
323	936
324	780
324	809
324	965
324	982
324	989
325	519
325	631
325	795
325	812
325	827
326	955
326	970
326	978
326	990
326	1000
327	4
327	623
327	831
327	899
327	907
328	533
328	867
328	933
328	946
328	950
329	872
329	962
329	972
329	981
329	992
330	952
330	965
330	978
330	982
330	989
331	756
331	943
331	947
331	972
331	974
332	423
332	760
332	921
332	922
332	961
333	533
333	542
333	886
333	939
333	959
334	303
334	875
334	899
334	907
334	972
335	434
335	589
335	803
335	966
335	968
336	955
336	970
336	977
336	990
336	1000
337	820
337	859
337	880
337	888
337	999
338	193
338	759
338	865
338	986
338	988
339	453
339	673
339	784
339	798
339	873
340	367
340	859
340	880
340	888
340	999
341	746
341	748
341	847
341	953
341	967
342	124
342	681
342	924
342	954
342	993
343	583
343	697
343	862
343	894
343	961
344	713
344	808
344	925
344	973
344	988
345	915
345	949
345	969
345	973
345	988
346	893
346	957
346	967
346	979
346	983
347	217
347	260
347	965
347	982
347	989
348	427
348	905
348	957
348	979
348	983
349	244
349	600
349	712
349	894
349	895
350	527
350	749
350	825
350	929
350	937
351	563
351	628
351	637
351	816
351	823
352	948
352	970
352	977
352	990
352	1000
353	804
353	918
353	953
353	960
353	967
354	365
354	602
354	826
354	960
354	976
355	557
355	587
355	803
355	966
355	968
356	936
356	948
356	977
356	990
356	1000
357	648
357	678
357	682
357	794
357	894
358	396
358	690
358	691
358	717
358	786
359	168
359	681
359	706
359	881
359	954
360	228
360	413
360	761
360	877
360	928
361	908
361	932
361	978
361	982
361	989
362	121
362	816
362	823
362	847
362	960
363	774
363	831
363	835
363	871
363	898
364	432
364	586
364	727
364	741
364	808
365	272
365	354
365	437
365	625
365	629
366	196
366	620
366	863
366	951
366	995
367	236
367	340
367	718
367	759
367	865
368	517
368	604
368	633
368	680
368	739
369	948
369	970
369	977
369	990
369	1000
370	450
370	881
370	885
370	954
370	978
371	404
371	664
371	867
371	959
371	963
372	927
372	971
372	975
372	979
372	983
373	930
373	962
373	981
373	984
373	992
374	872
374	962
374	981
374	984
374	992
375	113
375	557
375	883
375	966
375	968
376	943
376	947
376	964
376	972
376	974
377	742
377	809
377	849
377	984
377	992
378	529
378	896
378	926
378	940
378	946
379	642
379	962
379	981
379	984
379	992
380	948
380	955
380	970
380	990
380	1000
381	166
381	839
381	879
381	957
381	979
382	302
382	860
382	866
382	868
382	993
383	129
383	440
383	444
383	497
383	585
383	605
384	747
384	825
384	896
384	912
384	946
384	956
385	506
385	575
385	777
385	875
385	899
385	907
386	267
386	664
386	731
386	782
386	854
386	916
387	117
387	213
387	642
387	797
387	853
387	894
388	987
388	991
388	994
388	996
388	997
388	998
389	746
389	799
389	810
389	953
389	960
389	967
390	694
390	800
390	925
390	949
390	969
390	973
391	55
391	625
391	629
391	709
391	826
391	852
392	470
392	850
392	922
392	961
392	963
392	976
393	987
393	991
393	994
393	996
393	997
393	998
394	642
394	659
394	712
394	862
394	894
394	935
395	410
395	718
395	845
395	912
395	956
395	999
396	358
396	615
396	691
396	735
396	765
396	786
397	57
397	64
397	215
397	229
397	567
397	774
398	521
398	636
398	657
398	828
398	895
398	935
399	204
399	409
399	768
399	795
399	827
399	956
400	929
400	937
400	940
400	956
400	985
400	994
401	489
401	531
401	669
401	777
401	815
401	913
402	19
402	757
402	837
402	861
402	900
402	928
403	828
403	848
403	853
403	894
403	927
403	983
404	371
404	566
404	653
404	664
404	767
404	959
405	452
405	607
405	698
405	931
405	936
405	986
406	915
406	923
406	941
406	949
406	969
406	973
407	509
407	839
407	879
407	904
407	945
407	968
408	948
408	955
408	970
408	977
408	990
408	1000
409	167
409	399
409	768
409	779
409	827
409	890
410	39
410	395
410	529
410	857
410	896
410	940
411	68
411	415
411	464
411	678
411	794
411	861
412	620
412	708
412	796
412	951
412	985
412	995
413	278
413	360
413	574
413	752
413	836
413	877
414	943
414	944
414	947
414	964
414	972
414	974
415	411
415	648
415	678
415	682
415	794
415	955
416	133
416	841
416	881
416	892
416	954
416	993
417	536
417	564
417	919
417	957
417	979
417	983
418	974
418	991
418	994
418	996
418	997
418	998
419	429
419	991
419	994
419	996
419	997
419	998
420	714
420	855
420	923
420	971
420	975
420	995
421	199
421	312
421	811
421	858
421	926
421	959
422	430
422	555
422	919
422	927
422	935
422	983
423	332
423	483
423	921
423	922
423	961
423	976
424	818
424	820
424	859
424	880
424	888
424	999
425	443
425	584
425	586
425	713
425	741
425	822
426	754
426	766
426	865
426	924
426	972
426	986
427	348
427	851
427	919
427	957
427	979
427	983
428	849
428	930
428	962
428	981
428	984
428	992
429	419
429	774
429	871
429	874
429	898
429	976
430	76
430	422
430	688
430	807
430	894
430	935
431	987
431	991
431	994
431	996
431	997
431	998
432	364
432	650
432	744
432	808
432	822
432	843
433	270
433	464
433	678
433	682
433	794
433	971
434	289
434	335
434	509
434	914
434	952
434	966
435	545
435	810
435	918
435	953
435	960
435	967
436	239
436	704
436	860
436	866
436	868
436	993
437	167
437	365
437	493
437	625
437	826
437	852
438	449
438	522
438	608
438	658
438	833
438	887
439	584
439	943
439	944
439	964
439	972
439	974
440	383
440	835
440	871
440	874
440	898
440	976
441	600
441	797
441	801
441	856
441	862
441	953
442	584
442	586
442	713
442	739
442	808
442	843
443	257
443	425
443	586
443	650
443	739
443	822
444	383
444	472
444	497
444	572
444	605
444	984
445	908
445	932
445	963
445	965
445	982
445	989
446	123
446	773
446	870
446	981
446	984
446	992
447	732
447	925
447	941
447	949
447	973
447	988
448	715
448	729
448	850
448	921
448	961
448	963
449	438
449	548
449	608
449	658
449	887
449	889
450	370
450	631
450	795
450	830
450	944
450	947
451	663
451	813
451	851
451	957
451	979
451	983
452	8
452	405
452	931
452	936
452	983
452	986
453	339
453	523
453	798
453	842
453	873
453	950
454	855
454	948
454	970
454	977
454	990
454	1000
455	863
455	943
455	944
455	947
455	972
455	974
456	833
456	925
456	941
456	949
456	969
456	973
457	304
457	596
457	599
457	803
457	952
457	968
458	728
458	837
458	879
458	889
458	928
458	977
459	43
459	695
459	883
459	923
459	934
459	938
460	621
460	725
460	838
460	981
460	984
460	992
461	585
461	991
461	994
461	996
461	997
461	998
462	674
462	991
462	994
462	996
462	997
462	998
463	798
463	873
463	950
463	977
463	990
463	1000
464	270
464	411
464	433
464	648
464	678
464	794
465	282
465	851
465	869
465	893
465	927
465	979
466	499
466	594
466	607
466	634
466	639
466	662
467	677
467	729
467	772
467	824
467	840
467	988
468	844
468	908
468	952
468	965
468	978
468	989
469	25
469	472
469	497
469	572
469	585
469	900
470	392
470	723
470	760
470	843
470	921
470	922
471	769
471	824
471	840
471	913
471	960
471	988
472	444
472	469
472	497
472	572
472	585
472	605
473	229
473	528
473	567
473	604
473	633
473	680
474	620
474	863
474	907
474	951
474	985
474	995
475	846
475	943
475	944
475	964
475	972
475	974
476	693
476	782
476	848
476	854
476	916
476	917
477	483
477	723
477	790
477	921
477	961
477	982
478	870
478	872
478	981
478	984
478	992
478	993
479	580
479	647
479	781
479	933
479	939
479	959
480	150
480	773
480	855
480	883
480	971
480	975
481	73
481	518
481	897
481	907
481	961
481	963
482	525
482	625
482	728
482	839
482	879
482	904
483	423
483	477
483	677
483	697
483	729
483	921
484	523
484	842
484	873
484	948
484	990
484	1000
485	714
485	914
485	952
485	966
485	967
485	968
486	11
486	212
486	272
486	294
486	826
486	852
487	588
487	932
487	952
487	965
487	978
487	982
487	989
488	698
488	805
488	838
488	887
488	931
488	936
488	986
489	401
489	531
489	632
489	669
489	777
489	913
489	937
490	865
490	987
490	991
490	994
490	996
490	997
490	998
491	144
491	250
491	306
491	669
491	777
491	913
491	954
492	237
492	861
492	887
492	900
492	911
492	928
492	974
493	2
493	176
493	212
493	294
493	437
493	826
493	852
494	739
494	909
494	944
494	947
494	964
494	972
494	974
495	615
495	690
495	691
495	717
495	735
495	765
495	786
496	640
496	885
496	932
496	965
496	973
496	978
496	989
497	383
497	444
497	469
497	472
497	532
497	605
497	971
498	103
498	555
498	797
498	828
498	894
498	895
498	935
499	466
499	532
499	572
499	605
499	841
499	954
499	993
500	196
500	987
500	991
500	994
500	996
500	997
500	998
501	785
501	870
501	872
501	962
501	981
501	984
501	992
502	515
502	758
502	893
502	927
502	957
502	979
502	983
503	43
503	121
503	137
503	204
503	321
503	752
503	877
504	307
504	601
504	689
504	914
504	952
504	966
504	968
505	307
505	611
505	714
505	896
505	914
505	966
505	968
506	303
506	385
506	593
506	745
506	875
506	897
506	907
507	98
507	694
507	899
507	907
507	912
507	951
507	995
508	244
508	247
508	828
508	853
508	862
508	895
508	946
509	407
509	434
509	587
509	762
509	803
509	966
509	968
510	221
510	758
510	813
510	919
510	927
510	979
510	983
511	714
511	778
511	803
511	914
511	952
511	966
511	968
512	980
512	987
512	991
512	994
512	996
512	997
512	998
513	697
513	720
513	857
513	896
513	911
513	923
513	961
514	226
514	708
514	738
514	796
514	951
514	973
514	985
515	233
515	502
515	684
515	919
515	927
515	957
515	983
516	643
516	783
516	837
516	861
516	887
516	900
516	928
517	64
517	229
517	368
517	567
517	604
517	633
517	680
518	303
518	481
518	593
518	745
518	791
518	875
518	941
519	29
519	149
519	325
519	711
519	779
519	827
519	906
520	986
520	987
520	991
520	994
520	996
520	997
520	998
521	398
521	659
521	679
521	832
521	853
521	856
521	935
522	13
522	65
522	438
522	608
522	616
522	658
522	887
523	453
523	484
523	673
523	784
523	798
523	873
523	950
524	931
524	936
524	947
524	986
524	996
524	997
524	998
525	269
525	482
525	672
525	728
525	839
525	879
525	904
526	162
526	215
526	288
526	591
526	641
526	668
526	788
527	350
527	943
527	944
527	947
527	964
527	972
527	974
528	57
528	473
528	567
528	604
528	633
528	680
528	766
529	378
529	410
529	825
529	929
529	940
529	956
529	985
530	548
530	608
530	616
530	658
530	833
530	839
530	887
531	401
531	489
531	632
531	669
531	683
531	777
531	913
532	25
532	129
532	497
532	499
532	572
532	585
532	605
533	20
533	152
533	181
533	328
533	333
533	539
533	926
534	980
534	987
534	991
534	994
534	996
534	997
534	998
535	667
535	711
535	783
535	795
535	827
535	830
535	973
536	417
536	730
536	890
536	918
536	953
536	960
536	967
537	620
537	738
537	789
537	863
537	951
537	985
537	995
538	806
538	834
538	878
538	929
538	940
538	946
538	985
539	181
539	533
539	566
539	664
539	926
539	933
539	959
540	692
540	753
540	855
540	883
540	934
540	971
540	976
541	854
541	887
541	900
541	916
541	917
541	928
541	959
542	230
542	333
542	821
542	926
542	933
542	956
542	959
543	625
543	798
543	826
543	842
543	852
543	873
543	950
544	811
544	831
544	835
544	871
544	898
544	903
544	976
545	24
545	435
545	876
545	890
545	953
545	960
545	967
546	717
546	818
546	820
546	859
546	880
546	888
546	999
547	858
547	925
547	941
547	949
547	969
547	973
547	988
548	449
548	530
548	616
548	887
548	890
548	953
548	967
549	219
549	269
549	555
549	600
549	807
549	853
549	935
550	742
550	774
550	872
550	930
550	981
550	984
550	992
551	116
551	773
551	930
551	962
551	981
551	984
551	992
552	740
552	831
552	835
552	874
552	898
552	976
552	981
553	832
553	891
553	955
553	977
553	986
553	990
553	1000
554	91
554	813
554	851
554	927
554	957
554	979
554	983
555	422
555	498
555	549
555	582
555	706
555	828
555	894
556	787
556	801
556	948
556	955
556	977
556	990
556	1000
557	307
557	355
557	375
557	689
557	914
557	966
557	968
558	742
558	744
558	893
558	927
558	957
558	979
558	983
559	847
559	960
559	967
559	970
559	977
559	990
559	1000
560	307
560	589
560	601
560	762
560	914
560	935
560	966
560	968
561	23
561	154
561	617
561	641
561	705
561	756
561	770
562	230
562	256
562	733
562	811
562	926
562	939
562	959
562	975
563	69
563	251
563	280
563	297
563	351
563	737
563	816
563	823
564	417
564	581
564	758
564	851
564	893
564	919
564	957
564	983
565	651
565	704
565	856
565	860
565	866
565	868
565	936
565	993
566	265
566	404
566	539
566	568
566	821
566	886
566	911
566	959
567	57
567	397
567	473
567	517
567	528
567	633
567	680
567	962
568	256
568	566
568	821
568	886
568	933
568	939
568	950
568	994
569	40
569	168
569	612
569	805
569	892
569	954
569	957
569	993
570	274
570	980
570	987
570	991
570	994
570	996
570	997
570	998
571	685
571	706
571	849
571	881
571	930
571	954
571	984
571	992
572	129
572	444
572	469
572	472
572	499
572	532
572	585
572	605
573	675
573	884
573	923
573	938
573	971
573	975
573	982
573	995
574	137
574	153
574	224
574	321
574	413
574	609
574	752
574	877
575	33
575	385
575	623
575	725
575	727
575	875
575	897
575	926
576	693
576	731
576	782
576	848
576	854
576	901
576	916
576	917
577	849
577	870
577	872
577	927
577	930
577	962
577	984
577	992
578	672
578	802
578	839
578	879
578	904
578	948
578	990
578	1000
579	698
579	736
579	805
579	906
579	931
579	936
579	961
579	986
580	479
580	980
580	987
580	991
580	994
580	996
580	997
580	998
581	564
581	855
581	879
581	934
581	957
581	975
581	979
581	983
582	117
582	123
582	555
582	797
582	828
582	894
582	895
582	935
583	343
583	813
583	893
583	919
583	927
583	957
583	979
583	983
584	205
584	425
584	439
584	442
584	650
584	739
584	741
584	822
585	25
585	383
585	461
585	469
585	472
585	532
585	572
585	930
586	249
586	364
586	425
586	442
586	443
586	650
586	713
586	822
587	355
587	509
587	611
587	762
587	914
587	952
587	966
587	968
588	487
588	655
588	818
588	820
588	859
588	880
588	888
588	999
589	99
589	335
589	560
589	599
589	714
589	914
589	950
589	966
590	256
590	811
590	923
590	938
590	939
590	959
590	971
590	975
591	81
591	288
591	526
591	641
591	668
591	755
591	788
591	990
592	679
592	703
592	718
592	759
592	766
592	865
592	924
592	986
593	56
593	506
593	518
593	598
593	623
593	725
593	727
593	907
594	82
594	83
594	466
594	607
594	634
594	639
594	657
594	662
595	849
595	870
595	872
595	959
595	962
595	981
595	984
595	992
596	457
596	910
596	948
596	955
596	970
596	977
596	990
596	1000
597	731
597	782
597	848
597	854
597	887
597	901
597	916
597	917
598	126
598	308
598	593
598	727
598	745
598	899
598	907
598	938
599	52
599	173
599	240
599	457
599	589
599	914
599	966
599	968
600	349
600	441
600	549
600	807
600	853
600	894
600	895
600	935
601	16
601	504
601	560
601	611
601	689
601	803
601	966
601	968
602	170
602	354
602	630
602	730
602	847
602	876
602	890
602	953
603	751
603	858
603	915
603	925
603	949
603	965
603	969
603	973
604	64
604	368
604	473
604	517
604	528
604	633
604	680
604	898
605	383
605	444
605	472
605	497
605	499
605	532
605	572
605	635
606	651
606	704
606	856
606	860
606	866
606	868
606	992
606	993
607	83
607	405
607	466
607	594
607	634
607	639
607	657
607	662
608	438
608	449
608	522
608	530
608	616
608	658
608	833
608	887
609	43
609	121
609	278
609	321
609	574
609	697
609	752
609	877
610	656
610	677
610	769
610	772
610	824
610	840
610	913
610	988
611	505
611	587
611	601
611	914
611	952
611	955
611	966
611	968
612	168
612	569
612	681
612	685
612	708
612	892
612	954
612	993
613	864
613	880
613	885
613	957
613	979
613	982
613	983
613	989
614	785
614	870
614	930
614	962
614	973
614	981
614	984
614	992
615	18
615	58
615	396
615	495
615	690
615	691
615	765
615	786
616	522
616	530
616	548
616	608
616	658
616	833
616	887
616	1000
617	561
617	705
617	756
617	770
617	929
618	849
618	980
618	987
618	991
618	994
618	996
618	997
618	998
619	140
619	883
619	884
619	923
619	934
619	938
619	971
619	975
620	366
620	412
620	474
620	537
620	738
620	796
620	951
620	995
621	460
621	849
621	870
621	872
621	930
621	981
621	984
621	992
622	145
622	778
622	858
622	915
622	941
622	949
622	969
622	973
622	988
623	327
623	575
623	593
623	745
623	875
623	897
623	899
623	907
623	944
624	26
624	958
624	980
624	987
624	991
624	994
624	996
624	997
624	998
625	176
625	365
625	391
625	437
625	482
625	543
625	629
625	826
625	852
626	44
626	905
626	909
626	943
626	944
626	947
626	964
626	972
626	974
627	693
627	731
627	782
627	796
627	848
627	854
627	901
627	916
627	917
628	351
628	631
628	667
628	685
628	711
628	737
628	816
628	823
628	830
629	26
629	55
629	212
629	365
629	391
629	625
629	826
629	852
629	916
630	154
630	202
630	602
630	799
630	810
630	876
630	953
630	960
630	967
631	101
631	204
631	325
631	450
631	628
631	661
631	779
631	827
631	830
632	30
632	144
632	250
632	489
632	531
632	643
632	679
632	777
632	913
633	215
633	368
633	473
633	517
633	528
633	567
633	604
633	680
633	874
634	82
634	83
634	286
634	466
634	594
634	607
634	639
634	657
634	662
635	605
635	751
635	841
635	944
635	954
635	964
635	972
635	974
635	993
636	398
636	958
636	980
636	987
636	991
636	994
636	996
636	997
636	998
637	41
637	69
637	100
637	234
637	280
637	351
637	787
637	816
637	823
638	775
638	802
638	857
638	910
638	955
638	970
638	977
638	990
638	1000
639	67
639	82
639	187
639	466
639	594
639	607
639	634
639	657
639	662
640	496
640	652
640	783
640	864
640	903
640	932
640	978
640	982
640	989
641	526
641	561
641	591
641	668
641	705
641	755
641	756
641	770
641	980
642	76
642	134
642	141
642	379
642	387
642	394
642	828
642	895
642	935
643	516
643	632
643	833
643	837
643	861
643	889
643	900
643	911
643	928
644	106
644	740
644	774
644	831
644	835
644	871
644	874
644	898
644	976
645	118
645	675
645	695
645	814
645	884
645	923
645	934
645	938
645	971
646	684
646	905
646	909
646	943
646	944
646	947
646	964
646	972
646	974
647	479
647	781
647	821
647	867
647	886
647	933
647	939
647	963
647	988
648	10
648	42
648	357
648	415
648	464
648	678
648	682
648	794
648	845
649	318
649	785
649	870
649	930
649	946
649	962
649	981
649	984
649	992
650	207
650	257
650	432
650	443
650	584
650	586
650	661
650	741
650	808
651	565
651	606
651	704
651	856
651	860
651	866
651	868
651	931
651	993
652	640
652	820
652	908
652	920
652	932
652	952
652	978
652	982
652	989
653	404
653	767
653	781
653	829
653	926
653	939
653	950
653	959
653	963
654	799
654	905
654	909
654	943
654	944
654	947
654	964
654	972
654	974
655	588
655	818
655	820
655	846
655	859
655	880
655	888
655	980
655	999
656	610
656	677
656	769
656	772
656	824
656	840
656	842
656	913
656	988
657	141
657	398
657	594
657	607
657	634
657	639
657	854
657	862
657	935
658	312
658	438
658	449
658	522
658	530
658	608
658	616
658	833
658	887
659	141
659	247
659	394
659	521
659	688
659	712
659	801
659	884
659	895
660	891
660	910
660	948
660	955
660	970
660	977
660	982
660	990
660	1000
661	245
661	257
661	631
661	650
661	713
661	739
661	808
661	822
661	843
662	15
662	67
662	82
662	83
662	466
662	594
662	607
662	634
662	639
663	185
663	451
663	715
663	850
663	873
663	919
663	922
663	979
663	983
664	256
664	371
664	386
664	404
664	539
664	733
664	933
664	939
664	950
665	666
665	726
665	793
665	864
665	902
665	908
665	932
665	952
665	982
666	665
666	885
666	908
666	920
666	932
666	965
666	978
666	989
666	997
667	535
667	628
667	779
667	783
667	795
667	812
667	827
667	830
667	997
668	81
668	162
668	215
668	246
668	288
668	526
668	591
668	641
668	755
668	788
669	144
669	250
669	401
669	489
669	491
669	531
669	679
669	704
669	777
669	913
670	255
670	301
670	674
670	707
670	763
670	825
670	834
670	896
670	929
670	999
671	254
671	742
671	773
671	870
671	930
671	962
671	981
671	984
671	985
671	992
672	15
672	27
672	157
672	525
672	578
672	728
672	736
672	839
672	879
672	904
673	53
673	102
673	146
673	339
673	523
673	784
673	798
673	829
673	873
673	950
674	97
674	462
674	670
674	720
674	763
674	878
674	912
674	929
674	940
674	956
675	313
675	573
675	645
675	701
675	747
675	814
675	934
675	938
675	975
675	995
676	775
676	869
676	891
676	948
676	955
676	970
676	977
676	990
676	991
676	1000
677	266
677	467
677	483
677	610
677	656
677	824
677	840
677	842
677	913
677	988
678	42
678	357
678	411
678	415
678	433
678	464
678	648
678	682
678	794
678	995
679	521
679	592
679	632
679	669
679	777
679	856
679	862
679	895
679	913
679	935
680	57
680	229
680	368
680	473
680	517
680	528
680	567
680	604
680	633
680	927
681	342
681	359
681	612
681	706
681	748
681	841
681	881
681	892
681	954
681	993
682	10
682	42
682	270
682	357
682	415
682	433
682	648
682	678
682	794
682	920
683	531
683	817
683	905
683	909
683	943
683	944
683	947
683	964
683	972
683	974
684	200
684	515
684	646
684	813
684	893
684	919
684	927
684	957
684	979
684	983
685	38
685	571
685	612
685	628
685	805
685	881
685	892
685	924
685	954
685	993
686	97
686	716
686	752
686	845
686	912
686	937
686	940
686	946
686	956
686	999
687	817
687	859
687	905
687	909
687	943
687	944
687	947
687	964
687	972
687	974
688	91
688	119
688	213
688	305
688	430
688	659
688	807
688	862
688	894
688	935
689	99
689	504
689	557
689	601
689	762
689	803
689	914
689	966
689	968
689	992
690	259
690	319
690	358
690	495
690	615
690	691
690	717
690	735
690	755
690	786
691	358
691	396
691	495
691	615
691	690
691	717
691	738
691	755
691	765
691	786
692	160
692	540
692	764
692	819
692	934
692	938
692	971
692	975
692	980
692	995
693	14
693	476
693	576
693	627
693	782
693	848
693	901
693	916
693	917
693	995
694	161
694	180
694	390
694	507
694	708
694	748
694	863
694	951
694	985
694	995
695	459
695	645
695	882
695	884
695	914
695	934
695	938
695	971
695	975
695	995
696	320
696	793
696	844
696	864
696	932
696	965
696	978
696	982
696	989
696	997
697	343
697	483
697	513
697	609
697	760
697	911
697	921
697	922
697	961
697	976
698	323
698	405
698	488
698	579
698	700
698	711
698	736
698	931
698	936
698	986
699	222
699	320
699	809
699	844
699	864
699	932
699	965
699	978
699	982
699	989
700	60
700	94
700	291
700	698
700	736
700	838
700	906
700	928
700	931
700	936
701	675
701	720
701	814
701	819
701	855
701	884
701	934
701	938
701	971
701	975
702	764
702	883
702	884
702	923
702	934
702	938
702	966
702	971
702	975
702	995
703	193
703	592
703	718
703	740
703	754
703	766
703	771
703	789
703	924
703	986
704	436
704	565
704	606
704	651
704	669
704	856
704	860
704	866
704	868
704	993
705	23
705	84
705	142
705	159
705	561
705	617
705	641
705	756
705	770
705	913
706	223
706	359
706	555
706	571
706	681
706	881
706	892
706	924
706	954
706	993
707	670
707	749
707	825
707	857
707	878
707	929
707	937
707	941
707	946
707	956
708	252
708	412
708	514
708	612
708	694
708	796
708	863
708	951
708	985
708	995
709	391
709	778
709	858
709	915
709	925
709	941
709	949
709	969
709	973
709	988
710	832
710	867
710	891
710	910
710	948
710	955
710	970
710	977
710	990
710	1000
711	54
711	519
711	535
711	628
711	698
711	768
711	779
711	795
711	812
711	827
711	830
712	119
712	247
712	349
712	394
712	659
712	797
712	801
712	807
712	828
712	895
712	966
713	219
713	248
713	249
713	344
713	425
713	442
713	586
713	661
713	739
713	741
713	822
714	52
714	420
714	485
714	505
714	511
714	589
714	762
714	914
714	952
714	966
714	968
715	277
715	448
715	663
715	790
715	850
715	891
715	911
715	921
715	922
715	961
715	963
716	686
716	749
716	834
716	845
716	877
716	878
716	892
716	929
716	940
716	946
716	999
717	58
717	253
717	358
717	495
717	546
717	690
717	691
717	735
717	755
717	765
717	786
718	31
718	114
718	367
718	395
718	592
718	703
718	759
718	771
718	789
718	924
718	986
719	922
719	942
719	945
719	958
719	980
719	987
719	991
719	994
719	996
719	997
719	998
720	513
720	674
720	701
720	806
720	825
720	834
720	877
720	937
720	946
720	956
720	999
721	726
721	737
721	869
721	891
721	910
721	948
721	955
721	970
721	977
721	990
721	1000
722	24
722	748
722	810
722	845
722	876
722	890
722	918
722	920
722	953
722	960
722	967
723	11
723	274
723	470
723	477
723	729
723	732
723	850
723	921
723	922
723	961
723	976
724	817
724	904
724	905
724	909
724	943
724	944
724	947
724	964
724	972
724	974
725	92
725	292
725	460
725	575
725	593
725	745
725	875
725	897
725	899
725	902
725	907
726	665
726	721
726	869
726	891
726	910
726	948
726	955
726	970
726	977
726	990
726	1000
727	98
727	120
727	309
727	364
727	575
727	593
727	598
727	791
727	875
727	897
727	899
728	15
728	89
728	157
728	269
728	286
728	458
728	482
728	525
728	672
728	839
728	879
729	448
729	467
729	483
729	723
729	760
729	790
729	843
729	922
729	961
729	963
729	976
730	536
730	602
730	799
730	810
730	847
730	876
730	897
730	918
730	953
730	960
730	967
731	243
731	386
731	576
731	597
731	627
731	782
731	848
731	854
731	873
731	916
731	917
732	447
732	723
732	778
732	858
732	915
732	925
732	941
732	949
732	969
732	973
732	988
733	230
733	241
733	298
733	562
733	664
733	815
733	867
733	889
733	929
733	939
733	959
734	254
734	742
734	785
734	849
734	872
734	930
734	957
734	962
734	981
734	984
734	992
735	253
735	319
735	396
735	495
735	690
735	717
735	755
735	765
735	786
735	900
735	923
736	183
736	287
736	291
736	579
736	672
736	698
736	700
736	906
736	931
736	936
736	986
737	74
737	310
737	563
737	628
737	721
737	769
737	772
737	816
737	824
737	840
737	988
738	34
738	78
738	87
738	514
738	537
738	620
738	691
738	863
738	951
738	985
738	995
739	257
739	368
739	442
739	443
739	494
739	584
739	661
739	713
739	741
739	808
739	843
740	283
740	552
740	644
740	703
740	774
740	831
740	835
740	871
740	874
740	898
740	976
741	257
741	364
741	425
741	584
741	650
741	713
741	739
741	808
741	822
741	843
741	995
742	155
742	377
742	550
742	558
742	671
742	734
742	872
742	930
742	962
742	984
742	992
743	899
743	942
743	945
743	958
743	980
743	987
743	991
743	994
743	996
743	997
743	998
744	432
744	558
744	758
744	796
744	863
744	919
744	951
744	957
744	979
744	985
744	995
745	506
745	518
745	598
745	623
745	725
745	791
745	875
745	897
745	899
745	902
745	907
745	921
746	341
746	389
746	799
746	810
746	847
746	876
746	890
746	918
746	920
746	952
746	953
746	967
747	188
747	384
747	675
747	814
747	855
747	882
747	884
747	934
747	938
747	971
747	975
747	995
748	51
748	194
748	341
748	681
748	694
748	722
748	876
748	951
748	953
748	967
748	985
748	995
749	350
749	707
749	716
749	877
749	878
749	896
749	929
749	938
749	946
749	956
749	985
749	999
750	790
750	800
750	942
750	945
750	958
750	980
750	987
750	991
750	994
750	996
750	997
750	998
751	316
751	603
751	635
751	800
751	882
751	915
751	925
751	941
751	949
751	969
751	973
751	988
752	121
752	137
752	153
752	278
752	321
752	413
752	503
752	574
752	609
752	686
752	877
752	932
753	150
753	540
753	814
753	883
753	884
753	897
753	923
753	934
753	938
753	971
753	975
753	995
754	244
754	426
754	703
754	759
754	840
754	857
754	865
754	896
754	929
754	937
754	940
754	986
755	81
755	591
755	641
755	668
755	690
755	691
755	717
755	735
755	765
755	786
755	788
755	972
756	20
756	23
756	84
756	142
756	154
756	159
756	331
756	561
756	617
756	641
756	705
756	770
757	402
757	761
757	837
757	857
757	861
757	878
757	900
757	912
757	928
757	937
757	946
757	984
758	104
758	502
758	510
758	564
758	744
758	813
758	862
758	922
758	927
758	957
758	979
758	983
759	315
759	338
759	367
759	592
759	718
759	754
759	766
759	789
759	865
759	924
759	986
759	997
760	164
760	277
760	332
760	470
760	697
760	729
760	790
760	872
760	922
760	961
760	976
760	986
761	268
761	360
761	757
761	822
761	833
761	837
761	861
761	887
761	889
761	900
761	928
761	976
762	173
762	253
762	318
762	509
762	560
762	587
762	689
762	714
762	803
762	914
762	966
762	968
763	264
763	670
763	674
763	825
763	834
763	845
763	891
763	912
763	929
763	937
763	946
763	956
764	61
764	86
764	692
764	702
764	884
764	923
764	934
764	938
764	971
764	975
764	995
764	998
765	58
765	301
765	319
765	396
765	495
765	615
765	691
765	717
765	735
765	755
765	786
765	908
766	203
766	222
766	311
766	426
766	528
766	592
766	703
766	759
766	771
766	789
766	865
766	986
767	276
767	323
767	404
767	653
767	811
767	815
767	821
767	829
767	886
767	926
767	933
767	959
768	163
768	231
768	292
768	399
768	409
768	711
768	779
768	783
768	795
768	812
768	827
768	830
769	280
769	471
769	610
769	656
769	737
769	772
769	824
769	840
769	913
769	948
769	969
769	988
770	20
770	23
770	84
770	142
770	154
770	159
770	561
770	617
770	641
770	705
770	756
770	930
771	139
771	193
771	222
771	311
771	703
771	718
771	766
771	789
771	865
771	924
771	929
771	986
772	52
772	189
772	467
772	610
772	656
772	737
772	769
772	824
772	840
772	842
772	913
772	988
773	201
773	446
773	480
773	551
773	671
773	838
773	849
773	872
773	930
773	962
773	981
773	984
773	992
774	363
774	397
774	429
774	550
774	644
774	740
774	831
774	835
774	871
774	874
774	898
774	903
774	976
775	638
775	676
775	802
775	832
775	851
775	869
775	910
775	948
775	955
775	970
775	977
775	990
775	1000
776	836
776	942
776	945
776	958
776	970
776	980
776	987
776	991
776	994
776	996
776	997
776	998
777	30
777	144
777	250
777	306
777	385
777	401
777	489
777	491
777	531
777	632
777	669
777	679
777	913
778	511
778	622
778	709
778	732
778	800
778	858
778	915
778	925
778	941
778	949
778	969
778	973
778	988
779	159
779	167
779	231
779	292
779	409
779	519
779	631
779	667
779	711
779	768
779	783
779	812
779	830
780	184
780	324
780	793
780	864
780	885
780	903
780	906
780	908
780	965
780	978
780	982
780	989
780	993
781	479
781	647
781	653
781	815
781	821
781	829
781	886
781	889
781	926
781	933
781	939
781	943
781	950
782	86
782	243
782	285
782	386
782	476
782	576
782	597
782	627
782	693
782	731
782	848
782	916
782	917
783	101
783	111
783	149
783	292
783	516
783	535
783	640
783	667
783	768
783	779
783	795
783	812
783	830
784	102
784	146
784	198
784	216
784	339
784	523
784	673
784	788
784	798
784	842
784	873
784	950
784	999
785	501
785	614
785	649
785	734
785	838
785	849
785	870
785	930
785	959
785	962
785	981
785	984
785	992
786	197
786	301
786	319
786	358
786	396
786	495
786	615
786	690
786	691
786	717
786	735
786	755
786	765
787	231
787	556
787	637
787	832
787	869
787	891
787	910
787	948
787	955
787	970
787	977
787	990
787	1000
788	49
788	53
788	162
788	288
788	526
788	591
788	668
788	755
788	784
788	798
788	817
788	873
788	950
789	114
789	191
789	236
789	537
789	703
789	718
789	759
789	766
789	771
789	856
789	865
789	924
789	986
790	164
790	190
790	206
790	477
790	715
790	729
790	750
790	760
790	921
790	922
790	961
790	963
790	976
791	56
791	92
791	303
791	308
791	518
791	727
791	745
791	875
791	897
791	899
791	902
791	907
791	958
792	110
792	836
792	942
792	945
792	958
792	979
792	980
792	987
792	991
792	994
792	996
792	997
792	998
793	665
793	696
793	780
793	809
793	814
793	885
793	902
793	908
793	965
793	978
793	982
793	987
793	989
794	10
794	42
794	68
794	270
794	308
794	357
794	411
794	415
794	433
794	464
794	648
794	678
794	682
795	29
795	231
795	325
795	399
795	450
795	535
795	667
795	711
795	768
795	783
795	812
795	830
795	999
796	87
796	90
796	412
796	514
796	620
796	627
796	708
796	744
796	863
796	951
796	985
796	987
796	995
797	76
797	115
797	117
797	387
797	441
797	498
797	582
797	712
797	828
797	853
797	862
797	871
797	935
798	49
798	161
798	339
798	453
798	463
798	523
798	543
798	673
798	784
798	788
798	873
798	950
798	955
799	28
799	151
799	389
799	630
799	654
799	730
799	746
799	847
799	876
799	918
799	953
799	960
799	967
800	124
800	390
800	750
800	751
800	778
800	858
800	915
800	925
800	941
800	949
800	969
800	973
800	988
801	84
801	187
801	244
801	441
801	556
801	659
801	712
801	807
801	828
801	853
801	856
801	894
801	895
802	578
802	638
802	775
802	832
802	869
802	891
802	905
802	910
802	955
802	970
802	977
802	990
802	1000
803	119
803	335
803	355
803	457
803	509
803	511
803	601
803	689
803	762
803	866
803	952
803	966
803	968
804	125
804	195
804	353
804	841
804	852
804	876
804	881
804	892
804	918
804	953
804	954
804	960
804	967
804	993
805	183
805	290
805	488
805	569
805	579
805	685
805	841
805	881
805	892
805	931
805	936
805	954
805	986
805	993
806	95
806	125
806	275
806	538
806	720
806	834
806	845
806	912
806	925
806	937
806	940
806	956
806	985
806	999
807	91
807	115
807	119
807	430
807	549
807	600
807	688
807	712
807	801
807	853
807	856
807	862
807	895
807	913
808	205
808	248
808	249
808	278
808	344
808	364
808	432
808	442
808	650
808	661
808	739
808	741
808	822
808	990
809	22
809	324
809	377
809	699
809	793
809	864
809	908
809	920
809	932
809	961
809	965
809	978
809	982
809	989
810	389
810	435
810	630
810	722
810	730
810	746
810	847
810	876
810	890
810	918
810	920
810	953
810	967
810	977
811	273
811	421
811	544
811	562
811	590
811	767
811	815
811	867
811	889
811	926
811	933
811	939
811	963
811	981
812	7
812	54
812	149
812	204
812	231
812	325
812	667
812	711
812	768
812	779
812	783
812	795
812	827
812	830
813	451
813	510
813	554
813	583
813	684
813	758
813	851
813	893
813	906
813	919
813	927
813	957
813	979
813	983
814	645
814	675
814	701
814	747
814	753
814	793
814	855
814	882
814	883
814	934
814	938
814	971
814	975
814	995
815	298
815	401
815	733
815	767
815	781
815	811
815	829
815	867
815	886
815	926
815	933
815	939
815	959
815	963
816	41
816	74
816	100
816	234
816	285
816	297
816	310
816	351
816	362
816	563
816	628
816	637
816	737
816	823
817	683
817	687
817	724
817	788
817	904
817	905
817	909
817	943
817	944
817	947
817	964
817	972
817	974
818	424
818	546
818	588
818	655
818	820
818	846
818	859
818	880
818	888
818	914
818	999
819	692
819	701
819	883
819	909
819	923
819	935
819	938
819	943
819	944
819	947
819	964
819	972
819	974
819	975
819	995
820	337
820	424
820	546
820	588
820	652
820	655
820	818
820	846
820	859
820	880
820	888
820	999
821	542
821	566
821	568
821	647
821	767
821	781
821	829
821	867
821	886
821	899
821	933
821	939
821	951
821	959
821	963
822	205
822	248
822	249
822	425
822	432
822	443
822	584
822	586
822	661
822	713
822	741
822	761
822	808
822	843
822	870
823	41
823	69
823	74
823	100
823	234
823	251
823	297
823	310
823	351
823	362
823	563
823	628
823	637
823	816
823	882
824	189
824	227
824	280
824	467
824	471
824	610
824	656
824	677
824	737
824	769
824	772
824	840
824	893
824	913
824	988
825	350
825	384
825	529
825	670
825	707
825	720
825	763
825	878
825	896
825	929
825	940
825	946
825	956
825	982
825	985
826	26
826	55
826	176
826	272
826	294
826	354
826	391
826	437
826	486
826	493
826	543
826	625
826	629
826	852
826	977
827	29
827	101
827	111
827	149
827	325
827	399
827	409
827	519
827	535
827	631
827	667
827	711
827	768
827	812
827	960
828	34
828	398
828	403
828	498
828	508
828	555
828	582
828	642
828	712
828	797
828	801
828	862
828	894
828	895
828	935
829	273
829	653
829	673
829	767
829	781
829	815
829	821
829	867
829	886
829	926
829	933
829	939
829	950
829	959
829	963
830	54
830	169
830	292
830	450
830	535
830	628
830	631
830	667
830	711
830	768
830	779
830	783
830	795
830	812
830	934
831	122
831	209
831	327
831	363
831	544
831	552
831	644
831	740
831	774
831	835
831	869
831	871
831	874
831	898
831	903
832	521
832	553
832	710
832	775
832	787
832	802
832	869
832	891
832	910
832	948
832	955
832	970
832	977
832	990
832	1000
833	13
833	65
833	438
833	456
833	530
833	608
833	616
833	643
833	658
833	761
833	837
833	861
833	887
833	900
833	928
834	275
834	538
834	670
834	716
834	720
834	763
834	806
834	878
834	896
834	912
834	929
834	937
834	940
834	956
834	975
834	999
835	283
835	363
835	440
835	544
835	552
835	644
835	740
835	774
835	831
835	871
835	874
835	884
835	898
835	903
835	976
835	979
836	413
836	776
836	792
836	942
836	945
836	958
836	980
836	987
836	991
836	994
836	996
836	997
836	998
837	17
837	77
837	268
837	402
837	458
837	516
837	643
837	757
837	761
837	833
837	850
837	861
837	889
837	900
837	911
837	928
838	8
838	271
838	300
838	323
838	460
838	488
838	700
838	773
838	785
838	931
838	936
838	962
838	981
838	984
838	986
838	992
839	15
839	27
839	157
839	166
839	263
839	286
839	381
839	407
839	482
839	525
839	530
839	578
839	672
839	728
839	879
839	904
840	7
840	266
840	467
840	471
840	610
840	656
840	677
840	737
840	754
840	769
840	772
840	824
840	842
840	913
840	957
840	988
841	38
841	40
841	105
841	223
841	320
841	416
841	499
841	635
841	681
841	804
841	805
841	881
841	892
841	907
841	954
841	993
842	146
842	266
842	453
842	484
842	543
842	656
842	677
842	772
842	784
842	840
842	873
842	904
842	913
842	916
842	950
842	988
843	248
843	249
843	290
843	432
843	442
843	470
843	661
843	729
843	739
843	741
843	822
843	921
843	961
843	963
843	976
843	998
844	89
844	237
844	468
844	696
844	699
844	864
844	878
844	885
844	906
844	908
844	920
844	932
844	952
844	965
844	978
844	982
844	989
845	275
845	293
845	395
845	648
845	686
845	716
845	722
845	763
845	806
845	857
845	878
845	896
845	929
845	940
845	946
845	956
845	985
846	475
846	655
846	818
846	820
846	859
846	880
846	888
846	958
846	968
846	980
846	987
846	991
846	994
846	996
846	997
846	998
846	999
847	16
847	28
847	139
847	170
847	341
847	362
847	559
847	602
847	730
847	746
847	799
847	810
847	881
847	890
847	953
847	960
847	967
848	116
848	238
848	267
848	285
848	403
848	476
848	576
848	597
848	627
848	693
848	731
848	782
848	854
848	901
848	916
848	917
848	986
849	377
849	428
849	571
849	577
849	595
849	618
849	621
849	734
849	773
849	785
849	854
849	870
849	872
849	962
849	981
849	984
849	992
850	73
850	107
850	172
850	185
850	277
850	290
850	392
850	448
850	663
850	715
850	723
850	837
850	921
850	922
850	961
850	963
850	976
851	175
851	208
851	233
851	427
851	451
851	465
851	554
851	564
851	775
851	813
851	893
851	919
851	927
851	953
851	957
851	979
851	983
852	5
852	26
852	55
852	167
852	176
852	212
852	272
852	294
852	391
852	437
852	486
852	493
852	543
852	625
852	629
852	804
852	826
853	140
853	219
853	247
853	387
853	403
853	508
853	521
853	549
853	600
853	797
853	801
853	807
853	862
853	894
853	895
853	935
853	985
854	118
854	238
854	243
854	267
854	386
854	476
854	541
854	576
854	597
854	627
854	657
854	731
854	848
854	849
854	901
854	916
854	917
855	70
855	420
855	454
855	480
855	540
855	581
855	701
855	747
855	814
855	883
855	923
855	934
855	938
855	960
855	971
855	975
855	995
856	115
856	441
856	521
856	565
856	606
856	651
856	679
856	704
856	789
856	801
856	807
856	860
856	866
856	868
856	895
856	935
856	993
857	255
857	410
857	513
857	638
857	707
857	754
857	757
857	845
857	877
857	896
857	912
857	929
857	937
857	940
857	946
857	956
857	999
858	305
858	421
858	547
858	603
858	622
858	709
858	732
858	778
858	800
858	882
858	915
858	925
858	941
858	949
858	969
858	973
858	988
859	85
859	127
859	143
859	337
859	340
859	424
859	546
859	588
859	655
859	687
859	818
859	820
859	846
859	880
859	888
859	999
860	37
860	80
860	128
860	382
860	436
860	565
860	606
860	651
860	704
860	856
860	866
860	868
860	932
860	937
860	993
861	17
861	178
861	186
861	268
861	281
861	402
861	411
861	492
861	516
861	643
861	757
861	761
861	833
861	837
861	889
861	900
861	911
861	928
862	91
862	134
862	140
862	343
862	394
862	441
862	508
862	657
862	679
862	688
862	758
862	797
862	807
862	828
862	853
862	894
862	895
862	989
863	51
863	78
863	90
863	112
863	180
863	366
863	455
863	474
863	537
863	694
863	708
863	738
863	744
863	796
863	951
863	985
863	995
863	999
864	32
864	613
864	640
864	665
864	696
864	699
864	780
864	809
864	844
864	885
864	906
864	932
864	945
864	965
864	978
864	979
864	982
864	989
865	139
865	191
865	203
865	222
865	255
865	311
865	338
865	367
865	426
865	490
865	592
865	754
865	759
865	766
865	771
865	789
865	924
865	986
866	37
866	59
866	67
866	80
866	111
866	128
866	382
866	436
866	565
866	606
866	651
866	704
866	803
866	856
866	860
866	868
866	993
866	1000
867	153
867	199
867	328
867	371
867	647
867	710
867	733
867	811
867	815
867	821
867	829
867	886
867	926
867	933
867	939
867	959
867	963
867	974
868	37
868	59
868	80
868	128
868	131
868	211
868	382
868	436
868	565
868	606
868	651
868	704
868	856
868	860
868	866
868	912
868	993
869	207
869	465
869	676
869	721
869	726
869	775
869	787
869	802
869	831
869	832
869	891
869	910
869	948
869	955
869	970
869	977
869	990
869	1000
870	446
870	478
870	501
870	577
870	595
870	614
870	621
870	649
870	671
870	785
870	822
870	849
870	872
870	930
870	962
870	975
870	981
870	984
870	992
871	122
871	158
871	283
871	299
871	363
871	429
871	440
871	544
871	644
871	740
871	774
871	797
871	831
871	835
871	874
871	898
871	903
871	910
871	976
872	329
872	374
872	478
872	501
872	550
872	577
872	595
872	621
872	734
872	742
872	760
872	773
872	849
872	870
872	930
872	962
872	964
872	981
872	984
873	49
873	53
873	102
873	146
873	198
873	339
873	453
873	463
873	484
873	523
873	543
873	663
873	673
873	731
873	784
873	788
873	798
873	842
873	950
874	106
874	158
874	209
874	283
874	299
874	429
874	440
874	552
874	633
874	644
874	740
874	774
874	831
874	835
874	871
874	898
874	903
874	976
874	981
875	33
875	107
875	120
875	126
875	334
875	385
875	506
875	518
875	575
875	623
875	725
875	727
875	745
875	791
875	897
875	899
875	902
875	907
875	949
876	138
876	151
876	165
876	545
876	602
876	630
876	722
876	730
876	746
876	748
876	799
876	804
876	810
876	890
876	918
876	960
876	967
876	985
876	990
877	43
877	93
877	138
877	255
877	296
877	321
877	360
877	413
877	503
877	574
877	609
877	716
877	720
877	749
877	752
877	857
877	878
877	912
877	985
878	264
878	538
878	674
878	707
878	716
878	749
878	757
878	825
878	834
878	844
878	845
878	877
878	901
878	912
878	929
878	937
878	940
878	985
878	999
879	27
879	157
879	166
879	178
879	263
879	269
879	286
879	381
879	407
879	458
879	482
879	525
879	578
879	581
879	672
879	728
879	839
879	904
879	919
880	33
880	85
880	127
880	143
880	186
880	216
880	337
880	340
880	424
880	546
880	588
880	613
880	655
880	818
880	820
880	846
880	859
880	888
880	999
881	1
881	35
881	195
881	252
881	289
881	359
881	370
881	416
881	571
881	681
881	685
881	706
881	804
881	805
881	841
881	847
881	892
881	924
881	954
882	695
882	747
882	751
882	814
882	823
882	858
882	883
882	915
882	925
882	938
882	941
882	949
882	969
882	971
882	973
882	975
882	988
882	989
882	995
883	375
883	459
883	480
883	540
883	619
883	702
883	753
883	814
883	819
883	855
883	882
883	884
883	923
883	934
883	938
883	971
883	975
883	978
883	995
884	3
884	573
884	619
884	645
884	659
884	695
884	701
884	702
884	747
884	753
884	764
884	835
884	883
884	923
884	934
884	938
884	971
884	975
884	995
885	370
885	496
885	613
885	666
885	780
885	793
885	844
885	864
885	902
885	903
885	908
885	920
885	932
885	965
885	978
885	982
885	984
885	989
885	991
886	189
886	206
886	276
886	333
886	566
886	568
886	647
886	767
886	781
886	815
886	821
886	829
886	867
886	889
886	926
886	933
886	939
886	950
886	959
886	963
887	13
887	438
887	449
887	488
887	492
887	516
887	522
887	530
887	541
887	548
887	597
887	608
887	616
887	658
887	761
887	833
887	889
887	900
887	911
887	928
888	85
888	127
888	143
888	186
888	211
888	216
888	236
888	337
888	340
888	424
888	546
888	588
888	655
888	818
888	820
888	846
888	859
888	880
888	895
888	999
889	312
889	449
889	458
889	643
889	733
889	761
889	781
889	811
889	837
889	861
889	886
889	887
889	892
889	900
889	911
889	926
889	928
889	933
889	939
889	959
890	24
890	48
890	170
890	237
890	284
890	409
890	536
890	545
890	548
890	602
890	722
890	746
890	810
890	847
890	876
890	918
890	920
890	953
890	960
890	967
891	148
891	553
891	660
891	676
891	710
891	715
891	721
891	726
891	763
891	787
891	802
891	832
891	869
891	910
891	948
891	955
891	970
891	977
891	990
891	1000
892	1
892	35
892	105
892	156
892	223
892	289
892	416
892	569
892	612
892	681
892	685
892	706
892	716
892	804
892	805
892	841
892	881
892	889
892	954
892	993
893	21
893	104
893	162
893	279
893	302
893	346
893	465
893	502
893	558
893	564
893	583
893	684
893	813
893	824
893	851
893	919
893	927
893	957
893	979
893	983
894	140
894	187
894	343
894	349
894	357
894	387
894	394
894	403
894	430
894	498
894	555
894	582
894	600
894	688
894	801
894	828
894	853
894	862
894	910
894	935
895	244
895	349
895	398
895	498
895	508
895	582
895	600
895	642
895	659
895	679
895	712
895	801
895	807
895	828
895	853
895	856
895	862
895	888
895	935
895	942
896	213
896	317
896	378
896	384
896	410
896	505
896	513
896	670
896	749
896	754
896	825
896	834
896	845
896	857
896	912
896	937
896	946
896	956
896	985
896	999
897	4
897	56
897	98
897	126
897	259
897	308
897	309
897	481
897	506
897	575
897	623
897	725
897	727
897	730
897	745
897	753
897	791
897	875
897	899
897	902
897	907
898	106
898	122
898	209
898	283
898	299
898	363
898	429
898	440
898	544
898	552
898	604
898	644
898	740
898	774
898	831
898	835
898	871
898	874
898	903
898	976
898	995
899	92
899	126
899	259
899	308
899	309
899	327
899	334
899	385
899	507
899	598
899	623
899	725
899	727
899	743
899	745
899	791
899	821
899	875
899	897
899	902
899	907
900	17
900	77
900	237
900	268
900	281
900	402
900	469
900	492
900	516
900	541
900	643
900	735
900	757
900	761
900	833
900	837
900	861
900	887
900	889
900	911
900	928
901	238
901	576
901	597
901	627
901	693
901	848
901	854
901	878
901	916
901	917
901	942
901	945
901	955
901	958
901	980
901	987
901	991
901	994
901	996
901	997
901	998
902	4
902	33
902	260
902	306
902	665
902	725
902	745
902	791
902	793
902	875
902	885
902	897
902	899
902	907
902	920
902	932
902	965
902	978
902	982
902	983
902	989
903	120
903	299
903	544
903	640
903	774
903	780
903	831
903	835
903	871
903	874
903	885
903	898
903	906
903	908
903	932
903	952
903	958
903	965
903	976
903	978
903	982
904	166
904	178
904	263
904	407
904	482
904	525
904	578
904	672
904	724
904	817
904	839
904	842
904	879
904	905
904	909
904	919
904	943
904	944
904	947
904	964
904	972
904	974
905	348
905	626
905	646
905	654
905	683
905	687
905	724
905	802
905	817
905	904
905	909
905	943
905	944
905	947
905	964
905	972
905	974
906	22
906	30
906	47
906	287
906	291
906	519
906	579
906	700
906	736
906	780
906	813
906	844
906	864
906	903
906	908
906	931
906	936
906	965
906	978
906	982
906	986
906	989
907	120
907	259
907	303
907	309
907	327
907	334
907	385
907	474
907	481
907	506
907	507
907	593
907	598
907	623
907	725
907	745
907	791
907	841
907	875
907	897
907	899
907	902
908	5
908	39
908	317
908	361
908	445
908	468
908	652
908	665
908	666
908	765
908	780
908	793
908	809
908	844
908	885
908	903
908	906
908	932
908	965
908	978
908	982
908	989
909	494
909	626
909	646
909	654
909	683
909	687
909	724
909	817
909	819
909	904
909	905
909	943
909	944
909	947
909	964
909	969
909	972
909	974
909	996
909	1000
910	188
910	232
910	295
910	596
910	638
910	660
910	710
910	721
910	726
910	775
910	787
910	802
910	832
910	869
910	871
910	891
910	894
910	948
910	955
910	970
910	977
910	990
910	1000
911	40
911	169
911	185
911	281
911	300
911	322
911	492
911	513
911	566
911	643
911	697
911	715
911	837
911	861
911	887
911	889
911	900
911	921
911	922
911	928
911	949
911	961
911	963
912	197
912	293
912	317
912	384
912	395
912	507
912	674
912	686
912	757
912	763
912	806
912	834
912	857
912	868
912	877
912	878
912	896
912	929
912	937
912	940
912	956
912	985
912	999
913	30
913	266
913	306
913	401
913	471
913	489
913	491
913	531
913	610
913	632
913	656
913	669
913	677
913	679
913	705
913	769
913	772
913	777
913	807
913	824
913	840
913	842
913	988
914	44
914	99
914	304
914	318
914	434
914	485
914	504
914	505
914	511
914	557
914	560
914	587
914	589
914	599
914	611
914	689
914	695
914	714
914	762
914	818
914	952
914	966
914	968
915	46
915	58
915	163
915	192
915	261
915	345
915	406
915	603
915	622
915	709
915	732
915	751
915	778
915	800
915	858
915	882
915	925
915	941
915	945
915	949
915	969
915	973
915	988
916	14
916	19
916	116
916	118
916	238
916	243
916	267
916	285
916	386
916	476
916	541
916	576
916	597
916	627
916	629
916	693
916	731
916	782
916	842
916	848
916	854
916	901
916	917
917	14
917	19
917	116
917	118
917	238
917	243
917	267
917	285
917	476
917	541
917	576
917	597
917	627
917	693
917	731
917	782
917	848
917	854
917	901
917	916
917	921
917	934
917	988
918	1
918	6
918	9
918	16
918	138
918	258
918	284
918	353
918	435
918	536
918	722
918	730
918	746
918	799
918	804
918	810
918	876
918	890
918	920
918	935
918	953
918	960
918	967
919	21
919	200
919	282
919	302
919	417
919	422
919	427
919	510
919	515
919	564
919	583
919	663
919	684
919	744
919	813
919	851
919	879
919	893
919	904
919	927
919	957
919	979
919	983
920	45
920	110
920	202
920	652
920	666
920	682
920	722
920	746
920	809
920	810
920	844
920	885
920	890
920	902
920	918
920	952
920	953
920	960
920	965
920	967
920	978
920	982
920	987
920	989
921	11
921	73
921	107
921	277
921	322
921	332
921	423
921	448
921	470
921	477
921	483
921	697
921	715
921	723
921	745
921	790
921	843
921	850
921	911
921	917
921	922
921	961
921	964
921	976
922	172
922	190
922	274
922	290
922	332
922	392
922	423
922	470
922	663
922	697
922	715
922	719
922	723
922	729
922	758
922	760
922	790
922	850
922	911
922	921
922	961
922	963
922	964
922	976
923	3
923	88
923	160
923	406
923	420
923	459
923	513
923	573
923	590
923	619
923	645
923	702
923	735
923	753
923	764
923	819
923	855
923	883
923	884
923	934
923	938
923	971
923	975
923	995
924	105
924	124
924	156
924	191
924	195
924	203
924	236
924	289
924	342
924	426
924	592
924	685
924	703
924	706
924	718
924	759
924	771
924	789
924	865
924	881
924	954
924	986
924	989
924	993
924	994
925	158
925	182
925	192
925	261
925	344
925	390
925	447
925	456
925	547
925	603
925	709
925	732
925	751
925	778
925	800
925	806
925	858
925	882
925	915
925	941
925	949
925	969
925	973
925	988
925	999
926	132
926	181
926	230
926	276
926	312
926	378
926	421
926	533
926	539
926	542
926	562
926	575
926	653
926	767
926	781
926	811
926	815
926	829
926	867
926	886
926	889
926	933
926	939
926	950
926	959
926	963
927	130
927	175
927	279
927	282
927	302
927	372
927	403
927	422
927	465
927	502
927	510
927	515
927	554
927	558
927	577
927	583
927	680
927	684
927	758
927	813
927	851
927	893
927	919
927	957
927	979
927	983
928	17
928	19
928	77
928	81
928	155
928	169
928	178
928	268
928	281
928	360
928	402
928	458
928	492
928	516
928	541
928	643
928	700
928	757
928	761
928	833
928	837
928	861
928	887
928	889
928	900
928	911
929	239
929	350
929	400
929	529
929	538
929	617
929	670
929	674
929	707
929	716
929	733
929	749
929	754
929	763
929	771
929	825
929	834
929	845
929	857
929	878
929	912
929	937
929	940
929	946
929	956
929	985
929	999
930	36
930	179
930	201
930	245
930	373
930	428
930	550
930	551
930	571
930	577
930	585
930	614
930	621
930	649
930	671
930	734
930	742
930	770
930	773
930	785
930	870
930	872
930	939
930	962
930	981
930	984
930	992
931	8
931	47
931	60
931	94
931	97
931	108
931	183
931	194
931	220
931	271
931	287
931	323
931	405
931	452
931	488
931	524
931	579
931	651
931	698
931	700
931	736
931	805
931	838
931	906
931	936
931	986
931	992
932	32
932	147
932	210
932	361
932	445
932	487
932	496
932	640
932	652
932	665
932	666
932	696
932	699
932	752
932	809
932	844
932	860
932	864
932	885
932	902
932	903
932	908
932	952
932	965
932	978
932	982
932	989
933	241
933	248
933	256
933	265
933	281
933	328
933	479
933	539
933	542
933	568
933	647
933	664
933	767
933	781
933	811
933	815
933	821
933	829
933	867
933	886
933	889
933	926
933	939
933	950
933	958
933	959
933	963
934	3
934	70
934	103
934	115
934	459
934	540
934	581
934	619
934	645
934	675
934	692
934	695
934	701
934	702
934	747
934	753
934	764
934	814
934	830
934	855
934	883
934	884
934	917
934	923
934	938
934	971
934	975
934	995
935	103
935	117
935	141
935	213
935	219
935	247
935	394
935	398
935	422
935	430
935	498
935	521
935	549
935	560
935	582
935	600
935	642
935	657
935	679
935	688
935	797
935	819
935	828
935	853
935	856
935	894
935	895
935	918
936	8
936	47
936	60
936	94
936	108
936	183
936	194
936	220
936	271
936	287
936	291
936	323
936	356
936	405
936	452
936	488
936	524
936	565
936	579
936	698
936	700
936	736
936	805
936	838
936	906
936	931
936	962
936	986
937	62
937	95
937	242
937	293
937	296
937	317
937	350
937	400
937	489
937	686
937	707
937	720
937	754
937	757
937	763
937	806
937	834
937	857
937	860
937	878
937	896
937	912
937	929
937	940
937	946
937	956
937	985
937	999
938	61
938	459
938	573
938	590
938	598
938	619
938	645
938	675
938	692
938	695
938	701
938	702
938	747
938	749
938	753
938	764
938	814
938	819
938	855
938	882
938	883
938	884
938	923
938	934
938	954
938	971
938	975
938	995
939	265
939	276
939	298
939	333
939	479
939	562
939	568
939	590
939	647
939	653
939	664
939	733
939	781
939	811
939	815
939	821
939	829
939	867
939	886
939	889
939	926
939	930
939	933
939	942
939	943
939	950
939	959
939	963
940	62
940	264
940	296
940	319
940	378
940	400
940	410
940	529
940	538
940	674
940	686
940	716
940	754
940	806
940	825
940	834
940	845
940	857
940	878
940	912
940	929
940	937
940	946
940	950
940	956
940	979
940	985
940	999
941	2
941	145
941	163
941	177
941	182
941	225
941	235
941	316
941	406
941	447
941	456
941	518
941	547
941	622
941	707
941	709
941	732
941	751
941	778
941	800
941	858
941	882
941	915
941	925
941	949
941	969
941	973
941	988
942	719
942	743
942	750
942	776
942	792
942	836
942	895
942	901
942	939
942	945
942	958
942	966
942	980
942	987
942	991
942	994
942	996
942	997
942	998
943	214
943	221
943	262
943	331
943	376
943	414
943	439
943	455
943	475
943	527
943	626
943	646
943	654
943	683
943	687
943	724
943	781
943	817
943	819
943	904
943	905
943	909
943	939
943	944
943	947
943	964
943	972
943	974
943	994
944	132
944	214
944	414
944	439
944	450
944	455
944	475
944	494
944	527
944	623
944	626
944	635
944	646
944	654
944	683
944	687
944	724
944	817
944	819
944	904
944	905
944	909
944	943
944	947
944	948
944	964
944	972
944	974
944	998
945	407
945	719
945	743
945	750
945	776
945	792
945	836
945	864
945	901
945	915
945	942
945	958
945	980
945	987
945	991
945	994
945	996
945	997
945	998
946	95
946	125
946	197
946	239
946	242
946	264
946	275
946	296
946	328
946	378
946	384
946	508
946	538
946	649
946	686
946	707
946	716
946	720
946	749
946	757
946	763
946	825
946	845
946	857
946	896
946	929
946	937
946	940
946	956
946	999
947	12
947	93
947	112
947	174
947	224
947	331
947	376
947	414
947	450
947	455
947	494
947	524
947	527
947	626
947	646
947	654
947	683
947	687
947	724
947	817
947	819
947	904
947	905
947	909
947	943
947	944
947	954
947	964
947	972
947	974
948	109
948	133
948	232
948	352
948	356
948	369
948	380
948	408
948	454
948	484
948	556
948	578
948	596
948	660
948	676
948	710
948	721
948	726
948	769
948	775
948	787
948	832
948	869
948	891
948	910
948	944
948	955
948	970
948	977
948	990
948	1000
949	2
949	46
949	177
949	225
949	235
949	261
949	305
949	345
949	390
949	406
949	447
949	456
949	547
949	603
949	622
949	709
949	732
949	751
949	778
949	800
949	858
949	875
949	882
949	911
949	915
949	925
949	941
949	969
949	973
949	988
949	998
950	49
950	53
950	102
950	181
950	198
950	199
950	241
950	273
950	328
950	453
950	463
950	523
950	543
950	568
950	589
950	653
950	664
950	673
950	781
950	784
950	788
950	798
950	829
950	842
950	873
950	886
950	926
950	933
950	939
950	940
950	970
951	34
951	51
951	72
951	78
951	87
951	90
951	112
951	135
951	161
951	194
951	196
951	226
951	233
951	252
951	366
951	412
951	474
951	507
951	514
951	537
951	620
951	694
951	708
951	738
951	744
951	748
951	796
951	821
951	863
951	985
951	995
952	22
952	52
952	173
952	273
952	330
952	434
952	457
952	468
952	485
952	487
952	504
952	511
952	587
952	611
952	652
952	665
952	714
952	746
952	803
952	844
952	903
952	914
952	920
952	932
952	965
952	966
952	968
952	978
952	982
952	989
952	998
953	6
953	9
953	48
953	110
953	151
953	165
953	202
953	341
953	353
953	389
953	435
953	441
953	536
953	545
953	548
953	602
953	630
953	722
953	730
953	746
953	748
953	799
953	804
953	810
953	847
953	851
953	890
953	918
953	920
953	960
953	967
953	993
954	1
954	35
954	38
954	105
954	124
954	133
954	156
954	168
954	195
954	320
954	342
954	359
954	370
954	416
954	491
954	499
954	569
954	571
954	612
954	635
954	681
954	685
954	706
954	804
954	805
954	841
954	881
954	892
954	924
954	938
954	947
954	993
955	232
955	246
955	295
955	326
955	336
955	380
955	408
955	415
955	553
955	556
955	596
955	611
955	638
955	660
955	676
955	710
955	721
955	726
955	775
955	787
955	798
955	802
955	832
955	869
955	891
955	901
955	910
955	948
955	970
955	977
955	990
955	1000
956	62
956	95
956	197
956	239
956	293
956	296
956	384
956	395
956	399
956	400
956	529
956	542
956	674
956	686
956	707
956	720
956	749
956	763
956	806
956	825
956	834
956	845
956	857
956	896
956	912
956	929
956	937
956	940
956	946
956	985
956	989
956	999
957	79
957	130
957	200
957	208
957	302
957	346
957	348
957	381
957	417
957	427
957	451
957	502
957	515
957	554
957	558
957	564
957	569
957	581
957	583
957	613
957	684
957	734
957	744
957	758
957	813
957	840
957	851
957	893
957	919
957	927
957	979
957	983
958	624
958	636
958	719
958	743
958	750
958	776
958	791
958	792
958	836
958	846
958	901
958	903
958	933
958	942
958	945
958	980
958	987
958	991
958	994
958	996
958	997
958	998
959	153
959	199
959	230
959	241
959	273
959	276
959	298
959	333
959	371
959	404
959	421
959	479
959	539
959	541
959	542
959	562
959	566
959	590
959	595
959	653
959	733
959	767
959	785
959	815
959	821
959	829
959	867
959	886
959	889
959	926
959	933
959	939
959	963
960	6
960	9
960	16
960	24
960	48
960	138
960	151
960	165
960	202
960	258
960	353
960	354
960	362
960	389
960	435
960	471
960	536
960	545
960	559
960	630
960	722
960	730
960	799
960	804
960	827
960	847
960	855
960	876
960	890
960	918
960	920
960	953
960	967
961	73
961	107
961	172
961	206
961	274
961	277
961	290
961	300
961	322
961	332
961	343
961	392
961	423
961	448
961	477
961	481
961	513
961	579
961	697
961	715
961	723
961	729
961	760
961	790
961	809
961	843
961	850
961	911
961	921
961	922
961	963
961	965
961	976
962	36
962	50
962	63
962	88
962	171
962	179
962	201
962	329
962	373
962	374
962	379
962	428
962	501
962	551
962	567
962	577
962	595
962	614
962	649
962	671
962	734
962	742
962	773
962	785
962	838
962	849
962	870
962	872
962	930
962	936
962	981
962	984
962	992
963	11
963	20
963	274
963	275
963	312
963	322
963	371
963	392
963	445
963	448
963	481
963	647
963	653
963	715
963	729
963	790
963	811
963	815
963	821
963	829
963	843
963	850
963	867
963	886
963	911
963	922
963	926
963	933
963	939
963	959
963	961
963	974
963	976
964	12
964	93
964	132
964	174
964	190
964	217
964	221
964	262
964	376
964	414
964	439
964	475
964	494
964	527
964	626
964	635
964	646
964	654
964	683
964	687
964	724
964	817
964	819
964	872
964	904
964	905
964	909
964	921
964	922
964	943
964	944
964	947
964	972
964	974
965	10
965	22
965	89
965	96
965	210
965	227
965	324
965	330
965	347
965	445
965	468
965	487
965	496
965	603
965	666
965	696
965	699
965	780
965	793
965	809
965	844
965	864
965	885
965	902
965	903
965	906
965	908
965	920
965	932
965	952
965	961
965	978
965	982
965	989
966	44
966	113
966	240
966	304
966	307
966	313
966	315
966	318
966	335
966	355
966	375
966	434
966	485
966	504
966	505
966	509
966	511
966	557
966	560
966	587
966	589
966	599
966	601
966	611
966	689
966	702
966	712
966	714
966	762
966	803
966	914
966	942
966	952
966	968
967	6
967	9
967	14
967	28
967	48
967	110
967	165
967	170
967	258
967	341
967	346
967	353
967	389
967	435
967	485
967	536
967	545
967	548
967	559
967	630
967	722
967	730
967	746
967	748
967	799
967	804
967	810
967	847
967	876
967	890
967	918
967	920
967	953
967	960
968	44
968	99
968	113
968	173
968	205
968	240
968	304
968	313
968	315
968	335
968	355
968	375
968	407
968	457
968	485
968	504
968	505
968	509
968	511
968	557
968	560
968	587
968	599
968	601
968	611
968	689
968	714
968	762
968	803
968	846
968	914
968	952
968	966
968	991
969	2
969	46
969	145
969	177
969	182
969	192
969	225
969	235
969	253
969	261
969	305
969	316
969	345
969	390
969	406
969	456
969	547
969	603
969	622
969	709
969	732
969	751
969	769
969	778
969	800
969	858
969	882
969	909
969	915
969	925
969	941
969	949
969	973
969	980
969	988
970	29
970	31
970	152
970	223
970	246
970	295
970	326
970	336
970	352
970	369
970	380
970	408
970	454
970	559
970	596
970	638
970	660
970	676
970	710
970	721
970	726
970	775
970	776
970	787
970	802
970	832
970	869
970	891
970	910
970	948
970	950
970	955
970	977
970	990
970	1000
971	61
971	70
971	86
971	88
971	150
971	160
971	372
971	420
971	433
971	480
971	497
971	540
971	573
971	590
971	619
971	645
971	692
971	695
971	701
971	702
971	747
971	753
971	764
971	814
971	855
971	882
971	883
971	884
971	923
971	934
971	938
971	975
971	985
971	990
971	995
972	12
972	132
972	174
972	214
972	217
972	224
972	262
972	329
972	331
972	334
972	376
972	414
972	426
972	439
972	455
972	475
972	494
972	527
972	626
972	635
972	646
972	654
972	683
972	687
972	724
972	755
972	817
972	819
972	904
972	905
972	909
972	943
972	944
972	947
972	964
972	974
973	46
973	163
973	177
973	182
973	192
973	225
973	235
973	253
973	261
973	305
973	344
973	345
973	390
973	406
973	447
973	456
973	496
973	514
973	535
973	547
973	603
973	614
973	622
973	709
973	732
973	751
973	778
973	800
973	858
973	882
973	915
973	925
973	941
973	949
973	969
973	988
974	12
974	93
974	174
974	214
974	217
974	221
974	224
974	262
974	331
974	376
974	414
974	418
974	439
974	455
974	475
974	492
974	494
974	527
974	626
974	635
974	646
974	654
974	683
974	687
974	724
974	817
974	819
974	867
974	904
974	905
974	909
974	943
974	944
974	947
974	963
974	964
974	972
975	3
975	61
975	68
975	70
975	79
975	86
975	88
975	150
975	160
975	372
975	420
975	480
975	562
975	573
975	581
975	590
975	619
975	675
975	692
975	695
975	701
975	702
975	747
975	753
975	764
975	814
975	819
975	834
975	855
975	870
975	882
975	883
975	884
975	923
975	934
975	938
975	971
975	995
976	106
976	122
976	142
976	158
976	164
976	172
976	185
976	190
976	209
976	299
976	322
976	354
976	392
976	423
976	429
976	440
976	540
976	544
976	552
976	644
976	697
976	723
976	729
976	740
976	760
976	761
976	774
976	790
976	835
976	843
976	850
976	871
976	874
976	898
976	903
976	921
976	922
976	961
976	963
977	18
977	109
977	148
977	152
977	295
977	301
977	336
977	352
977	356
977	369
977	408
977	454
977	458
977	463
977	553
977	556
977	559
977	596
977	638
977	660
977	676
977	710
977	721
977	726
977	775
977	787
977	802
977	810
977	826
977	832
977	869
977	891
977	910
977	948
977	955
977	970
977	978
977	990
977	1000
978	5
978	32
978	96
978	147
978	184
978	218
978	237
978	260
978	326
978	330
978	361
978	370
978	468
978	487
978	496
978	640
978	652
978	666
978	696
978	699
978	780
978	793
978	809
978	844
978	864
978	883
978	885
978	902
978	903
978	906
978	908
978	920
978	932
978	952
978	965
978	977
978	982
978	989
978	990
979	21
979	79
979	104
979	130
979	175
979	208
979	233
979	279
979	282
979	346
979	348
979	372
979	381
979	417
979	427
979	451
979	465
979	502
979	510
979	554
979	558
979	581
979	583
979	613
979	663
979	684
979	744
979	758
979	792
979	813
979	835
979	851
979	864
979	893
979	919
979	927
979	940
979	957
979	983
980	512
980	534
980	570
980	580
980	618
980	624
980	636
980	641
980	655
980	692
980	719
980	743
980	750
980	776
980	792
980	836
980	846
980	901
980	942
980	945
980	958
980	969
980	987
980	991
980	994
980	996
980	997
980	998
981	36
981	63
981	123
981	139
981	171
981	179
981	240
981	242
981	245
981	254
981	265
981	329
981	373
981	374
981	379
981	428
981	446
981	460
981	478
981	501
981	550
981	551
981	552
981	595
981	614
981	621
981	649
981	671
981	734
981	773
981	785
981	811
981	838
981	849
981	870
981	872
981	874
981	930
981	962
981	984
981	992
982	39
982	89
982	96
982	147
982	184
982	210
982	218
982	227
982	260
982	324
982	330
982	347
982	361
982	445
982	477
982	487
982	573
982	613
982	640
982	652
982	660
982	665
982	696
982	699
982	780
982	793
982	809
982	825
982	844
982	864
982	885
982	902
982	903
982	906
982	908
982	920
982	932
982	952
982	965
982	978
982	989
983	21
983	79
983	104
983	130
983	175
983	200
983	208
983	233
983	258
983	279
983	282
983	284
983	346
983	348
983	372
983	403
983	417
983	422
983	427
983	451
983	452
983	502
983	510
983	515
983	554
983	558
983	564
983	581
983	583
983	613
983	663
983	684
983	758
983	813
983	851
983	893
983	902
983	919
983	927
983	957
983	979
984	36
984	50
984	63
984	65
984	123
984	155
984	171
984	245
984	254
984	373
984	374
984	377
984	379
984	428
984	444
984	446
984	460
984	478
984	501
984	550
984	551
984	571
984	577
984	595
984	614
984	621
984	649
984	671
984	734
984	742
984	757
984	773
984	785
984	838
984	849
984	870
984	872
984	885
984	930
984	962
984	981
984	992
985	90
985	125
985	135
985	161
985	180
985	226
985	242
985	252
985	317
985	400
985	412
985	474
985	514
985	529
985	537
985	538
985	671
985	694
985	708
985	738
985	744
985	748
985	749
985	796
985	806
985	825
985	845
985	853
985	863
985	876
985	877
985	878
985	896
985	912
985	929
985	937
985	940
985	951
985	956
985	971
985	995
985	999
986	31
986	47
986	60
986	94
986	97
986	108
986	114
986	191
986	193
986	220
986	236
986	271
986	311
986	315
986	338
986	405
986	426
986	452
986	488
986	520
986	524
986	553
986	579
986	592
986	698
986	703
986	718
986	736
986	754
986	759
986	760
986	766
986	771
986	789
986	805
986	838
986	848
986	865
986	906
986	924
986	931
986	936
987	279
987	388
987	393
987	431
987	490
987	500
987	512
987	520
987	534
987	570
987	580
987	618
987	624
987	636
987	719
987	743
987	750
987	776
987	792
987	793
987	796
987	836
987	846
987	901
987	920
987	942
987	945
987	958
987	980
987	991
987	994
987	996
987	997
987	998
988	7
988	189
988	235
988	266
988	280
988	316
988	338
988	344
988	345
988	447
988	467
988	471
988	547
988	610
988	622
988	647
988	656
988	677
988	709
988	732
988	737
988	751
988	769
988	772
988	778
988	800
988	824
988	840
988	842
988	858
988	882
988	913
988	915
988	917
988	925
988	941
988	949
988	969
988	973
988	993
989	5
989	32
989	39
989	96
989	147
989	184
989	218
989	227
989	260
989	320
989	324
989	330
989	347
989	361
989	445
989	468
989	487
989	496
989	613
989	640
989	652
989	666
989	696
989	699
989	780
989	793
989	809
989	844
989	862
989	864
989	882
989	885
989	902
989	906
989	908
989	920
989	924
989	932
989	952
989	956
989	965
989	978
989	982
989	997
990	18
990	109
990	148
990	188
990	207
990	232
990	246
990	326
990	336
990	352
990	356
990	369
990	380
990	408
990	454
990	463
990	484
990	553
990	556
990	559
990	578
990	591
990	596
990	638
990	660
990	676
990	710
990	721
990	726
990	775
990	787
990	802
990	808
990	832
990	869
990	876
990	891
990	910
990	948
990	955
990	970
990	971
990	977
990	978
990	1000
991	50
991	388
991	393
991	418
991	419
991	431
991	461
991	462
991	490
991	500
991	512
991	520
991	534
991	570
991	580
991	618
991	624
991	636
991	676
991	719
991	743
991	750
991	776
991	792
991	836
991	846
991	885
991	901
991	942
991	945
991	958
991	968
991	980
991	987
991	994
991	996
991	997
991	998
992	50
992	63
992	155
992	171
992	179
992	201
992	242
992	245
992	254
992	265
992	318
992	329
992	373
992	374
992	377
992	379
992	428
992	446
992	460
992	478
992	501
992	550
992	551
992	571
992	577
992	595
992	606
992	614
992	621
992	649
992	671
992	689
992	734
992	742
992	773
992	785
992	838
992	849
992	870
992	930
992	931
992	962
992	981
992	984
992	1000
993	35
993	37
993	38
993	40
993	59
993	67
993	80
993	111
993	128
993	133
993	156
993	211
993	289
993	342
993	382
993	416
993	436
993	478
993	499
993	565
993	569
993	606
993	612
993	635
993	651
993	681
993	685
993	704
993	706
993	780
993	804
993	805
993	841
993	856
993	860
993	866
993	868
993	892
993	924
993	953
993	954
993	988
994	45
994	66
994	71
994	72
994	75
994	136
994	228
994	314
994	388
994	393
994	400
994	418
994	419
994	431
994	461
994	462
994	490
994	500
994	512
994	520
994	534
994	568
994	570
994	580
994	618
994	624
994	636
994	719
994	743
994	750
994	776
994	792
994	836
994	846
994	901
994	924
994	942
994	943
994	945
994	958
994	980
994	987
994	991
994	996
994	997
994	998
995	34
995	51
995	68
995	87
995	112
995	135
995	196
995	252
995	366
995	412
995	420
995	474
995	507
995	537
995	573
995	620
995	675
995	678
995	692
995	693
995	694
995	695
995	702
995	708
995	738
995	741
995	744
995	747
995	748
995	753
995	764
995	796
995	814
995	819
995	855
995	863
995	882
995	883
995	884
995	898
995	923
995	934
995	938
995	951
995	971
995	975
995	985
996	66
996	71
996	72
996	75
996	131
996	136
996	210
996	228
996	271
996	310
996	314
996	388
996	393
996	418
996	419
996	431
996	461
996	462
996	490
996	500
996	512
996	520
996	524
996	534
996	570
996	580
996	618
996	624
996	636
996	719
996	743
996	750
996	776
996	792
996	836
996	846
996	901
996	909
996	942
996	945
996	958
996	980
996	987
996	991
996	994
996	997
996	998
996	999
997	45
997	66
997	71
997	75
997	131
997	136
997	228
997	284
997	314
997	388
997	393
997	418
997	419
997	431
997	461
997	462
997	490
997	500
997	512
997	520
997	524
997	534
997	570
997	580
997	618
997	624
997	636
997	666
997	667
997	696
997	719
997	743
997	750
997	759
997	776
997	792
997	836
997	846
997	901
997	942
997	945
997	958
997	980
997	987
997	989
997	991
997	994
997	996
997	998
998	45
998	66
998	71
998	72
998	75
998	131
998	136
998	284
998	314
998	388
998	393
998	418
998	419
998	431
998	461
998	462
998	490
998	500
998	512
998	520
998	524
998	534
998	570
998	580
998	618
998	624
998	636
998	719
998	743
998	750
998	764
998	776
998	792
998	836
998	843
998	846
998	901
998	942
998	944
998	945
998	949
998	952
998	958
998	980
998	987
998	991
998	994
998	996
998	997
999	62
999	85
999	127
999	143
999	186
999	211
999	216
999	239
999	255
999	293
999	337
999	340
999	395
999	424
999	546
999	588
999	655
999	670
999	686
999	716
999	720
999	749
999	784
999	795
999	806
999	818
999	820
999	834
999	846
999	857
999	859
999	863
999	878
999	880
999	888
999	896
999	912
999	925
999	929
999	937
999	940
999	946
999	956
999	985
999	996
1000	18
1000	31
1000	103
1000	109
1000	134
1000	148
1000	152
1000	188
1000	207
1000	232
1000	246
1000	295
1000	301
1000	326
1000	336
1000	352
1000	356
1000	369
1000	380
1000	408
1000	454
1000	463
1000	484
1000	553
1000	556
1000	559
1000	578
1000	596
1000	616
1000	638
1000	660
1000	676
1000	710
1000	721
1000	726
1000	775
1000	787
1000	802
1000	832
1000	866
1000	869
1000	891
1000	909
1000	910
1000	948
1000	955
1000	970
1000	977
1000	990
1000	992
