109 13 136 140 147 154 167 174 187 192 196 217 237 248 257 282 288 289 304 31 322 323 344 366 381 419 428 431 441 464 471 495 52 525 526 546 556 561 567 58 594 605 618 62 636 64 641 645 656 659 703 705 721 725 734 744 745 766 776 796 806 815 820 849 867 898 914 969 983 991 994 
12 135 164 165 196 224 226 230 242 250 254 26 283 314 332 377 392 406 407 423 503 528 554 560 565 576 591 630 634 635 640 662 682 712 736 794 835 838 839 840 869 877 895 920 925 929 937 986
103 106 111 117 136 215 220 250 257 263 269 284 290 293 302 326 329 350 359 388 428 43 462 484 506 532 560 577 581 593 598 633 643 674 71 718 729 730 744 781 782 789 797 813 825 902 936 939 941 975 984
1000 105 123 133 163 195 199 2 234 244 266 313 437 471 500 523 549 573 61 658 659 70 706 763 783 797 84 856 873 909 933 935 959 996
130 138 145 162 228 252 29 297 361 387 408 412 558 578 639 661 676 799 827 880 891 950 978 989
100 101 132 142 151 158 162 169 177 178 181 193 201 214 258 259 262 271 274 284 291 312 318 323 328 349 35 353 355 367 369 372 396 399 40 404 405 422 425 427 456 461 467 47 48 485 497 501 502 513 516 529 540 541 552 558 577 6 628 642 648 650 655 666 68 680 688 70 706 710 738 765 77 770 781 812 821 828 83 830 871 872 874 879 898 909 91 94 948 96 980 983 999
116 120 13 132 137 149 153 161 183 203 204 208 209 211 24 247 251 260 266 283 307 312 320 361 37 374 383 393 403 416 435 441 454 472 473 479 48 484 493 494 522 53 557 562 567 570 582 588 590 598 612 624 640 646 650 654 666 669 673 681 685 692 702 716 73 742 746 767 768 775 78 800 81 827 829 855 868 869 891 916 921 924 927 928 930 934 953 957 963 964 966 998
104 131 171 198 21 211 267 356 363 406 436 481 482 510 55 600 680 694 701 767 777 78 811 821 848 950 952
141 205 208 235 261 29 303 324 327 330 335 343 380 384 386 411 470 5 509 526 534 538 597 602 629 648 691 75 760 782 802 818 835 864 912 917 927 94 949 952
180 225 281 310 321 327 368 370 371 438 448 449 474 596 646 647 677 683 707 759 850 892 902 91 926 928 951
144 152 155 170 174 176 182 194 20 256 271 272 277 28 30 301 315 325 340 367 394 401 427 44 442 444 45 468 517 521 544 55 564 569 571 619 622 625 626 639 661 667 780 785 787 8 816 824 840 893 905 916 932 944 960 967 978 979 98 981 984
100 121 122 125 147 173 185 190 198 199 202 205 210 26 297 316 324 334 336 342 345 358 36 366 389 402 408 413 423 432 455 46 466 469 475 476 489 504 507 51 514 53 536 574 593 601 61 623 627 628 64 668 673 675 678 686 687 696 697 743 757 769 788 79 799 829 831 836 845 848 851 857 868 878 881 883 889 896 897 90 900 912 918 93 941 946 957 961 965 981 998
118 144 148 159 191 218 23 270 278 313 344 368 486 540 543 585 599 663 7 719 76 773 832 852 88 900 992
1000 126 134 159 163 166 184 197 203 204 213 229 236 240 265 275 296 31 317 339 363 364 369 377 385 411 42 430 445 452 458 460 463 468 474 49 498 500 524 533 544 559 563 592 595 6 605 614 619 632 644 651 653 662 684 69 707 709 714 720 732 751 76 786 798 804 807 817 820 822 828 844 846 849 875 878 880 9 914 920 936 954 956 958 97 971 974 980 99
10 108 112 113 114 124 14 152 153 158 16 186 191 194 222 223 226 235 239 240 25 253 295 319 328 34 388 39 403 415 418 436 439 457 478 486 491 492 499 5 51 515 525 527 535 545 574 601 603 610 615 626 637 638 641 647 657 677 693 702 713 719 723 724 730 731 751 755 756 777 791 794 801 802 82 85 853 86 867 882 890 894 899 9 924 942 954 963 967 975 985 989
131 140 146 15 150 201 252 298 362 376 448 488 494 543 617 671 679 694 722 724 774 803 838 841 842 852 89 906 955 98
119 157 169 239 264 280 332 352 37 38 397 420 426 475 576 618 65 704 715 728 735 739 750 754 761 800 842 851 863 910 934 937 956 977
1 107 120 128 129 156 16 170 172 185 195 219 221 233 241 245 272 278 285 289 305 310 325 331 338 351 392 397 413 414 431 433 438 439 453 507 511 520 527 586 587 604 611 613 614 616 617 631 643 65 651 654 658 670 672 68 681 704 716 723 727 728 74 749 761 790 792 796 809 814 823 825 826 844 861 862 866 870 876 879 888 90 901 911 915 932 942 945 961 962 972 988 992 993 997
104 127 143 190 207 212 216 234 249 27 279 28 293 294 333 334 354 391 398 409 412 424 446 459 491 508 523 548 553 568 572 575 606 62 621 657 684 689 690 700 701 708 725 734 737 740 753 758 771 795 80 816 818 873 905 922 944 964 972 973 977 999
115 127 148 21 214 227 231 238 255 282 288 291 309 351 372 376 38 4 469 530 550 564 581 609 623 675 703 705 77 823 833 862 866 884 93 943
102 110 133 164 171 178 179 18 20 210 213 222 227 243 245 251 260 268 273 292 322 329 342 346 347 348 349 358 379 380 390 400 425 434 443 447 451 455 465 470 477 480 488 513 516 549 561 584 589 592 599 615 629 652 660 664 665 695 698 715 741 762 765 801 803 810 837 846 847 87 897 908 930 938 95 955 965 969 976 982 987 991
134 142 154 156 157 177 183 192 236 246 254 279 286 3 306 357 387 389 410 429 444 477 510 536 554 569 57 580 59 595 631 660 67 689 697 711 718 752 754 757 772 778 784 847 850 854 871 874 886 910 940 951 995
11 112 168 215 22 231 232 270 280 287 300 337 352 373 41 421 456 47 487 502 503 508 517 534 555 570 583 60 665 71 779 793 817 860 887 907 958 968
11 186 202 206 311 331 39 495 50 531 555 582 649 682 690 72 766 805 807 865 904 913 987 990 994
118 122 150 165 173 182 189 200 247 263 304 311 339 348 375 378 382 383 393 418 421 422 426 437 440 446 45 452 462 464 490 493 505 511 518 537 539 542 552 579 588 607 608 616 653 676 686 717 726 733 738 742 748 749 752 764 772 788 8 811 814 819 826 834 855 858 859 919 923 945 988 996
110 124 139 160 17 19 2 217 220 242 249 258 276 285 287 3 30 308 32 33 330 341 35 357 360 365 395 402 433 447 450 458 463 483 496 506 512 519 537 551 56 566 607 612 620 63 635 66 687 7 711 720 755 758 769 784 819 822 836 841 843 854 861 870 885 892 895 903 904 915 92 925 931 947 990 995
101 128 17 175 184 188 209 248 295 299 346 398 417 467 487 512 54 547 609 656 66 664 699 727 739 747 764 808 911 970
