1	261
1	383
1	823
1	983
2	960
2	963
2	966
2	995
3	650
3	954
3	980
3	994
4	717
4	887
4	945
4	984
5	518
5	785
5	855
5	892
6	840
6	891
6	944
6	975
7	883
7	954
7	980
7	994
8	893
8	963
8	966
8	995
9	89
9	726
9	745
9	872
9	975
10	281
10	284
10	743
10	944
10	995
11	342
11	821
11	892
11	998
12	844
12	925
12	960
12	989
13	791
13	893
13	966
13	995
14	633
14	645
14	799
14	922
15	268
15	735
15	797
15	912
16	642
16	739
16	773
16	916
17	455
17	638
17	951
17	965
18	441
18	738
18	932
18	994
19	828
19	890
19	969
19	985
20	235
20	810
20	855
20	882
21	287
21	675
21	799
21	968
22	604
22	623
22	826
22	979
23	351
23	807
23	848
23	862
24	891
24	905
24	944
24	975
25	305
25	638
25	928
25	972
26	752
26	817
26	837
26	997
27	153
27	562
27	833
27	878
28	573
28	689
28	945
28	967
29	378
29	784
29	925
29	949
30	367
30	693
30	869
30	965
31	806
31	823
31	852
31	983
32	861
32	877
32	920
32	969
33	253
33	301
33	936
33	959
34	763
34	782
34	908
34	953
35	792
35	965
35	978
35	979
36	601
36	728
36	809
36	912
37	940
37	971
37	993
37	997
38	323
38	726
38	929
38	964
39	413
39	666
39	749
39	1000
40	352
40	933
40	953
40	982
41	594
41	595
41	721
41	862
42	932
42	954
42	970
42	992
43	371
43	624
43	645
43	961
44	586
44	683
44	946
44	989
45	838
45	846
45	981
45	990
46	202
46	645
46	900
46	981
47	540
47	830
47	881
47	924
48	207
48	585
48	973
48	999
49	840
49	891
49	944
49	975
50	507
50	822
50	945
50	946
51	541
51	651
51	713
51	911
52	645
52	655
52	815
52	900
53	317
53	762
53	901
53	916
54	644
54	659
54	802
54	846
55	396
55	490
55	827
55	981
56	746
56	777
56	816
56	904
57	600
57	940
57	993
57	997
58	679
58	961
58	980
58	994
59	303
59	436
59	946
59	993
60	364
60	783
60	902
60	917
61	833
61	908
61	910
61	992
62	188
62	324
62	512
62	983
63	166
63	251
63	818
63	943
64	189
64	217
64	710
64	827
65	454
65	628
65	895
65	983
66	527
66	602
66	926
66	934
67	560
67	971
67	990
67	997
68	778
68	803
68	962
68	996
69	439
69	644
69	688
69	796
70	694
70	724
70	966
70	995
71	114
71	276
71	696
71	983
72	708
72	912
72	918
72	941
73	957
73	965
73	978
73	979
74	349
74	602
74	928
74	957
75	530
75	698
75	771
75	916
76	637
76	690
76	951
76	983
77	361
77	990
77	993
77	997
78	491
78	698
78	776
78	926
79	362
79	386
79	911
79	988
80	454
80	514
80	823
80	983
81	409
81	465
81	652
81	953
82	526
82	880
82	929
82	964
83	675
83	786
83	946
83	953
84	497
84	724
84	966
84	995
85	494
85	596
85	773
85	988
86	553
86	936
86	959
86	997
87	893
87	963
87	966
87	995
88	420
88	514
88	951
88	983
89	9
89	237
89	634
89	850
90	424
90	990
90	993
90	997
91	618
91	933
91	958
91	968
92	671
92	802
92	827
92	900
93	115
93	194
93	924
93	934
94	545
94	831
94	869
94	919
95	341
95	836
95	924
95	992
96	740
96	957
96	965
96	979
97	213
97	539
97	744
97	943
98	449
98	779
98	990
98	997
99	102
99	625
99	904
99	952
100	653
100	702
100	785
100	892
101	890
101	977
101	982
101	985
102	99
102	904
102	915
102	952
103	118
103	807
103	848
103	940
104	740
104	767
104	978
104	979
105	834
105	920
105	921
105	948
106	425
106	634
106	646
106	918
107	755
107	884
107	944
107	975
108	331
108	499
108	851
108	981
109	201
109	762
109	892
109	980
110	326
110	932
110	980
110	994
111	635
111	636
111	934
111	987
112	744
112	818
112	924
112	943
113	799
113	881
113	933
113	968
114	71
114	572
114	811
114	983
115	93
115	963
115	966
115	995
116	739
116	923
116	951
116	990
117	221
117	780
117	784
117	949
118	103
118	393
118	582
118	988
119	536
119	585
119	919
119	999
120	307
120	350
120	833
120	866
121	314
121	905
121	944
121	975
122	211
122	596
122	720
122	988
123	164
123	649
123	707
123	915
124	158
124	227
124	804
124	988
125	501
125	695
125	929
125	976
126	338
126	906
126	962
126	996
127	893
127	963
127	966
127	995
128	444
128	959
128	990
128	997
129	533
129	868
129	939
129	999
130	576
130	684
130	732
130	885
131	690
131	789
131	883
131	948
132	883
132	890
132	903
132	985
133	381
133	980
133	994
133	995
134	899
134	925
134	939
134	989
135	638
135	826
135	965
135	979
136	584
136	932
136	980
136	994
137	841
137	967
137	987
137	989
138	439
138	950
138	972
138	986
139	832
139	941
139	943
139	984
139	997
140	516
140	747
140	900
140	941
141	472
141	847
141	868
141	937
142	936
142	971
142	989
142	993
143	876
143	913
143	969
143	1000
144	866
144	941
144	970
144	989
145	774
145	810
145	855
145	972
146	867
146	908
146	929
146	952
147	439
147	802
147	846
147	981
148	940
148	942
148	971
148	993
149	720
149	911
149	988
149	991
150	772
150	859
150	974
150	996
151	751
151	857
151	889
151	937
152	405
152	959
152	980
152	994
153	27
153	866
153	908
153	910
154	814
154	838
154	840
154	978
155	210
155	797
155	819
155	912
156	686
156	845
156	881
156	924
157	549
157	909
157	964
157	986
158	124
158	713
158	804
158	988
159	298
159	750
159	897
159	987
160	214
160	547
160	922
160	938
161	614
161	803
161	971
161	990
162	717
162	856
162	985
162	1000
163	399
163	895
163	951
163	983
164	123
164	857
164	941
164	985
165	793
165	813
165	963
165	995
166	63
166	801
166	943
166	972
167	350
167	879
167	932
167	949
168	822
168	848
168	862
168	927
169	904
169	936
169	990
169	993
170	283
170	445
170	533
170	857
171	488
171	500
171	879
171	941
172	438
172	853
172	911
172	988
173	654
173	805
173	917
173	938
174	324
174	397
174	970
174	994
175	349
175	835
175	918
175	979
176	959
176	971
176	993
176	997
177	265
177	831
177	832
177	955
178	285
178	429
178	921
178	985
179	657
179	932
179	980
179	994
180	218
180	323
180	501
180	880
181	574
181	618
181	949
181	984
182	316
182	874
182	880
182	986
183	391
183	895
183	951
183	983
184	444
184	837
184	940
184	993
185	254
185	771
185	776
185	916
186	463
186	782
186	937
186	973
187	470
187	571
187	787
187	811
188	62
188	405
188	665
188	761
189	64
189	697
189	890
189	969
190	557
190	718
190	795
190	967
191	535
191	688
191	827
191	992
192	542
192	595
192	862
192	879
193	574
193	675
193	922
193	946
194	93
194	239
194	635
194	926
195	383
195	427
195	794
195	949
196	530
196	612
196	762
196	916
197	609
197	827
197	851
197	981
198	527
198	749
198	967
198	984
199	376
199	655
199	727
199	733
199	975
200	447
200	941
200	970
200	998
201	109
201	258
201	960
201	967
202	46
202	644
202	900
202	998
203	723
203	814
203	816
203	941
203	975
204	433
204	691
204	953
204	968
205	758
205	861
205	926
205	973
206	340
206	408
206	924
206	926
207	48
207	630
207	766
207	823
208	440
208	511
208	606
208	974
209	429
209	717
209	955
209	1000
210	155
210	270
210	388
210	954
211	122
211	773
211	911
211	988
212	428
212	626
212	819
212	912
213	97
213	569
213	818
213	943
214	160
214	289
214	599
214	922
215	696
215	951
215	983
215	987
216	443
216	926
216	934
216	989
217	64
217	535
217	573
217	838
218	180
218	734
218	891
218	964
219	619
219	912
219	965
219	980
220	316
220	734
220	842
220	929
221	117
221	631
221	784
221	949
222	621
222	838
222	900
222	905
223	626
223	715
223	799
223	998
224	459
224	520
224	819
224	912
225	645
225	730
225	851
225	981
226	579
226	732
226	885
226	896
227	124
227	311
227	719
227	996
228	410
228	813
228	963
228	995
229	236
229	859
229	906
229	996
230	395
230	545
230	832
230	869
230	955
231	921
231	977
231	985
231	993
231	1000
232	831
232	986
232	987
232	988
232	995
233	482
233	575
233	777
233	904
233	952
234	291
234	704
234	929
234	950
234	976
235	20
235	810
235	855
235	882
235	892
236	229
236	736
236	887
236	974
236	996
237	89
237	846
237	935
237	958
237	981
238	679
238	738
238	970
238	980
238	994
239	194
239	315
239	443
239	897
239	947
240	731
240	864
240	886
240	982
240	985
241	719
241	765
241	903
241	962
241	996
242	410
242	705
242	943
242	952
242	979
243	840
243	891
243	905
243	944
243	975
244	322
244	444
244	811
244	852
244	951
245	613
245	932
245	954
245	970
245	994
246	775
246	778
246	906
246	962
246	996
247	338
247	903
247	974
247	993
247	996
248	746
248	780
248	784
248	794
248	949
249	459
249	740
249	957
249	958
249	978
250	610
250	763
250	814
250	866
250	910
251	63
251	744
251	801
251	818
251	943
252	407
252	788
252	936
252	959
252	990
253	33
253	576
253	684
253	885
253	896
254	185
254	435
254	762
254	771
254	788
255	410
255	439
255	535
255	774
255	838
256	433
256	883
256	913
256	969
256	1000
257	737
257	785
257	821
257	882
257	892
258	201
258	733
258	844
258	967
258	984
259	736
259	777
259	859
259	962
259	996
260	316
260	501
260	725
260	976
260	986
261	1
261	811
261	852
261	951
261	983
262	476
262	582
262	602
262	807
262	862
263	328
263	948
263	977
263	982
263	1000
264	429
264	435
264	536
264	776
264	916
265	177
265	266
265	395
265	414
265	832
266	265
266	570
266	831
266	869
266	998
267	517
267	567
267	579
267	927
267	961
268	15
268	520
268	616
268	819
268	912
269	662
269	888
269	977
269	985
269	1000
270	210
270	628
270	954
270	994
270	1000
271	508
271	929
271	950
271	976
271	986
272	634
272	687
272	957
272	991
272	998
273	582
273	872
273	877
273	948
273	977
274	319
274	369
274	605
274	764
274	917
275	539
275	801
275	818
275	943
275	991
276	71
276	690
276	696
276	895
276	951
277	368
277	763
277	814
277	866
277	910
278	937
278	956
278	959
278	973
278	999
279	584
279	868
279	932
279	970
279	994
280	494
280	807
280	928
280	987
280	997
281	10
281	785
281	874
281	909
281	976
282	893
282	963
282	966
282	972
282	995
283	170
283	619
283	907
283	937
283	999
284	10
284	304
284	449
284	867
284	946
285	178
285	826
285	917
285	989
285	994
286	554
286	791
286	963
286	966
286	995
287	21
287	904
287	941
287	993
287	995
288	758
288	763
288	866
288	878
288	987
289	214
289	309
289	831
289	869
289	997
290	417
290	457
290	777
290	904
290	923
291	234
291	895
291	906
291	938
291	994
292	523
292	573
292	787
292	860
292	887
293	762
293	832
293	882
293	953
293	988
294	858
294	940
294	971
294	993
294	997
295	719
295	903
295	906
295	962
295	974
296	301
296	600
296	849
296	990
296	993
297	335
297	816
297	904
297	915
297	952
298	159
298	820
298	881
298	926
298	987
299	793
299	813
299	963
299	966
299	995
300	945
300	959
300	971
300	993
300	997
301	33
301	296
301	936
301	990
301	997
302	567
302	664
302	885
302	896
302	991
303	59
303	361
303	971
303	993
303	997
304	284
304	615
304	787
304	922
304	933
305	25
305	506
305	681
305	687
305	804
306	446
306	626
306	770
306	797
306	912
307	120
307	833
307	866
307	878
307	908
308	592
308	847
308	921
308	969
308	985
309	289
309	509
309	796
309	815
309	981
310	434
310	781
310	889
310	942
310	999
311	227
311	370
311	524
311	903
311	974
312	419
312	679
312	780
312	865
312	949
313	781
313	870
313	897
313	915
313	924
314	121
314	601
314	671
314	688
314	827
315	239
315	719
315	962
315	974
315	996
316	182
316	220
316	260
316	921
316	986
317	53
317	748
317	800
317	902
317	916
318	431
318	481
318	857
318	894
318	956
319	274
319	764
319	824
319	927
319	985
320	848
320	892
320	931
320	983
320	1000
321	368
321	639
321	716
321	908
321	910
322	244
322	680
322	811
322	823
322	983
323	38
323	180
323	867
323	950
323	964
324	62
324	174
324	912
324	957
324	995
325	724
325	893
325	963
325	966
325	995
326	110
326	470
326	513
326	775
326	968
327	677
327	887
327	960
327	984
327	989
328	263
328	651
328	701
328	853
328	988
329	578
329	580
329	627
329	941
329	948
330	742
330	745
330	766
330	789
330	999
331	108
331	944
331	949
331	953
331	973
331	990
332	480
332	522
332	675
332	715
332	953
333	385
333	446
333	626
333	819
333	912
334	770
334	931
334	977
334	984
334	989
335	297
335	693
335	904
335	915
335	923
336	682
336	695
336	924
336	926
336	934
337	444
337	779
337	936
337	990
337	997
338	126
338	247
338	496
338	974
338	996
339	714
339	886
339	939
339	956
339	999
340	206
340	672
340	734
340	909
340	976
341	95
341	635
341	836
341	845
341	926
342	11
342	407
342	653
342	810
342	882
343	674
343	698
343	704
343	995
343	999
344	372
344	663
344	710
344	838
344	981
345	415
345	893
345	963
345	966
345	995
346	832
346	869
346	881
346	919
346	998
347	767
347	821
347	825
347	835
347	863
348	442
348	740
348	873
348	906
348	928
349	74
349	175
349	918
349	957
349	978
350	120
350	167
350	426
350	943
350	988
351	23
351	476
351	721
351	848
351	862
352	40
352	629
352	756
352	787
352	992
353	366
353	764
353	783
353	805
353	917
354	769
354	797
354	929
354	950
354	964
355	372
355	482
355	728
355	958
355	999
356	903
356	931
356	962
356	974
356	996
357	390
357	793
357	963
357	966
357	995
358	622
358	691
358	775
358	933
358	953
359	872
359	883
359	948
359	969
359	1000
360	642
360	698
360	759
360	762
360	916
361	77
361	303
361	614
361	800
361	940
362	79
362	842
362	909
362	958
362	986
363	412
363	613
363	788
363	923
363	952
364	60
364	764
364	805
364	869
364	917
365	541
365	713
365	853
365	861
365	988
366	353
366	783
366	805
366	824
366	917
367	30
367	932
367	954
367	970
367	994
368	277
368	321
368	403
368	908
368	912
369	274
369	783
369	805
369	824
369	917
370	311
370	462
370	772
370	962
370	996
371	43
371	796
371	851
371	900
371	992
372	344
372	355
372	439
372	796
372	815
373	763
373	814
373	833
373	866
373	910
374	532
374	804
374	853
374	911
374	988
375	480
375	736
375	782
375	866
375	870
376	199
376	414
376	631
376	832
376	869
377	655
377	930
377	939
377	940
377	990
378	29
378	419
378	700
378	812
378	949
379	789
379	830
379	901
379	939
379	999
380	473
380	667
380	817
380	914
380	973
381	133
381	932
381	954
381	980
381	994
382	583
382	837
382	854
382	858
382	997
383	1
383	195
383	780
383	784
383	930
383	949
384	577
384	789
384	808
384	886
384	956
384	999
385	333
385	467
385	797
385	819
385	897
385	912
386	79
386	436
386	720
386	853
386	911
386	988
387	704
387	769
387	842
387	950
387	976
387	986
388	210
388	692
388	954
388	970
388	980
388	994
389	551
389	932
389	954
389	970
389	980
389	992
390	357
390	488
390	627
390	790
390	938
390	941
391	183
391	811
391	823
391	895
391	930
391	986
392	590
392	746
392	777
392	816
392	923
392	952
393	118
393	476
393	542
393	594
393	807
393	848
394	880
394	929
394	950
394	964
394	976
394	986
395	230
395	265
395	414
395	809
395	831
395	869
396	55
396	577
396	663
396	838
396	861
396	981
397	174
397	584
397	932
397	968
397	970
397	994
398	625
398	746
398	768
398	915
398	923
398	952
399	163
399	840
399	891
399	905
399	944
399	975
400	501
400	597
400	725
400	848
400	976
400	986
401	510
401	513
401	954
401	970
401	980
401	994
402	776
402	949
402	970
402	978
402	995
402	999
403	368
403	562
403	610
403	866
403	878
403	934
404	770
404	899
404	931
404	960
404	984
404	989
405	152
405	188
405	932
405	970
405	980
405	994
406	667
406	751
406	817
406	850
406	956
406	973
407	252
407	342
407	810
407	821
407	855
407	892
408	206
408	633
408	699
408	741
408	836
408	881
409	81
409	515
409	867
409	947
409	968
409	998
410	228
410	242
410	255
410	644
410	688
410	846
411	557
411	633
411	844
411	967
411	989
411	992
412	363
412	590
412	678
412	915
412	923
412	952
413	39
413	705
413	913
413	965
413	969
413	1000
414	265
414	376
414	395
414	545
414	831
414	869
415	345
415	583
415	760
415	963
415	972
415	995
416	666
416	834
416	864
416	890
416	948
416	982
417	290
417	652
417	816
417	904
417	915
417	923
418	876
418	913
418	920
418	977
418	981
418	1000
419	312
419	378
419	427
419	708
419	898
419	949
420	88
420	840
420	891
420	905
420	944
420	975
421	632
421	821
421	855
421	892
421	991
421	996
422	453
422	820
422	881
422	897
422	926
422	947
423	676
423	758
423	853
423	918
423	956
423	975
424	90
424	854
424	935
424	959
424	971
424	990
425	106
425	537
425	760
425	767
425	918
425	979
426	350
426	498
426	599
426	691
426	775
426	948
427	195
427	419
427	607
427	708
427	780
427	794
428	212
428	520
428	616
428	797
428	819
428	912
429	178
429	209
429	264
429	486
429	834
429	947
430	812
430	842
430	874
430	950
430	964
430	986
431	318
431	585
431	685
431	847
431	857
431	914
432	826
432	863
432	918
432	965
432	978
432	981
433	204
433	256
433	834
433	888
433	977
433	982
434	310
434	886
434	894
434	939
434	952
434	999
435	254
435	264
435	698
435	739
435	762
435	776
436	59
436	386
436	795
436	990
436	993
436	997
437	529
437	547
437	675
437	691
437	786
437	968
438	172
438	532
438	701
438	706
438	720
438	991
439	69
439	138
439	147
439	255
439	372
439	981
440	208
440	768
440	803
440	974
440	991
440	996
441	18
441	875
441	934
441	937
441	943
441	968
442	348
442	873
442	957
442	965
442	978
442	979
443	216
443	239
443	462
443	682
443	926
443	934
444	128
444	184
444	244
444	337
444	959
444	997
445	170
445	661
445	702
445	857
445	889
445	973
446	306
446	333
446	626
446	797
446	870
446	912
447	200
447	578
447	580
447	627
447	941
447	998
448	572
448	617
448	662
448	823
448	930
448	983
449	98
449	284
449	632
449	829
449	842
449	982
450	735
450	889
450	936
450	959
450	971
450	990
451	658
451	796
451	827
451	838
451	843
451	981
452	596
452	842
452	874
452	929
452	950
452	991
453	422
453	878
453	912
453	975
453	995
453	999
454	65
454	80
454	806
454	852
454	895
454	951
455	17
455	740
455	792
455	841
455	978
455	979
456	685
456	719
456	789
456	868
456	886
456	956
457	290
457	839
457	937
457	956
457	973
457	991
458	624
458	712
458	857
458	937
458	973
458	999
459	224
459	249
459	835
459	918
459	930
459	965
460	517
460	732
460	885
460	896
460	914
460	961
461	508
461	734
461	769
461	874
461	921
461	986
462	370
462	443
462	536
462	897
462	926
462	934
463	186
463	714
463	754
463	886
463	942
463	999
464	472
464	868
464	956
464	964
464	973
464	999
465	81
465	549
465	563
465	669
465	976
465	986
466	634
466	729
466	891
466	905
466	944
466	975
467	385
467	616
467	647
467	797
467	819
467	912
468	694
468	793
468	813
468	963
468	966
468	995
469	750
469	857
469	894
469	939
469	956
469	999
470	187
470	326
470	498
470	604
470	775
470	953
471	554
471	669
471	672
471	818
471	929
471	986
472	141
472	464
472	839
472	914
472	987
472	999
473	380
473	754
473	847
473	939
473	956
473	973
474	672
474	722
474	726
474	833
474	880
474	986
475	663
475	765
475	906
475	962
475	974
475	996
476	262
476	351
476	393
476	721
476	807
476	848
477	576
477	579
477	620
477	732
477	763
477	896
478	647
478	774
478	863
478	866
478	978
478	998
479	805
479	872
479	948
479	977
479	985
479	1000
480	332
480	375
480	601
480	699
480	865
480	951
480	975
481	318
481	871
481	886
481	889
481	894
481	956
482	233
482	355
482	657
482	746
482	915
482	952
483	845
483	887
483	899
483	925
483	960
483	989
484	913
484	920
484	948
484	969
484	977
484	1000
485	755
485	891
485	905
485	944
485	971
485	975
486	429
486	769
486	786
486	910
486	915
486	949
487	566
487	755
487	840
487	891
487	905
487	944
487	975
488	171
488	390
488	500
488	578
488	941
488	945
488	998
489	608
489	806
489	858
489	871
489	949
489	965
489	984
490	55
490	528
490	565
490	568
490	663
490	861
490	992
491	78
491	664
491	739
491	771
491	776
491	916
491	952
492	630
492	800
492	849
492	967
492	990
492	993
492	997
493	498
493	615
493	691
493	891
493	938
493	946
493	953
494	85
494	280
494	651
494	697
494	720
494	911
494	988
495	847
495	889
495	937
495	939
495	973
495	987
495	999
496	338
496	583
496	791
496	893
496	963
496	966
496	995
497	84
497	719
497	778
497	803
497	906
497	962
497	996
498	426
498	470
498	493
498	586
498	652
498	946
498	968
499	108
499	565
499	688
499	796
499	847
499	900
499	942
500	171
500	488
500	578
500	627
500	790
500	941
500	977
501	125
501	180
501	260
501	400
501	726
501	909
501	961
502	757
502	859
502	865
502	903
502	962
502	974
502	996
503	508
503	880
503	909
503	950
503	955
503	964
503	976
504	538
504	625
504	777
504	904
504	915
504	942
504	952
505	860
505	925
505	931
505	942
505	945
505	967
505	992
506	305
506	623
506	760
506	863
506	875
506	928
506	965
507	50
507	604
507	608
507	877
507	948
507	985
507	1000
508	271
508	461
508	503
508	722
508	804
508	929
508	986
509	309
509	512
509	659
509	703
509	900
509	938
509	961
510	401
510	694
510	932
510	954
510	970
510	980
510	994
511	208
511	757
511	803
511	859
511	962
511	973
511	996
512	62
512	509
512	708
512	960
512	977
512	980
512	989
513	326
513	401
513	586
513	668
513	922
513	968
513	987
514	80
514	88
514	598
514	617
514	637
514	806
514	983
515	409
515	529
515	629
515	733
515	933
515	953
515	998
516	140
516	729
516	755
516	891
516	905
516	944
516	975
517	267
517	460
517	576
517	620
517	680
517	885
517	896
518	5
518	685
518	815
518	911
518	923
518	975
518	983
519	546
519	838
519	911
519	931
519	943
519	957
519	982
520	224
520	268
520	428
520	626
520	797
520	819
520	942
521	752
521	828
521	864
521	883
521	920
521	921
521	948
522	332
522	556
522	652
522	867
522	922
522	933
522	938
523	292
523	573
523	925
523	945
523	967
523	984
523	992
524	311
524	611
524	730
524	975
524	983
524	988
524	993
525	759
525	798
525	844
525	931
525	960
525	984
525	989
526	82
526	725
526	812
526	880
526	909
526	964
526	986
527	66
527	198
527	791
527	825
527	868
527	885
527	896
528	490
528	604
528	854
528	940
528	959
528	990
528	997
529	437
529	515
529	574
529	599
529	709
529	953
529	968
530	75
530	196
530	642
530	762
530	771
530	871
530	916
531	833
531	866
531	878
531	908
531	910
531	976
531	992
532	374
532	438
532	596
532	720
532	773
532	911
532	988
533	129
533	170
533	623
533	745
533	857
533	894
533	956
534	621
534	674
534	847
534	949
534	977
534	984
534	997
535	191
535	217
535	255
535	643
535	671
535	796
535	981
536	119
536	264
536	462
536	600
536	943
536	978
536	986
537	425
537	774
537	918
537	928
537	965
537	978
537	999
538	504
538	552
538	816
538	904
538	915
538	923
538	952
539	97
539	275
539	611
539	656
539	801
539	818
539	943
540	47
540	635
540	699
540	725
540	820
540	897
540	934
541	51
541	365
541	720
541	804
541	822
541	855
541	988
542	192
542	393
542	594
542	807
542	848
542	862
542	995
543	752
543	837
543	858
543	940
543	959
543	971
543	990
544	648
544	675
544	781
544	820
544	897
544	926
544	934
545	94
545	230
545	414
545	570
545	832
545	869
545	919
546	519
546	572
546	637
546	690
546	806
546	951
546	983
547	160
547	437
547	571
547	683
547	867
547	933
547	968
548	564
548	642
548	739
548	776
548	788
548	894
548	916
549	157
549	465
549	669
549	704
549	796
549	880
549	976
550	708
550	780
550	784
550	794
550	938
550	947
550	949
551	389
551	614
551	932
551	954
551	970
551	980
551	994
552	538
552	613
552	746
552	816
552	915
552	923
552	962
553	86
553	629
553	668
553	775
553	786
553	933
553	992
554	286
554	471
554	726
554	769
554	950
554	964
554	976
555	561
555	650
555	929
555	954
555	970
555	980
555	994
556	522
556	683
556	718
556	799
556	933
556	946
556	992
557	190
557	411
557	759
557	860
557	945
557	984
557	989
558	727
558	749
558	759
558	918
558	931
558	967
558	984
559	623
559	774
559	873
559	875
559	957
559	965
559	979
560	67
560	779
560	936
560	959
560	962
560	990
560	993
560	997
561	555
561	650
561	657
561	679
561	954
561	970
561	980
561	994
562	27
562	403
562	610
562	716
562	833
562	834
562	866
562	908
563	465
563	769
563	909
563	929
563	950
563	964
563	976
563	986
564	548
564	686
564	701
564	943
564	944
564	960
564	970
564	984
565	490
565	499
565	644
565	671
565	796
565	843
565	943
565	981
566	487
566	611
566	656
566	744
566	801
566	818
566	935
566	943
567	267
567	302
567	620
567	684
567	792
567	885
567	896
567	991
568	490
568	660
568	671
568	688
568	843
568	851
568	900
568	982
569	213
569	696
569	761
569	806
569	811
569	823
569	895
569	951
570	266
570	545
570	832
570	869
570	907
570	955
570	970
570	998
571	187
571	547
571	668
571	683
571	867
571	922
571	946
571	968
572	114
572	448
572	546
572	806
572	811
572	895
572	951
572	983
573	28
573	217
573	292
573	523
573	844
573	945
573	960
573	989
574	181
574	193
574	529
574	641
574	691
574	867
574	872
574	922
575	233
575	606
575	736
575	859
575	903
575	906
575	962
575	996
576	130
576	253
576	477
576	517
576	620
576	684
576	885
576	896
577	384
577	396
577	601
577	703
577	802
577	846
577	900
577	998
578	329
578	447
578	488
578	500
578	580
578	627
578	790
578	941
579	226
579	267
579	477
579	620
579	693
579	732
579	885
579	991
580	329
580	447
580	578
580	627
580	790
580	854
580	941
580	998
581	654
581	764
581	783
581	788
581	824
581	917
581	941
581	972
582	118
582	262
582	273
582	595
582	721
582	807
582	848
582	862
583	382
583	415
583	496
583	813
583	893
583	963
583	966
583	995
584	136
584	279
584	397
584	888
584	954
584	970
584	980
584	994
585	48
585	119
585	431
585	839
585	889
585	969
585	987
585	999
586	44
586	498
586	513
586	652
586	675
586	709
586	922
586	953
587	676
587	909
587	931
587	934
587	954
587	967
587	968
587	977
588	609
588	705
588	707
588	843
588	872
588	921
588	982
588	1000
589	678
589	754
589	817
589	914
589	935
589	956
589	973
589	999
590	392
590	412
590	693
590	777
590	871
590	915
590	923
590	952
591	603
591	689
591	831
591	896
591	904
591	932
591	968
591	989
592	308
592	697
592	876
592	877
592	946
592	969
592	982
592	1000
593	731
593	877
593	883
593	888
593	890
593	927
593	969
593	982
594	41
594	393
594	542
594	721
594	807
594	848
594	862
594	927
595	41
595	192
595	582
595	721
595	807
595	862
595	927
595	968
596	85
596	122
596	452
596	532
596	701
596	706
596	853
596	988
597	400
597	669
597	803
597	880
597	909
597	929
597	950
597	976
598	514
598	630
598	758
598	781
598	820
598	845
598	884
598	926
599	214
599	426
599	529
599	683
599	933
599	946
599	953
599	968
600	57
600	296
600	536
600	849
600	936
600	971
600	990
600	997
601	36
601	314
601	480
601	577
601	827
601	851
601	900
601	910
602	66
602	74
602	262
602	693
602	896
602	949
602	952
602	988
603	591
603	729
603	755
603	840
603	891
603	905
603	944
603	975
604	22
604	470
604	507
604	528
604	821
604	917
604	941
604	979
605	274
605	718
605	750
605	925
605	931
605	960
605	984
605	989
606	208
606	575
606	765
606	859
606	889
606	903
606	962
606	996
607	427
607	708
607	780
607	784
607	794
607	878
607	930
607	949
608	489
608	507
608	890
608	902
608	920
608	982
608	985
608	1000
609	197
609	588
609	864
609	877
609	913
609	969
609	985
609	1000
610	250
610	403
610	562
610	763
610	782
610	814
610	910
610	987
611	524
611	539
611	566
611	656
611	744
611	801
611	818
611	943
612	196
612	630
612	651
612	701
612	706
612	748
612	853
612	988
613	245
613	363
613	552
613	746
613	816
613	904
613	923
613	952
614	161
614	361
614	551
614	655
614	854
614	959
614	990
614	997
615	304
615	493
615	671
615	715
615	799
615	946
615	953
615	968
616	268
616	428
616	467
616	819
616	870
616	884
616	912
616	927
617	448
617	514
617	665
617	747
617	761
617	811
617	951
617	983
618	91
618	181
618	742
618	822
618	878
618	882
618	988
618	993
619	219
619	283
619	817
619	857
619	889
619	907
619	914
619	956
620	477
620	517
620	567
620	576
620	579
620	684
620	885
620	896
621	222
621	534
621	644
621	680
621	688
621	843
621	919
621	981
622	358
622	641
622	730
622	790
622	825
622	939
622	941
622	957
622	974
623	22
623	506
623	533
623	559
623	826
623	957
623	978
623	979
623	998
624	43
624	458
624	721
624	943
624	949
624	971
624	983
624	993
625	99
625	398
625	504
625	630
625	693
625	915
625	923
625	952
625	996
626	212
626	223
626	306
626	333
626	446
626	520
626	797
626	819
626	912
627	329
627	390
627	447
627	500
627	578
627	580
627	790
627	930
627	941
628	65
628	270
628	657
628	692
628	738
628	954
628	970
628	980
628	994
629	352
629	515
629	553
629	676
629	683
629	756
629	867
629	917
629	946
630	207
630	492
630	598
630	612
630	625
630	760
630	853
630	904
630	994
631	221
631	376
631	725
631	862
631	908
631	910
631	995
631	998
631	1000
632	421
632	449
632	702
632	737
632	810
632	821
632	855
632	882
632	1000
633	14
633	408
633	411
633	641
633	928
633	940
633	965
633	966
633	980
634	89
634	106
634	272
634	466
634	646
634	850
634	928
634	957
634	965
635	111
635	194
635	341
635	540
635	830
635	924
635	926
635	934
635	984
636	111
636	711
636	781
636	820
636	884
636	924
636	926
636	934
636	935
637	76
637	514
637	546
637	665
637	748
637	806
637	951
637	962
637	983
638	17
638	25
638	135
638	687
638	792
638	794
638	826
638	850
638	979
639	321
639	716
639	782
639	866
639	878
639	908
639	910
639	978
639	987
640	828
640	834
640	888
640	969
640	977
640	982
640	985
640	998
640	1000
641	574
641	622
641	633
641	660
641	676
641	683
641	788
641	946
641	992
642	16
642	360
642	530
642	548
642	739
642	767
642	776
642	902
642	916
643	535
643	829
643	943
643	945
643	976
643	979
643	989
643	992
643	996
644	54
644	69
644	202
644	410
644	565
644	621
644	658
644	730
644	992
645	14
645	43
645	46
645	52
645	225
645	703
645	730
645	827
645	981
646	106
646	634
646	802
646	873
646	898
646	957
646	965
646	978
646	998
647	467
647	478
647	711
647	829
647	898
647	957
647	958
647	965
647	979
648	544
648	682
648	683
648	741
648	758
648	781
648	830
648	836
648	881
649	123
649	824
649	826
649	874
649	885
649	921
649	952
649	969
649	990
650	3
650	555
650	561
650	738
650	932
650	954
650	978
650	980
650	994
651	51
651	328
651	494
651	612
651	713
651	773
651	804
651	905
651	988
652	81
652	417
652	498
652	522
652	586
652	715
652	933
652	953
652	968
653	100
653	342
653	737
653	785
653	810
653	855
653	882
653	935
653	991
654	173
654	581
654	764
654	805
654	824
654	901
654	917
654	947
654	974
655	52
655	199
655	377
655	614
655	837
655	854
655	936
655	971
655	993
656	539
656	566
656	611
656	676
656	801
656	818
656	935
656	943
656	972
657	179
657	482
657	561
657	628
657	679
657	954
657	970
657	980
657	994
658	451
658	644
658	660
658	698
658	815
658	827
658	861
658	935
658	981
659	54
659	509
659	671
659	838
659	851
659	900
659	935
659	954
659	981
660	568
660	641
660	658
660	815
660	843
660	961
660	981
660	992
660	998
661	445
661	730
661	790
661	858
661	896
661	900
661	941
661	953
661	962
662	269
662	448
662	695
662	761
662	852
662	895
662	951
662	983
662	987
663	344
663	396
663	475
663	490
663	703
663	710
663	843
663	851
663	981
664	302
664	491
664	882
664	907
664	911
664	916
664	941
664	951
664	979
665	188
665	617
665	637
665	686
665	761
665	823
665	852
665	895
665	938
666	39
666	416
666	697
666	731
666	744
666	890
666	977
666	982
666	1000
667	380
667	406
667	817
667	856
667	890
667	914
667	937
667	973
667	999
668	513
668	553
668	571
668	715
668	733
668	756
668	775
668	788
668	901
668	946
669	465
669	471
669	549
669	597
669	796
669	901
669	950
669	964
669	976
669	986
670	719
670	757
670	768
670	803
670	810
670	903
670	906
670	947
670	962
670	996
671	92
671	314
671	535
671	565
671	568
671	615
671	659
671	838
671	851
671	981
672	340
672	471
672	474
672	722
672	748
672	950
672	964
672	975
672	976
672	986
673	749
673	841
673	887
673	895
673	899
673	907
673	925
673	967
673	987
673	989
674	343
674	534
674	678
674	844
674	935
674	945
674	960
674	967
674	984
674	989
675	21
675	83
675	193
675	332
675	437
675	544
675	586
675	775
675	946
675	968
676	423
676	587
676	629
676	641
676	656
676	728
676	756
676	786
676	968
676	998
677	327
677	800
677	835
677	855
677	873
677	946
677	962
677	968
677	990
677	999
678	412
678	589
678	674
678	681
678	703
678	825
678	836
678	904
678	980
678	989
679	58
679	238
679	312
679	561
679	657
679	738
679	932
679	954
679	970
679	994
680	322
680	517
680	621
680	710
680	767
680	895
680	898
680	934
680	990
680	996
681	305
681	678
681	760
681	767
681	873
681	875
681	928
681	930
681	978
681	991
682	336
682	443
682	648
682	699
682	830
682	836
682	881
682	897
682	924
682	968
683	44
683	547
683	556
683	571
683	599
683	629
683	641
683	648
683	715
683	968
684	130
684	253
684	567
684	576
684	620
684	732
684	885
684	896
684	927
684	997
685	431
685	456
685	518
685	742
685	868
685	889
685	937
685	954
685	973
685	999
686	156
686	564
686	665
686	696
686	817
686	824
686	966
686	973
686	975
686	988
687	272
687	305
687	638
687	723
687	826
687	835
687	850
687	898
687	978
687	986
688	69
688	191
688	314
688	410
688	499
688	568
688	621
688	838
688	976
688	981
689	28
689	591
689	798
689	835
689	899
689	907
689	931
689	960
689	984
689	989
690	76
690	131
690	276
690	546
690	806
690	811
690	895
690	951
690	983
690	987
691	204
691	358
691	426
691	437
691	493
691	574
691	933
691	953
691	987
691	999
692	388
692	628
692	856
692	925
692	932
692	954
692	970
692	980
692	992
692	994
693	30
693	335
693	579
693	590
693	602
693	625
693	746
693	915
693	923
693	952
694	70
694	468
694	510
694	791
694	793
694	813
694	893
694	963
694	966
694	995
695	125
695	336
695	662
695	742
695	878
695	910
695	970
695	973
695	994
695	996
696	71
696	215
696	276
696	569
696	686
696	761
696	852
696	877
696	951
696	983
697	189
697	494
697	592
697	666
697	731
697	913
697	927
697	982
697	985
697	1000
698	75
698	78
698	343
698	360
698	435
698	658
698	739
698	771
698	776
698	916
699	408
699	480
699	540
699	682
699	781
699	845
699	881
699	897
699	924
699	947
700	378
700	717
700	755
700	808
700	887
700	913
700	974
700	989
700	993
700	997
701	328
701	438
701	564
701	596
701	612
701	804
701	873
701	911
701	988
701	991
702	100
702	445
702	632
702	737
702	785
702	810
702	821
702	882
702	972
702	991
703	509
703	577
703	645
703	663
703	678
703	827
703	884
703	942
703	946
703	981
704	234
704	343
704	387
704	549
704	722
704	812
704	874
704	961
704	976
704	991
705	242
705	413
705	588
705	890
705	913
705	920
705	921
705	935
705	969
705	985
706	438
706	596
706	612
706	773
706	853
706	871
706	911
706	950
706	988
706	991
707	123
707	588
707	731
707	743
707	864
707	877
707	883
707	913
707	969
707	982
708	72
708	419
708	427
708	512
708	550
708	607
708	780
708	794
708	930
708	949
709	529
709	586
709	728
709	733
709	867
709	922
709	933
709	953
709	968
709	972
710	64
710	344
710	663
710	680
710	796
710	802
710	809
710	815
710	958
710	998
711	636
711	647
711	714
711	800
711	923
711	952
711	975
711	979
711	982
711	997
711	1000
712	458
712	760
712	774
712	825
712	850
712	873
712	898
712	918
712	928
712	957
712	965
713	51
713	158
713	365
713	651
713	804
713	853
713	861
713	907
713	935
713	978
713	988
714	339
714	463
714	711
714	754
714	789
714	886
714	894
714	937
714	939
714	973
714	999
715	223
715	332
715	615
715	652
715	668
715	683
715	733
715	909
715	953
715	987
715	992
716	321
716	562
716	639
716	763
716	782
716	814
716	833
716	878
716	908
716	910
716	936
717	4
717	162
717	209
717	700
717	865
717	877
717	888
717	921
717	977
717	985
717	1000
718	190
718	556
718	605
718	860
718	887
718	899
718	945
718	960
718	967
718	984
718	989
719	227
719	241
719	295
719	315
719	456
719	497
719	670
719	757
719	962
719	974
719	996
720	122
720	149
720	386
720	438
720	494
720	532
720	541
720	773
720	911
720	969
720	988
721	41
721	351
721	476
721	582
721	594
721	595
721	624
721	807
721	848
721	862
721	885
722	474
722	508
722	672
722	704
722	726
722	734
722	769
722	892
722	909
722	950
722	964
723	203
723	687
723	835
723	873
723	875
723	898
723	928
723	957
723	965
723	972
723	998
724	70
724	84
724	325
724	791
724	793
724	893
724	958
724	963
724	966
724	976
724	995
725	260
725	400
725	526
725	540
725	631
725	769
725	842
725	880
725	909
725	950
725	990
726	9
726	38
726	474
726	501
726	554
726	722
726	761
726	929
726	964
726	986
726	991
727	199
727	558
727	841
727	860
727	893
727	899
727	931
727	945
727	960
727	984
727	992
728	36
728	355
728	676
728	709
728	814
728	922
728	933
728	946
728	953
728	968
728	998
729	466
729	516
729	603
729	755
729	835
729	840
729	891
729	905
729	944
729	955
729	975
730	225
730	524
730	622
730	644
730	645
730	661
730	815
730	846
730	938
730	974
730	981
731	240
731	593
731	666
731	697
731	707
731	761
731	920
731	948
731	977
731	982
731	1000
732	130
732	226
732	460
732	477
732	579
732	684
732	885
732	896
732	937
732	961
732	991
733	199
733	258
733	515
733	668
733	709
733	715
733	756
733	867
733	946
733	953
733	987
734	218
734	220
734	340
734	461
734	722
734	812
734	842
734	950
734	976
734	986
734	987
735	15
735	450
735	752
735	779
735	801
735	849
735	936
735	959
735	961
735	990
735	993
736	236
736	259
736	375
736	575
736	772
736	778
736	859
736	906
736	962
736	974
736	996
737	257
737	632
737	653
737	702
737	785
737	821
737	855
737	882
737	892
737	991
737	992
738	18
738	238
738	628
738	650
738	679
738	954
738	970
738	980
738	992
738	994
738	999
739	16
739	116
739	435
739	491
739	548
739	642
739	698
739	762
739	790
739	901
739	916
740	96
740	104
740	249
740	348
740	455
740	871
740	898
740	907
740	918
740	965
740	991
741	408
741	648
741	781
741	830
741	845
741	881
741	897
741	924
741	934
741	958
741	986
742	330
742	618
742	685
742	695
742	751
742	881
742	886
742	894
742	935
742	939
742	973
743	10
743	707
743	864
743	872
743	920
743	921
743	948
743	969
743	982
743	988
743	1000
744	97
744	112
744	251
744	566
744	611
744	666
744	801
744	818
744	935
744	943
744	972
745	9
745	330
745	533
745	808
745	817
745	839
745	857
745	894
745	939
745	973
745	991
745	994
746	56
746	248
746	392
746	398
746	482
746	552
746	613
746	693
746	777
746	816
746	915
746	952
747	140
747	617
747	862
747	863
747	879
747	893
747	904
747	923
747	927
747	956
747	990
747	998
748	317
748	612
748	637
748	672
748	789
748	862
748	916
748	924
748	964
748	983
748	988
748	999
749	39
749	198
749	558
749	673
749	759
749	798
749	841
749	931
749	945
749	967
749	984
749	989
750	159
750	469
750	605
750	770
750	841
750	925
750	945
750	955
750	960
750	967
750	984
750	989
751	151
751	406
751	742
751	754
751	894
751	914
751	939
751	956
751	973
751	987
751	989
751	999
752	26
752	521
752	543
752	735
752	849
752	869
752	940
752	971
752	990
752	993
752	997
752	998
753	765
753	790
753	809
753	837
753	856
753	880
753	908
753	933
753	941
753	944
753	975
753	986
754	463
754	473
754	589
754	714
754	751
754	852
754	868
754	886
754	889
754	939
754	956
754	999
755	107
755	485
755	487
755	516
755	603
755	700
755	729
755	840
755	891
755	905
755	944
755	975
756	352
756	629
756	668
756	676
756	733
756	775
756	787
756	867
756	922
756	928
756	933
756	946
757	502
757	511
757	670
757	719
757	765
757	768
757	803
757	859
757	890
757	962
757	974
757	996
758	205
758	288
758	423
758	598
758	648
758	830
758	836
758	845
758	881
758	934
758	978
758	992
759	360
759	525
759	557
759	558
759	749
759	860
759	887
759	925
759	945
759	960
759	967
759	989
760	415
760	425
760	506
760	630
760	681
760	712
760	792
760	829
760	898
760	957
760	978
760	979
761	188
761	569
761	617
761	662
761	665
761	696
761	726
761	731
761	852
761	895
761	951
761	983
762	53
762	109
762	196
762	254
762	293
762	360
762	435
762	530
762	739
762	771
762	916
762	984
763	34
763	250
763	277
763	288
763	373
763	477
763	610
763	716
763	833
763	878
763	908
763	910
764	274
764	319
764	353
764	364
764	581
764	654
764	783
764	805
764	901
764	917
764	932
764	972
765	241
765	475
765	606
765	753
765	757
765	768
765	778
765	906
765	962
765	974
765	996
765	997
766	207
766	330
766	789
766	839
766	857
766	886
766	935
766	937
766	956
766	973
766	987
766	995
767	104
767	347
767	425
767	642
767	680
767	681
767	792
767	825
767	850
767	918
767	930
767	957
768	398
768	440
768	670
768	757
768	765
768	772
768	859
768	903
768	906
768	962
768	974
768	996
769	354
769	387
769	461
769	486
769	554
769	563
769	722
769	725
769	851
769	874
769	964
769	976
770	306
770	334
770	404
770	750
770	841
770	887
770	899
770	925
770	927
770	945
770	967
770	984
771	75
771	185
771	254
771	491
771	530
771	698
771	762
771	776
771	822
771	901
771	907
771	916
772	150
772	370
772	736
772	768
772	803
772	859
772	906
772	907
772	962
772	974
772	996
772	999
773	16
773	85
773	211
773	532
773	651
773	706
773	720
773	804
773	853
773	907
773	911
773	935
773	988
774	145
774	255
774	478
774	537
774	559
774	712
774	871
774	873
774	898
774	957
774	972
774	978
774	979
775	246
775	326
775	358
775	426
775	470
775	553
775	668
775	675
775	756
775	799
775	922
775	946
775	953
776	78
776	185
776	264
776	402
776	435
776	491
776	548
776	642
776	698
776	771
776	844
776	901
776	916
777	56
777	233
777	259
777	290
777	392
777	504
777	590
777	746
777	816
777	904
777	915
777	923
777	952
778	68
778	246
778	497
778	736
778	765
778	803
778	859
778	903
778	906
778	949
778	962
778	974
778	996
779	98
779	337
779	560
779	735
779	795
779	800
779	837
779	920
779	936
779	940
779	959
779	993
779	998
780	117
780	248
780	312
780	383
780	427
780	550
780	607
780	708
780	784
780	794
780	947
780	949
780	963
781	310
781	313
781	544
781	598
781	636
781	648
781	699
781	741
781	820
781	845
781	897
781	926
781	987
782	34
782	186
782	375
782	610
782	639
782	716
782	814
782	866
782	870
782	878
782	908
782	910
782	992
783	60
783	353
783	366
783	369
783	581
783	764
783	805
783	806
783	917
783	927
783	938
783	947
783	992
784	29
784	117
784	221
784	248
784	383
784	550
784	607
784	780
784	794
784	846
784	943
784	947
784	949
785	5
785	100
785	257
785	281
785	653
785	702
785	737
785	810
785	821
785	855
785	861
785	882
785	892
786	83
786	437
786	486
786	553
786	676
786	787
786	867
786	906
786	922
786	946
786	968
786	987
786	992
787	187
787	292
787	304
787	352
787	756
787	786
787	807
787	856
787	867
787	922
787	933
787	953
787	968
788	252
788	254
788	363
788	548
788	581
788	641
788	668
788	809
788	824
788	871
788	896
788	963
788	995
789	131
789	330
789	379
789	384
789	456
789	714
789	748
789	766
789	894
789	942
789	947
789	956
789	999
790	390
790	500
790	578
790	580
790	622
790	627
790	661
790	739
790	753
790	879
790	938
790	941
790	998
791	13
791	286
791	496
791	527
791	694
791	724
791	792
791	813
791	893
791	958
791	963
791	966
791	995
792	35
792	455
792	567
792	638
792	760
792	767
792	791
792	863
792	875
792	957
792	958
792	965
792	978
793	165
793	299
793	357
793	468
793	694
793	724
793	813
793	874
793	893
793	963
793	966
793	979
793	995
794	195
794	248
794	427
794	550
794	607
794	638
794	708
794	780
794	784
794	822
794	865
794	947
794	949
795	190
795	436
795	779
795	800
795	854
795	858
795	930
795	936
795	959
795	961
795	971
795	990
795	997
796	69
796	309
796	371
796	372
796	451
796	499
796	535
796	549
796	565
796	669
796	710
796	846
796	981
797	15
797	155
797	306
797	354
797	385
797	428
797	446
797	467
797	520
797	626
797	819
797	912
797	927
798	525
798	689
798	749
798	800
798	860
798	899
798	925
798	931
798	938
798	960
798	967
798	984
798	989
799	14
799	21
799	113
799	223
799	556
799	615
799	775
799	922
799	946
799	953
799	955
799	968
799	998
800	317
800	361
800	492
800	677
800	711
800	779
800	795
800	798
800	959
800	971
800	993
800	997
800	998
801	166
801	251
801	275
801	539
801	566
801	611
801	656
801	735
801	744
801	818
801	933
801	943
801	972
802	54
802	92
802	147
802	577
802	646
802	710
802	838
802	843
802	846
802	851
802	919
802	958
802	981
803	68
803	161
803	440
803	497
803	511
803	597
803	670
803	757
803	772
803	778
803	903
803	906
803	974
804	124
804	158
804	305
804	374
804	508
804	541
804	651
804	701
804	713
804	773
804	853
804	911
804	935
804	988
805	173
805	353
805	364
805	366
805	369
805	479
805	654
805	764
805	783
805	824
805	917
805	938
805	947
805	958
806	31
806	454
806	489
806	514
806	546
806	569
806	572
806	637
806	690
806	783
806	823
806	852
806	895
806	983
807	23
807	103
807	262
807	280
807	393
807	476
807	542
807	582
807	594
807	595
807	721
807	787
807	848
807	862
808	384
808	700
808	745
808	847
808	857
808	886
808	889
808	894
808	895
808	914
808	939
808	956
808	977
808	999
809	36
809	395
809	710
809	753
809	788
809	858
809	902
809	940
809	959
809	971
809	990
809	993
809	997
809	998
810	20
810	145
810	235
810	342
810	407
810	632
810	653
810	670
810	702
810	785
810	882
810	892
810	935
810	991
811	114
811	187
811	244
811	261
811	322
811	391
811	569
811	572
811	617
811	690
811	852
811	895
811	944
811	951
812	378
812	430
812	526
812	704
812	734
812	842
812	874
812	909
812	929
812	950
812	964
812	976
812	986
812	991
813	165
813	228
813	299
813	468
813	583
813	694
813	791
813	793
813	893
813	955
813	958
813	966
813	995
813	998
814	154
814	203
814	250
814	277
814	373
814	610
814	716
814	728
814	782
814	866
814	870
814	908
814	910
814	987
815	52
815	309
815	372
815	518
815	658
815	660
815	710
815	730
815	827
815	843
815	846
815	851
815	940
815	981
816	56
816	203
816	297
816	392
816	417
816	538
816	552
816	613
816	746
816	777
816	910
816	923
816	942
816	952
817	26
817	380
817	406
817	589
817	619
817	667
817	686
817	745
817	839
817	868
817	894
817	914
817	937
817	956
818	63
818	112
818	213
818	251
818	275
818	471
818	539
818	566
818	611
818	656
818	744
818	801
818	902
818	943
818	972
819	155
819	212
819	224
819	268
819	333
819	385
819	428
819	467
819	520
819	616
819	626
819	797
819	848
819	912
819	927
820	298
820	422
820	540
820	544
820	598
820	636
820	781
820	830
820	831
820	881
820	897
820	901
820	924
820	934
820	958
821	11
821	257
821	347
821	407
821	421
821	604
821	632
821	702
821	737
821	785
821	855
821	882
821	892
821	935
821	950
822	50
822	168
822	541
822	618
822	771
822	794
822	871
822	876
822	916
822	949
822	951
822	966
822	983
822	988
822	995
823	1
823	31
823	80
823	207
823	322
823	391
823	448
823	569
823	665
823	806
823	884
823	919
823	951
823	983
823	987
824	319
824	366
824	369
824	581
824	649
824	654
824	686
824	788
824	805
824	902
824	917
824	927
824	958
824	972
824	983
825	347
825	527
825	622
825	678
825	712
825	767
825	829
825	835
825	850
825	868
825	873
825	898
825	918
825	957
825	978
826	22
826	135
826	285
826	432
826	623
826	638
826	649
826	687
826	835
826	863
826	875
826	930
826	965
826	978
826	979
827	55
827	64
827	92
827	191
827	197
827	314
827	451
827	601
827	645
827	658
827	703
827	815
827	843
827	851
827	915
828	19
828	521
828	640
828	834
828	872
828	876
828	877
828	888
828	920
828	948
828	977
828	982
828	985
828	996
828	1000
829	449
829	643
829	647
829	760
829	825
829	837
829	863
829	870
829	898
829	918
829	945
829	957
829	978
829	979
829	991
830	47
830	379
830	635
830	648
830	682
830	741
830	758
830	820
830	836
830	926
830	934
830	938
830	947
830	972
830	992
831	94
831	177
831	232
831	266
831	289
831	395
831	414
831	591
831	820
831	832
831	869
831	879
831	885
831	955
831	998
832	139
832	177
832	230
832	265
832	293
832	346
832	376
832	545
832	570
832	831
832	869
832	879
832	919
832	985
832	998
833	27
833	61
833	120
833	307
833	373
833	474
833	531
833	562
833	716
833	763
833	866
833	878
833	908
833	910
833	992
834	105
834	416
834	429
834	433
834	562
834	640
834	828
834	879
834	888
834	901
834	921
834	948
834	977
834	982
834	985
834	1000
835	175
835	347
835	459
835	677
835	687
835	689
835	723
835	729
835	825
835	826
835	850
835	871
835	898
835	928
835	978
835	979
836	95
836	341
836	408
836	648
836	678
836	682
836	758
836	830
836	845
836	881
836	897
836	900
836	901
836	924
836	926
836	934
837	26
837	184
837	382
837	543
837	655
837	753
837	779
837	829
837	854
837	907
837	936
837	940
837	959
837	971
837	993
837	997
838	45
838	154
838	217
838	222
838	255
838	344
838	396
838	451
838	519
838	659
838	671
838	688
838	802
838	843
838	919
838	970
839	457
839	472
839	585
839	745
839	766
839	817
839	847
839	871
839	886
839	889
839	901
839	914
839	937
839	939
839	973
839	988
840	6
840	49
840	154
840	243
840	399
840	420
840	487
840	603
840	729
840	755
840	891
840	905
840	944
840	958
840	961
840	975
841	137
841	455
841	673
841	727
841	749
841	750
841	770
841	844
841	887
841	925
841	931
841	955
841	960
841	967
841	984
841	989
842	220
842	362
842	387
842	430
842	449
842	452
842	725
842	734
842	812
842	858
842	929
842	930
842	950
842	964
842	976
842	986
843	451
843	565
843	568
843	588
843	621
843	660
843	663
843	802
843	815
843	827
843	838
843	846
843	900
843	938
843	958
843	981
844	12
844	258
844	411
844	525
844	573
844	674
844	776
844	841
844	899
844	902
844	925
844	931
844	960
844	967
844	984
844	989
844	992
845	156
845	341
845	483
845	598
845	699
845	741
845	758
845	781
845	836
845	865
845	870
845	881
845	897
845	924
845	938
845	952
845	958
846	45
846	54
846	147
846	237
846	410
846	577
846	730
846	784
846	796
846	802
846	815
846	843
846	851
846	900
846	919
846	938
846	981
847	141
847	308
847	431
847	473
847	495
847	499
847	534
847	808
847	839
847	868
847	886
847	889
847	914
847	939
847	973
847	991
847	999
848	23
848	103
848	168
848	320
848	351
848	393
848	400
848	476
848	542
848	582
848	594
848	721
848	807
848	819
848	862
848	871
848	879
849	296
849	492
849	600
849	735
849	752
849	858
849	930
849	936
849	940
849	942
849	948
849	951
849	959
849	971
849	990
849	993
849	997
850	89
850	406
850	634
850	638
850	687
850	712
850	767
850	825
850	835
850	863
850	873
850	875
850	898
850	928
850	978
850	979
850	991
851	108
851	197
851	225
851	371
851	568
851	601
851	659
851	663
851	671
851	769
851	802
851	815
851	827
851	846
851	875
851	981
851	998
852	31
852	244
852	261
852	454
852	662
852	665
852	696
852	754
852	761
852	806
852	811
852	884
852	919
852	923
852	951
852	983
852	987
853	172
853	328
853	365
853	374
853	386
853	423
853	596
853	612
853	630
853	706
853	713
853	773
853	804
853	911
853	935
853	956
853	988
854	382
854	424
854	528
854	580
854	614
854	655
854	795
854	837
854	858
854	859
854	936
854	940
854	959
854	971
854	990
854	993
854	997
855	5
855	20
855	145
855	235
855	407
855	421
855	541
855	632
855	653
855	677
855	737
855	785
855	821
855	882
855	892
855	927
855	991
856	162
856	667
856	692
856	753
856	787
856	905
856	933
856	936
856	939
856	940
856	950
856	970
856	975
856	980
856	986
856	990
856	999
857	151
857	164
857	170
857	318
857	431
857	445
857	458
857	469
857	533
857	619
857	745
857	766
857	808
857	868
857	939
857	959
857	999
858	294
858	382
858	489
858	543
858	661
858	795
858	809
858	842
858	849
858	854
858	940
858	942
858	955
858	959
858	961
858	990
858	993
859	150
859	229
859	259
859	502
859	511
859	575
859	606
859	736
859	757
859	768
859	772
859	778
859	854
859	906
859	962
859	974
859	996
860	292
860	505
860	557
860	718
860	727
860	759
860	798
860	899
860	925
860	931
860	934
860	945
860	960
860	967
860	980
860	984
860	992
861	32
861	205
861	365
861	396
861	490
861	658
861	713
861	785
861	897
861	925
861	940
861	948
861	959
861	960
861	972
861	977
861	988
861	998
862	23
862	41
862	168
862	192
862	262
862	351
862	542
862	582
862	594
862	595
862	631
862	721
862	747
862	748
862	807
862	848
862	871
862	991
863	347
863	432
863	478
863	506
863	747
863	792
863	826
863	829
863	850
863	875
863	896
863	898
863	928
863	965
863	966
863	972
863	978
863	979
864	240
864	416
864	521
864	609
864	707
864	743
864	876
864	879
864	888
864	913
864	920
864	933
864	938
864	948
864	954
864	969
864	985
864	1000
865	312
865	480
865	502
865	717
865	794
865	845
865	877
865	932
865	934
865	940
865	949
865	963
865	966
865	974
865	980
865	982
865	995
865	996
866	120
866	144
866	153
866	250
866	277
866	288
866	307
866	373
866	375
866	403
866	478
866	531
866	562
866	639
866	782
866	814
866	833
866	967
867	146
867	284
867	323
867	409
867	522
867	547
867	571
867	574
867	629
867	709
867	733
867	756
867	786
867	787
867	946
867	953
867	965
867	998
868	129
868	141
868	279
868	456
868	464
868	527
868	685
868	754
868	817
868	825
868	847
868	857
868	889
868	914
868	937
868	939
868	956
868	973
869	30
869	94
869	230
869	266
869	289
869	346
869	364
869	376
869	395
869	414
869	545
869	570
869	752
869	831
869	832
869	879
869	907
869	955
870	313
870	375
870	446
870	616
870	782
870	814
870	829
870	845
870	873
870	912
870	916
870	923
870	928
870	945
870	954
870	967
870	970
870	984
870	994
871	481
871	489
871	530
871	590
871	706
871	740
871	774
871	788
871	822
871	835
871	839
871	848
871	862
871	884
871	952
871	974
871	980
871	988
871	996
872	9
872	273
872	359
872	479
872	574
872	588
872	743
872	828
872	876
872	883
872	920
872	921
872	948
872	969
872	975
872	977
872	982
872	985
872	1000
873	348
873	442
873	559
873	646
873	677
873	681
873	701
873	712
873	723
873	774
873	825
873	850
873	870
873	875
873	928
873	965
873	971
873	979
873	998
874	182
874	281
874	430
874	452
874	461
874	649
874	704
874	769
874	793
874	812
874	880
874	919
874	929
874	942
874	950
874	961
874	964
874	976
874	986
875	441
875	506
875	559
875	681
875	723
875	792
875	826
875	850
875	851
875	863
875	873
875	918
875	928
875	957
875	965
875	972
875	978
875	979
875	985
876	143
876	418
876	592
876	822
876	828
876	864
876	872
876	883
876	888
876	890
876	913
876	921
876	944
876	947
876	948
876	977
876	982
876	985
876	1000
877	32
877	273
877	507
877	592
877	593
877	609
877	696
877	707
877	717
877	828
877	865
877	883
877	913
877	921
877	969
877	977
877	985
877	998
877	1000
878	27
878	288
878	307
878	403
878	453
878	531
878	607
878	618
878	639
878	695
878	716
878	763
878	782
878	833
878	908
878	910
878	983
878	987
878	992
879	167
879	171
879	192
879	747
879	790
879	831
879	832
879	834
879	848
879	864
879	869
879	892
879	898
879	906
879	941
879	957
879	985
879	990
879	997
880	82
880	180
880	182
880	394
880	474
880	503
880	526
880	549
880	597
880	725
880	753
880	874
880	929
880	950
880	964
880	971
880	976
880	986
880	996
881	47
881	113
881	156
881	298
881	346
881	408
881	422
881	648
881	682
881	699
881	741
881	742
881	758
881	820
881	836
881	845
881	924
881	926
881	934
882	20
882	235
882	257
882	293
882	342
882	618
882	632
882	653
882	664
882	702
882	737
882	785
882	810
882	821
882	855
882	888
882	892
882	972
882	977
883	7
883	131
883	132
883	256
883	359
883	521
883	593
883	707
883	872
883	876
883	877
883	919
883	920
883	947
883	948
883	977
883	979
883	982
883	985
884	107
884	598
884	616
884	636
884	703
884	823
884	852
884	871
884	900
884	901
884	913
884	936
884	942
884	959
884	971
884	977
884	983
884	985
884	999
885	130
885	226
885	253
885	302
885	460
885	517
885	527
885	567
885	576
885	579
885	620
885	649
885	684
885	721
885	732
885	831
885	896
885	961
885	991
886	240
886	339
886	384
886	434
886	456
886	463
886	481
886	714
886	742
886	754
886	766
886	808
886	839
886	847
886	889
886	914
886	922
886	937
886	956
886	999
887	4
887	236
887	292
887	327
887	483
887	673
887	700
887	718
887	759
887	770
887	841
887	899
887	907
887	925
887	931
887	960
887	967
887	976
887	984
887	989
888	269
888	433
888	584
888	593
888	640
888	717
888	828
888	834
888	864
888	876
888	882
888	890
888	913
888	919
888	948
888	969
888	977
888	982
888	985
888	1000
889	151
889	310
889	445
889	450
889	481
889	495
889	585
889	606
889	619
889	685
889	754
889	808
889	839
889	847
889	868
889	886
889	894
889	937
889	956
889	973
890	19
890	101
890	132
890	189
890	416
890	593
890	608
890	666
890	667
890	705
890	757
890	876
890	888
890	901
890	921
890	938
890	977
890	982
890	985
890	1000
891	6
891	24
891	49
891	218
891	243
891	399
891	420
891	466
891	485
891	487
891	493
891	516
891	603
891	729
891	755
891	840
891	905
891	944
891	961
891	975
892	5
892	11
892	100
892	109
892	235
892	257
892	320
892	407
892	421
892	722
892	737
892	785
892	810
892	821
892	855
892	879
892	882
892	935
892	972
892	991
893	8
893	13
893	87
893	127
893	282
893	325
893	345
893	496
893	583
893	694
893	724
893	727
893	747
893	791
893	793
893	813
893	963
893	966
893	972
893	995
894	318
894	434
894	469
894	481
894	533
894	548
894	714
894	742
894	745
894	751
894	789
894	808
894	817
894	889
894	914
894	937
894	939
894	961
894	973
894	991
895	65
895	163
895	183
895	276
895	291
895	391
895	454
895	569
895	572
895	662
895	665
895	673
895	680
895	690
895	761
895	806
895	808
895	811
895	951
895	983
896	226
896	253
896	302
896	460
896	477
896	517
896	527
896	567
896	576
896	591
896	602
896	620
896	661
896	684
896	732
896	788
896	863
896	885
896	927
896	961
897	159
897	239
897	313
897	385
897	422
897	462
897	540
897	544
897	682
897	699
897	741
897	781
897	820
897	836
897	845
897	861
897	913
897	924
897	926
897	958
897	992
898	419
898	646
898	647
898	680
898	687
898	712
898	723
898	740
898	760
898	774
898	825
898	829
898	835
898	850
898	863
898	879
898	926
898	928
898	947
898	957
898	978
899	134
899	404
899	483
899	673
899	689
899	718
899	727
899	770
899	798
899	844
899	860
899	887
899	902
899	904
899	925
899	931
899	945
899	960
899	967
899	984
899	989
900	46
900	52
900	92
900	140
900	202
900	222
900	371
900	499
900	509
900	568
900	577
900	601
900	659
900	661
900	836
900	843
900	846
900	884
900	921
900	942
900	992
901	53
901	379
901	654
901	668
901	669
901	739
901	764
901	771
901	776
901	820
901	834
901	836
901	839
901	884
901	890
901	917
901	919
901	926
901	942
901	976
901	998
902	60
902	317
902	608
902	642
902	809
902	818
902	824
902	844
902	899
902	916
902	917
902	936
902	937
902	943
902	960
902	964
902	969
902	972
902	977
902	989
902	993
903	132
903	241
903	247
903	295
903	311
903	356
903	502
903	575
903	606
903	670
903	768
903	778
903	803
903	906
903	931
903	942
903	947
903	961
903	962
903	974
903	996
904	56
904	99
904	102
904	169
904	233
904	287
904	290
904	297
904	335
904	417
904	504
904	538
904	591
904	613
904	630
904	678
904	747
904	777
904	899
904	915
904	942
904	952
905	24
905	121
905	222
905	243
905	399
905	420
905	466
905	485
905	487
905	516
905	603
905	651
905	729
905	755
905	840
905	856
905	891
905	919
905	944
905	955
905	961
905	975
906	126
906	229
906	246
906	291
906	295
906	348
906	475
906	497
906	575
906	670
906	736
906	765
906	768
906	772
906	778
906	786
906	803
906	859
906	879
906	903
906	974
906	996
907	283
907	570
907	619
907	664
907	673
907	689
907	713
907	740
907	771
907	772
907	773
907	837
907	869
907	887
907	971
907	974
907	984
907	991
907	993
907	996
907	998
907	999
908	34
908	61
908	146
908	153
908	307
908	321
908	368
908	531
908	562
908	631
908	639
908	716
908	753
908	763
908	782
908	814
908	833
908	878
908	910
908	911
908	987
908	992
909	157
909	281
909	340
909	362
909	501
909	503
909	526
909	563
909	587
909	597
909	715
909	722
909	725
909	812
909	924
909	929
909	950
909	958
909	964
909	972
909	976
909	986
909	989
910	61
910	153
910	250
910	277
910	321
910	373
910	486
910	531
910	601
910	610
910	631
910	639
910	695
910	716
910	763
910	782
910	814
910	816
910	833
910	878
910	908
910	987
910	992
911	51
911	79
911	149
911	172
911	211
911	374
911	386
911	494
911	518
911	519
911	532
911	664
911	701
911	706
911	720
911	773
911	804
911	853
911	908
911	942
911	967
911	988
911	991
912	15
912	36
912	72
912	155
912	212
912	219
912	224
912	268
912	306
912	324
912	333
912	368
912	385
912	428
912	446
912	453
912	467
912	616
912	626
912	797
912	819
912	870
912	927
913	143
913	256
913	413
913	418
913	484
913	609
913	697
913	700
913	705
913	707
913	864
913	876
913	877
913	884
913	888
913	897
913	920
913	948
913	965
913	969
913	982
913	985
913	1000
914	380
914	431
914	460
914	472
914	589
914	619
914	667
914	751
914	808
914	817
914	839
914	847
914	868
914	886
914	894
914	930
914	935
914	937
914	939
914	973
914	975
914	991
914	999
915	102
915	123
915	297
915	313
915	335
915	398
915	412
915	417
915	482
915	486
915	504
915	538
915	552
915	590
915	625
915	693
915	746
915	777
915	827
915	904
915	923
915	942
915	952
916	16
916	53
916	75
916	185
916	196
916	264
916	317
916	360
916	491
916	530
916	548
916	642
916	664
916	698
916	739
916	748
916	762
916	771
916	776
916	822
916	870
916	902
916	997
917	60
917	173
917	274
917	285
917	353
917	364
917	366
917	369
917	581
917	604
917	629
917	654
917	764
917	783
917	805
917	824
917	901
917	902
917	927
917	947
917	958
917	960
917	972
918	72
918	106
918	175
918	349
918	423
918	425
918	432
918	459
918	537
918	558
918	712
918	740
918	767
918	825
918	829
918	875
918	928
918	955
918	957
918	965
918	978
918	979
918	998
919	94
919	119
919	346
919	545
919	621
919	802
919	823
919	832
919	838
919	846
919	852
919	874
919	883
919	888
919	901
919	905
919	944
919	963
919	966
919	975
919	983
919	995
919	1000
920	32
920	105
920	418
920	484
920	521
920	608
920	705
920	731
920	743
920	779
920	828
920	864
920	872
920	883
920	913
920	921
920	936
920	948
920	969
920	975
920	977
920	982
920	985
920	1000
921	105
921	178
921	231
921	308
921	316
921	461
921	521
921	588
921	649
921	705
921	717
921	743
921	834
921	872
921	876
921	877
921	890
921	900
921	920
921	969
921	977
921	982
921	985
921	1000
922	14
922	160
922	193
922	214
922	304
922	513
922	522
922	571
922	574
922	586
922	709
922	728
922	756
922	775
922	786
922	787
922	799
922	886
922	933
922	953
922	968
922	981
922	987
922	1000
923	116
923	290
923	335
923	363
923	392
923	398
923	412
923	417
923	518
923	538
923	552
923	590
923	613
923	625
923	693
923	711
923	747
923	777
923	816
923	852
923	870
923	915
923	952
923	987
924	47
924	93
924	95
924	112
924	156
924	206
924	313
924	336
924	635
924	636
924	682
924	699
924	741
924	748
924	820
924	836
924	845
924	881
924	897
924	909
924	926
924	934
924	938
924	987
924	992
925	12
925	29
925	134
925	483
925	505
925	523
925	605
925	673
925	692
925	750
925	759
925	770
925	798
925	841
925	844
925	860
925	861
925	887
925	899
925	931
925	945
925	955
925	967
925	984
925	989
926	66
926	78
926	194
926	205
926	206
926	216
926	298
926	336
926	341
926	422
926	443
926	462
926	544
926	598
926	635
926	636
926	781
926	830
926	836
926	881
926	897
926	898
926	901
926	924
926	934
926	996
927	168
927	267
927	319
927	593
927	594
927	595
927	616
927	684
927	697
927	747
927	770
927	783
927	797
927	819
927	824
927	855
927	896
927	912
927	917
927	931
927	960
927	982
927	989
927	991
927	994
927	1000
928	25
928	74
928	280
928	348
928	506
928	537
928	633
928	634
928	681
928	712
928	723
928	756
928	835
928	850
928	863
928	870
928	873
928	875
928	898
928	918
928	947
928	966
928	978
928	979
928	980
928	998
929	38
929	82
929	125
929	146
929	220
929	234
929	271
929	354
929	394
929	452
929	471
929	508
929	555
929	563
929	597
929	726
929	812
929	842
929	874
929	880
929	909
929	950
929	964
929	974
929	976
929	986
929	987
930	377
930	383
930	391
930	448
930	459
930	607
930	627
930	681
930	708
930	767
930	795
930	826
930	842
930	849
930	914
930	932
930	937
930	939
930	940
930	949
930	951
930	954
930	956
930	963
930	980
930	983
930	994
931	320
931	334
931	356
931	404
931	505
931	519
931	525
931	558
931	587
931	605
931	689
931	727
931	749
931	798
931	841
931	844
931	860
931	887
931	899
931	903
931	925
931	927
931	945
931	960
931	967
931	984
931	989
932	18
932	42
932	110
932	136
932	167
932	179
932	245
932	279
932	367
932	381
932	389
932	397
932	405
932	510
932	551
932	591
932	650
932	679
932	692
932	764
932	865
932	930
932	954
932	964
932	970
932	980
932	994
933	40
933	91
933	113
933	304
933	358
933	515
933	522
933	547
933	553
933	556
933	599
933	652
933	691
933	709
933	728
933	753
933	756
933	787
933	801
933	856
933	864
933	922
933	938
933	946
933	953
933	968
933	994
934	66
934	93
934	111
934	216
934	336
934	403
934	441
934	443
934	462
934	540
934	544
934	587
934	635
934	636
934	680
934	741
934	758
934	820
934	830
934	836
934	860
934	865
934	881
934	924
934	926
934	938
934	984
934	987
935	237
935	424
935	566
935	589
935	636
935	653
935	656
935	658
935	659
935	674
935	705
935	713
935	742
935	744
935	766
935	773
935	804
935	810
935	821
935	853
935	892
935	914
935	943
935	959
935	971
935	981
935	988
935	993
936	33
936	86
936	142
936	169
936	252
936	301
936	337
936	450
936	560
936	600
936	655
936	716
936	735
936	779
936	795
936	837
936	849
936	854
936	856
936	884
936	902
936	920
936	940
936	947
936	955
936	959
936	971
936	997
937	141
937	151
937	186
937	278
937	283
937	441
937	457
937	458
937	495
937	667
937	685
937	714
937	732
937	766
937	817
937	839
937	868
937	886
937	889
937	894
937	902
937	914
937	930
937	939
937	956
937	973
937	987
937	999
938	160
938	173
938	291
938	390
938	493
938	509
938	522
938	550
938	665
938	730
938	783
938	790
938	798
938	805
938	830
938	843
938	845
938	846
938	864
938	890
938	924
938	933
938	934
938	941
938	958
938	968
938	982
938	998
939	129
939	134
939	339
939	377
939	379
939	434
939	469
939	473
939	495
939	622
939	714
939	742
939	745
939	751
939	754
939	808
939	839
939	847
939	856
939	857
939	868
939	894
939	914
939	930
939	937
939	942
939	957
939	999
940	37
940	57
940	103
940	148
940	184
940	294
940	361
940	377
940	528
940	543
940	633
940	752
940	779
940	809
940	815
940	837
940	849
940	854
940	856
940	858
940	861
940	865
940	930
940	936
940	959
940	971
940	990
940	997
941	72
941	139
941	140
941	144
941	164
941	171
941	200
941	203
941	287
941	329
941	390
941	447
941	488
941	500
941	578
941	580
941	581
941	604
941	622
941	627
941	661
941	664
941	753
941	790
941	879
941	938
941	992
941	998
942	148
942	310
942	463
942	499
942	504
942	505
942	520
942	703
942	789
942	816
942	849
942	858
942	874
942	884
942	900
942	901
942	903
942	904
942	911
942	915
942	939
942	952
942	958
942	961
942	974
942	981
942	986
942	993
942	996
943	63
943	97
943	112
943	139
943	166
943	213
943	242
943	251
943	275
943	350
943	441
943	519
943	536
943	539
943	564
943	565
943	566
943	611
943	624
943	643
943	656
943	744
943	784
943	801
943	818
943	902
943	935
943	950
943	972
944	6
944	10
944	24
944	49
944	107
944	121
944	243
944	331
944	399
944	420
944	466
944	485
944	487
944	516
944	564
944	603
944	729
944	753
944	755
944	811
944	840
944	876
944	891
944	905
944	919
944	955
944	961
944	975
944	993
945	4
945	28
945	50
945	300
945	488
945	505
945	523
945	557
945	573
945	643
945	674
945	718
945	727
945	749
945	750
945	759
945	770
945	829
945	860
945	870
945	899
945	925
945	931
945	955
945	960
945	967
945	984
945	987
945	989
946	44
946	50
946	59
946	83
946	193
946	284
946	493
946	498
946	556
946	571
946	592
946	599
946	615
946	629
946	641
946	668
946	675
946	677
946	703
946	728
946	733
946	756
946	775
946	786
946	799
946	867
946	933
946	953
946	968
946	998
947	239
947	409
947	422
947	429
947	550
947	654
947	670
947	699
947	780
947	783
947	784
947	789
947	794
947	805
947	830
947	876
947	883
947	898
947	903
947	917
947	928
947	936
947	949
947	965
947	969
947	974
947	978
947	979
947	982
947	996
948	105
948	131
948	263
948	273
948	329
948	359
948	416
948	426
948	479
948	484
948	507
948	521
948	731
948	743
948	828
948	834
948	849
948	861
948	864
948	872
948	876
948	883
948	888
948	913
948	920
948	955
948	969
948	977
948	982
948	985
948	1000
949	29
949	117
949	167
949	181
949	195
949	221
949	248
949	312
949	331
949	378
949	383
949	402
949	419
949	486
949	489
949	534
949	550
949	602
949	607
949	624
949	708
949	778
949	780
949	784
949	794
949	822
949	865
949	930
949	947
949	981
949	997
950	138
950	234
950	271
950	323
950	354
950	387
950	394
950	430
950	452
950	503
950	554
950	563
950	597
950	669
950	672
950	706
950	722
950	725
950	734
950	812
950	821
950	842
950	856
950	874
950	880
950	909
950	929
950	943
950	964
950	976
950	986
951	17
951	76
951	88
951	116
951	163
951	183
951	215
951	244
951	261
951	276
951	454
951	480
951	546
951	569
951	572
951	617
951	637
951	662
951	664
951	690
951	696
951	761
951	811
951	822
951	823
951	849
951	852
951	895
951	930
951	979
951	987
952	99
952	102
952	146
952	233
952	242
952	297
952	363
952	392
952	398
952	412
952	434
952	482
952	491
952	504
952	538
952	590
952	602
952	613
952	625
952	649
952	693
952	711
952	746
952	777
952	816
952	845
952	871
952	904
952	915
952	923
952	942
953	34
953	40
953	81
953	83
953	204
953	293
953	331
953	332
953	358
953	470
953	493
953	515
953	529
953	586
953	599
953	615
953	652
953	661
953	691
953	709
953	715
953	728
953	733
953	775
953	787
953	799
953	867
953	922
953	933
953	946
953	971
953	992
954	3
954	7
954	42
954	210
954	245
954	270
954	367
954	381
954	388
954	389
954	401
954	510
954	551
954	555
954	561
954	584
954	587
954	628
954	650
954	657
954	659
954	679
954	685
954	692
954	738
954	864
954	870
954	930
954	932
954	980
954	992
954	994
955	177
955	209
955	230
955	503
955	570
955	729
955	750
955	799
955	813
955	831
955	841
955	858
955	869
955	905
955	918
955	925
955	936
955	944
955	945
955	948
955	956
955	960
955	963
955	966
955	969
955	975
955	977
955	985
955	990
955	993
955	995
955	997
956	278
956	318
956	339
956	384
956	406
956	423
956	456
956	457
956	464
956	469
956	473
956	481
956	533
956	589
956	619
956	747
956	751
956	754
956	766
956	789
956	808
956	817
956	853
956	868
956	886
956	889
956	930
956	937
956	955
956	973
956	974
956	999
957	73
957	74
957	96
957	249
957	272
957	324
957	349
957	442
957	519
957	559
957	622
957	623
957	634
957	646
957	647
957	712
957	723
957	760
957	767
957	774
957	792
957	825
957	829
957	875
957	879
957	898
957	918
957	939
957	972
957	978
957	979
957	999
958	91
958	237
958	249
958	355
958	362
958	647
958	710
958	724
958	741
958	791
958	792
958	802
958	805
958	813
958	820
958	824
958	840
958	843
958	845
958	897
958	909
958	917
958	938
958	942
958	963
958	972
958	976
958	979
958	981
958	986
958	994
958	995
959	33
959	86
959	128
959	152
959	176
959	252
959	278
959	300
959	424
959	444
959	450
959	528
959	543
959	560
959	614
959	735
959	779
959	795
959	800
959	809
959	837
959	849
959	854
959	857
959	858
959	861
959	884
959	935
959	936
959	940
959	990
959	993
959	997
960	2
960	12
960	201
960	327
960	404
960	483
960	512
960	525
960	564
960	573
960	605
960	674
960	689
960	718
960	727
960	750
960	759
960	798
960	841
960	844
960	860
960	861
960	887
960	899
960	902
960	917
960	927
960	931
960	945
960	955
960	967
960	984
960	989
961	43
961	58
961	267
961	460
961	501
961	509
961	660
961	704
961	732
961	735
961	795
961	840
961	858
961	874
961	885
961	891
961	894
961	896
961	903
961	905
961	942
961	944
961	962
961	964
961	971
961	973
961	974
961	975
961	976
961	981
961	993
961	996
961	998
962	68
962	126
962	241
962	246
962	259
962	295
962	315
962	356
962	370
962	475
962	497
962	502
962	511
962	552
962	560
962	575
962	606
962	637
962	661
962	670
962	677
962	719
962	736
962	757
962	765
962	768
962	772
962	778
962	859
962	903
962	961
962	974
962	996
963	2
963	8
963	87
963	115
963	127
963	165
963	228
963	282
963	286
963	299
963	325
963	345
963	357
963	415
963	468
963	496
963	583
963	694
963	724
963	780
963	788
963	791
963	793
963	865
963	893
963	919
963	930
963	955
963	958
963	966
963	972
963	979
963	995
964	38
964	82
964	157
964	218
964	323
964	354
964	394
964	430
964	464
964	503
964	526
964	554
964	563
964	669
964	672
964	722
964	726
964	748
964	769
964	812
964	842
964	874
964	880
964	902
964	909
964	929
964	932
964	950
964	961
964	972
964	976
964	986
964	991
964	1000
965	17
965	30
965	35
965	73
965	96
965	135
965	219
965	413
965	432
965	442
965	459
965	489
965	506
965	537
965	559
965	633
965	634
965	646
965	647
965	712
965	723
965	740
965	792
965	826
965	863
965	867
965	873
965	875
965	913
965	918
965	947
965	978
965	979
965	991
966	2
966	8
966	13
966	70
966	84
966	87
966	115
966	127
966	282
966	286
966	299
966	325
966	345
966	357
966	468
966	496
966	583
966	633
966	686
966	694
966	724
966	791
966	793
966	813
966	822
966	863
966	865
966	893
966	919
966	928
966	955
966	963
966	990
966	995
967	28
967	137
967	190
967	198
967	201
967	258
967	411
967	492
967	505
967	523
967	558
967	587
967	673
967	674
967	718
967	749
967	750
967	759
967	770
967	798
967	841
967	844
967	860
967	866
967	870
967	887
967	899
967	911
967	925
967	931
967	945
967	960
967	984
967	987
968	21
968	91
968	113
968	204
968	326
968	397
968	409
968	437
968	441
968	498
968	513
968	529
968	547
968	571
968	587
968	591
968	595
968	599
968	615
968	652
968	675
968	676
968	677
968	682
968	683
968	709
968	728
968	786
968	787
968	799
968	922
968	933
968	938
968	946
969	19
969	32
969	143
969	189
969	256
969	308
969	359
969	413
969	484
969	585
969	592
969	593
969	609
969	640
969	649
969	705
969	707
969	720
969	743
969	864
969	872
969	877
969	888
969	902
969	913
969	920
969	921
969	947
969	948
969	955
969	970
969	977
969	982
969	985
969	1000
970	42
970	144
970	174
970	200
970	238
970	245
970	279
970	367
970	388
970	389
970	397
970	401
970	402
970	405
970	510
970	551
970	555
970	561
970	564
970	570
970	584
970	628
970	657
970	679
970	692
970	695
970	738
970	838
970	856
970	870
970	932
970	969
970	980
970	992
970	994
971	37
971	67
971	142
971	148
971	161
971	176
971	294
971	300
971	303
971	424
971	450
971	485
971	543
971	600
971	624
971	655
971	752
971	795
971	800
971	809
971	837
971	849
971	854
971	873
971	880
971	884
971	907
971	935
971	936
971	940
971	953
971	961
971	990
971	993
971	997
972	25
972	138
972	145
972	166
972	282
972	415
972	581
972	656
972	702
972	709
972	723
972	744
972	764
972	774
972	801
972	818
972	824
972	830
972	861
972	863
972	875
972	882
972	892
972	893
972	902
972	909
972	917
972	943
972	957
972	958
972	963
972	964
972	973
972	976
972	986
972	995
973	48
973	186
973	205
973	278
973	331
973	380
973	406
973	445
973	457
973	458
973	464
973	473
973	495
973	511
973	589
973	667
973	685
973	686
973	695
973	714
973	742
973	745
973	751
973	766
973	839
973	847
973	868
973	889
973	894
973	914
973	937
973	956
973	961
973	972
973	991
973	999
974	150
974	208
974	236
974	247
974	295
974	311
974	315
974	338
974	356
974	440
974	475
974	502
974	622
974	654
974	700
974	719
974	730
974	736
974	757
974	765
974	768
974	772
974	778
974	803
974	859
974	865
974	871
974	903
974	906
974	907
974	929
974	942
974	947
974	956
974	961
974	962
974	996
975	6
975	9
975	24
975	49
975	107
975	121
975	199
975	203
975	243
975	399
975	420
975	423
975	453
975	466
975	480
975	485
975	487
975	516
975	518
975	524
975	603
975	672
975	686
975	711
975	729
975	753
975	755
975	840
975	856
975	872
975	891
975	905
975	914
975	919
975	920
975	944
975	955
975	961
976	125
976	234
976	260
976	271
976	281
976	340
976	387
976	394
976	400
976	465
976	503
976	531
976	549
976	554
976	563
976	597
976	643
976	669
976	672
976	688
976	704
976	724
976	734
976	769
976	812
976	842
976	874
976	880
976	887
976	901
976	909
976	929
976	950
976	958
976	961
976	964
976	972
976	986
976	991
977	101
977	231
977	263
977	269
977	273
977	334
977	418
977	433
977	479
977	484
977	500
977	512
977	534
977	587
977	640
977	666
977	717
977	731
977	808
977	828
977	834
977	861
977	872
977	876
977	877
977	882
977	883
977	884
977	888
977	890
977	902
977	920
977	921
977	948
977	955
977	969
977	982
977	985
977	1000
978	35
978	73
978	104
978	154
978	249
978	349
978	402
978	432
978	442
978	455
978	478
978	536
978	537
978	623
978	639
978	646
978	650
978	681
978	687
978	713
978	758
978	760
978	774
978	792
978	825
978	826
978	829
978	835
978	850
978	863
978	875
978	898
978	918
978	928
978	947
978	957
978	965
978	979
978	991
979	22
979	35
979	73
979	96
979	104
979	135
979	175
979	242
979	425
979	442
979	455
979	559
979	604
979	623
979	638
979	643
979	647
979	664
979	711
979	760
979	774
979	793
979	826
979	829
979	835
979	850
979	863
979	873
979	875
979	883
979	918
979	928
979	947
979	951
979	957
979	958
979	963
979	965
979	978
980	3
980	7
980	58
980	109
980	110
980	133
980	136
980	152
980	179
980	219
980	238
980	381
980	388
980	389
980	401
980	405
980	510
980	512
980	551
980	555
980	561
980	584
980	628
980	633
980	650
980	657
980	678
980	692
980	738
980	856
980	860
980	865
980	871
980	928
980	930
980	932
980	954
980	970
980	982
980	994
981	45
981	46
981	55
981	108
981	147
981	197
981	225
981	237
981	309
981	344
981	396
981	418
981	432
981	439
981	451
981	535
981	565
981	621
981	645
981	658
981	659
981	660
981	663
981	671
981	688
981	703
981	730
981	796
981	802
981	815
981	843
981	846
981	851
981	922
981	935
981	942
981	949
981	958
981	961
981	992
981	998
982	40
982	101
982	240
982	263
982	416
982	433
982	449
982	519
982	568
982	588
982	592
982	593
982	608
982	640
982	666
982	697
982	707
982	711
982	731
982	743
982	828
982	834
982	865
982	872
982	876
982	883
982	888
982	890
982	913
982	920
982	921
982	927
982	938
982	947
982	948
982	969
982	977
982	980
982	983
982	985
982	1000
983	1
983	31
983	62
983	65
983	71
983	76
983	80
983	88
983	114
983	163
983	183
983	215
983	261
983	320
983	322
983	448
983	514
983	518
983	524
983	546
983	572
983	617
983	624
983	637
983	662
983	690
983	696
983	748
983	761
983	806
983	822
983	823
983	824
983	852
983	878
983	884
983	895
983	919
983	930
983	982
983	1000
984	4
984	139
984	181
984	198
984	258
984	327
984	334
984	404
984	489
984	523
984	525
984	534
984	557
984	558
984	564
984	605
984	635
984	674
984	689
984	718
984	727
984	749
984	750
984	762
984	770
984	798
984	841
984	844
984	860
984	870
984	887
984	899
984	907
984	925
984	931
984	934
984	945
984	960
984	967
984	987
984	989
984	992
985	19
985	101
985	132
985	162
985	164
985	178
985	231
985	240
985	269
985	308
985	319
985	479
985	507
985	608
985	609
985	640
985	697
985	705
985	717
985	828
985	832
985	834
985	864
985	872
985	875
985	876
985	877
985	879
985	883
985	884
985	888
985	890
985	913
985	920
985	921
985	948
985	955
985	969
985	977
985	982
985	987
985	1000
986	138
986	157
986	182
986	232
986	260
986	271
986	316
986	362
986	387
986	391
986	394
986	400
986	430
986	461
986	465
986	471
986	474
986	508
986	526
986	536
986	563
986	669
986	672
986	687
986	726
986	734
986	741
986	753
986	812
986	842
986	856
986	874
986	880
986	909
986	929
986	942
986	950
986	958
986	964
986	972
986	976
986	991
987	111
987	137
987	159
987	215
987	232
987	280
987	288
987	298
987	472
987	495
987	513
987	585
987	610
987	639
987	662
987	673
987	690
987	691
987	715
987	733
987	734
987	751
987	766
987	781
987	786
987	814
987	823
987	852
987	878
987	908
987	910
987	922
987	923
987	924
987	929
987	934
987	937
987	945
987	951
987	967
987	984
987	985
987	989
988	79
988	85
988	118
988	122
988	124
988	149
988	158
988	172
988	211
988	232
988	293
988	328
988	350
988	365
988	374
988	386
988	494
988	524
988	532
988	541
988	596
988	602
988	612
988	618
988	651
988	686
988	701
988	706
988	713
988	720
988	743
988	748
988	773
988	804
988	822
988	839
988	853
988	861
988	871
988	911
988	935
988	991
988	992
989	12
989	44
989	134
989	137
989	142
989	144
989	216
989	285
989	327
989	334
989	404
989	411
989	483
989	512
989	525
989	557
989	573
989	591
989	605
989	643
989	673
989	674
989	678
989	689
989	700
989	718
989	749
989	750
989	751
989	759
989	798
989	841
989	844
989	887
989	899
989	902
989	909
989	925
989	927
989	931
989	945
989	960
989	984
989	987
990	45
990	67
990	77
990	90
990	98
990	116
990	128
990	161
990	169
990	252
990	296
990	301
990	331
990	337
990	377
990	424
990	436
990	450
990	492
990	528
990	543
990	560
990	600
990	614
990	649
990	677
990	680
990	725
990	735
990	747
990	752
990	795
990	809
990	849
990	854
990	856
990	858
990	879
990	940
990	955
990	959
990	966
990	971
990	993
990	997
991	149
991	272
991	275
991	302
991	421
991	438
991	440
991	452
991	457
991	567
991	579
991	653
991	681
991	701
991	702
991	704
991	706
991	726
991	732
991	737
991	740
991	745
991	810
991	812
991	829
991	847
991	850
991	855
991	862
991	885
991	892
991	894
991	907
991	911
991	914
991	927
991	964
991	965
991	973
991	976
991	978
991	986
991	988
991	995
991	999
992	42
992	61
992	95
992	191
992	352
992	371
992	389
992	411
992	490
992	505
992	523
992	531
992	553
992	556
992	641
992	643
992	644
992	660
992	692
992	715
992	727
992	737
992	738
992	758
992	782
992	783
992	786
992	830
992	833
992	844
992	860
992	878
992	897
992	900
992	908
992	910
992	924
992	941
992	953
992	954
992	970
992	981
992	984
992	988
992	994
993	37
993	57
993	59
993	77
993	90
993	142
993	148
993	169
993	176
993	184
993	231
993	247
993	287
993	294
993	296
993	300
993	303
993	436
993	492
993	524
993	560
993	618
993	624
993	655
993	700
993	735
993	752
993	779
993	800
993	809
993	837
993	849
993	854
993	858
993	902
993	907
993	935
993	942
993	944
993	955
993	959
993	961
993	971
993	990
993	997
994	3
994	7
994	18
994	58
994	110
994	133
994	136
994	152
994	174
994	179
994	238
994	245
994	270
994	279
994	285
994	291
994	367
994	381
994	388
994	397
994	401
994	405
994	510
994	551
994	555
994	561
994	584
994	628
994	630
994	650
994	657
994	679
994	692
994	695
994	738
994	745
994	870
994	927
994	930
994	932
994	933
994	954
994	958
994	970
994	980
994	992
995	2
995	8
995	10
995	13
995	70
995	84
995	87
995	115
995	127
995	133
995	165
995	228
995	232
995	282
995	286
995	287
995	299
995	324
995	325
995	343
995	345
995	357
995	402
995	415
995	453
995	468
995	496
995	542
995	583
995	631
995	694
995	724
995	766
995	788
995	791
995	793
995	813
995	822
995	865
995	893
995	919
995	955
995	958
995	963
995	966
995	972
995	991
996	68
996	126
996	150
996	227
996	229
996	236
996	241
996	246
996	247
996	259
996	315
996	338
996	356
996	370
996	421
996	440
996	475
996	497
996	502
996	511
996	575
996	606
996	625
996	643
996	670
996	680
996	695
996	719
996	736
996	757
996	765
996	768
996	772
996	778
996	828
996	859
996	865
996	871
996	880
996	903
996	906
996	907
996	926
996	942
996	947
996	961
996	962
996	974
997	26
997	37
997	57
997	67
997	77
997	86
997	90
997	98
997	128
997	139
997	176
997	280
997	289
997	294
997	300
997	301
997	303
997	337
997	382
997	436
997	444
997	492
997	528
997	534
997	560
997	600
997	614
997	684
997	700
997	711
997	752
997	765
997	795
997	800
997	809
997	837
997	849
997	854
997	879
997	916
997	936
997	940
997	949
997	955
997	959
997	971
997	990
997	993
997	998
998	11
998	200
998	202
998	223
998	266
998	272
998	346
998	409
998	447
998	478
998	488
998	515
998	570
998	577
998	580
998	623
998	631
998	640
998	646
998	660
998	676
998	710
998	723
998	728
998	747
998	752
998	779
998	790
998	799
998	800
998	809
998	813
998	831
998	832
998	851
998	861
998	867
998	873
998	877
998	901
998	907
998	918
998	928
998	938
998	941
998	946
998	961
998	981
998	997
999	48
999	119
999	129
999	278
999	283
999	310
999	330
999	339
999	343
999	355
999	379
999	384
999	402
999	434
999	453
999	458
999	463
999	464
999	469
999	472
999	495
999	537
999	585
999	589
999	667
999	677
999	685
999	691
999	714
999	738
999	748
999	751
999	754
999	772
999	789
999	808
999	847
999	856
999	857
999	884
999	886
999	907
999	914
999	937
999	939
999	956
999	957
999	973
999	991
1000	39
1000	143
1000	162
1000	209
1000	231
1000	256
1000	263
1000	269
1000	270
1000	320
1000	359
1000	413
1000	418
1000	479
1000	484
1000	507
1000	588
1000	592
1000	608
1000	609
1000	631
1000	632
1000	640
1000	666
1000	697
1000	711
1000	717
1000	731
1000	743
1000	828
1000	834
1000	864
1000	872
1000	876
1000	877
1000	888
1000	890
1000	913
1000	919
1000	920
1000	921
1000	922
1000	927
1000	948
1000	964
1000	969
1000	977
1000	982
1000	983
1000	985
