105 126 144 22 222 232 324 352 426 431 448 451 460 468 47 480 518 526 540 619 643 664 698 729 73 750 761 764 773 806 938 945 947 952 956 973 
139 167 189 223 314 360 395 420 423 489 528 549 617 674 717 76 783 819 840 891 896 914 947 964
11 142 162 211 224 292 31 330 350 358 373 375 472 555 569 576 621 707 749 782 832 846 893 991 993
13 186 195 209 23 302 468 503 515 516 559 578 621 745 751 767 805
157 176 180 206 294 561 583 650 742 745 757 779
105 143 153 158 174 178 205 228 242 248 294 307 333 352 357 358 360 37 370 415 437 454 51 534 615 637 670 69 699 732 745 755 76 778 800 822 839 887 901 927 953 959 970 984 991 992 995
102 115 124 129 130 144 182 183 187 224 230 251 255 277 352 411 44 451 471 500 675 685 693 700 740 785 79 795 823 827 837 844 850 859 861 890 922 923 930 944 946 949 965 968 985 998
132 170 175 212 351 379 394 473 593 625 627 736 827
122 164 172 173 197 209 258 355 366 563 613 631 734 740 768 780 802 873 897 983
169 173 177 198 209 252 321 365 640 677 778 789 890
189 201 209 212 217 224 247 256 292 314 425 448 456 511 594 61 639 678 68 702 718 74 741 747 805 827 864 911 915 964
1 115 126 14 153 156 211 222 267 32 326 354 387 390 410 417 433 484 508 520 559 57 580 584 622 625 694 719 73 739 740 741 758 774 805 84 847 859 884 942 964 974 977 981 987 995
104 259 28 314 380 474 510 547 628 631 636 74 859
122 125 170 173 174 200 211 215 292 309 310 311 314 347 358 359 372 379 400 451 458 498 521 553 571 577 621 654 671 70 723 796 820 853 898 900 904 917 948 963 976 979 984 993
119 170 203 220 243 246 276 294 339 35 377 379 391 401 50 504 505 516 520 530 531 532 575 581 582 644 650 669 688 695 708 727 744 778 817 843 862 892 899 90 96 964 969 97 988 989
174 211 265 379 432 435 500 548 550 583 602 676 708 728 817
115 119 141 154 193 281 335 364 383 400 415 507 615 616 690 827 983
145 157 163 164 170 186 215 25 271 273 275 284 331 341 342 344 356 363 398 404 405 422 445 45 475 497 525 551 588 650 73 754 76 795 796 817 839 859 869 918 925 945 947 950 984 991 995 999
101 115 17 174 188 231 234 235 243 368 4 412 413 488 577 592 683 704 718 72 741 770 779 78 818 831 839 872 879 881 983
199 274 292 389 407 448 500 568 610 631 731 741 788 810 815 866 923 952
144 153 157 164 186 2 215 224 229 268 294 296 33 369 38 380 386 42 441 470 493 52 574 650 713 74 741 746 75 779 792 795 816 852 877 904 907 945 952 978 980
15 173 222 266 300 356 378 380 447 457 468 479 48 501 513 536 544 612 625 631 745 91 931 940 991 993
185 233 254 303 307 319 343 372 414 457 497 500 551 656 709 81 813 829 863
115 260 315 342 360 440 490 517 520 660 672 760
119 122 149 174 186 201 282 291 295 305 322 342 352 36 360 362 363 407 415 487 505 570 614 661 712 720 74 743 771 817 924 94 941 955 961 975
105 107 109 133 143 153 171 189 204 232 243 301 308 314 372 382 500 559 583 59 615 631 662 7 715 716 740 753 756 76 775 796 857 875 913 928 945 964
120 143 144 240 279 293 340 380 397 400 453 520 567 589 649 673 711 725 797 822 849 86 860 890
106 123 153 166 219 27 294 358 380 388 419 448 452 468 469 477 483 577 606 680 718 737 748 779 796 822 828 830 845 859 925 935 937 947 952 954 983
105 136 138 20 201 212 232 261 270 318 340 361 39 392 407 49 519 607 609 621 630 654 686 689 696 706 718 762 847 909 919 951 997
215 222 328 396 415 64 655 681 778 904
137 201 226 307 329 340 418 432 444 463 476 478 516 542 625 647 650 667 668 794 795 809 835 910 925 981 997
165 189 232 239 340 371 384 434 448 457 505 529 560 605 67 726 801 847 888
10 121 122 161 18 184 186 236 243 245 307 34 407 415 441 449 451 491 522 551 554 564 60 62 687 703 740 76 795 796 807 822 827 83 882 890 905 923 925 932 939 982
134 159 216 29 363 400 438 439 441 442 443 451 459 512 537 538 55 583 603 633 645 648 662 691 763 777 784 791 836 841 847 895 912 925 947 962 989 99 991
127 179 209 212 41 450 466 505 562 583 63 652 654 679 76 805 85 890 916 93 983 995
211 241 250 457 53 535 624 87 984 991
1000 103 119 135 16 164 192 243 304 342 346 356 403 409 427 428 43 448 516 545 577 597 6 650 654 708 71 730 740 779 839 867 878 883 886 9 923 936 958 966 967 986 990 993 996 997
108 146 170 191 363 415 492 497 520 557 565 615 653 708 724 787 88 890 902 989 997
140 147 21 225 292 360 363 372 416 5 651 684 705 826 838 923 95 995
126 144 148 189 208 327 356 385 393 400 598 66 666 804 82 854 867 983
143 168 19 243 297 316 325 502 559 567 631 642 657
119 143 210 227 312 342 400 421 499 573 596 73 766 817 89
118 12 126 128 164 170 173 232 249 272 278 280 292 298 307 337 352 367 429 516 523 558 577 58 615 634 641 654 663 805 839 847 858 859 868 933 952 957
105 115 126 186 201 202 224 320 356 374 40 465 552 567 611 654 708 718 745 759 778 779 796 822 833 851 952
122 152 155 181 194 294 306 406 424 432 441 461 551 559 56 585 586 625 665 710 718 745 781 798 842 865 867 904 923 929 984 993
143 164 215 238 3 353 358 379 579 591 682
114 286 338 356 358 441 451 468 572 599 635 722 741 824
207 232 283 287 317 345 349 46 505 539 54 546 559 601 620 626 662 708 827 856 867 904 989 997
131 212 221 262 299 307 334 432 457 468 481 495 496 505 509 551 567 618 662 697 817 847 848 867 871 903 904 920 945 947 972 981 997
100 116 119 150 153 157 174 201 213 222 24 26 269 285 290 340 352 376 379 380 407 441 467 497 527 533 551 556 577 583 595 604 621 632 662 74 752 769 77 812 814 821 889 925 964 971 994
112 117 126 157 189 214 253 257 264 289 30 332 348 372 399 432 446 506 615 692 701 74 790 799 80 805 808 876 945 995
105 111 151 173 196 222 224 314 342 360 363 402 407 436 455 464 486 494 497 543 566 567 623 625 638 662 73 776 778 822 825 839 867 870 906 908 921 943 960 98 981 984 989
144 160 212 244 340 372 408 462 541 587 600 608 621 73 733 735 738 793 8 803 811 834 880 885 981 989
122 190 209 211 432 485 497 514 516 520 590 658 659 714 721 772 874 92 981
110 113 157 215 218 237 263 288 313 323 336 381 430 457 482 500 524 567 629 646 65 765 786 795 855 894 926 934 993
