113 115 147 160 168 230 237 265 275 304 306 342 349 363 463 480 492 500 542 658 67 676 692 705 710 750 759 818 824 851 86 918 95 977 982 992 
105 243 322 343 350 384 423 457 481 517 626 632 64 70 727 732 776 857 863 868 905 913 975 987
10 107 127 146 238 265 27 295 318 359 374 432 483 559 565 567 596 613 63 639 661 665 673 725 975
108 126 185 213 278 341 390 405 435 463 496 544 563 685 686 695 852
238 265 409 555 661 776 781 824 832 87 915 996
11 113 121 13 167 177 18 182 195 199 203 22 233 265 282 302 309 340 343 367 406 439 44 471 516 520 522 573 636 648 749 759 799 81 810 815 82 826 835 894 910 919 920 922 925 939 967
113 131 158 165 181 192 233 258 26 272 28 318 340 39 405 436 447 449 536 631 661 672 680 681 730 738 745 771 775 784 800 824 826 847 87 872 915 927 944 951 955 964 965 972 997 998
120 195 238 243 253 265 279 290 318 321 556 679 800
120 195 239 338 339 406 411 415 522 541 609 674 717 740 800 848 867 87 874 918
17 172 213 233 402 592 594 720 75 761 800 853 884
114 142 169 183 206 208 258 337 343 406 447 50 511 52 548 558 58 599 645 716 754 780 803 804 823 83 884 902 942 956
1000 129 136 137 149 160 19 203 237 278 298 376 400 406 411 433 441 463 465 502 522 558 565 568 594 599 624 647 665 68 692 699 783 784 795 800 824 826 857 878 904 914 915 973 976 989
122 193 223 316 475 536 54 599 617 698 738 770 93
115 125 128 156 175 185 203 21 217 226 238 25 255 286 295 300 318 320 36 405 413 434 507 512 522 538 561 562 565 572 6 62 655 662 684 705 728 730 74 821 826 896 927 933
11 110 113 120 143 16 195 203 206 227 233 278 291 298 306 31 443 452 458 461 468 487 540 584 626 657 664 665 682 70 737 759 767 774 784 807 826 833 859 88 890 915 931 933 941 980
102 11 237 253 298 375 416 507 599 682 70 719 736 83 843
111 238 240 26 278 296 298 343 378 531 57 641 675 845 863 96 987
120 160 193 198 203 226 245 258 26 263 285 293 297 298 301 343 38 418 477 514 526 528 548 583 591 597 600 637 666 681 714 716 760 773 776 805 81 823 83 854 863 87 910 915 949 955 978 999
107 117 183 193 200 202 213 244 285 291 317 336 352 40 454 507 523 548 582 661 710 730 788 828 834 881 889 891 910 950 958
120 206 226 253 26 351 373 407 646 692 768 776 801 907 908 912 933 965
11 155 160 183 184 185 206 219 221 278 298 327 386 411 466 472 504 536 599 605 61 615 619 638 682 692 705 730 793 802 829 83 879 884 918 927 935 975 978 984 995
130 202 226 23 285 291 293 334 346 386 447 516 548 599 622 67 739 759 822 83 87 883 947 963 965 975
160 213 247 25 295 30 300 343 348 370 397 427 429 522 627 730 797 892 933
174 218 278 300 303 379 410 422 501 642 853 952
103 107 113 119 160 185 203 206 246 259 268 280 3 385 393 421 490 505 517 529 534 543 548 586 665 70 762 776 826 862 88 886 910 918 927 990
160 180 185 196 202 213 234 266 368 447 467 496 503 537 554 578 609 620 67 705 735 738 84 850 88 899 910 915 918 929 933 939 955 966 981 987 990 996
104 107 195 237 238 249 253 406 540 611 631 70 705 716 718 759 769 990
106 145 183 225 233 243 25 262 265 278 306 325 380 405 451 46 513 540 547 598 599 612 651 656 677 692 696 701 744 748 750 844 860 88 961 978 990
107 11 115 124 193 202 233 237 25 258 293 323 386 387 403 405 447 516 520 521 540 574 579 634 643 661 753 776 787 794 800 952 965
15 183 253 285 318 333 372 458 525 716
115 140 179 185 187 202 250 253 258 32 45 491 506 546 558 564 565 594 631 667 692 710 759 936 939 952 996
11 213 269 399 482 496 517 557 565 571 609 694 703 741 778 839 91 978 990
118 12 248 254 26 293 300 389 450 456 494 499 5 507 585 594 631 663 7 72 734 750 784 79 809 812 823 855 880 885 893 915 928 930 939 94 952 954 955 970 974 994
109 138 153 157 207 226 25 252 289 312 381 386 458 463 510 522 558 587 589 614 618 640 66 678 681 691 707 733 776 806 817 853 857 952 955 965 971 987 991
162 195 206 226 288 299 300 332 335 41 463 48 577 653 730 750 838 884 898 978 987 996
154 295 300 307 357 411 459 496 786 824
115 120 220 25 261 284 285 287 295 308 361 364 398 42 445 455 516 549 580 59 60 602 626 631 681 683 705 710 724 731 738 756 763 811 813 840 857 863 876 906 909 918 99 990 993 996
160 243 26 298 33 35 366 437 599 659 67 710 726 738 752 772 80 824 87 88 9
164 233 237 265 306 310 331 396 405 411 473 520 548 608 73 738 747 78
139 193 253 283 406 411 463 516 536 565 623 630 716 784 823 836 917 996
107 150 224 232 353 444 558 626 665 670 750 819 927
202 243 281 328 377 414 458 518 603 661 668 67 682 796 800
107 113 183 190 203 206 226 242 291 293 340 360 386 391 405 43 447 453 458 496 519 520 628 644 661 682 687 730 765 824 853 861 895 903 911 927 934 962
1 133 161 195 203 206 214 238 469 497 520 539 548 560 665 814 823 826 842 853 863 87 871 887 910 923 932
120 20 202 204 270 318 324 340 395 411 417 464 485 553 558 56 565 575 594 609 689 697 70 722 738 750 779 784 792 864 965 983
123 170 258 264 431 522 649 671 681 975 978
14 186 231 386 404 626 681 716 777 782 790 798 857 955
112 151 215 235 267 276 278 419 428 496 517 712 800 816 823 85 865 882 937 939 940 952 957 959
11 115 134 233 238 24 25 257 26 274 306 340 405 540 565 570 594 607 681 692 709 716 746 750 823 849 863 877 897 955 97 979 996
141 183 185 188 205 241 291 306 313 345 347 401 430 447 47 493 498 517 550 566 581 588 601 609 631 682 692 70 705 71 751 8 81 820 83 837 863 884 916 918 924 953 955 960 968 98 986
115 159 194 209 229 236 237 251 258 291 293 319 382 406 446 516 520 522 536 540 606 609 69 750 81 866 90 943 948 990
107 148 183 185 191 193 202 222 226 273 285 29 293 355 383 474 486 51 515 516 616 626 631 665 67 681 690 700 738 81 824 825 83 853 884 901 939 965 975 978 985 987 988
116 295 298 318 362 365 386 440 484 495 507 517 536 609 626 629 688 721 853 87 88 89 900 910 933 987
193 195 210 243 292 306 311 392 507 53 595 652 67 723 808 857 88 915 921
135 178 216 253 285 291 293 294 315 369 388 576 593 625 626 669 682 708 710 716 757 791 81 853 92 933 938 946 952
100 11 193 291 295 326 424 508 590 654 682 755 785 789 870 910
166 265 340 358 489 517 540 635 660 710 76 863 875 888 933
101 152 163 189 212 213 237 243 300 314 318 343 438 460 462 476 520 545 665 706 715 743 784 846 856 918 926 969 987 996
173 2 260 354 4 478 527 558 742 857 869 927 965
176 228 26 271 300 343 447 458 463 524 569 710 831 939 978
132 171 201 256 329 37 386 420 507 594 631 633 650 67 693 70 702 713 759 764 784 858 945
340 426 470 552 594 661 729 776 81 939
113 120 211 277 295 34 340 411 412 442 448 458 479 49 509 536 758 759 766 77 841 873
113 144 25 258 285 344 488 496 507 520 530 532 558 884 975 990
115 197 213 243 305 306 330 356 371 406 408 458 463 516 517 535 540 55 551 610 621 65 704 705 711 730 823 827 83 830 857 884 927 952 975
394 425 496 533 536 548 604 609 81 826 88
