1	202
1	753
1	846
1	994
2	699
2	744
2	951
2	987
3	792
3	886
3	918
3	944
4	906
4	920
4	934
4	980
5	796
5	947
5	965
5	982
6	226
6	785
6	814
6	908
7	693
7	814
7	908
7	987
8	901
8	961
8	962
8	969
9	838
9	949
9	950
9	999
10	763
10	899
10	933
10	977
11	312
11	699
11	744
11	833
12	913
12	915
12	948
12	989
13	561
13	711
13	984
13	992
14	410
14	457
14	472
14	545
15	511
15	594
15	723
15	853
16	389
16	928
16	930
16	933
17	268
17	393
17	503
17	786
18	148
18	551
18	580
18	779
19	73
19	799
19	868
19	943
20	594
20	721
20	853
20	986
21	733
21	754
21	830
21	833
22	872
22	919
22	920
22	934
23	677
23	873
23	969
23	977
24	971
24	981
24	990
24	998
25	891
25	961
25	962
25	969
26	899
26	915
26	948
26	989
27	953
27	970
27	972
27	975
28	858
28	893
28	918
28	944
29	880
29	981
29	990
29	998
30	431
30	616
30	779
30	937
31	976
31	978
31	985
31	993
32	748
32	846
32	863
32	987
33	492
33	910
33	965
33	982
34	857
34	919
34	975
34	980
35	851
35	905
35	929
35	936
36	686
36	896
36	904
36	949
37	883
37	917
37	921
37	940
38	690
38	818
38	949
38	950
39	834
39	946
39	948
39	993
40	110
40	508
40	794
40	930
41	876
41	956
41	968
41	983
42	506
42	693
42	814
42	908
43	210
43	754
43	925
43	988
44	500
44	816
44	948
44	989
45	381
45	481
45	720
45	941
46	363
46	383
46	470
46	640
47	290
47	662
47	930
47	933
48	693
48	785
48	814
48	908
49	788
49	826
49	927
49	977
50	630
50	688
50	766
50	992
51	397
51	630
51	766
51	992
52	708
52	928
52	980
52	997
53	650
53	783
53	858
53	944
54	732
54	757
54	768
54	846
55	815
55	887
55	930
55	933
56	484
56	720
56	896
56	999
57	543
57	550
57	610
57	677
58	222
58	436
58	879
58	944
59	458
59	504
59	798
59	875
60	876
60	956
60	968
60	983
61	890
61	956
61	968
61	983
62	820
62	956
62	968
62	983
63	660
63	857
63	919
63	980
64	518
64	538
64	747
64	803
65	789
65	939
65	954
66	437
66	520
66	531
66	688
67	818
67	904
67	949
67	950
68	729
68	908
68	967
68	988
69	761
69	979
69	991
69	994
70	730
70	913
70	948
70	989
71	251
71	920
71	934
71	980
72	605
72	748
72	764
72	822
73	19
73	680
73	799
73	868
74	588
74	800
74	844
74	873
75	971
75	974
75	990
75	998
76	626
76	979
76	991
76	994
77	953
77	970
77	972
77	975
78	116
78	405
78	801
78	987
79	757
79	970
79	972
79	975
80	426
80	672
80	887
80	933
81	417
81	579
81	880
81	923
82	890
82	956
82	968
82	983
83	807
83	880
83	923
83	928
84	955
84	968
84	973
84	987
85	612
85	800
85	844
85	873
86	714
86	955
86	967
86	973
87	588
87	800
87	844
87	873
88	794
88	887
88	933
88	1000
89	410
89	470
89	640
89	975
90	231
90	359
90	371
90	405
91	786
91	863
91	952
91	988
92	942
92	967
92	973
92	987
93	288
93	961
93	962
93	969
94	753
94	757
94	768
94	846
95	593
95	715
95	934
95	980
96	103
96	250
96	591
96	762
97	778
97	805
97	849
97	884
98	574
98	905
98	925
98	936
99	935
99	945
99	952
99	988
100	976
100	978
100	985
100	993
101	901
101	961
101	962
101	969
102	974
102	981
102	990
102	998
103	96
103	132
103	520
103	773
104	855
104	906
104	939
104	954
105	690
105	904
105	949
105	999
106	509
106	605
106	710
106	764
107	838
107	949
107	950
107	999
108	401
108	748
108	776
108	801
109	882
109	979
109	991
109	994
110	40
110	978
110	985
110	993
111	671
111	819
111	834
111	859
112	514
112	974
112	990
112	998
113	568
113	655
113	819
113	859
114	614
114	733
114	830
114	833
115	654
115	970
115	972
115	975
116	78
116	231
116	371
116	405
117	758
117	947
117	965
117	982
118	176
118	564
118	642
118	773
119	483
119	995
119	996
119	997
120	625
120	974
120	981
120	998
121	273
121	912
121	925
121	929
122	503
122	690
122	904
122	949
123	172
123	283
123	293
123	375
124	644
124	651
124	698
124	786
125	894
125	912
125	921
125	991
126	466
126	749
126	904
126	949
127	809
127	906
127	939
127	954
128	599
128	649
128	834
128	859
129	885
129	995
129	996
129	997
130	673
130	806
130	852
130	931
131	154
131	697
131	858
131	893
132	103
132	955
132	967
132	973
133	847
133	894
133	902
133	942
134	247
134	598
134	673
134	776
135	903
135	935
135	952
135	988
136	855
136	906
136	939
136	954
137	612
137	800
137	844
137	873
138	881
138	941
138	972
138	988
138	992
139	792
139	851
139	924
139	929
140	245
140	947
140	965
140	982
141	399
141	581
141	591
141	773
142	402
142	694
142	753
142	757
143	976
143	978
143	985
143	993
144	976
144	978
144	985
144	993
145	310
145	970
145	972
145	975
146	302
146	979
146	991
146	994
147	285
147	649
147	853
147	908
148	18
148	233
148	455
148	779
149	891
149	961
149	962
149	969
150	691
150	894
150	902
150	907
151	617
151	942
151	955
151	987
152	292
152	815
152	930
152	933
153	262
153	649
153	819
153	859
154	131
154	946
154	954
154	987
154	991
155	744
155	978
155	985
155	993
156	270
156	850
156	924
156	929
157	180
157	357
157	934
157	980
158	904
158	941
158	949
158	950
159	952
159	955
159	973
159	987
160	976
160	978
160	985
160	993
161	487
161	878
161	942
161	977
162	710
162	941
162	954
162	987
162	994
163	514
163	844
163	873
163	989
164	840
164	886
164	922
164	944
165	413
165	590
165	604
165	941
166	827
166	979
166	991
166	994
167	891
167	961
167	962
167	969
168	518
168	538
168	803
168	862
169	672
169	807
169	923
169	928
170	358
170	809
170	939
170	954
171	282
171	464
171	699
171	951
172	123
172	181
172	293
172	375
173	953
173	970
173	972
173	975
174	883
174	917
174	921
174	940
175	181
175	680
175	853
175	949
176	118
176	445
176	616
176	642
177	502
177	600
177	604
177	941
178	350
178	932
178	945
178	988
179	365
179	579
179	880
179	928
180	157
180	919
180	920
180	980
181	172
181	175
181	228
181	295
182	971
182	981
182	990
182	998
183	397
183	630
183	766
183	992
184	628
184	715
184	934
184	980
185	357
185	919
185	934
185	980
186	548
186	724
186	983
186	989
187	674
187	695
187	723
187	853
188	954
188	995
188	996
188	997
189	649
189	903
189	932
189	945
190	940
190	942
190	967
190	987
191	778
191	780
191	849
191	884
192	793
192	838
192	975
192	990
193	955
193	967
193	973
193	987
194	657
194	942
194	955
194	987
195	901
195	961
195	962
195	969
196	637
196	945
196	983
196	993
197	903
197	932
197	961
197	988
198	448
198	995
198	996
198	997
199	976
199	978
199	985
199	993
200	263
200	956
200	968
200	983
201	955
201	967
201	973
201	987
202	1
202	456
202	753
202	757
203	712
203	896
203	952
203	988
204	433
204	677
204	786
204	853
204	969
205	467
205	873
205	875
205	994
206	246
206	256
206	538
206	803
207	247
207	852
207	899
207	923
208	780
208	805
208	849
208	884
209	501
209	525
209	636
209	825
210	43
210	981
210	990
210	998
211	880
211	923
211	928
211	964
212	348
212	733
212	830
212	833
213	584
213	704
213	745
213	950
214	953
214	970
214	972
214	975
215	971
215	974
215	981
215	998
216	715
216	979
216	991
216	994
217	807
217	923
217	928
217	997
218	540
218	898
218	948
218	989
219	952
219	981
219	990
219	998
220	953
220	970
220	972
220	975
221	507
221	956
221	968
221	983
222	58
222	283
222	434
222	852
223	611
223	837
223	968
223	983
224	417
224	812
224	830
224	861
225	307
225	835
225	867
225	989
226	6
226	684
226	814
226	908
227	668
227	806
227	925
227	931
228	181
228	293
228	295
228	836
229	861
229	868
229	875
229	980
230	966
230	976
230	978
230	985
230	993
231	90
231	116
231	286
231	466
231	654
232	938
232	953
232	970
232	972
232	975
233	148
233	394
233	431
233	779
233	907
234	403
234	436
234	517
234	668
234	673
235	509
235	605
235	710
235	764
235	822
236	836
236	912
236	925
236	936
236	974
237	565
237	641
237	877
237	900
237	946
238	419
238	686
238	749
238	896
238	950
239	591
239	614
239	754
239	830
239	833
240	381
240	572
240	687
240	854
240	941
241	760
241	903
241	935
241	945
241	952
242	493
242	509
242	710
242	764
242	822
243	726
243	955
243	967
243	973
243	987
244	627
244	684
244	785
244	814
244	908
245	140
245	903
245	935
245	945
245	988
246	206
246	253
246	342
246	538
246	803
247	134
247	207
247	403
247	643
247	960
248	514
248	612
248	638
248	844
248	873
249	796
249	878
249	927
249	977
249	999
250	96
250	399
250	688
250	762
250	773
251	71
251	857
251	920
251	934
251	980
252	719
252	947
252	962
252	965
252	982
253	246
253	855
253	906
253	939
253	954
254	717
254	791
254	923
254	928
254	964
255	415
255	855
255	906
255	939
255	954
256	206
256	342
256	518
256	803
256	862
257	713
257	730
257	948
257	986
257	989
258	456
258	953
258	970
258	972
258	975
259	700
259	780
259	805
259	849
259	884
260	891
260	901
260	961
260	962
260	969
261	458
261	504
261	571
261	793
261	875
262	153
262	775
262	834
262	931
262	1000
263	200
263	855
263	906
263	939
263	954
264	775
264	819
264	834
264	859
264	949
265	809
265	855
265	906
265	939
265	954
266	713
266	867
266	871
266	986
266	989
267	959
267	974
267	981
267	990
267	998
268	17
268	483
268	644
268	698
268	786
269	705
269	771
269	821
269	922
269	944
270	156
270	905
270	916
270	924
270	925
271	792
271	865
271	886
271	898
271	922
272	841
272	939
272	977
272	989
272	993
273	121
273	501
273	619
273	825
273	862
274	763
274	878
274	901
274	927
274	977
275	971
275	974
275	980
275	981
275	998
276	478
276	668
276	673
276	736
276	931
277	371
277	639
277	884
277	900
277	946
278	791
278	807
278	864
278	923
278	928
279	495
279	793
279	847
279	864
279	874
280	942
280	955
280	967
280	973
280	987
281	880
281	947
281	954
281	980
281	994
282	171
282	464
282	731
282	744
282	951
283	123
283	222
283	293
283	295
283	852
284	457
284	706
284	770
284	822
284	915
285	147
285	752
285	818
285	945
285	950
286	231
286	371
286	405
286	801
286	887
287	749
287	904
287	949
287	950
287	999
288	93
288	883
288	917
288	921
288	940
289	824
289	917
289	979
289	991
289	994
290	47
290	485
290	815
290	887
290	933
291	836
291	912
291	924
291	925
291	936
292	152
292	535
292	882
292	991
292	994
293	123
293	172
293	228
293	283
293	375
294	845
294	883
294	917
294	921
294	940
295	181
295	228
295	283
295	375
295	852
296	299
296	728
296	774
296	812
296	861
297	971
297	974
297	981
297	990
297	998
298	645
298	885
298	995
298	996
298	997
299	296
299	728
299	774
299	812
299	861
300	832
300	872
300	916
300	920
300	980
301	466
301	749
301	949
301	964
301	973
302	146
302	435
302	979
302	991
302	994
303	571
303	700
303	703
303	793
303	875
304	971
304	974
304	981
304	990
304	998
305	354
305	568
305	995
305	996
305	997
306	456
306	647
306	753
306	768
306	846
307	225
307	637
307	915
307	948
307	989
308	766
308	940
308	963
308	977
308	980
309	971
309	974
309	981
309	990
309	998
310	145
310	717
310	791
310	923
310	928
311	681
311	881
311	995
311	996
311	997
312	11
312	349
312	699
312	748
312	772
313	510
313	833
313	844
313	941
313	982
314	534
314	572
314	604
314	794
314	941
315	717
315	807
315	848
315	923
315	928
316	664
316	791
316	880
316	923
316	928
317	402
317	757
317	768
317	846
317	994
318	638
318	815
318	887
318	930
318	933
319	831
319	947
319	965
319	982
319	997
320	938
320	953
320	970
320	972
320	975
321	673
321	806
321	846
321	902
321	997
322	772
322	792
322	886
322	918
322	944
323	382
323	630
323	766
323	843
323	992
324	501
324	525
324	619
324	636
324	825
325	856
325	901
325	961
325	962
325	969
326	822
326	848
326	977
326	985
326	988
327	730
327	916
327	961
327	962
327	969
328	961
328	962
328	969
328	992
329	594
329	674
329	721
329	853
329	963
330	808
330	910
330	947
330	965
330	982
331	479
331	679
331	841
331	927
331	977
332	942
332	955
332	967
332	973
332	987
333	648
333	942
333	967
333	973
333	987
334	903
334	932
334	952
334	955
334	988
335	959
335	971
335	981
335	990
335	998
336	606
336	615
336	697
336	858
336	918
337	767
337	895
337	995
337	996
337	997
338	809
338	906
338	912
338	939
338	954
339	374
339	881
339	995
339	996
339	997
340	577
340	932
340	935
340	947
340	988
341	506
341	684
341	785
341	814
341	908
342	246
342	256
342	518
342	803
342	862
343	771
343	781
343	893
343	918
343	946
344	846
344	932
344	945
344	997
344	998
345	635
345	827
345	979
345	991
345	994
346	536
346	763
346	826
346	938
346	977
347	837
347	934
347	956
347	968
347	983
348	212
348	754
348	830
348	926
348	967
349	312
349	699
349	744
349	748
349	951
350	178
350	547
350	932
350	956
350	988
351	845
351	883
351	917
351	921
351	940
352	637
352	652
352	678
352	867
352	989
353	514
353	588
353	800
353	844
353	873
354	305
354	572
354	590
354	854
354	941
355	938
355	953
355	970
355	972
355	975
356	832
356	872
356	942
356	967
356	987
357	157
357	185
357	850
357	920
357	980
358	170
358	855
358	906
358	939
358	954
359	90
359	711
359	975
359	987
359	992
360	767
360	979
360	995
360	996
360	997
361	415
361	739
361	877
361	889
361	946
362	505
362	773
362	774
362	887
362	992
363	46
363	383
363	472
363	545
363	640
364	795
364	932
364	952
364	962
364	988
365	179
365	807
365	880
365	923
365	928
366	573
366	728
366	812
366	861
366	866
367	875
367	954
367	969
367	972
367	975
368	561
368	711
368	868
368	984
368	992
369	696
369	761
369	979
369	991
369	994
370	459
370	686
370	838
370	862
370	896
371	90
371	116
371	277
371	286
371	654
372	453
372	636
372	790
372	825
372	926
373	441
373	798
373	850
373	929
373	936
374	339
374	860
374	995
374	996
374	997
375	123
375	172
375	293
375	295
375	968
376	519
376	539
376	644
376	698
376	786
377	668
377	684
377	731
377	880
377	940
378	949
378	971
378	974
378	990
378	998
379	583
379	703
379	906
379	939
379	954
380	637
380	816
380	913
380	931
380	948
381	45
381	240
381	590
381	854
381	941
382	323
382	630
382	766
382	979
382	992
383	46
383	363
383	472
383	545
383	640
383	885
384	857
384	919
384	920
384	924
384	934
384	980
385	659
385	834
385	853
385	859
385	991
385	993
386	938
386	941
386	953
386	970
386	972
386	975
387	614
387	733
387	754
387	830
387	833
387	926
388	842
388	856
388	891
388	961
388	962
388	969
389	16
389	597
389	683
389	794
389	930
389	933
390	769
390	788
390	826
390	841
390	970
390	977
391	494
391	761
391	802
391	979
391	991
391	994
392	547
392	932
392	935
392	945
392	952
392	988
393	17
393	483
393	519
393	644
393	698
393	786
394	233
394	429
394	445
394	497
394	564
394	779
395	628
395	820
395	876
395	890
395	968
395	983
396	621
396	827
396	882
396	979
396	991
396	994
397	51
397	183
397	630
397	766
397	961
397	992
398	869
398	913
398	931
398	948
398	986
398	989
399	141
399	250
399	688
399	762
399	773
399	920
400	519
400	938
400	953
400	970
400	972
400	975
401	108
401	744
401	748
401	769
401	776
401	848
402	142
402	317
402	753
402	757
402	768
402	846
403	234
403	247
403	408
403	667
403	673
403	738
404	637
404	713
404	730
404	867
404	948
404	989
405	78
405	90
405	116
405	286
405	801
405	976
406	902
406	966
406	976
406	978
406	985
406	993
407	824
407	850
407	912
407	924
407	929
407	936
408	403
408	517
408	643
408	668
408	806
408	852
409	417
409	513
409	573
409	712
409	728
409	861
410	14
410	89
410	470
410	545
410	546
410	640
411	491
411	737
411	847
411	894
411	902
411	914
412	788
412	796
412	841
412	927
412	977
412	999
413	165
413	487
413	534
413	572
413	854
413	941
414	670
414	860
414	895
414	995
414	996
414	997
415	255
415	361
415	646
415	789
415	900
415	946
416	492
416	680
416	777
416	799
416	868
416	943
417	81
417	224
417	409
417	573
417	812
417	861
418	492
418	680
418	777
418	799
418	868
418	924
419	238
419	439
419	896
419	904
419	949
419	950
420	775
420	819
420	834
420	935
420	943
420	1000
421	737
421	761
421	824
421	979
421	991
421	994
422	761
422	802
422	979
422	984
422	991
422	994
423	682
423	742
423	898
423	947
423	965
423	982
424	652
424	867
424	871
424	913
424	986
424	989
425	651
425	823
425	837
425	956
425	968
425	983
426	80
426	480
426	608
426	683
426	815
426	933
427	873
427	956
427	975
427	983
427	991
427	994
428	694
428	942
428	955
428	967
428	973
428	987
429	394
429	431
429	564
429	616
429	776
429	779
430	724
430	875
430	957
430	983
430	991
430	994
431	30
431	233
431	429
431	497
431	580
431	642
432	620
432	877
432	888
432	900
432	926
432	946
433	204
433	938
433	953
433	970
433	972
433	975
434	222
434	845
434	883
434	917
434	921
434	940
435	302
435	868
435	954
435	978
435	987
435	993
436	58
436	234
436	517
436	668
436	899
436	954
437	66
437	520
437	687
437	688
437	762
437	773
438	593
438	872
438	919
438	920
438	934
438	980
439	419
439	871
439	915
439	948
439	986
439	989
440	441
440	717
440	791
440	880
440	923
440	928
441	373
441	440
441	905
441	912
441	925
441	936
442	592
442	621
442	635
442	882
442	991
442	994
443	832
443	942
443	955
443	967
443	973
443	987
444	732
444	753
444	757
444	768
444	846
444	948
445	176
445	394
445	497
445	564
445	779
445	959
446	914
446	938
446	953
446	970
446	972
446	975
447	783
447	792
447	858
447	893
447	922
447	944
448	198
448	695
448	829
448	995
448	996
448	997
449	767
449	795
449	863
449	945
449	952
449	988
450	540
450	836
450	912
450	924
450	929
450	936
451	624
451	942
451	955
451	967
451	973
451	987
452	516
452	893
452	913
452	915
452	948
452	989
453	372
453	501
453	619
453	636
453	810
453	825
454	587
454	627
454	864
454	874
454	902
454	957
455	148
455	497
455	564
455	580
455	779
455	937
456	202
456	258
456	306
456	753
456	757
456	846
457	14
457	284
457	736
457	816
457	871
457	989
458	59
458	261
458	703
458	735
458	875
458	957
459	370
459	959
459	971
459	974
459	990
459	998
460	826
460	867
460	940
460	969
460	989
460	997
461	536
461	746
461	817
461	903
461	952
461	988
462	521
462	587
462	851
462	864
462	902
462	957
463	959
463	971
463	974
463	981
463	990
463	998
464	171
464	282
464	699
464	744
464	748
464	795
465	729
465	819
465	822
465	846
465	859
465	930
466	126
466	231
466	301
466	818
466	943
466	949
467	205
467	938
467	953
467	970
467	972
467	975
468	908
468	915
468	921
468	940
468	972
468	989
469	852
469	966
469	976
469	978
469	985
469	993
470	46
470	89
470	410
470	472
470	545
470	640
471	663
471	783
471	804
471	886
471	918
471	922
472	14
472	363
472	383
472	470
472	545
472	640
473	725
473	879
473	910
473	947
473	965
473	982
474	645
474	778
474	780
474	849
474	884
474	999
475	719
475	736
475	910
475	947
475	965
475	982
476	802
476	827
476	882
476	979
476	991
476	994
477	535
477	850
477	905
477	924
477	929
477	936
478	276
478	699
478	825
478	899
478	995
478	1000
479	331
479	532
479	829
479	995
479	996
479	997
480	426
480	627
480	894
480	902
480	907
480	986
481	45
481	502
481	600
481	601
481	854
481	941
482	526
482	533
482	584
482	664
482	704
482	745
483	119
483	268
483	393
483	539
483	698
483	786
484	56
484	838
484	896
484	904
484	949
484	950
485	290
485	846
485	877
485	905
485	946
485	990
486	836
486	851
486	924
486	929
486	936
486	970
487	161
487	413
487	796
487	841
487	878
487	927
487	977
488	777
488	868
488	911
488	934
488	941
488	980
488	982
489	609
489	726
489	942
489	955
489	967
489	973
489	987
490	673
490	676
490	876
490	956
490	968
490	983
490	992
491	411
491	627
491	847
491	871
491	894
491	907
491	957
492	33
492	416
492	418
492	777
492	799
492	868
492	943
493	242
493	509
493	605
493	701
493	710
493	764
493	822
494	391
494	663
494	781
494	783
494	865
494	922
494	944
495	279
495	543
495	677
495	737
495	812
495	861
495	941
496	876
496	960
496	966
496	976
496	978
496	985
496	993
497	394
497	431
497	445
497	455
497	616
497	642
497	758
498	576
498	674
498	905
498	935
498	936
498	941
498	988
499	565
499	632
499	633
499	877
499	900
499	943
499	946
500	44
500	565
500	739
500	741
500	789
500	900
500	946
501	209
501	273
501	324
501	453
501	525
501	636
501	825
502	177
502	481
502	600
502	601
502	604
502	854
502	941
503	17
503	122
503	690
503	843
503	896
503	949
503	950
504	59
504	261
504	571
504	700
504	703
504	875
504	957
505	362
505	529
505	700
505	907
505	928
505	942
505	987
506	42
506	341
506	684
506	785
506	814
506	848
506	908
507	221
507	574
507	925
507	973
507	978
507	985
507	987
508	40
508	608
508	638
508	672
508	824
508	887
508	930
509	106
509	235
509	242
509	493
509	710
509	764
509	822
510	313
510	811
510	891
510	901
510	961
510	962
510	969
511	15
511	668
511	741
511	806
511	873
511	940
511	946
512	734
512	845
512	883
512	917
512	921
512	940
512	986
513	409
513	573
513	728
513	774
513	812
513	821
513	861
514	112
514	163
514	248
514	353
514	800
514	844
514	873
515	959
515	963
515	971
515	974
515	981
515	990
515	998
516	452
516	702
516	745
516	766
516	931
516	977
516	988
517	234
517	408
517	436
517	668
517	736
517	806
517	931
518	64
518	168
518	256
518	342
518	538
518	803
518	974
519	376
519	393
519	400
519	539
519	644
519	698
519	786
520	66
520	103
520	437
520	544
520	688
520	756
520	773
521	462
521	554
521	611
521	737
521	847
521	902
521	907
522	793
522	830
522	833
522	875
522	942
522	967
522	982
523	911
523	960
523	966
523	976
523	978
523	985
523	993
524	748
524	785
524	908
524	921
524	922
524	940
524	997
525	209
525	324
525	501
525	619
525	810
525	825
525	862
526	482
526	555
526	584
526	664
526	704
526	745
526	951
527	798
527	851
527	905
527	915
527	924
527	929
527	936
528	651
528	820
528	837
528	956
528	968
528	983
528	986
529	505
529	571
529	700
529	703
529	793
529	875
529	957
530	676
530	778
530	780
530	805
530	849
530	884
530	999
531	66
531	581
531	591
531	688
531	762
531	773
531	849
532	479
532	681
532	885
532	895
532	995
532	996
532	997
533	482
533	587
533	611
533	847
533	864
533	894
533	902
534	314
534	413
534	600
534	601
534	604
534	854
534	941
535	292
535	477
535	882
535	916
535	979
535	991
535	994
536	346
536	461
536	702
536	826
536	841
536	927
536	977
537	681
537	881
537	885
537	953
537	995
537	996
537	997
538	64
538	168
538	206
538	246
538	518
538	647
538	803
539	376
539	483
539	519
539	644
539	654
539	698
539	786
540	218
540	450
540	867
540	871
540	913
540	915
540	989
541	560
541	679
541	702
541	796
541	878
541	927
541	977
542	551
542	561
542	584
542	711
542	984
542	992
543	57
543	495
543	550
543	610
543	677
543	687
543	801
544	520
544	762
544	867
544	877
544	908
544	946
544	975
545	14
545	363
545	383
545	410
545	470
545	472
545	640
546	410
546	778
546	780
546	805
546	849
546	884
546	999
547	350
547	392
547	760
547	935
547	945
547	952
547	988
548	186
548	756
548	879
548	898
548	947
548	965
548	982
549	585
549	634
549	724
549	729
549	745
549	931
549	964
550	57
550	543
550	610
550	677
550	996
551	18
551	542
551	561
551	711
551	984
551	992
552	849
552	960
552	966
552	976
552	978
552	985
552	993
553	588
553	612
553	776
553	800
553	844
553	873
553	1000
554	521
554	959
554	971
554	974
554	981
554	990
554	998
555	526
555	664
555	704
555	745
555	792
555	889
555	951
556	595
556	856
556	913
556	916
556	961
556	962
556	969
557	870
557	914
557	938
557	953
557	970
557	972
557	975
558	579
558	734
558	845
558	883
558	917
558	921
558	940
559	742
559	879
559	898
559	910
559	947
559	965
559	982
560	541
560	623
560	743
560	820
560	890
560	931
560	968
560	983
561	13
561	368
561	542
561	551
561	711
561	866
561	984
561	992
562	860
562	959
562	963
562	971
562	974
562	981
562	990
562	998
563	767
563	829
563	860
563	881
563	885
563	995
563	996
563	997
564	118
564	394
564	429
564	445
564	455
564	580
564	642
564	779
565	237
565	499
565	500
565	633
565	739
565	900
565	946
565	956
566	648
566	832
566	913
566	942
566	955
566	967
566	973
566	987
567	576
567	594
567	721
567	723
567	853
567	899
567	951
567	986
568	113
568	305
568	829
568	860
568	895
568	995
568	996
568	997
569	693
569	766
569	768
569	908
569	965
569	969
569	982
569	992
570	586
570	761
570	809
570	855
570	906
570	939
570	954
570	957
571	261
571	303
571	504
571	529
571	700
571	703
571	793
571	875
572	240
572	314
572	354
572	413
572	590
572	601
572	854
572	941
573	366
573	409
573	417
573	513
573	774
573	812
573	861
573	873
574	98
574	507
574	587
574	709
574	737
574	864
574	907
574	951
575	777
575	793
575	847
575	868
575	875
575	948
575	982
575	989
576	498
576	567
576	674
576	721
576	723
576	853
576	899
576	986
577	340
577	782
577	903
577	932
577	935
577	945
577	952
577	988
578	669
578	685
578	850
578	905
578	912
578	924
578	929
578	936
579	81
579	179
579	558
579	791
579	807
579	880
579	923
579	928
580	18
580	431
580	455
580	564
580	616
580	642
580	683
580	779
581	141
581	531
581	591
581	688
581	721
581	736
581	762
581	773
582	900
582	921
582	939
582	940
582	946
582	954
582	959
582	982
583	379
583	586
583	762
583	809
583	855
583	906
583	939
583	954
584	213
584	482
584	526
584	542
584	664
584	731
584	745
584	951
585	549
585	634
585	724
585	729
585	801
585	891
585	931
585	964
586	570
586	583
586	809
586	855
586	906
586	939
586	954
586	957
587	454
587	462
587	533
587	574
587	847
587	864
587	894
587	907
588	74
588	87
588	353
588	553
588	800
588	844
588	873
588	976
589	789
589	920
589	944
589	946
589	980
589	992
589	995
589	997
590	165
590	354
590	381
590	572
590	600
590	601
590	854
590	941
591	96
591	141
591	239
591	531
591	581
591	688
591	762
591	773
592	442
592	635
592	735
592	897
592	979
592	991
592	994
592	1000
593	95
593	438
593	839
593	857
593	872
593	920
593	934
593	980
594	15
594	20
594	329
594	567
594	674
594	721
594	853
594	986
595	556
595	842
595	856
595	870
595	901
595	961
595	962
595	969
596	685
596	718
596	811
596	912
596	924
596	925
596	929
596	936
597	389
597	638
597	683
597	794
597	887
597	930
597	933
597	979
598	134
598	638
598	794
598	815
598	887
598	892
598	930
598	933
599	128
599	655
599	671
599	775
599	819
599	834
599	859
599	1000
600	177
600	481
600	502
600	534
600	590
600	813
600	854
600	941
601	481
601	502
601	534
601	572
601	590
601	798
601	854
601	941
602	682
602	879
602	890
602	898
602	910
602	947
602	965
602	982
603	911
603	960
603	966
603	976
603	978
603	983
603	985
603	993
604	165
604	177
604	314
604	502
604	534
604	854
604	941
604	972
605	72
605	106
605	235
605	493
605	649
605	710
605	764
605	822
606	336
606	747
606	781
606	840
606	845
606	886
606	918
606	944
607	613
607	725
607	860
607	885
607	895
607	995
607	996
607	997
608	426
608	508
608	672
608	683
608	794
608	887
608	930
608	933
609	489
609	803
609	923
609	927
609	928
609	977
609	985
609	993
610	57
610	543
610	550
610	677
610	801
610	870
611	223
611	521
611	533
611	737
611	864
611	894
611	907
611	986
612	85
612	137
612	248
612	553
612	685
612	800
612	844
612	873
613	607
613	648
613	695
613	881
613	895
613	995
613	996
613	997
614	114
614	239
614	387
614	733
614	754
614	830
614	833
614	888
615	336
615	697
615	739
615	840
615	893
615	918
615	922
615	944
616	30
616	176
616	429
616	497
616	580
616	642
616	765
616	779
617	151
617	832
617	942
617	955
617	958
617	967
617	973
617	987
618	690
618	959
618	963
618	971
618	974
618	981
618	990
618	998
619	273
619	324
619	453
619	525
619	825
619	886
619	926
619	974
620	432
620	646
620	741
620	789
620	877
620	900
620	926
620	946
621	396
621	442
621	827
621	882
621	979
621	984
621	991
621	994
622	629
622	708
622	795
622	817
622	863
622	932
622	935
622	945
622	952
623	560
623	803
623	823
623	837
623	890
623	956
623	968
623	983
623	992
624	451
624	738
624	918
624	942
624	955
624	967
624	973
624	984
624	987
625	120
625	708
625	784
625	817
625	863
625	932
625	945
625	952
625	988
626	76
626	735
626	761
626	882
626	894
626	979
626	991
626	994
626	1000
627	244
627	454
627	480
627	491
627	847
627	864
627	894
627	907
627	951
628	184
628	395
628	857
628	872
628	919
628	920
628	934
628	980
628	992
629	622
629	760
629	795
629	831
629	903
629	935
629	945
629	952
629	988
630	50
630	51
630	183
630	323
630	382
630	397
630	766
630	906
630	992
631	754
631	833
631	952
631	973
631	977
631	985
631	987
631	988
631	993
632	499
632	646
632	739
632	755
632	789
632	855
632	877
632	900
632	946
633	499
633	565
633	741
633	755
633	787
633	789
633	889
633	900
633	946
634	549
634	585
634	691
634	724
634	729
634	734
634	843
634	931
634	964
635	345
635	442
635	592
635	824
635	882
635	978
635	979
635	991
635	994
636	209
636	324
636	372
636	453
636	501
636	825
636	829
636	862
636	926
637	196
637	307
637	352
637	380
637	404
637	678
637	835
637	948
637	989
638	248
638	318
638	508
638	597
638	598
638	794
638	887
638	930
638	933
639	277
639	738
639	764
639	857
639	872
639	919
639	920
639	934
639	980
640	46
640	89
640	363
640	383
640	410
640	470
640	472
640	545
640	993
641	237
641	897
641	911
641	960
641	966
641	976
641	978
641	985
641	993
642	118
642	176
642	431
642	497
642	564
642	580
642	616
642	779
642	889
643	247
643	408
643	668
643	673
643	736
643	738
643	776
643	806
643	950
644	124
644	268
644	376
644	393
644	519
644	539
644	654
644	698
644	786
645	298
645	474
645	670
645	860
645	881
645	885
645	995
645	996
645	997
646	415
646	620
646	632
646	741
646	866
646	877
646	900
646	926
646	946
647	306
647	538
647	803
647	815
647	930
647	939
647	954
647	990
647	998
648	333
648	566
648	613
648	832
648	942
648	967
648	973
648	984
648	987
649	128
649	147
649	153
649	189
649	605
649	775
649	819
649	859
649	1000
650	53
650	781
650	840
650	858
650	886
650	893
650	922
650	944
650	975
651	124
651	425
651	528
651	823
651	876
651	890
651	956
651	968
651	983
652	352
652	424
652	679
652	738
652	835
652	871
652	913
652	948
652	989
653	734
653	740
653	845
653	883
653	917
653	921
653	940
653	986
654	115
654	231
654	371
654	539
654	644
654	710
654	822
654	872
654	919
655	113
655	599
655	671
655	775
655	819
655	834
655	859
655	986
655	1000
656	723
656	772
656	893
656	985
656	990
656	993
656	995
656	997
656	998
657	194
657	661
657	726
657	813
657	832
657	955
657	967
657	973
657	987
658	781
658	828
658	870
658	914
658	938
658	953
658	970
658	972
658	975
659	385
659	719
659	758
659	879
659	898
659	910
659	947
659	965
659	982
660	63
660	857
660	872
660	919
660	920
660	934
660	951
660	980
660	992
661	657
661	711
661	735
661	838
661	950
661	973
661	992
661	995
661	997
662	47
662	672
662	726
662	732
662	794
662	815
662	887
662	930
662	933
663	471
663	494
663	689
663	747
663	771
663	781
663	821
663	858
663	865
664	316
664	482
664	526
664	555
664	584
664	704
664	745
664	889
664	951
665	897
665	911
665	960
665	966
665	968
665	976
665	978
665	985
665	993
666	725
666	808
666	831
666	879
666	898
666	910
666	965
666	967
666	982
667	403
667	958
667	959
667	963
667	971
667	974
667	981
667	990
667	998
668	227
668	234
668	276
668	377
668	408
668	436
668	511
668	517
668	643
668	806
669	578
669	753
669	798
669	836
669	851
669	912
669	924
669	925
669	929
669	936
670	414
670	645
670	881
670	885
670	895
670	951
670	991
670	995
670	996
670	997
671	111
671	599
671	655
671	689
671	775
671	788
671	819
671	859
671	943
671	1000
672	80
672	169
672	508
672	608
672	662
672	794
672	839
672	887
672	930
672	933
673	130
673	134
673	234
673	276
673	321
673	403
673	490
673	643
673	806
673	931
674	187
674	329
674	498
674	576
674	594
674	721
674	723
674	840
674	853
674	986
675	696
675	802
675	824
675	827
675	882
675	974
675	979
675	991
675	994
675	1000
676	490
676	530
676	727
676	743
676	837
676	876
676	890
676	956
676	968
676	983
677	23
677	57
677	204
677	495
677	543
677	550
677	610
677	687
677	801
677	980
678	352
678	637
678	713
678	730
678	770
678	871
678	915
678	948
678	984
678	989
679	331
679	541
679	652
679	834
679	854
679	904
679	941
679	950
679	977
679	1000
680	73
680	175
680	416
680	418
680	777
680	799
680	848
680	862
680	868
680	955
681	311
681	532
681	537
681	778
681	829
681	881
681	895
681	995
681	996
681	997
682	423
682	602
682	707
682	719
682	808
682	898
682	910
682	920
682	965
682	982
683	389
683	426
683	580
683	597
683	608
683	794
683	815
683	887
683	930
683	933
684	226
684	244
684	341
684	377
684	506
684	693
684	785
684	814
684	908
684	996
685	578
685	596
685	612
685	718
685	836
685	850
685	851
685	912
685	925
685	936
686	36
686	238
686	370
686	752
686	812
686	838
686	896
686	904
686	949
686	950
687	240
687	437
687	543
687	677
687	773
687	922
687	956
687	972
687	975
687	983
688	50
688	66
688	250
688	399
688	437
688	520
688	531
688	581
688	591
688	762
689	663
689	671
689	834
689	934
689	939
689	954
689	979
689	980
689	994
689	1000
690	38
690	105
690	122
690	503
690	618
690	749
690	818
690	949
690	950
690	964
691	150
691	634
691	729
691	818
691	864
691	887
691	930
691	950
691	964
691	972
692	752
692	764
692	822
692	913
692	915
692	965
692	981
692	982
692	989
692	998
693	7
693	42
693	48
693	569
693	684
693	732
693	785
693	814
693	908
693	989
694	142
694	428
694	726
694	832
694	942
694	955
694	967
694	973
694	984
694	987
695	187
695	448
695	613
695	860
695	881
695	885
695	895
695	995
695	996
695	997
696	369
696	675
696	797
696	802
696	824
696	979
696	984
696	991
696	994
696	1000
697	131
697	336
697	615
697	771
697	772
697	865
697	893
697	910
697	918
697	944
698	124
698	268
698	376
698	393
698	483
698	519
698	539
698	644
698	786
698	939
699	2
699	11
699	171
699	312
699	349
699	464
699	478
699	744
699	748
699	854
700	259
700	303
700	504
700	505
700	529
700	571
700	703
700	793
700	875
700	957
701	493
701	796
701	849
701	884
701	902
701	907
701	927
701	968
701	977
701	983
702	516
702	536
702	541
702	826
702	878
702	927
702	977
702	980
702	984
702	999
703	303
703	379
703	458
703	504
703	529
703	571
703	700
703	793
703	875
703	957
704	213
704	482
704	526
704	555
704	664
704	731
704	745
704	861
704	889
704	951
705	269
705	708
705	712
705	746
705	784
705	932
705	935
705	945
705	952
705	988
706	284
706	835
706	867
706	871
706	913
706	915
706	926
706	948
706	989
706	995
707	682
707	742
707	814
707	831
707	879
707	898
707	910
707	947
707	965
707	982
708	52
708	622
708	625
708	705
708	863
708	903
708	932
708	935
708	945
708	988
709	574
709	737
709	835
709	843
709	847
709	864
709	894
709	902
709	907
709	957
710	106
710	162
710	235
710	242
710	493
710	509
710	605
710	654
710	764
710	822
711	13
711	359
711	368
711	542
711	551
711	561
711	661
711	805
711	866
711	984
711	992
712	203
712	409
712	705
712	746
712	784
712	795
712	903
712	932
712	935
712	952
712	988
713	257
713	266
713	404
713	678
713	730
713	770
713	816
713	867
713	915
713	948
713	991
714	86
714	764
714	822
714	865
714	880
714	922
714	923
714	928
714	959
714	990
714	998
715	95
715	184
715	216
715	839
715	857
715	872
715	919
715	920
715	934
715	980
715	992
716	907
716	909
716	937
716	958
716	959
716	963
716	971
716	974
716	981
716	990
716	998
717	254
717	310
717	315
717	440
717	786
717	791
717	807
717	880
717	923
717	928
717	964
718	596
718	685
718	798
718	850
718	851
718	863
718	905
718	924
718	925
718	929
718	936
719	252
719	475
719	659
719	682
719	801
719	808
719	879
719	898
719	947
719	965
719	982
720	45
720	56
720	752
720	755
720	877
720	941
720	946
720	971
720	981
720	996
720	998
721	20
721	329
721	567
721	576
721	581
721	594
721	674
721	723
721	751
721	853
721	986
722	869
722	888
722	897
722	911
722	960
722	966
722	976
722	978
722	985
722	993
722	999
723	15
723	187
723	567
723	576
723	656
723	674
723	721
723	751
723	853
723	899
723	986
724	186
724	430
724	549
724	585
724	634
724	729
724	759
724	801
724	843
724	931
724	964
725	473
725	607
725	666
725	756
725	808
725	831
725	877
725	910
725	947
725	965
725	982
726	243
726	489
726	657
726	662
726	694
726	832
726	942
726	955
726	967
726	973
726	987
727	676
727	743
727	820
727	823
727	837
727	876
727	931
727	956
727	968
727	983
727	985
728	296
728	299
728	366
728	409
728	513
728	774
728	812
728	861
728	866
728	874
728	932
729	68
729	465
729	549
729	585
729	634
729	691
729	724
729	801
729	843
729	931
729	964
730	70
730	257
730	327
730	404
730	678
730	713
730	835
730	913
730	931
730	948
730	986
731	282
731	377
731	584
731	704
731	745
731	906
731	939
731	954
731	962
731	995
731	997
732	54
732	444
732	662
732	693
732	768
732	785
732	805
732	884
732	908
732	933
732	997
733	21
733	114
733	212
733	387
733	614
733	754
733	810
733	830
733	833
733	926
733	986
734	512
734	558
734	634
734	653
734	740
734	845
734	883
734	917
734	921
734	940
734	986
735	458
735	592
735	626
735	661
735	824
735	827
735	916
735	979
735	991
735	994
735	1000
736	276
736	457
736	475
736	517
736	581
736	643
736	746
736	762
736	913
736	988
736	989
737	411
737	421
737	495
737	521
737	574
737	611
737	709
737	902
737	907
737	951
737	986
738	403
738	624
738	639
738	643
738	652
738	806
738	816
738	842
738	913
738	980
738	987
739	361
739	500
739	565
739	615
739	632
739	755
739	789
739	839
739	900
739	946
739	989
740	653
740	734
740	845
740	883
740	917
740	921
740	938
740	940
740	986
741	500
741	511
741	620
741	633
741	646
741	755
741	789
741	877
741	889
741	900
741	981
742	423
742	559
742	707
742	831
742	879
742	898
742	910
742	947
742	965
742	982
742	985
743	560
743	676
743	727
743	808
743	820
743	823
743	876
743	890
743	956
743	968
743	983
744	2
744	11
744	155
744	282
744	349
744	401
744	464
744	699
744	748
744	848
744	951
745	213
745	482
745	516
745	526
745	549
745	555
745	584
745	664
745	704
745	731
745	889
745	951
746	461
746	705
746	712
746	736
746	795
746	817
746	932
746	935
746	945
746	952
746	971
746	988
747	64
747	606
747	663
747	783
747	792
747	821
747	865
747	886
747	917
747	918
747	922
747	944
748	32
748	72
748	108
748	312
748	349
748	401
748	464
748	524
748	699
748	744
748	776
748	951
749	126
749	238
749	287
749	301
749	690
749	843
749	847
749	866
749	896
749	904
749	949
749	950
750	778
750	780
750	805
750	846
750	849
750	884
750	945
750	999
751	721
751	723
751	853
751	857
751	862
751	919
751	947
751	974
751	980
751	981
751	982
751	990
752	285
752	686
752	692
752	720
752	818
752	838
752	866
752	904
752	949
752	950
752	964
752	973
753	1
753	94
753	142
753	202
753	306
753	402
753	444
753	456
753	669
753	757
753	768
753	846
754	21
754	43
754	239
754	348
754	387
754	614
754	631
754	733
754	830
754	833
754	875
754	926
755	632
755	633
755	720
755	739
755	741
755	789
755	837
755	839
755	877
755	889
755	900
755	946
756	520
756	548
756	725
756	758
756	808
756	831
756	879
756	898
756	910
756	947
756	965
756	982
757	54
757	79
757	94
757	142
757	202
757	317
757	402
757	444
757	456
757	753
757	768
757	846
758	117
758	497
758	659
758	756
758	808
758	831
758	898
758	910
758	944
758	947
758	965
758	982
759	724
759	765
759	787
759	811
759	842
759	856
759	891
759	901
759	961
759	962
759	969
759	1000
760	241
760	547
760	629
760	795
760	817
760	863
760	878
760	899
760	903
760	932
760	935
760	988
761	69
761	369
761	391
761	421
761	422
761	570
761	626
761	905
761	979
761	991
761	994
761	1000
762	96
762	250
762	399
762	437
762	531
762	544
762	581
762	583
762	591
762	688
762	736
762	773
763	10
763	274
763	346
763	769
763	804
763	826
763	841
763	878
763	927
763	964
763	977
763	984
764	72
764	106
764	235
764	242
764	493
764	509
764	605
764	639
764	692
764	710
764	714
764	822
765	616
765	759
765	787
765	842
765	856
765	891
765	901
765	961
765	962
765	969
765	999
765	1000
766	50
766	51
766	183
766	308
766	323
766	382
766	397
766	516
766	569
766	630
766	909
766	992
767	337
767	360
767	449
767	563
767	829
767	860
767	881
767	885
767	895
767	995
767	996
767	997
768	54
768	94
768	306
768	317
768	402
768	444
768	569
768	732
768	753
768	757
768	846
768	953
769	390
769	401
769	763
769	788
769	801
769	810
769	813
769	841
769	878
769	899
769	977
769	999
770	284
770	678
770	713
770	835
770	867
770	871
770	889
770	913
770	915
770	948
770	989
770	990
771	269
771	343
771	663
771	697
771	792
771	840
771	858
771	865
771	886
771	893
771	909
771	944
772	312
772	322
772	656
772	697
772	781
772	792
772	840
772	865
772	886
772	918
772	922
772	944
773	103
773	118
773	141
773	250
773	362
773	399
773	437
773	520
773	531
773	581
773	591
773	687
773	762
774	296
774	299
774	362
774	513
774	573
774	728
774	812
774	843
774	861
774	866
774	874
774	927
774	959
775	262
775	264
775	420
775	599
775	649
775	655
775	671
775	819
775	834
775	859
775	943
775	950
775	1000
776	108
776	134
776	401
776	429
776	553
776	643
776	748
776	806
776	921
776	940
776	955
776	967
776	973
777	416
777	418
777	488
777	492
777	575
777	680
777	790
777	799
777	848
777	862
777	868
777	931
777	943
778	97
778	191
778	474
778	530
778	546
778	681
778	750
778	780
778	805
778	849
778	874
778	884
778	999
779	18
779	30
779	148
779	233
779	394
779	429
779	445
779	455
779	564
779	580
779	616
779	642
779	894
780	191
780	208
780	259
780	474
780	530
780	546
780	750
780	778
780	805
780	830
780	849
780	884
780	999
781	343
781	494
781	606
781	650
781	658
781	663
781	772
781	858
781	865
781	886
781	918
781	922
781	944
782	577
782	909
782	937
782	958
782	959
782	963
782	971
782	974
782	981
782	990
782	998
783	53
783	447
783	471
783	494
783	747
783	815
783	821
783	858
783	886
783	893
783	918
783	922
783	965
784	625
784	705
784	712
784	817
784	852
784	863
784	895
784	897
784	903
784	935
784	945
784	952
784	988
785	6
785	48
785	244
785	341
785	506
785	524
785	684
785	693
785	732
785	814
785	848
785	868
785	908
786	17
786	91
786	124
786	204
786	268
786	376
786	393
786	483
786	519
786	539
786	644
786	698
786	717
787	633
787	759
787	765
787	811
787	838
787	842
787	856
787	891
787	901
787	961
787	962
787	969
787	999
788	49
788	390
788	412
788	671
788	769
788	796
788	826
788	878
788	927
788	964
788	977
788	984
788	999
789	65
789	415
789	500
789	589
789	620
789	632
789	633
789	739
789	741
789	755
789	877
789	900
789	963
790	372
790	777
790	799
790	819
790	823
790	825
790	834
790	859
790	865
790	868
790	890
790	926
790	983
791	254
791	278
791	310
791	316
791	440
791	579
791	717
791	807
791	880
791	923
791	926
791	928
791	964
792	3
792	139
792	271
792	322
792	447
792	555
792	747
792	771
792	772
792	821
792	840
792	886
792	922
793	192
793	261
793	279
793	303
793	522
793	529
793	571
793	575
793	700
793	703
793	875
793	929
793	957
794	40
794	88
794	314
794	389
794	597
794	598
794	608
794	638
794	662
794	672
794	683
794	930
794	933
795	364
795	449
795	464
795	622
795	629
795	712
795	746
795	760
795	863
795	932
795	935
795	952
795	988
796	5
796	249
796	412
796	487
796	541
796	701
796	788
796	826
796	841
796	878
796	927
796	960
796	977
797	696
797	804
797	869
797	888
797	897
797	911
797	960
797	966
797	976
797	978
797	985
797	993
798	59
798	373
798	527
798	601
798	669
798	718
798	836
798	850
798	905
798	912
798	924
798	925
798	929
799	19
799	73
799	416
799	418
799	492
799	680
799	777
799	790
799	848
799	862
799	868
799	943
799	976
800	74
800	85
800	87
800	137
800	353
800	514
800	553
800	588
800	612
800	844
800	873
800	943
800	986
801	78
801	108
801	286
801	405
801	543
801	585
801	610
801	677
801	719
801	724
801	729
801	769
801	951
802	391
802	422
802	476
802	675
802	696
802	824
802	827
802	882
802	951
802	979
802	991
802	994
802	1000
803	64
803	168
803	206
803	246
803	256
803	342
803	518
803	538
803	609
803	623
803	647
803	862
803	995
804	471
804	763
804	797
804	869
804	888
804	897
804	911
804	960
804	966
804	976
804	978
804	985
804	993
805	97
805	208
805	259
805	530
805	546
805	711
805	732
805	750
805	778
805	780
805	849
805	874
805	884
805	999
806	130
806	227
806	321
806	408
806	511
806	517
806	643
806	668
806	673
806	738
806	776
806	852
806	899
806	931
807	83
807	169
807	217
807	278
807	315
807	365
807	579
807	717
807	791
807	880
807	923
807	928
807	964
807	999
808	330
808	666
808	682
808	719
808	725
808	743
808	756
808	758
808	879
808	898
808	910
808	947
808	965
808	982
809	127
809	170
809	265
809	338
809	570
809	583
809	586
809	855
809	906
809	939
809	954
809	957
809	966
809	972
810	453
810	525
810	733
810	769
810	825
810	826
810	830
810	833
810	927
810	977
810	995
810	996
810	997
810	1000
811	510
811	596
811	759
811	787
811	842
811	856
811	885
811	891
811	901
811	961
811	962
811	969
811	999
811	1000
812	224
812	296
812	299
812	366
812	417
812	495
812	513
812	573
812	686
812	728
812	774
812	843
812	861
812	874
813	600
813	657
813	769
813	841
813	854
813	927
813	941
813	956
813	968
813	977
813	979
813	983
813	991
813	994
814	6
814	7
814	42
814	48
814	226
814	244
814	341
814	506
814	684
814	693
814	707
814	785
814	848
814	908
815	55
815	152
815	290
815	318
815	426
815	598
815	647
815	662
815	683
815	783
815	887
815	892
815	930
815	933
816	44
816	380
816	457
816	713
816	738
816	835
816	871
816	889
816	913
816	915
816	948
816	982
816	986
816	989
817	461
817	622
817	625
817	746
817	760
817	784
817	863
817	867
817	903
817	932
817	935
817	945
817	952
817	988
818	38
818	67
818	285
818	466
818	690
818	691
818	752
818	838
818	843
818	896
818	904
818	943
818	950
818	991
818	999
819	111
819	113
819	153
819	264
819	420
819	465
819	599
819	649
819	655
819	671
819	775
819	790
819	859
819	917
819	943
820	62
820	395
820	528
820	560
820	727
820	743
820	823
820	837
820	876
820	890
820	956
820	961
820	968
820	983
820	992
821	269
821	513
821	663
821	747
821	783
821	792
821	822
821	840
821	858
821	865
821	886
821	893
821	918
821	922
821	944
822	72
822	235
822	242
822	284
822	326
822	465
822	493
822	509
822	605
822	654
822	692
822	710
822	714
822	764
822	821
823	425
823	623
823	651
823	727
823	743
823	790
823	820
823	837
823	869
823	876
823	890
823	956
823	968
823	983
823	992
824	289
824	407
824	421
824	508
824	635
824	675
824	696
824	735
824	802
824	827
824	882
824	916
824	979
824	991
824	994
825	209
825	273
825	324
825	372
825	453
825	478
825	501
825	525
825	619
825	636
825	790
825	810
825	862
825	926
825	997
826	49
826	346
826	390
826	460
826	536
826	702
826	763
826	788
826	796
826	810
826	878
826	927
826	964
826	977
826	984
827	166
827	345
827	396
827	476
827	621
827	675
827	735
827	802
827	824
827	853
827	882
827	979
827	984
827	991
827	994
828	658
828	870
828	914
828	938
828	940
828	953
828	970
828	972
828	975
828	1000
829	448
829	479
829	563
829	568
829	636
829	681
829	767
829	860
829	881
829	885
829	895
829	988
829	995
829	996
829	997
830	21
830	114
830	212
830	224
830	239
830	348
830	387
830	522
830	614
830	733
830	754
830	780
830	810
830	833
830	926
831	319
831	629
831	666
831	707
831	725
831	742
831	756
831	758
831	879
831	884
831	898
831	910
831	947
831	965
831	982
832	300
832	356
832	443
832	566
832	617
832	648
832	657
832	694
832	726
832	942
832	955
832	967
832	973
832	984
832	987
833	11
833	21
833	114
833	212
833	239
833	313
833	387
833	522
833	614
833	631
833	733
833	754
833	810
833	830
833	926
834	39
834	111
834	128
834	262
834	264
834	385
834	420
834	599
834	655
834	679
834	689
834	775
834	790
834	943
834	969
834	1000
835	225
835	637
835	652
835	706
835	709
835	730
835	770
835	816
835	871
835	889
835	913
835	915
835	926
835	935
835	986
835	989
836	228
836	236
836	291
836	450
836	486
836	669
836	685
836	798
836	850
836	851
836	905
836	912
836	924
836	925
836	929
836	936
837	223
837	347
837	425
837	528
837	623
837	676
837	727
837	755
837	820
837	823
837	876
837	890
837	956
837	968
837	983
837	992
838	9
838	107
838	192
838	370
838	484
838	661
838	686
838	752
838	787
838	818
838	896
838	904
838	943
838	949
838	950
838	999
839	593
839	672
839	715
839	739
839	755
839	857
839	877
839	883
839	930
839	933
839	946
839	976
839	978
839	985
839	992
839	993
840	164
840	606
840	615
840	650
840	674
840	771
840	772
840	792
840	821
840	858
840	865
840	893
840	918
840	922
840	944
840	992
841	272
841	331
841	390
841	412
841	487
841	536
841	763
841	769
841	796
841	813
841	878
841	899
841	927
841	977
841	984
841	999
842	388
842	595
842	738
842	759
842	765
842	787
842	811
842	856
842	891
842	901
842	961
842	962
842	969
842	980
842	999
842	1000
843	323
843	503
843	634
843	709
843	724
843	729
843	749
843	774
843	812
843	818
843	861
843	894
843	896
843	902
843	907
843	964
844	74
844	85
844	87
844	137
844	163
844	248
844	313
844	353
844	514
844	553
844	588
844	612
844	800
844	873
844	949
845	294
845	351
845	434
845	512
845	558
845	606
845	653
845	734
845	740
845	883
845	899
845	917
845	921
845	940
845	982
845	986
846	1
846	32
846	54
846	94
846	306
846	317
846	321
846	344
846	402
846	444
846	456
846	465
846	485
846	750
846	753
846	757
846	768
847	133
847	279
847	411
847	491
847	521
847	533
847	575
847	587
847	627
847	709
847	749
847	864
847	894
847	902
847	907
847	951
847	986
848	315
848	326
848	401
848	506
848	680
848	744
848	777
848	785
848	799
848	814
848	868
848	895
848	908
848	925
848	995
848	996
848	997
849	97
849	191
849	208
849	259
849	474
849	530
849	531
849	546
849	552
849	701
849	750
849	778
849	780
849	805
849	874
849	884
849	999
850	156
850	357
850	373
850	407
850	477
850	578
850	685
850	718
850	798
850	836
850	851
850	905
850	912
850	924
850	925
850	929
850	936
851	35
851	139
851	462
851	486
851	527
851	669
851	685
851	718
851	836
851	850
851	905
851	912
851	924
851	925
851	929
851	936
851	984
852	130
852	207
852	222
852	283
852	295
852	408
852	469
852	784
852	806
852	890
852	932
852	934
852	945
852	956
852	968
852	983
852	988
853	15
853	20
853	147
853	175
853	187
853	204
853	329
853	385
853	567
853	576
853	594
853	674
853	721
853	723
853	751
853	827
853	986
854	240
854	354
854	381
854	413
854	481
854	502
854	534
854	572
854	590
854	600
854	601
854	604
854	679
854	699
854	813
854	941
854	956
855	104
855	136
855	253
855	255
855	263
855	265
855	358
855	570
855	583
855	586
855	632
855	809
855	906
855	927
855	939
855	954
855	957
856	325
856	388
856	556
856	595
856	759
856	765
856	787
856	811
856	842
856	891
856	901
856	961
856	962
856	969
856	984
856	999
856	1000
857	34
857	63
857	251
857	384
857	593
857	628
857	639
857	660
857	715
857	751
857	839
857	872
857	891
857	919
857	920
857	934
857	980
858	28
858	53
858	131
858	336
858	447
858	650
858	663
858	771
858	781
858	783
858	821
858	840
858	893
858	918
858	922
858	944
858	945
859	111
859	113
859	128
859	153
859	264
859	385
859	465
859	599
859	649
859	655
859	671
859	775
859	790
859	819
859	932
859	943
859	1000
860	374
860	414
860	562
860	563
860	568
860	607
860	645
860	695
860	767
860	829
860	881
860	885
860	895
860	948
860	995
860	996
860	997
861	224
861	229
861	296
861	299
861	366
861	409
861	417
861	495
861	513
861	573
861	704
861	728
861	774
861	812
861	843
861	866
861	874
861	892
862	168
862	256
862	273
862	342
862	370
862	525
862	636
862	680
862	751
862	777
862	799
862	803
862	825
862	868
862	896
862	950
862	993
862	999
863	32
863	91
863	449
863	622
863	625
863	708
863	718
863	760
863	784
863	795
863	817
863	903
863	932
863	935
863	945
863	952
863	957
863	988
864	278
864	279
864	454
864	462
864	533
864	574
864	587
864	611
864	627
864	691
864	709
864	847
864	874
864	894
864	907
864	923
864	957
864	986
865	271
865	494
865	663
865	697
865	714
865	747
865	771
865	772
865	781
865	790
865	821
865	840
865	886
865	893
865	918
865	922
865	944
865	984
866	366
866	561
866	646
866	711
866	728
866	749
866	752
866	774
866	861
866	949
866	950
866	955
866	971
866	974
866	981
866	984
866	992
866	998
867	225
867	266
867	352
867	404
867	424
867	460
867	540
867	544
867	706
867	713
867	770
867	817
867	871
867	915
867	926
867	931
867	948
867	989
868	19
868	73
868	229
868	368
868	416
868	418
868	435
868	488
868	492
868	575
868	680
868	777
868	785
868	790
868	799
868	848
868	862
868	943
869	398
869	722
869	797
869	804
869	823
869	888
869	897
869	911
869	960
869	966
869	976
869	978
869	985
869	993
870	557
870	595
870	610
870	658
870	828
870	914
870	938
870	953
870	957
870	970
870	972
870	975
870	1000
871	266
871	424
871	439
871	457
871	491
871	540
871	652
871	678
871	706
871	770
871	816
871	835
871	867
871	913
871	915
871	930
871	948
871	986
871	989
872	22
872	300
872	356
872	438
872	593
872	628
872	639
872	654
872	660
872	715
872	857
872	881
872	892
872	916
872	919
872	920
872	934
872	980
872	992
873	23
873	74
873	85
873	87
873	137
873	163
873	205
873	248
873	353
873	427
873	511
873	514
873	553
873	573
873	588
873	612
873	800
873	844
873	973
874	279
874	454
874	728
874	774
874	778
874	805
874	812
874	849
874	861
874	864
874	884
874	890
874	902
874	905
874	912
874	919
874	924
874	925
874	929
875	59
875	205
875	229
875	261
875	303
875	367
875	430
875	458
875	504
875	522
875	529
875	571
875	575
875	700
875	703
875	754
875	793
875	957
875	994
876	41
876	60
876	395
876	490
876	496
876	651
876	676
876	727
876	743
876	820
876	823
876	837
876	890
876	931
876	936
876	956
876	968
876	983
876	992
877	237
877	361
877	432
877	485
877	499
877	544
877	620
877	632
877	646
877	720
877	725
877	741
877	755
877	789
877	839
877	900
877	926
877	946
877	990
878	161
878	249
878	274
878	487
878	541
878	702
878	760
878	763
878	769
878	788
878	796
878	826
878	841
878	927
878	964
878	977
878	984
878	998
878	999
879	58
879	473
879	548
879	559
879	602
879	659
879	666
879	707
879	719
879	742
879	756
879	808
879	831
879	896
879	898
879	910
879	947
879	965
879	982
880	29
880	81
880	83
880	179
880	211
880	281
880	316
880	365
880	377
880	440
880	579
880	714
880	717
880	791
880	807
880	923
880	928
880	964
880	967
881	138
881	311
881	339
881	537
881	563
881	613
881	645
881	670
881	681
881	695
881	767
881	829
881	860
881	872
881	885
881	895
881	995
881	996
881	997
882	109
882	292
882	396
882	442
882	476
882	535
882	621
882	626
882	635
882	675
882	802
882	824
882	827
882	923
882	979
882	984
882	989
882	991
882	994
883	37
883	174
883	288
883	294
883	351
883	434
883	512
883	558
883	653
883	734
883	740
883	839
883	845
883	899
883	908
883	917
883	921
883	940
883	986
884	97
884	191
884	208
884	259
884	277
884	474
884	530
884	546
884	701
884	732
884	750
884	778
884	780
884	805
884	831
884	849
884	874
884	970
884	999
885	129
885	298
885	383
885	532
885	537
885	563
885	607
885	645
885	670
885	695
885	767
885	811
885	829
885	860
885	881
885	895
885	995
885	996
885	997
886	3
886	164
886	271
886	322
886	471
886	606
886	619
886	650
886	747
886	771
886	772
886	781
886	783
886	792
886	821
886	865
886	893
886	918
886	944
886	946
887	55
887	80
887	88
887	286
887	290
887	318
887	362
887	508
887	597
887	598
887	608
887	638
887	662
887	672
887	683
887	691
887	815
887	930
887	933
887	964
888	432
888	614
888	722
888	797
888	804
888	869
888	897
888	911
888	960
888	966
888	976
888	978
888	985
888	993
889	361
889	555
889	633
889	642
889	664
889	704
889	741
889	745
889	755
889	770
889	816
889	835
889	913
889	936
889	946
889	948
889	995
889	996
889	997
890	61
890	82
890	395
890	560
890	602
890	623
890	651
890	676
890	743
890	790
890	820
890	823
890	837
890	852
890	874
890	876
890	956
890	968
890	983
890	992
891	25
891	149
891	167
891	260
891	388
891	510
891	585
891	759
891	765
891	787
891	811
891	842
891	856
891	857
891	901
891	961
891	962
891	969
891	999
891	1000
892	598
892	815
892	861
892	872
892	919
892	930
892	933
892	934
892	966
892	971
892	974
892	976
892	978
892	980
892	981
892	985
892	990
892	993
892	998
892	999
893	28
893	131
893	343
893	447
893	452
893	615
893	650
893	656
893	697
893	771
893	783
893	821
893	840
893	858
893	865
893	886
893	918
893	922
893	944
893	993
894	125
894	133
894	150
894	411
894	480
894	491
894	533
894	587
894	611
894	626
894	627
894	709
894	779
894	843
894	847
894	864
894	902
894	907
894	951
894	986
895	337
895	414
895	532
895	568
895	607
895	613
895	670
895	681
895	695
895	767
895	784
895	829
895	848
895	860
895	881
895	885
895	985
895	995
895	996
895	997
896	36
896	56
896	203
896	238
896	370
896	419
896	484
896	503
896	686
896	749
896	818
896	838
896	843
896	862
896	879
896	904
896	943
896	949
896	950
896	964
897	592
897	641
897	665
897	722
897	784
897	797
897	804
897	869
897	888
897	911
897	960
897	966
897	976
897	978
897	985
897	993
898	218
898	271
898	423
898	548
898	559
898	602
898	659
898	666
898	682
898	707
898	719
898	742
898	756
898	758
898	808
898	831
898	879
898	910
898	947
898	965
898	982
899	10
899	26
899	207
899	436
899	478
899	567
899	576
899	723
899	760
899	769
899	806
899	841
899	845
899	883
899	917
899	921
899	927
899	931
899	940
899	977
899	986
900	237
900	277
900	415
900	432
900	499
900	500
900	565
900	582
900	620
900	632
900	633
900	646
900	739
900	741
900	755
900	789
900	877
900	926
900	946
900	966
900	969
901	8
901	101
901	195
901	260
901	274
901	325
901	510
901	595
901	759
901	765
901	787
901	811
901	842
901	856
901	891
901	961
901	962
901	969
901	993
901	999
901	1000
902	133
902	150
902	321
902	406
902	411
902	454
902	462
902	480
902	521
902	533
902	701
902	709
902	737
902	843
902	847
902	874
902	894
902	907
902	951
902	964
902	986
903	135
903	189
903	197
903	241
903	245
903	334
903	461
903	577
903	629
903	708
903	712
903	760
903	784
903	817
903	863
903	930
903	935
903	945
903	952
903	978
903	988
904	36
904	67
904	105
904	122
904	126
904	158
904	287
904	419
904	484
904	679
904	686
904	749
904	752
904	818
904	838
904	896
904	922
904	949
904	950
904	964
904	981
904	999
905	35
905	98
905	270
905	441
905	477
905	485
905	498
905	527
905	578
905	718
905	761
905	798
905	836
905	850
905	851
905	874
905	912
905	924
905	925
905	929
905	936
905	995
906	4
906	104
906	127
906	136
906	253
906	255
906	263
906	265
906	338
906	358
906	379
906	570
906	583
906	586
906	630
906	731
906	809
906	855
906	939
906	954
906	957
906	971
907	150
907	233
907	480
907	491
907	505
907	521
907	574
907	587
907	611
907	627
907	701
907	709
907	716
907	737
907	843
907	847
907	864
907	894
907	902
907	951
907	957
907	986
908	6
908	7
908	42
908	48
908	68
908	147
908	226
908	244
908	341
908	468
908	506
908	524
908	544
908	569
908	684
908	693
908	732
908	785
908	814
908	848
908	883
908	979
909	716
909	766
909	771
909	782
909	910
909	937
909	958
909	959
909	963
909	971
909	974
909	981
909	990
909	998
910	33
910	330
910	473
910	475
910	559
910	602
910	659
910	666
910	682
910	697
910	707
910	725
910	742
910	756
910	758
910	808
910	831
910	879
910	898
910	909
910	947
910	965
910	982
911	488
911	523
911	603
911	641
911	665
911	722
911	797
911	804
911	869
911	888
911	897
911	919
911	926
911	943
911	951
911	960
911	966
911	976
911	978
911	985
911	993
912	121
912	125
912	236
912	291
912	338
912	407
912	441
912	450
912	578
912	596
912	669
912	685
912	798
912	836
912	850
912	851
912	874
912	905
912	924
912	925
912	929
912	936
912	981
913	12
913	70
913	380
913	398
913	424
913	452
913	540
913	556
913	566
913	652
913	692
913	706
913	730
913	736
913	738
913	770
913	816
913	835
913	871
913	889
913	915
913	948
913	989
914	411
914	446
914	557
914	658
914	828
914	870
914	938
914	953
914	957
914	970
914	972
914	975
914	981
914	1000
915	12
915	26
915	284
915	307
915	439
915	452
915	468
915	527
915	540
915	678
915	692
915	706
915	713
915	770
915	816
915	835
915	867
915	871
915	913
915	926
915	948
915	958
915	989
916	270
916	300
916	327
916	535
916	556
916	735
916	824
916	872
916	919
916	934
916	939
916	959
916	961
916	962
916	969
916	974
916	979
916	980
916	981
916	990
916	991
916	994
916	998
917	37
917	174
917	288
917	289
917	294
917	351
917	434
917	512
917	558
917	653
917	734
917	740
917	747
917	819
917	845
917	883
917	899
917	921
917	940
917	986
918	3
918	28
918	322
918	336
918	343
918	471
918	606
918	615
918	624
918	697
918	747
918	772
918	781
918	783
918	821
918	840
918	858
918	865
918	886
918	893
918	922
918	944
918	989
919	22
919	34
919	63
919	180
919	185
919	384
919	438
919	628
919	639
919	654
919	660
919	715
919	751
919	857
919	872
919	874
919	892
919	911
919	916
919	920
919	934
919	980
919	992
920	4
920	22
920	71
920	180
920	251
920	300
920	357
920	384
920	399
920	438
920	589
920	593
920	628
920	639
920	660
920	682
920	715
920	857
920	872
920	919
920	933
920	934
920	980
920	992
921	37
921	125
921	174
921	288
921	294
921	351
921	434
921	468
921	512
921	524
921	558
921	582
921	653
921	734
921	740
921	776
921	845
921	883
921	899
921	917
921	940
921	944
921	955
921	986
922	164
922	269
922	271
922	447
922	471
922	494
922	524
922	615
922	650
922	687
922	714
922	747
922	772
922	781
922	783
922	792
922	821
922	840
922	858
922	865
922	893
922	904
922	918
922	944
923	81
923	83
923	169
923	207
923	211
923	217
923	254
923	278
923	310
923	315
923	316
923	365
923	440
923	579
923	609
923	714
923	717
923	791
923	807
923	864
923	880
923	882
923	928
923	964
924	139
924	156
924	270
924	291
924	384
924	407
924	418
924	450
924	477
924	486
924	527
924	578
924	596
924	669
924	718
924	798
924	836
924	850
924	851
924	874
924	905
924	912
924	925
924	929
924	936
925	43
925	98
925	121
925	227
925	236
925	270
925	291
925	441
925	507
925	596
925	669
925	685
925	718
925	798
925	836
925	848
925	850
925	851
925	874
925	905
925	912
925	924
925	929
925	936
925	940
926	348
926	372
926	387
926	432
926	619
926	620
926	636
926	646
926	706
926	733
926	754
926	790
926	791
926	825
926	830
926	833
926	835
926	867
926	877
926	900
926	911
926	915
926	946
926	948
926	989
926	999
927	49
927	249
927	274
927	331
927	412
927	487
927	536
927	541
927	609
927	701
927	702
927	763
927	774
927	788
927	796
927	810
927	813
927	826
927	841
927	855
927	878
927	899
927	964
927	977
927	984
927	999
928	16
928	52
928	83
928	169
928	179
928	211
928	217
928	254
928	278
928	310
928	315
928	316
928	365
928	440
928	505
928	579
928	609
928	714
928	717
928	791
928	807
928	880
928	923
928	964
928	998
928	1000
929	35
929	121
929	139
929	156
929	373
929	407
929	450
929	477
929	486
929	527
929	578
929	596
929	669
929	718
929	793
929	798
929	836
929	850
929	851
929	874
929	905
929	912
929	924
929	925
929	936
929	978
929	995
930	16
930	40
930	47
930	55
930	152
930	318
930	389
930	465
930	508
930	597
930	598
930	608
930	638
930	647
930	662
930	672
930	683
930	691
930	794
930	815
930	839
930	871
930	887
930	892
930	903
930	933
930	990
931	130
931	227
931	262
931	276
931	380
931	398
931	516
931	517
931	549
931	560
931	585
931	634
931	673
931	724
931	727
931	729
931	730
931	777
931	806
931	867
931	876
931	899
931	956
931	964
931	968
931	983
931	989
932	178
932	189
932	197
932	334
932	340
932	344
932	350
932	364
932	392
932	577
932	622
932	625
932	705
932	708
932	712
932	728
932	746
932	760
932	795
932	817
932	852
932	859
932	863
932	935
932	945
932	952
932	988
933	10
933	16
933	47
933	55
933	80
933	88
933	152
933	290
933	318
933	389
933	426
933	597
933	598
933	608
933	638
933	662
933	672
933	683
933	732
933	794
933	815
933	839
933	887
933	892
933	920
933	930
933	934
934	4
934	22
934	71
934	95
934	157
934	184
934	185
934	251
934	347
934	384
934	438
934	488
934	593
934	628
934	639
934	660
934	689
934	715
934	852
934	857
934	872
934	892
934	916
934	919
934	920
934	933
934	980
934	992
935	99
935	135
935	241
935	245
935	340
935	392
935	420
935	498
935	547
935	577
935	622
935	629
935	705
935	708
935	712
935	746
935	760
935	784
935	795
935	817
935	835
935	863
935	903
935	932
935	945
935	952
935	988
935	990
936	35
936	98
936	236
936	291
936	373
936	407
936	441
936	450
936	477
936	486
936	498
936	527
936	578
936	596
936	669
936	685
936	718
936	836
936	850
936	851
936	876
936	889
936	905
936	912
936	924
936	925
936	929
936	938
937	30
937	455
937	716
937	782
937	909
937	958
937	959
937	963
937	971
937	974
937	981
937	990
937	998
938	232
938	320
938	346
938	355
938	386
938	400
938	433
938	446
938	467
938	557
938	658
938	740
938	828
938	870
938	914
938	936
938	953
938	957
938	970
938	972
938	975
938	1000
939	65
939	104
939	127
939	136
939	170
939	253
939	255
939	263
939	265
939	272
939	338
939	358
939	379
939	570
939	582
939	583
939	586
939	647
939	689
939	698
939	731
939	809
939	855
939	906
939	916
939	954
939	957
939	970
940	37
940	174
940	190
940	288
940	294
940	308
940	351
940	377
940	434
940	460
940	468
940	511
940	512
940	524
940	558
940	582
940	653
940	734
940	740
940	776
940	828
940	845
940	883
940	899
940	917
940	921
940	925
940	986
941	45
941	138
941	158
941	162
941	165
941	177
941	240
941	313
941	314
941	354
941	381
941	386
941	413
941	481
941	488
941	495
941	498
941	502
941	534
941	572
941	590
941	600
941	601
941	604
941	679
941	720
941	813
941	854
942	92
942	133
942	151
942	161
942	190
942	194
942	280
942	332
942	333
942	356
942	428
942	443
942	451
942	489
942	505
942	522
942	566
942	617
942	624
942	648
942	694
942	726
942	832
942	955
942	966
942	967
942	973
942	984
942	987
943	19
943	416
943	420
943	466
943	492
943	499
943	671
943	775
943	777
943	799
943	800
943	818
943	819
943	834
943	838
943	859
943	868
943	896
943	911
943	949
943	950
943	954
943	960
943	966
943	976
943	978
943	985
943	993
943	1000
944	3
944	28
944	53
944	58
944	164
944	269
944	322
944	447
944	494
944	589
944	606
944	615
944	650
944	697
944	747
944	758
944	771
944	772
944	781
944	821
944	840
944	858
944	865
944	886
944	893
944	918
944	921
944	922
944	946
945	99
945	178
945	189
945	196
945	241
945	245
945	285
945	344
945	392
945	449
945	547
945	577
945	622
945	625
945	629
945	705
945	708
945	746
945	750
945	784
945	817
945	852
945	858
945	863
945	903
945	932
945	935
945	952
945	988
946	39
946	154
946	237
946	277
946	343
946	361
946	415
946	432
946	485
946	499
946	500
946	511
946	544
946	565
946	582
946	589
946	620
946	632
946	633
946	646
946	720
946	739
946	755
946	839
946	877
946	886
946	889
946	900
946	926
946	944
947	5
947	117
947	140
947	252
947	281
947	319
947	330
947	340
947	423
947	473
947	475
947	548
947	559
947	602
947	659
947	707
947	719
947	725
947	742
947	751
947	756
947	758
947	808
947	831
947	879
947	898
947	910
947	957
947	965
947	982
948	12
948	26
948	39
948	44
948	70
948	218
948	257
948	307
948	380
948	398
948	404
948	439
948	444
948	452
948	575
948	637
948	652
948	678
948	706
948	713
948	730
948	770
948	816
948	860
948	867
948	871
948	889
948	913
948	915
948	926
948	989
949	9
949	36
949	38
949	67
949	105
949	107
949	122
949	126
949	158
949	175
949	264
949	287
949	301
949	378
949	419
949	466
949	484
949	503
949	686
949	690
949	749
949	752
949	838
949	844
949	866
949	896
949	904
949	943
949	950
949	964
949	999
950	9
950	38
950	67
950	107
950	158
950	213
950	238
950	285
950	287
950	419
950	484
950	503
950	643
950	661
950	679
950	686
950	690
950	691
950	749
950	752
950	775
950	818
950	838
950	862
950	866
950	896
950	904
950	943
950	949
950	964
950	999
951	2
951	171
951	282
951	349
951	526
951	555
951	567
951	574
951	584
951	627
951	660
951	664
951	670
951	704
951	737
951	744
951	745
951	748
951	801
951	802
951	847
951	894
951	902
951	907
951	911
951	960
951	966
951	976
951	978
951	985
951	993
952	91
952	99
952	135
952	159
952	203
952	219
952	241
952	334
952	364
952	392
952	449
952	461
952	547
952	577
952	622
952	625
952	629
952	631
952	705
952	712
952	746
952	784
952	795
952	817
952	863
952	903
952	932
952	935
952	945
952	957
952	988
953	27
953	77
953	173
953	214
953	220
953	232
953	258
953	320
953	355
953	386
953	400
953	433
953	446
953	467
953	537
953	557
953	658
953	768
953	828
953	870
953	914
953	938
953	957
953	970
953	972
953	975
953	983
953	1000
954	65
954	104
954	127
954	136
954	154
954	162
954	170
954	188
954	253
954	255
954	263
954	265
954	281
954	338
954	358
954	367
954	379
954	435
954	436
954	570
954	582
954	583
954	586
954	647
954	689
954	731
954	809
954	855
954	906
954	939
954	943
954	957
955	84
955	86
955	132
955	151
955	159
955	193
955	194
955	201
955	243
955	280
955	332
955	334
955	428
955	443
955	451
955	489
955	566
955	617
955	624
955	657
955	680
955	694
955	726
955	776
955	832
955	866
955	921
955	942
955	967
955	973
955	984
955	987
956	41
956	60
956	61
956	62
956	82
956	200
956	221
956	347
956	350
956	425
956	427
956	490
956	528
956	565
956	623
956	651
956	676
956	687
956	727
956	743
956	813
956	820
956	823
956	837
956	852
956	854
956	876
956	890
956	931
956	968
956	983
956	992
957	430
957	454
957	458
957	462
957	491
957	504
957	529
957	570
957	586
957	700
957	703
957	709
957	793
957	809
957	855
957	863
957	864
957	870
957	875
957	906
957	907
957	914
957	938
957	939
957	947
957	952
957	953
957	954
957	970
957	972
957	975
957	986
958	617
958	667
958	716
958	782
958	909
958	915
958	937
958	959
958	963
958	971
958	974
958	981
958	983
958	990
958	998
959	267
959	335
959	445
959	459
959	463
959	515
959	554
959	562
959	582
959	618
959	667
959	714
959	716
959	774
959	782
959	909
959	916
959	937
959	958
959	963
959	971
959	974
959	981
959	990
959	998
960	247
960	496
960	523
960	552
960	603
960	641
960	665
960	722
960	796
960	797
960	804
960	869
960	888
960	897
960	911
960	943
960	951
960	966
960	976
960	978
960	985
960	993
960	994
961	8
961	25
961	93
961	101
961	149
961	167
961	195
961	197
961	260
961	325
961	327
961	328
961	388
961	397
961	510
961	556
961	595
961	759
961	765
961	787
961	811
961	820
961	842
961	856
961	891
961	901
961	916
961	962
961	969
961	999
961	1000
962	8
962	25
962	93
962	101
962	149
962	167
962	195
962	252
962	260
962	325
962	327
962	328
962	364
962	388
962	510
962	556
962	595
962	731
962	759
962	765
962	787
962	811
962	842
962	856
962	891
962	901
962	916
962	961
962	969
962	999
962	1000
963	308
963	329
963	515
963	562
963	618
963	667
963	716
963	782
963	789
963	909
963	937
963	958
963	959
963	971
963	974
963	981
963	990
963	998
964	211
964	254
964	301
964	549
964	585
964	634
964	690
964	691
964	717
964	724
964	729
964	752
964	763
964	788
964	791
964	807
964	826
964	843
964	878
964	880
964	887
964	896
964	902
964	904
964	923
964	927
964	928
964	931
964	949
964	950
964	977
964	984
964	985
964	999
965	5
965	33
965	117
965	140
965	252
965	319
965	330
965	423
965	473
965	475
965	548
965	559
965	569
965	602
965	659
965	666
965	682
965	692
965	707
965	719
965	725
965	742
965	756
965	758
965	783
965	808
965	831
965	879
965	898
965	910
965	947
965	982
965	983
965	996
966	230
966	406
966	469
966	496
966	523
966	552
966	603
966	641
966	665
966	722
966	797
966	804
966	809
966	869
966	888
966	892
966	897
966	900
966	911
966	942
966	943
966	951
966	960
966	976
966	978
966	985
966	993
967	68
967	86
967	92
967	132
967	190
967	193
967	201
967	243
967	280
967	332
967	333
967	348
967	356
967	428
967	443
967	451
967	489
967	522
967	566
967	617
967	624
967	648
967	657
967	666
967	694
967	726
967	776
967	832
967	880
967	942
967	955
967	973
967	984
967	987
968	41
968	60
968	61
968	62
968	82
968	84
968	200
968	221
968	223
968	347
968	375
968	395
968	425
968	490
968	528
968	560
968	623
968	651
968	665
968	676
968	701
968	727
968	743
968	813
968	820
968	823
968	837
968	852
968	876
968	890
968	931
968	956
968	983
968	992
969	8
969	23
969	25
969	93
969	101
969	149
969	167
969	195
969	204
969	260
969	325
969	327
969	328
969	367
969	388
969	460
969	510
969	556
969	569
969	595
969	759
969	765
969	787
969	811
969	834
969	842
969	856
969	891
969	900
969	901
969	916
969	961
969	962
969	999
969	1000
970	27
970	77
970	79
970	115
970	145
970	173
970	214
970	220
970	232
970	258
970	320
970	355
970	386
970	390
970	400
970	433
970	446
970	467
970	486
970	557
970	658
970	828
970	870
970	884
970	914
970	938
970	939
970	953
970	957
970	972
970	975
970	1000
971	24
971	75
971	182
971	215
971	275
971	297
971	304
971	309
971	335
971	378
971	459
971	463
971	515
971	554
971	562
971	618
971	667
971	716
971	720
971	746
971	782
971	866
971	892
971	906
971	909
971	937
971	958
971	959
971	963
971	974
971	981
971	982
971	990
971	997
971	998
972	27
972	77
972	79
972	115
972	138
972	145
972	173
972	214
972	220
972	232
972	258
972	320
972	355
972	367
972	386
972	400
972	433
972	446
972	467
972	468
972	557
972	604
972	658
972	687
972	691
972	809
972	828
972	870
972	914
972	938
972	953
972	957
972	970
972	975
972	982
972	1000
973	84
973	86
973	92
973	132
973	159
973	193
973	201
973	243
973	280
973	301
973	332
973	333
973	428
973	443
973	451
973	489
973	507
973	566
973	617
973	624
973	631
973	648
973	657
973	661
973	694
973	726
973	752
973	776
973	832
973	873
973	942
973	955
973	967
973	978
973	984
973	987
974	75
974	102
974	112
974	120
974	215
974	236
974	267
974	275
974	297
974	304
974	309
974	378
974	459
974	463
974	515
974	518
974	554
974	562
974	618
974	619
974	667
974	675
974	716
974	751
974	782
974	866
974	892
974	909
974	916
974	937
974	958
974	959
974	963
974	971
974	981
974	990
974	998
975	27
975	34
975	77
975	79
975	89
975	115
975	145
975	173
975	192
975	214
975	220
975	232
975	258
975	320
975	355
975	359
975	367
975	386
975	400
975	427
975	433
975	446
975	467
975	544
975	557
975	650
975	658
975	687
975	828
975	870
975	914
975	938
975	953
975	957
975	970
975	972
975	976
975	1000
976	31
976	100
976	143
976	144
976	160
976	199
976	230
976	405
976	406
976	469
976	496
976	523
976	552
976	588
976	603
976	641
976	665
976	722
976	797
976	799
976	804
976	839
976	869
976	888
976	892
976	897
976	911
976	943
976	951
976	960
976	966
976	975
976	978
976	985
976	993
977	10
977	23
977	49
977	161
977	249
977	272
977	274
977	308
977	326
977	331
977	346
977	390
977	412
977	487
977	516
977	536
977	541
977	609
977	631
977	679
977	701
977	702
977	763
977	769
977	788
977	796
977	810
977	813
977	826
977	841
977	878
977	899
977	927
977	964
977	984
977	990
977	992
977	998
977	999
978	31
978	100
978	110
978	143
978	144
978	155
978	160
978	199
978	230
978	406
978	435
978	469
978	496
978	507
978	523
978	552
978	603
978	635
978	641
978	665
978	722
978	797
978	804
978	839
978	869
978	888
978	892
978	897
978	903
978	911
978	929
978	943
978	951
978	960
978	966
978	973
978	976
978	985
978	993
979	69
979	76
979	109
979	146
979	166
979	216
979	289
979	302
979	345
979	360
979	369
979	382
979	391
979	396
979	421
979	422
979	476
979	535
979	592
979	597
979	621
979	626
979	635
979	675
979	689
979	696
979	735
979	761
979	802
979	813
979	824
979	827
979	882
979	908
979	916
979	984
979	991
979	994
979	1000
980	4
980	34
980	52
980	63
980	71
980	95
980	157
980	180
980	184
980	185
980	229
980	251
980	275
980	281
980	300
980	308
980	357
980	384
980	438
980	488
980	589
980	593
980	628
980	639
980	660
980	677
980	689
980	702
980	715
980	738
980	751
980	842
980	857
980	872
980	892
980	916
980	919
980	920
980	934
980	992
981	24
981	29
981	102
981	120
981	182
981	210
981	215
981	219
981	267
981	275
981	297
981	304
981	309
981	335
981	463
981	515
981	554
981	562
981	618
981	667
981	692
981	716
981	720
981	741
981	751
981	782
981	866
981	892
981	904
981	909
981	912
981	914
981	916
981	937
981	958
981	959
981	963
981	971
981	974
981	990
981	998
982	5
982	33
982	117
982	140
982	252
982	313
982	319
982	330
982	423
982	473
982	475
982	488
982	522
982	548
982	559
982	569
982	575
982	582
982	602
982	659
982	666
982	682
982	692
982	707
982	719
982	725
982	742
982	751
982	756
982	758
982	808
982	816
982	831
982	845
982	879
982	898
982	910
982	947
982	965
982	971
982	972
983	41
983	60
983	61
983	62
983	82
983	186
983	196
983	200
983	221
983	223
983	347
983	395
983	425
983	427
983	430
983	490
983	528
983	560
983	603
983	623
983	651
983	676
983	687
983	701
983	727
983	743
983	790
983	813
983	820
983	823
983	837
983	852
983	876
983	890
983	931
983	953
983	956
983	958
983	965
983	968
983	992
984	13
984	368
984	422
984	542
984	551
984	561
984	621
984	624
984	648
984	678
984	694
984	696
984	702
984	711
984	763
984	788
984	826
984	827
984	832
984	841
984	851
984	856
984	865
984	866
984	878
984	882
984	927
984	942
984	955
984	964
984	967
984	973
984	977
984	979
984	987
984	991
984	992
984	994
984	999
984	1000
985	31
985	100
985	110
985	143
985	144
985	155
985	160
985	199
985	230
985	326
985	406
985	469
985	496
985	507
985	523
985	552
985	603
985	609
985	631
985	641
985	656
985	665
985	722
985	727
985	742
985	797
985	804
985	839
985	869
985	888
985	892
985	895
985	897
985	911
985	943
985	951
985	960
985	964
985	966
985	976
985	978
985	993
986	20
986	257
986	266
986	398
986	424
986	439
986	480
986	512
986	528
986	567
986	576
986	594
986	611
986	653
986	655
986	674
986	721
986	723
986	730
986	733
986	734
986	737
986	740
986	800
986	816
986	835
986	845
986	847
986	853
986	864
986	871
986	883
986	894
986	899
986	902
986	907
986	917
986	921
986	940
986	957
986	989
987	2
987	7
987	32
987	78
987	84
987	92
987	151
987	154
987	159
987	162
987	190
987	193
987	194
987	201
987	243
987	280
987	332
987	333
987	356
987	359
987	428
987	435
987	443
987	451
987	489
987	505
987	507
987	566
987	617
987	624
987	631
987	648
987	657
987	694
987	726
987	738
987	832
987	942
987	955
987	967
987	973
987	984
987	988
988	43
988	68
988	91
988	99
988	135
988	138
988	178
988	197
988	203
988	245
988	326
988	334
988	340
988	350
988	364
988	392
988	449
988	461
988	498
988	516
988	547
988	577
988	625
988	629
988	631
988	705
988	708
988	712
988	736
988	746
988	760
988	784
988	795
988	817
988	829
988	852
988	863
988	903
988	932
988	935
988	945
988	952
988	987
989	12
989	26
989	44
989	70
989	163
989	186
989	218
989	225
989	257
989	266
989	272
989	307
989	352
989	398
989	404
989	424
989	439
989	452
989	457
989	460
989	468
989	540
989	575
989	637
989	652
989	678
989	692
989	693
989	706
989	736
989	739
989	770
989	816
989	835
989	867
989	871
989	882
989	913
989	915
989	918
989	926
989	931
989	948
989	986
990	24
990	29
990	75
990	102
990	112
990	182
990	192
990	210
990	219
990	267
990	297
990	304
990	309
990	335
990	378
990	459
990	463
990	485
990	515
990	554
990	562
990	618
990	647
990	656
990	667
990	714
990	716
990	751
990	770
990	782
990	877
990	892
990	909
990	916
990	930
990	935
990	937
990	958
990	959
990	963
990	971
990	974
990	977
990	981
990	998
991	69
991	76
991	109
991	125
991	146
991	154
991	166
991	216
991	289
991	292
991	302
991	345
991	369
991	385
991	391
991	396
991	421
991	422
991	427
991	430
991	442
991	476
991	535
991	592
991	621
991	626
991	635
991	670
991	675
991	696
991	713
991	735
991	761
991	802
991	813
991	818
991	824
991	827
991	882
991	916
991	979
991	984
991	994
991	998
991	1000
992	13
992	50
992	51
992	138
992	183
992	323
992	328
992	359
992	362
992	368
992	382
992	397
992	490
992	542
992	551
992	561
992	569
992	589
992	623
992	628
992	630
992	660
992	661
992	711
992	715
992	766
992	820
992	823
992	837
992	839
992	840
992	866
992	872
992	876
992	890
992	919
992	920
992	934
992	956
992	968
992	977
992	980
992	983
992	984
992	996
993	31
993	39
993	100
993	110
993	143
993	144
993	155
993	160
993	196
993	199
993	230
993	272
993	385
993	406
993	435
993	469
993	496
993	523
993	552
993	603
993	609
993	631
993	640
993	641
993	656
993	665
993	722
993	797
993	804
993	839
993	862
993	869
993	888
993	892
993	893
993	897
993	901
993	911
993	943
993	951
993	960
993	966
993	976
993	978
993	985
994	1
994	69
994	76
994	109
994	146
994	162
994	166
994	205
994	216
994	281
994	289
994	292
994	302
994	317
994	345
994	369
994	391
994	396
994	421
994	422
994	427
994	430
994	442
994	476
994	535
994	592
994	621
994	626
994	635
994	675
994	689
994	696
994	735
994	761
994	802
994	813
994	824
994	827
994	875
994	882
994	916
994	960
994	979
994	984
994	991
994	1000
995	119
995	129
995	188
995	198
995	298
995	305
995	311
995	337
995	339
995	360
995	374
995	414
995	448
995	478
995	479
995	532
995	537
995	563
995	568
995	589
995	607
995	613
995	645
995	656
995	661
995	670
995	681
995	695
995	706
995	731
995	767
995	803
995	810
995	829
995	848
995	860
995	881
995	885
995	889
995	895
995	905
995	929
995	996
995	997
996	119
996	129
996	188
996	198
996	298
996	305
996	311
996	337
996	339
996	360
996	374
996	414
996	448
996	479
996	532
996	537
996	550
996	563
996	568
996	607
996	613
996	645
996	670
996	681
996	684
996	695
996	720
996	767
996	810
996	829
996	848
996	860
996	881
996	885
996	889
996	895
996	965
996	992
996	995
996	997
997	52
997	119
997	129
997	188
997	198
997	217
997	298
997	305
997	311
997	319
997	321
997	337
997	339
997	344
997	360
997	374
997	414
997	448
997	460
997	479
997	524
997	532
997	537
997	563
997	568
997	589
997	607
997	613
997	645
997	656
997	661
997	670
997	681
997	695
997	731
997	732
997	767
997	810
997	825
997	829
997	848
997	860
997	881
997	885
997	889
997	895
997	971
997	995
997	996
998	24
998	29
998	75
998	102
998	112
998	120
998	182
998	210
998	215
998	219
998	267
998	275
998	297
998	304
998	309
998	335
998	344
998	378
998	459
998	463
998	515
998	554
998	562
998	618
998	647
998	656
998	667
998	692
998	714
998	716
998	720
998	782
998	866
998	878
998	892
998	909
998	916
998	928
998	937
998	958
998	959
998	963
998	971
998	974
998	977
998	981
998	990
998	991
998	999
999	9
999	56
999	105
999	107
999	249
999	287
999	412
999	474
999	530
999	546
999	702
999	722
999	750
999	765
999	769
999	778
999	780
999	787
999	788
999	805
999	807
999	811
999	818
999	838
999	841
999	842
999	849
999	856
999	862
999	878
999	884
999	891
999	892
999	901
999	904
999	926
999	927
999	949
999	950
999	961
999	962
999	964
999	969
999	977
999	984
999	998
999	1000
1000	88
1000	262
1000	420
1000	478
1000	553
1000	592
1000	599
1000	626
1000	649
1000	655
1000	671
1000	675
1000	679
1000	689
1000	696
1000	735
1000	759
1000	761
1000	765
1000	775
1000	802
1000	810
1000	811
1000	828
1000	834
1000	842
1000	856
1000	859
1000	870
1000	891
1000	901
1000	914
1000	928
1000	938
1000	943
1000	953
1000	961
1000	962
1000	969
1000	970
1000	972
1000	975
1000	979
1000	984
1000	991
1000	994
1000	999
