121 132 149 171 182 183 184 195 197 198 207 230 233 255 267 273 282 284 288 290 296 306 311 322 355 364 382 410 436 44 459 473 475 480 516 533 557 558 559 561 597 603 604 612 622 629 641 665 743 761 770 779 785 792 808 816 829 837 860 863 870 891 9 908 909 915 942 95 951 98 980 
125 136 19 20 202 206 240 244 257 260 263 303 347 365 377 388 40 428 430 433 441 45 48 484 488 499 514 565 569 577 63 646 673 687 693 724 767 77 822 827 84 842 906 909 920 928 929 932
135 16 163 203 259 291 325 340 35 360 365 380 381 385 390 396 415 56 560 568 57 575 58 592 641 654 656 659 667 686 696 699 70 710 715 716 727 732 735 75 811 82 841 843 915 925 939 955 96 966 994
119 129 137 15 157 190 220 225 267 306 318 391 443 487 517 530 555 566 576 598 601 700 703 752 765 853 872 911 936 975 989 99 990 991
1000 127 159 178 183 23 245 249 266 278 280 388 469 486 495 527 548 633 734 747 793 822 844 858 884 896 939
109 126 173 179 187 193 197 205 213 23 234 236 237 24 274 297 317 33 330 34 35 361 371 383 388 430 456 46 464 477 496 504 505 513 515 522 528 532 538 539 549 560 583 584 588 592 597 599 608 61 614 626 635 640 682 683 684 685 691 7 70 705 713 725 728 729 732 749 756 769 771 774 797 802 810 814 819 833 845 858 861 862 866 873 887 889 921 926 94 941 958 973 977
103 107 119 124 131 143 166 177 188 191 210 218 223 230 243 245 270 304 306 312 313 315 330 331 333 338 340 345 351 382 392 396 401 406 415 420 422 426 433 444 457 468 473 478 479 518 52 534 536 548 556 563 567 572 597 615 623 626 628 689 703 714 741 747 754 764 775 822 823 824 849 867 868 87 876 879 883 90 900 905 908 91 918 923 927 938 965 979 988 992 996 998
130 215 219 23 25 267 289 32 394 43 466 47 476 5 50 544 545 55 567 571 67 766 772 780 794 880 885
1000 128 131 152 154 189 374 387 394 403 418 432 449 473 483 485 534 561 571 661 669 688 694 698 732 740 775 795 817 830 838 851 910 919 945 953 974 989 990 997
108 120 200 209 231 256 257 286 386 394 398 408 415 468 492 53 560 690 701 702 779 800 822 827 897 942 969
1 131 134 140 153 157 181 20 211 235 262 277 281 291 320 330 35 354 365 386 409 41 413 439 451 482 493 54 546 548 55 551 564 578 60 625 634 65 654 66 669 68 709 717 72 733 748 779 782 795 858 859 878 892 909 928 937 954 976 986 990
111 114 115 123 127 132 152 155 156 176 194 207 222 224 228 251 262 264 27 286 29 295 298 301 305 31 310 330 334 335 359 363 366 384 404 409 424 429 431 433 442 445 470 474 49 490 513 525 547 562 573 593 597 600 630 631 632 647 663 67 680 69 695 697 698 70 703 718 74 750 753 759 775 783 79 795 831 840 86 865 867 875 908 942 946 949 950 967 970 991 999
119 165 175 208 257 291 307 379 400 404 411 435 453 458 48 489 507 529 607 669 67 708 807 848 869 92 989
10 113 132 133 146 151 158 165 168 174 186 207 21 221 23 230 262 276 299 308 316 323 324 329 334 35 36 368 382 39 396 399 402 404 415 416 440 454 48 485 494 500 505 512 517 567 568 59 610 617 620 626 636 641 645 648 655 662 663 671 672 675 706 724 730 746 757 775 790 798 803 809 812 821 849 871 894 899 909 917 918 940 944 948 957 959 975 984 995
118 127 143 144 152 160 172 174 18 185 192 204 227 241 245 250 252 26 261 262 267 270 275 291 3 319 321 334 339 346 348 352 37 386 4 404 423 425 434 436 461 468 491 502 513 517 535 537 550 567 568 570 571 605 606 619 62 654 670 678 707 722 724 737 758 762 763 782 787 795 800 804 806 813 815 818 820 828 850 854 860 868 886 888 895 904 915 939 971 975 982 987
150 2 20 268 285 293 314 341 419 421 468 474 513 517 554 560 611 660 677 698 731 738 773 784 789 825 846 893 901 985
100 1000 207 22 253 257 265 292 342 344 376 427 433 467 497 526 591 592 613 641 642 643 666 71 751 782 83 856 877 913 934 935 962 989
101 11 13 131 143 157 169 174 183 209 216 230 232 238 270 271 286 287 300 306 309 334 340 350 353 357 362 370 386 397 417 430 437 446 447 450 474 48 481 503 505 508 509 542 55 561 574 579 589 594 596 602 609 610 613 616 637 639 644 658 669 704 719 726 736 778 781 782 786 796 8 832 835 836 85 852 857 860 863 867 868 88 886 89 890 903 907 916 918 93 931 960 964 983 990
141 142 152 170 180 197 217 246 269 28 286 332 337 343 349 365 367 372 378 382 388 389 394 471 472 474 498 505 51 511 519 520 534 543 548 55 568 571 592 621 627 650 67 676 681 712 739 742 755 760 768 80 801 81 882 886 898 914 928 933 943 993
1000 106 12 14 164 183 209 248 258 326 327 356 376 455 465 485 580 581 626 652 663 70 720 732 747 76 777 787 800 827 855 864 924 952 978 981
102 104 105 116 117 122 132 139 145 161 162 165 17 174 201 212 229 239 242 270 272 283 294 302 358 369 375 376 407 409 414 42 436 485 506 521 523 524 540 552 582 585 595 610 613 618 638 64 649 653 657 664 668 674 698 73 744 745 747 787 791 799 826 839 849 858 863 867 868 874 881 886 930 939 947 961 963 968 97 972 975 991
112 119 138 143 148 157 165 197 199 209 226 245 254 279 340 373 38 395 396 405 412 436 448 452 462 463 510 553 561 586 590 6 610 613 651 663 692 703 711 721 723 724 78 787 800 805 827 849 863 915 922 928 942
110 127 147 167 196 20 214 247 30 328 336 376 393 409 430 438 460 473 501 531 534 541 587 624 654 679 776 779 788 834 847 860 902 908 912 918 956 991
