1	385
1	406
1	459
1	525
1	883
2	265
2	729
2	951
2	952
3	77
3	415
3	725
3	994
4	786
4	803
4	860
4	926
5	814
5	832
5	916
5	948
5	995
6	508
6	577
6	668
6	850
7	323
7	918
7	968
7	981
8	210
8	687
8	926
8	955
9	537
9	791
9	792
9	928
10	134
10	213
10	594
10	753
11	854
11	893
11	907
11	959
11	966
11	983
11	987
12	399
12	405
12	711
12	834
13	182
13	549
13	636
13	966
14	538
14	848
14	905
14	938
14	959
15	272
15	607
15	934
16	679
16	717
16	925
16	996
17	473
17	545
17	777
17	835
18	269
18	632
18	692
18	849
18	900
18	998
19	733
19	836
19	873
19	976
20	377
20	607
20	694
20	783
20	959
20	982
21	731
21	953
21	973
21	997
22	351
22	699
22	768
22	827
23	147
23	250
23	910
23	911
24	519
24	642
24	749
24	900
24	982
24	994
25	67
25	141
25	500
25	842
26	252
26	765
26	925
26	996
27	255
27	317
27	761
27	857
28	497
28	835
28	883
28	993
28	995
29	710
29	737
29	885
29	903
30	602
30	951
30	958
30	994
31	210
31	541
31	589
31	966
32	592
32	601
32	882
32	999
33	926
33	927
33	939
33	996
34	447
34	507
34	664
34	990
35	87
35	603
35	910
35	947
36	480
36	758
36	926
36	942
37	625
37	855
37	935
37	940
38	227
38	675
38	855
38	971
39	235
39	799
39	830
39	878
40	706
40	840
40	849
40	981
41	133
41	529
41	652
41	814
42	676
42	898
42	953
42	974
43	180
43	925
43	984
43	996
44	426
44	566
44	838
44	883
44	983
44	995
45	628
45	685
45	697
45	900
45	916
46	575
46	840
46	923
46	972
47	800
47	842
47	969
47	986
48	845
48	912
48	946
48	999
49	748
49	781
49	800
49	984
50	613
50	842
50	861
50	978
51	265
51	504
51	606
51	765
52	673
52	925
52	966
52	967
53	450
53	846
53	849
53	874
54	571
54	922
54	954
54	982
55	249
55	881
55	974
55	998
56	294
56	695
56	859
56	944
57	430
57	669
57	887
58	133
58	349
58	885
58	903
59	264
59	569
59	930
59	938
60	106
60	521
60	928
60	999
61	464
61	467
61	645
61	926
62	172
62	410
62	928
62	933
63	315
63	751
63	971
63	984
64	118
64	155
64	187
64	922
64	995
65	628
65	830
65	888
65	923
65	983
66	390
66	506
66	809
66	969
67	25
67	509
67	642
67	776
67	981
68	566
68	610
68	621
68	812
69	252
69	885
69	903
69	989
70	235
70	388
70	799
70	990
71	274
71	479
71	594
71	824
72	110
72	651
72	900
72	930
72	959
73	891
73	897
73	987
73	993
74	297
74	649
74	931
74	959
75	591
75	940
75	958
75	976
76	205
76	287
76	293
76	895
77	3
77	415
77	427
77	725
78	560
78	582
78	854
78	955
78	975
78	993
79	203
79	941
79	977
79	983
80	670
80	720
80	740
80	972
81	608
81	838
81	949
81	957
82	662
82	683
82	751
82	981
83	343
83	823
83	947
83	961
84	493
84	745
84	835
84	870
85	372
85	523
85	612
85	934
86	753
86	842
86	867
86	907
86	959
87	35
87	339
87	739
87	977
88	582
88	690
88	742
88	921
89	725
89	794
89	814
89	823
89	876
89	983
90	682
90	690
90	705
90	741
91	762
91	855
91	886
91	985
92	191
92	637
92	784
92	846
92	983
93	384
93	424
93	460
93	850
93	857
94	494
94	898
94	938
94	986
95	553
95	937
95	979
95	991
96	284
96	315
96	911
96	958
97	146
97	257
97	298
97	936
98	356
98	447
98	866
98	895
99	318
99	323
99	738
99	856
100	262
100	446
100	748
100	820
100	975
101	599
101	813
101	865
101	899
102	452
102	838
102	933
102	959
103	804
103	864
103	867
103	995
104	512
104	799
104	814
104	943
105	927
105	929
105	939
105	996
106	60
106	568
106	750
106	840
107	122
107	559
107	875
107	977
108	556
108	766
108	830
108	907
109	749
109	840
109	856
109	992
110	72
110	872
110	953
110	970
111	582
111	814
111	963
111	967
112	353
112	559
112	629
112	880
113	562
113	822
113	951
113	964
114	293
114	412
114	733
114	866
115	596
115	610
115	812
115	966
116	633
116	751
116	815
116	910
117	416
117	751
117	957
117	983
118	64
118	535
118	748
118	930
119	480
119	628
119	863
119	975
119	981
120	135
120	492
120	671
120	934
121	530
121	689
121	865
121	916
121	980
122	107
122	787
122	870
122	984
123	722
123	861
123	914
123	929
123	951
124	500
124	570
124	972
124	992
125	314
125	705
125	826
125	876
126	856
126	858
126	937
126	958
126	975
126	1000
127	152
127	868
127	876
127	959
127	987
127	995
128	192
128	930
128	938
128	950
129	276
129	907
129	914
129	956
130	391
130	490
130	568
130	825
131	134
131	945
131	995
132	577
132	840
132	960
132	978
133	41
133	58
133	935
133	961
134	10
134	131
134	805
134	916
135	120
135	732
135	764
135	814
135	992
136	551
136	635
136	884
136	929
137	411
137	669
137	882
137	925
137	978
138	733
138	756
138	759
138	921
139	748
139	932
139	952
139	959
139	997
140	174
140	383
140	659
140	911
141	25
141	711
141	756
141	999
142	193
142	833
142	921
142	932
143	655
143	730
143	925
143	984
144	775
144	880
144	945
144	995
145	741
145	957
145	978
145	992
146	97
146	936
146	961
146	989
147	23
147	817
147	925
147	949
148	651
148	831
148	852
148	902
148	992
149	200
149	283
149	368
149	934
150	296
150	301
150	742
150	981
151	564
151	840
151	869
151	944
152	127
152	458
152	534
152	766
152	867
153	721
153	941
153	977
153	983
154	847
154	944
154	976
154	985
155	64
155	479
155	929
155	946
156	496
156	685
156	810
156	900
156	975
157	453
157	658
157	876
158	933
158	936
158	970
158	989
158	995
159	504
159	863
159	889
159	942
160	416
160	501
160	697
160	733
161	691
161	794
161	959
161	985
162	670
162	776
162	879
162	909
162	971
163	829
163	887
163	913
163	946
164	548
164	665
164	689
164	978
165	412
165	592
165	606
165	924
166	183
166	221
166	905
166	960
167	357
167	373
167	423
167	554
168	437
168	556
168	646
168	660
169	669
169	671
169	944
169	997
170	391
170	584
170	639
170	907
171	369
171	677
171	833
171	932
172	62
172	665
172	750
172	974
173	921
173	938
173	954
173	980
174	140
174	659
174	890
174	994
175	391
175	740
175	889
175	975
175	978
175	987
176	343
176	517
176	755
176	825
177	360
177	921
177	966
177	992
178	251
178	276
178	811
178	855
179	219
179	835
179	996
179	997
180	43
180	639
180	821
180	898
180	977
181	315
181	494
181	520
181	594
182	13
182	529
182	655
182	977
182	996
183	166
183	432
183	905
183	960
184	569
184	597
184	640
184	695
185	645
185	810
185	984
185	999
186	339
186	528
186	730
186	836
187	64
187	288
187	336
187	870
188	292
188	404
188	901
188	923
189	270
189	866
189	907
189	980
190	367
190	662
190	807
190	957
191	92
191	411
191	457
191	935
192	128
192	930
192	938
192	950
193	142
193	677
193	833
193	932
194	649
194	931
194	959
194	998
195	654
195	765
195	930
195	938
196	790
196	847
196	914
196	939
197	736
197	748
197	850
197	868
198	758
198	776
198	889
198	968
198	984
199	210
199	616
199	651
199	699
199	876
199	919
199	995
200	149
200	612
200	872
200	894
201	517
201	688
201	874
201	999
202	586
202	609
202	680
202	907
203	79
203	931
203	959
204	231
204	242
204	362
204	422
205	76
205	638
205	874
205	968
205	982
205	985
206	704
206	735
206	744
206	973
207	876
207	889
207	930
207	937
207	964
207	994
208	303
208	410
208	704
208	872
209	587
209	775
209	945
209	995
210	8
210	31
210	199
210	943
211	725
211	752
211	870
211	982
212	225
212	549
212	703
212	768
212	854
213	10
213	435
213	769
213	974
214	498
214	616
214	654
214	960
214	983
215	249
215	335
215	798
215	923
216	494
216	607
216	668
216	710
216	936
217	493
217	495
217	596
217	921
218	630
218	838
218	964
218	992
219	179
219	616
219	731
219	984
219	996
220	717
220	778
220	822
220	853
221	166
221	225
221	714
221	905
222	642
222	753
222	876
222	943
222	951
222	990
223	618
223	652
223	866
223	909
223	950
224	433
224	805
224	878
224	943
225	212
225	221
225	834
225	994
226	784
226	956
226	974
227	38
227	675
227	897
227	971
228	364
228	654
228	782
228	900
228	932
228	970
229	470
229	539
229	542
229	949
230	431
230	534
230	887
230	938
230	958
231	204
231	284
231	489
231	722
231	997
232	717
232	778
232	822
232	853
232	974
233	343
233	849
233	862
233	950
233	999
234	515
234	710
234	876
234	975
234	979
234	984
235	39
235	70
235	799
235	878
235	990
236	683
236	766
236	888
236	940
236	981
237	296
237	345
237	351
237	828
237	901
238	328
238	640
238	763
238	764
238	967
239	721
239	941
239	948
239	977
239	983
240	502
240	810
240	870
240	928
240	997
241	784
241	852
241	937
241	963
241	978
241	993
242	204
242	278
242	303
242	581
242	948
243	396
243	487
243	538
243	985
243	989
244	560
244	602
244	757
244	916
244	943
245	732
245	913
245	946
245	979
245	980
246	713
246	741
246	954
246	956
246	978
247	585
247	730
247	892
247	901
247	908
248	326
248	853
248	899
248	937
248	975
248	976
248	985
249	55
249	215
249	827
249	980
249	986
250	23
250	362
250	367
250	733
250	879
251	178
251	861
251	898
251	930
251	938
252	26
252	69
252	885
252	903
252	955
253	590
253	655
253	680
253	897
253	994
254	695
254	893
254	944
254	986
254	993
255	27
255	288
255	317
255	761
255	990
256	653
256	681
256	963
256	986
256	998
257	97
257	373
257	881
257	918
257	936
258	854
258	857
258	885
258	969
258	997
259	622
259	630
259	794
259	953
259	976
259	982
260	354
260	927
260	939
260	946
260	996
261	827
261	850
261	948
261	949
261	992
261	996
262	100
262	481
262	688
262	741
262	983
263	839
263	906
263	936
263	963
263	984
264	59
264	939
264	955
264	975
264	986
264	996
265	2
265	51
265	928
265	951
265	964
266	406
266	755
266	893
266	915
266	949
267	683
267	794
267	929
267	984
267	992
268	527
268	659
268	911
268	942
268	994
269	18
269	681
269	894
269	953
269	955
270	189
270	690
270	833
270	867
270	998
271	573
271	744
271	866
271	900
271	986
272	15
272	452
272	576
272	607
273	342
273	520
273	665
273	900
273	943
274	71
274	362
274	490
274	964
274	977
275	444
275	547
275	921
275	953
275	981
276	129
276	178
276	705
276	855
276	953
276	997
277	321
277	626
277	909
277	949
277	975
278	242
278	518
278	663
278	970
278	978
279	340
279	747
279	778
279	822
279	853
280	454
280	547
280	602
280	793
280	896
281	698
281	794
281	804
281	874
281	981
282	580
282	771
282	787
282	828
282	872
283	149
283	457
283	470
283	688
283	917
284	96
284	231
284	565
284	904
284	967
285	485
285	627
285	804
285	864
285	867
286	348
286	411
286	882
286	934
286	980
286	983
287	76
287	336
287	863
287	959
287	999
288	187
288	255
288	292
288	904
288	965
288	982
289	351
289	895
289	903
289	938
289	984
290	483
290	544
290	791
290	886
290	893
291	698
291	753
291	819
291	983
291	995
292	188
292	288
292	310
292	320
292	492
293	76
293	114
293	760
293	895
293	964
294	56
294	695
294	739
294	852
294	992
295	374
295	898
295	949
295	993
295	997
296	150
296	237
296	351
296	679
296	828
297	74
297	931
297	959
297	979
297	989
298	97
298	875
298	881
298	936
298	988
299	810
299	977
299	984
299	998
299	1000
300	547
300	852
300	875
300	1000
301	150
301	635
301	661
301	704
301	762
301	915
302	408
302	840
302	854
302	908
302	932
302	936
302	948
303	208
303	242
303	346
303	643
303	834
304	571
304	922
304	954
304	962
304	982
305	539
305	924
305	955
305	995
305	997
305	999
306	718
306	766
306	957
306	959
306	982
306	983
307	390
307	506
307	809
307	933
307	969
308	802
308	914
308	949
308	950
308	998
309	410
309	450
309	678
309	871
309	914
310	292
310	346
310	377
310	692
310	909
311	535
311	591
311	705
311	936
311	973
312	413
312	722
312	806
312	894
312	953
313	383
313	474
313	683
313	801
313	915
314	125
314	563
314	728
314	970
314	981
315	63
315	96
315	181
315	489
315	951
315	983
316	631
316	838
316	868
316	954
316	984
317	27
317	255
317	761
317	975
317	990
318	99
318	452
318	464
318	646
318	856
319	660
319	692
319	835
319	856
319	901
320	292
320	440
320	814
320	948
320	978
321	277
321	615
321	909
321	975
322	616
322	632
322	851
322	950
323	7
323	99
323	756
323	876
323	969
323	996
324	767
324	795
324	846
324	969
324	976
325	383
325	410
325	699
325	714
325	768
325	854
326	248
326	663
326	752
326	855
326	944
327	498
327	743
327	745
327	884
327	926
328	238
328	338
328	445
328	644
328	764
329	767
329	793
329	846
329	884
329	965
330	635
330	814
330	900
330	932
330	948
331	682
331	816
331	917
331	938
331	976
332	579
332	599
332	813
332	865
332	899
333	473
333	737
333	835
333	870
333	881
334	767
334	930
334	938
334	967
334	972
335	215
335	907
335	951
335	997
335	998
336	187
336	287
336	381
336	696
336	868
337	749
337	916
337	934
337	956
337	998
338	328
338	522
338	677
338	833
338	932
339	87
339	186
339	836
339	961
339	976
340	279
340	376
340	538
340	846
340	989
341	682
341	854
341	867
341	938
341	964
341	983
342	273
342	635
342	834
342	980
342	999
343	83
343	176
343	233
343	517
343	961
344	498
344	509
344	765
344	892
344	915
345	237
345	898
345	914
345	944
345	962
346	303
346	310
346	665
346	868
346	889
346	947
347	747
347	778
347	822
347	853
347	883
348	286
348	702
348	940
348	943
348	981
349	58
349	885
349	888
349	903
349	969
350	827
350	873
350	960
350	976
350	980
351	22
351	237
351	289
351	296
351	697
352	475
352	667
352	845
352	976
352	1000
353	112
353	504
353	758
353	894
353	896
354	260
354	760
354	927
354	939
354	996
355	415
355	619
355	725
355	861
355	994
356	98
356	451
356	473
356	740
356	995
357	167
357	554
357	691
357	790
357	831
358	422
358	668
358	824
358	882
358	911
359	582
359	675
359	904
359	921
359	982
359	999
360	177
360	714
360	920
360	951
360	959
361	616
361	667
361	822
361	896
361	949
361	997
362	204
362	250
362	274
362	816
362	975
362	993
363	598
363	736
363	844
363	919
363	926
364	228
364	642
364	656
364	789
364	918
365	598
365	707
365	863
365	993
365	996
366	800
366	830
366	842
366	877
366	986
367	190
367	250
367	763
367	880
367	994
368	149
368	406
368	483
368	937
368	959
368	982
368	993
369	171
369	522
369	677
369	833
369	932
370	372
370	437
370	603
370	934
370	940
371	579
371	599
371	813
371	865
371	899
372	85
372	370
372	640
372	690
372	934
373	167
373	257
373	744
373	800
373	838
374	295
374	638
374	750
374	988
374	998
375	413
375	578
375	688
375	754
375	858
376	340
376	455
376	936
376	983
376	994
377	20
377	310
377	461
377	869
377	945
378	499
378	595
378	735
378	776
378	896
379	559
379	651
379	848
379	920
379	948
380	675
380	816
380	827
380	852
380	911
380	988
381	336
381	471
381	854
381	898
381	959
381	995
382	796
382	829
382	863
382	883
382	888
383	140
383	313
383	325
383	474
383	644
383	683
384	93
384	501
384	847
384	923
384	950
384	994
385	1
385	458
385	651
385	797
385	964
385	965
386	571
386	922
386	954
386	972
386	974
386	982
387	684
387	791
387	970
387	971
387	982
387	986
388	70
388	446
388	552
388	878
388	917
388	965
389	481
389	838
389	926
389	974
389	998
389	1000
390	66
390	307
390	506
390	809
390	933
390	969
391	130
391	170
391	175
391	397
391	676
391	853
392	475
392	605
392	613
392	625
392	673
392	848
393	623
393	764
393	768
393	913
393	960
393	996
394	467
394	531
394	784
394	853
394	932
394	986
395	722
395	787
395	905
395	910
395	989
395	995
396	243
396	423
396	538
396	788
396	807
396	989
397	391
397	658
397	682
397	779
397	943
397	996
398	669
398	693
398	802
398	828
398	852
398	862
398	935
399	12
399	640
399	737
399	759
399	831
399	943
400	582
400	598
400	703
400	719
400	910
400	974
401	829
401	866
401	960
401	970
401	978
401	995
402	631
402	662
402	766
402	886
402	898
402	942
403	622
403	656
403	848
403	956
403	957
403	967
404	188
404	431
404	548
404	641
404	887
404	951
405	12
405	722
405	890
405	943
405	959
405	982
406	1
406	266
406	368
406	573
406	893
406	915
407	513
407	699
407	855
407	990
408	302
408	537
408	580
408	711
408	985
408	989
409	457
409	481
409	713
409	977
409	981
409	998
410	62
410	208
410	309
410	325
410	527
410	719
410	960
411	137
411	191
411	286
411	434
411	457
411	487
412	114
412	165
412	532
412	859
412	882
412	971
413	312
413	375
413	666
413	749
413	802
413	915
414	627
414	804
414	864
414	867
415	3
415	77
415	355
415	619
415	975
415	994
416	117
416	160
416	564
416	697
416	716
416	968
417	438
417	555
417	665
417	681
417	925
417	934
418	703
418	891
418	897
418	973
418	987
418	993
419	663
419	713
419	840
419	868
419	978
419	992
420	540
420	734
420	921
420	948
420	988
420	991
421	703
421	836
421	853
421	885
421	910
421	957
422	204
422	358
422	685
422	783
422	882
422	999
423	167
423	396
423	448
423	840
423	918
423	969
424	93
424	584
424	630
424	811
425	600
425	839
425	906
425	963
425	984
425	985
426	44
426	455
426	515
426	878
426	890
426	907
426	976
427	77
427	724
427	784
427	842
427	944
427	992
428	859
428	936
428	956
428	976
428	988
428	989
429	915
429	927
429	934
429	939
429	946
429	996
430	57
430	669
430	887
431	230
431	404
431	531
431	591
431	707
431	975
432	183
432	435
432	530
432	708
432	917
432	960
433	224
433	552
433	766
433	844
433	882
433	951
433	975
434	411
434	750
434	827
434	904
434	923
434	987
434	994
435	213
435	432
435	637
435	748
435	907
435	977
436	701
436	737
436	797
436	844
436	934
436	981
437	168
437	370
437	562
437	917
437	948
437	970
438	417
438	565
438	655
438	722
438	953
438	988
439	480
439	699
439	738
439	834
439	921
439	938
439	956
440	320
440	624
440	881
440	886
440	977
440	995
441	650
441	652
441	664
441	745
441	849
441	984
442	555
442	688
442	776
442	830
442	873
442	948
443	727
443	769
443	908
443	910
443	938
443	975
444	275
444	753
444	821
444	916
444	943
444	971
445	328
445	589
445	764
445	820
445	832
445	967
446	100
446	388
446	542
446	574
446	679
446	868
447	34
447	98
447	738
447	749
447	784
447	865
447	980
448	423
448	469
448	558
448	724
448	896
448	973
449	474
449	517
449	848
449	906
449	964
449	981
450	53
450	309
450	499
450	616
450	882
450	997
450	1000
451	356
451	620
451	708
451	731
451	953
451	997
452	102
452	272
452	318
452	876
452	983
452	993
453	157
453	658
453	859
453	876
454	280
454	703
454	809
454	824
454	949
454	972
455	376
455	426
455	818
455	869
455	953
455	983
456	519
456	768
456	868
456	955
456	959
456	982
456	993
457	191
457	283
457	409
457	411
457	716
457	935
458	152
458	385
458	874
458	933
458	937
458	955
458	978
459	1
459	476
459	710
459	918
459	937
459	951
460	93
460	931
460	959
460	965
460	979
460	998
461	377
461	538
461	761
461	810
461	899
461	967
461	991
462	514
462	684
462	836
462	953
462	975
462	981
462	987
463	857
463	867
463	948
463	952
463	958
463	996
464	61
464	318
464	615
464	856
464	881
464	974
465	489
465	651
465	774
465	876
465	883
465	988
466	829
466	863
466	883
466	887
466	995
466	1000
467	61
467	394
467	871
467	880
467	891
467	920
468	746
468	844
468	853
468	858
468	896
468	925
469	448
469	549
469	570
469	687
469	836
469	861
470	229
470	283
470	484
470	542
470	795
470	949
471	381
471	626
471	916
471	924
471	972
471	988
472	496
472	515
472	628
472	867
472	957
472	994
473	17
473	333
473	356
473	835
473	870
473	934
474	313
474	383
474	449
474	683
474	801
474	994
475	352
475	392
475	632
475	691
475	753
475	755
475	960
476	459
476	556
476	851
476	855
476	911
476	935
477	562
477	739
477	772
477	797
477	884
477	952
478	780
478	891
478	897
478	947
478	987
478	993
479	71
479	155
479	492
479	575
479	796
479	841
480	36
480	119
480	439
480	774
480	838
480	870
481	262
481	389
481	409
481	802
481	825
481	986
482	734
482	892
482	916
482	968
482	988
482	991
483	290
483	368
483	725
483	870
483	924
483	937
483	975
484	470
484	633
484	816
484	829
484	989
484	991
485	285
485	772
485	861
485	930
485	938
485	972
486	642
486	688
486	789
486	837
486	951
486	957
487	243
487	411
487	523
487	784
487	860
487	898
487	948
488	762
488	801
488	862
488	866
488	873
488	895
488	979
489	231
489	315
489	465
489	628
489	635
489	741
489	886
490	130
490	274
490	574
490	611
490	671
490	720
490	880
491	498
491	499
491	595
491	735
491	776
491	971
491	974
492	120
492	292
492	479
492	502
492	873
492	910
492	992
493	84
493	217
493	661
493	821
493	832
493	834
493	890
494	94
494	181
494	216
494	672
494	754
494	858
494	862
495	217
495	569
495	573
495	729
495	797
495	956
495	957
496	156
496	472
496	512
496	836
496	868
496	874
496	958
497	28
497	605
497	647
497	674
497	747
497	790
497	826
498	214
498	327
498	344
498	491
498	524
498	971
498	981
499	378
499	450
499	491
499	595
499	776
499	817
499	969
500	25
500	124
500	884
500	928
500	930
500	992
500	999
501	160
501	384
501	762
501	899
501	909
501	976
501	991
502	240
502	492
502	683
502	901
502	932
502	983
502	993
503	600
503	839
503	906
503	956
503	963
503	984
503	985
504	51
504	159
504	353
504	809
504	883
504	982
504	997
505	517
505	816
505	860
505	944
505	947
505	956
505	996
506	66
506	307
506	390
506	765
506	777
506	809
506	933
507	34
507	695
507	739
507	847
507	852
507	875
507	944
508	6
508	796
508	827
508	849
508	872
508	879
508	894
509	67
509	344
509	657
509	776
509	778
509	905
509	953
510	570
510	674
510	701
510	748
510	858
510	929
510	957
511	661
511	821
511	829
511	948
511	963
511	975
511	993
512	104
512	496
512	521
512	696
512	730
512	955
512	993
513	407
513	699
513	806
513	917
513	990
514	462
514	791
514	856
514	926
514	929
514	957
514	965
515	234
515	426
515	472
515	755
515	829
515	854
515	983
516	587
516	656
516	686
516	775
516	945
516	960
516	995
517	176
517	201
517	343
517	449
517	505
517	719
517	992
518	278
518	541
518	572
518	629
518	899
518	942
518	999
519	24
519	456
519	723
519	841
519	895
519	930
519	961
520	181
520	273
520	613
520	754
520	826
520	886
520	929
521	60
521	512
521	702
521	763
521	772
521	955
521	999
522	338
522	369
522	772
522	833
522	879
522	932
522	940
523	85
523	487
523	823
523	903
523	926
523	951
523	956
524	498
524	556
524	837
524	871
524	872
524	914
524	952
525	1
525	718
525	800
525	878
525	913
525	932
525	982
526	689
526	742
526	808
526	843
526	892
526	894
526	985
527	268
527	410
527	572
527	815
527	914
527	948
527	978
528	186
528	659
528	689
528	828
528	863
528	881
528	896
529	41
529	182
529	630
529	892
529	962
529	964
529	995
530	121
530	432
530	625
530	811
530	896
530	952
530	991
531	394
531	431
531	623
531	650
531	816
531	903
531	991
532	412
532	706
532	780
532	920
532	933
532	952
532	964
533	550
533	633
533	788
533	838
533	962
533	964
533	997
534	152
534	230
534	657
534	831
534	861
534	972
534	985
535	118
535	311
535	635
535	801
535	843
535	988
535	998
536	737
536	765
536	789
536	808
536	825
536	844
536	893
537	9
537	408
537	797
537	818
537	878
537	962
537	989
538	14
538	243
538	340
538	396
538	461
538	985
538	989
539	229
539	305
539	857
539	873
539	874
539	925
539	973
540	420
540	593
540	734
540	948
540	968
540	971
540	991
541	31
541	518
541	589
541	647
541	712
541	966
541	972
542	229
542	446
542	470
542	782
542	793
542	949
542	982
543	669
543	849
543	868
543	907
543	937
543	998
543	999
544	290
544	781
544	791
544	792
544	893
544	928
544	983
545	17
545	912
545	921
545	936
545	950
545	987
545	993
546	609
546	653
546	852
546	876
546	945
546	948
546	955
547	275
547	280
547	300
547	742
547	875
547	1000
548	164
548	404
548	792
548	909
548	919
548	939
548	970
549	13
549	212
549	469
549	708
549	881
549	966
549	977
550	533
550	651
550	900
550	923
550	960
550	984
550	996
551	136
551	713
551	830
551	898
551	932
551	943
551	972
552	388
552	433
552	797
552	866
552	899
552	901
552	966
553	95
553	567
553	915
553	918
553	937
553	979
553	991
554	167
554	357
554	618
554	682
554	705
554	763
554	879
555	417
555	442
555	669
555	707
555	778
555	803
555	913
556	108
556	168
556	476
556	524
556	878
556	947
556	988
557	878
557	917
557	930
557	934
557	937
557	938
557	952
558	448
558	607
558	700
558	936
558	972
558	984
558	1000
559	107
559	112
559	379
559	577
559	799
559	829
559	844
560	78
560	244
560	601
560	774
560	818
560	861
560	894
560	990
561	653
561	730
561	756
561	759
561	843
561	921
561	990
561	999
562	113
562	437
562	477
562	873
562	912
562	928
562	952
562	964
563	314
563	728
563	913
563	961
563	965
563	970
563	981
563	994
564	151
564	416
564	787
564	819
564	834
564	864
564	885
564	988
565	284
565	438
565	740
565	757
565	838
565	987
565	993
565	1000
566	44
566	68
566	662
566	803
566	869
566	986
566	987
566	993
567	553
567	596
567	610
567	621
567	762
567	812
567	952
567	980
568	106
568	130
568	700
568	710
568	868
568	904
568	981
568	992
569	59
569	184
569	495
569	598
569	693
569	729
569	787
569	825
570	124
570	469
570	510
570	893
570	935
570	963
570	976
570	999
571	54
571	304
571	386
571	922
571	954
571	962
571	971
571	982
572	518
572	527
572	597
572	631
572	902
572	946
572	947
572	973
573	271
573	406
573	495
573	582
573	595
573	818
573	861
573	880
574	446
574	490
574	595
574	663
574	795
574	924
574	975
574	981
575	46
575	479
575	629
575	713
575	775
575	825
575	840
575	982
576	272
576	722
576	816
576	933
576	970
576	978
576	981
576	995
577	6
577	132
577	559
577	856
577	943
577	956
577	968
577	992
578	375
578	585
578	849
578	856
578	873
578	894
578	926
578	950
579	332
579	371
579	597
579	599
579	813
579	865
579	899
579	940
580	282
580	408
580	643
580	706
580	811
580	929
580	947
580	980
581	242
581	667
581	767
581	913
581	965
581	970
581	976
581	1000
582	78
582	88
582	111
582	359
582	400
582	573
582	908
582	915
583	596
583	610
583	698
583	735
583	812
583	862
583	892
583	952
584	170
584	424
584	630
584	771
584	854
584	952
584	963
584	984
585	247
585	578
585	743
585	745
585	749
585	901
585	908
585	946
586	202
586	682
586	691
586	852
586	904
586	907
586	959
586	975
587	209
587	516
587	686
587	775
587	942
587	945
587	973
587	995
588	715
588	824
588	920
588	926
588	935
588	960
588	968
588	979
589	31
589	445
589	541
589	619
589	639
589	812
589	913
589	920
590	253
590	620
590	783
590	819
590	865
590	930
590	938
590	953
591	75
591	311
591	431
591	609
591	732
591	940
591	958
591	976
592	32
592	165
592	712
592	821
592	878
592	967
592	987
592	993
593	540
593	794
593	837
593	948
593	964
593	976
593	981
593	986
594	10
594	71
594	181
594	779
594	860
594	909
594	932
594	998
595	378
595	491
595	499
595	573
595	574
595	776
595	790
595	971
596	115
596	217
596	567
596	583
596	621
596	812
596	952
596	980
597	184
597	572
597	579
597	640
597	902
597	946
597	947
597	973
598	363
598	365
598	400
598	569
598	707
598	817
598	933
598	983
599	101
599	332
599	371
599	579
599	813
599	865
599	899
599	912
600	425
600	503
600	839
600	906
600	961
600	963
600	984
600	985
601	32
601	560
601	713
601	799
601	804
601	878
601	954
601	975
602	30
602	244
602	280
602	710
602	816
602	861
602	961
602	964
603	35
603	370
603	632
603	701
603	885
603	907
603	917
603	998
604	840
604	895
604	899
604	927
604	955
604	984
604	995
604	996
605	392
605	497
605	688
605	936
605	954
605	961
605	976
605	986
606	51
606	165
606	727
606	764
606	863
606	920
606	924
606	975
607	15
607	20
607	216
607	272
607	558
607	690
607	758
607	890
608	81
608	683
608	768
608	874
608	925
608	948
608	983
608	988
609	202
609	546
609	591
609	801
609	907
609	956
609	988
609	1000
610	68
610	115
610	567
610	583
610	777
610	812
610	892
610	980
611	490
611	620
611	707
611	725
611	863
611	895
611	948
611	953
612	85
612	200
612	784
612	809
612	822
612	904
612	927
612	996
613	50
613	392
613	520
613	866
613	873
613	937
613	986
613	995
614	703
614	750
614	947
614	982
614	987
614	993
614	996
614	997
615	321
615	464
615	626
615	909
615	962
615	966
615	967
615	975
616	199
616	214
616	219
616	322
616	361
616	450
616	632
616	950
617	672
617	707
617	802
617	868
617	927
617	940
617	953
617	996
618	223
618	554
618	633
618	723
618	731
618	970
618	975
618	985
619	355
619	415
619	589
619	670
619	725
619	820
619	880
619	994
620	451
620	590
620	611
620	666
620	920
620	953
620	973
620	997
621	68
621	567
621	596
621	732
621	752
621	812
621	952
621	980
622	259
622	403
622	630
622	644
622	746
622	905
622	920
622	977
622	983
623	393
623	531
623	644
623	650
623	708
623	805
623	894
623	903
623	991
624	440
624	710
624	714
624	717
624	827
624	830
624	842
624	986
624	990
625	37
625	392
625	530
625	690
625	693
625	746
625	834
625	890
625	978
626	277
626	471
626	615
626	909
626	962
626	964
626	966
626	967
626	975
627	285
627	414
627	779
627	804
627	864
627	867
628	45
628	65
628	119
628	472
628	489
628	709
628	886
628	907
628	947
629	112
629	518
629	575
629	724
629	894
629	896
629	913
629	920
629	992
630	218
630	259
630	424
630	529
630	584
630	622
630	636
630	770
630	811
631	316
631	402
631	572
631	766
631	792
631	819
631	835
631	978
631	995
632	18
632	322
632	475
632	603
632	616
632	639
632	737
632	851
632	950
633	116
633	484
633	533
633	618
633	639
633	687
633	838
633	856
633	890
634	681
634	847
634	865
634	874
634	908
634	925
634	928
634	935
634	1000
635	136
635	301
635	330
635	342
635	489
635	535
635	772
635	779
635	980
636	13
636	630
636	899
636	929
636	942
636	943
636	955
636	965
636	999
637	92
637	435
637	729
637	741
637	825
637	836
637	845
637	867
637	961
638	205
638	374
638	844
638	885
638	896
638	908
638	940
638	995
638	997
639	170
639	180
639	589
639	632
639	633
639	771
639	857
639	929
639	960
640	184
640	238
640	372
640	399
640	597
640	764
640	872
640	901
640	912
641	404
641	668
641	697
641	786
641	794
641	927
641	988
641	996
641	1000
642	24
642	67
642	222
642	364
642	486
642	656
642	755
642	789
642	862
643	303
643	580
643	685
643	704
643	708
643	747
643	828
643	848
643	872
644	328
644	383
644	622
644	623
644	683
644	764
644	791
644	991
644	995
645	61
645	185
645	652
645	786
645	814
645	858
645	866
645	966
645	996
646	168
646	318
646	818
646	824
646	885
646	925
646	928
646	936
646	972
647	497
647	541
647	744
647	882
647	900
647	922
647	953
647	966
647	990
648	743
648	774
648	811
648	817
648	849
648	859
648	862
648	950
648	999
649	74
649	194
649	931
649	959
649	965
649	977
649	979
649	989
649	998
650	441
650	531
650	623
650	708
650	816
650	823
650	958
650	991
650	999
651	72
651	148
651	199
651	379
651	385
651	465
651	550
651	797
651	964
652	41
652	223
652	441
652	645
652	814
652	902
652	935
652	961
652	1000
653	256
653	546
653	561
653	756
653	759
653	843
653	921
653	990
653	999
654	195
654	214
654	228
654	672
654	800
654	930
654	938
654	965
654	967
655	143
655	182
655	253
655	438
655	680
655	746
655	752
655	886
655	994
656	364
656	403
656	516
656	642
656	828
656	982
656	985
656	988
656	994
657	509
657	534
657	667
657	831
657	844
657	932
657	979
657	987
657	993
658	157
658	397
658	453
658	729
658	785
658	859
658	876
659	140
659	174
659	268
659	528
659	723
659	845
659	846
659	993
659	994
660	168
660	319
660	701
660	703
660	896
660	923
660	987
660	991
660	993
661	301
661	493
661	511
661	817
661	871
661	914
661	946
661	990
661	991
662	82
662	190
662	402
662	566
662	664
662	854
662	939
662	974
662	996
663	278
663	326
663	419
663	574
663	725
663	740
663	880
663	888
663	978
664	34
664	441
664	662
664	708
664	821
664	844
664	903
664	923
664	943
665	164
665	172
665	273
665	346
665	417
665	684
665	716
665	934
665	969
666	413
666	620
666	677
666	688
666	731
666	827
666	933
666	975
666	982
667	352
667	361
667	581
667	657
667	679
667	702
667	767
667	969
667	1000
668	6
668	216
668	358
668	641
668	807
668	850
668	858
668	882
668	911
668	942
669	57
669	137
669	169
669	398
669	430
669	543
669	555
669	714
669	743
669	887
670	80
670	162
670	619
670	761
670	831
670	878
670	970
670	972
670	981
670	990
671	120
671	169
671	490
671	684
671	868
671	880
671	903
671	910
671	991
671	997
672	494
672	617
672	654
672	863
672	873
672	930
672	973
672	974
672	977
672	978
673	52
673	392
673	704
673	747
673	774
673	822
673	939
673	970
673	981
673	996
674	497
674	510
674	678
674	840
674	910
674	927
674	930
674	965
674	972
674	996
675	38
675	227
675	359
675	380
675	718
675	777
675	843
675	855
675	864
675	971
676	42
676	391
676	710
676	789
676	870
676	871
676	901
676	957
676	974
676	998
677	171
677	193
677	338
677	369
677	666
677	833
677	841
677	850
677	932
677	940
678	309
678	674
678	746
678	910
678	911
678	913
678	951
678	954
678	964
678	982
679	16
679	296
679	446
679	667
679	728
679	740
679	834
679	976
679	992
679	1000
680	202
680	253
680	655
680	855
680	879
680	936
680	962
680	972
680	985
680	998
681	256
681	269
681	417
681	634
681	894
681	925
681	932
681	962
681	991
681	995
682	90
682	331
682	341
682	397
682	554
682	586
682	691
682	705
682	887
682	950
683	82
683	236
683	267
683	313
683	383
683	474
683	502
683	608
683	644
683	792
684	387
684	462
684	665
684	671
684	724
684	810
684	874
684	925
684	977
684	978
685	45
685	156
685	422
685	643
685	702
685	909
685	941
685	942
685	966
685	985
686	516
686	587
686	775
686	846
686	892
686	945
686	960
686	973
686	993
686	995
687	8
687	469
687	633
687	844
687	887
687	895
687	916
687	943
687	951
687	955
688	201
688	262
688	283
688	375
688	442
688	486
688	605
688	666
688	749
688	915
689	121
689	164
689	526
689	528
689	769
689	790
689	808
689	892
689	894
689	985
690	88
690	90
690	270
690	372
690	607
690	625
690	701
690	723
690	939
690	996
691	161
691	357
691	475
691	586
691	682
691	705
691	784
691	790
691	811
691	887
692	18
692	310
692	319
692	766
692	799
692	871
692	878
692	959
692	987
692	993
693	398
693	569
693	625
693	718
693	907
693	937
693	962
693	986
693	989
693	998
694	20
694	714
694	747
694	886
694	929
694	937
694	960
694	963
694	984
694	994
695	56
695	184
695	254
695	294
695	507
695	739
695	847
695	852
695	901
695	992
696	336
696	512
696	710
696	744
696	753
696	916
696	977
696	987
696	991
696	993
697	45
697	160
697	351
697	416
697	641
697	763
697	945
697	950
697	977
697	995
698	281
698	291
698	583
698	857
698	869
698	932
698	937
698	969
698	978
698	999
699	22
699	199
699	325
699	407
699	439
699	513
699	758
699	806
699	917
699	990
700	558
700	568
700	760
700	818
700	832
700	858
700	967
700	972
700	979
700	987
701	436
701	510
701	603
701	660
701	690
701	758
701	798
701	916
701	929
701	947
702	348
702	521
702	667
702	685
702	767
702	795
702	913
702	965
702	969
702	1000
703	212
703	400
703	418
703	421
703	454
703	614
703	660
703	841
703	962
703	986
704	206
704	208
704	301
704	643
704	673
704	830
704	898
704	951
704	968
704	982
705	90
705	125
705	276
705	311
705	554
705	682
705	691
705	741
705	879
705	943
706	40
706	532
706	580
706	732
706	781
706	788
706	920
706	933
706	952
706	964
707	365
707	431
707	555
707	598
707	611
707	617
707	722
707	740
707	845
707	992
708	432
708	451
708	549
708	623
708	643
708	650
708	664
708	902
708	953
708	979
709	628
709	764
709	886
709	937
709	946
709	967
709	978
709	982
709	992
709	998
710	29
710	216
710	234
710	459
710	568
710	602
710	624
710	676
710	696
710	901
711	12
711	141
711	408
711	754
711	760
711	810
711	826
711	840
711	923
711	971
711	978
712	541
712	592
712	794
712	846
712	927
712	960
712	966
712	987
712	993
712	996
712	1000
713	246
713	409
713	419
713	551
713	575
713	601
713	735
713	810
713	933
713	959
713	978
714	221
714	325
714	360
714	624
714	669
714	694
714	732
714	734
714	837
714	924
714	948
715	588
715	795
715	832
715	919
715	920
715	926
715	929
715	934
715	935
715	968
715	979
716	416
716	457
716	665
716	835
716	870
716	885
716	904
716	910
716	934
716	935
716	968
717	16
717	220
717	232
717	624
717	747
717	778
717	822
717	853
717	855
717	950
717	974
718	306
718	525
718	675
718	693
718	769
718	874
718	925
718	937
718	939
718	970
718	996
719	400
719	410
719	517
719	778
719	853
719	856
719	910
719	953
719	961
719	973
719	997
720	80
720	490
720	748
720	761
720	768
720	791
720	868
720	939
720	970
720	981
720	996
721	153
721	239
721	937
721	941
721	949
721	958
721	968
721	977
721	983
721	989
721	997
722	123
722	231
722	312
722	395
722	405
722	438
722	576
722	707
722	740
722	845
722	992
723	519
723	618
723	659
723	690
723	803
723	875
723	890
723	911
723	935
723	942
723	994
724	427
724	448
724	629
724	684
724	783
724	785
724	816
724	896
724	913
724	920
724	973
725	3
725	77
725	89
725	211
725	355
725	483
725	611
725	619
725	663
725	982
725	994
726	773
726	889
726	900
726	949
726	955
726	997
727	443
727	606
727	769
727	797
727	817
727	825
727	848
727	893
727	924
727	933
727	986
728	314
728	563
728	679
728	905
728	913
728	961
728	965
728	966
728	970
728	981
728	994
729	2
729	495
729	569
729	637
729	658
729	744
729	768
729	845
729	876
729	924
729	952
730	143
730	186
730	247
730	512
730	561
730	857
730	921
730	946
730	965
730	973
730	988
731	21
731	219
731	451
731	618
731	666
731	920
731	953
731	973
731	979
731	990
731	997
732	135
732	245
732	591
732	621
732	706
732	714
732	754
732	917
732	930
732	976
732	984
733	19
733	114
733	138
733	160
733	250
733	818
733	836
733	866
733	931
733	968
733	994
734	420
734	482
734	540
734	714
734	798
734	851
734	895
734	929
734	948
734	988
734	991
735	206
735	378
735	491
735	583
735	713
735	851
735	900
735	905
735	924
735	940
735	978
736	197
736	363
736	821
736	827
736	847
736	916
736	925
736	944
736	945
736	995
736	997
737	29
737	333
737	399
737	436
737	536
737	632
737	786
737	835
737	842
737	903
737	926
738	99
738	439
738	447
738	833
738	902
738	909
738	913
738	932
738	936
738	956
738	998
739	87
739	294
739	477
739	507
739	695
739	819
739	852
739	879
739	944
739	974
739	992
740	80
740	175
740	356
740	565
740	663
740	679
740	707
740	722
740	824
740	845
740	992
741	90
741	145
741	246
741	262
741	489
741	637
741	705
741	853
741	869
741	880
741	994
742	88
742	150
742	526
742	547
742	877
742	879
742	965
742	985
742	989
742	998
742	1000
743	327
743	585
743	648
743	669
743	825
743	837
743	849
743	928
743	953
743	997
743	1000
744	206
744	271
744	373
744	647
744	696
744	729
744	754
744	769
744	802
744	819
744	963
745	84
745	327
745	441
745	585
745	757
745	805
745	835
745	844
745	916
745	930
745	954
745	982
746	468
746	622
746	625
746	655
746	678
746	807
746	870
746	973
746	977
746	978
746	980
746	994
747	279
747	347
747	497
747	643
747	673
747	694
747	717
747	778
747	822
747	853
747	950
747	974
748	49
748	100
748	118
748	139
748	197
748	435
748	510
748	720
748	850
748	868
748	887
748	911
749	24
749	109
749	337
749	413
749	447
749	585
749	688
749	783
749	858
749	859
749	888
749	915
750	106
750	172
750	374
750	434
750	614
750	920
750	943
750	955
750	959
750	970
750	981
750	998
751	63
751	82
751	116
751	117
751	815
751	832
751	910
751	912
751	933
751	944
751	962
751	997
752	211
752	326
752	621
752	655
752	800
752	808
752	814
752	832
752	852
752	991
752	994
752	997
753	10
753	86
753	222
753	291
753	444
753	475
753	696
753	757
753	821
753	916
753	943
753	956
754	375
754	494
754	520
754	711
754	732
754	744
754	811
754	826
754	862
754	892
754	929
754	974
755	176
755	266
755	475
755	515
755	642
755	789
755	874
755	954
755	970
755	981
755	982
755	1000
756	138
756	141
756	323
756	561
756	653
756	759
756	875
756	915
756	919
756	921
756	990
756	999
757	244
757	565
757	745
757	753
757	771
757	821
757	916
757	943
757	956
757	965
757	971
757	997
758	36
758	198
758	353
758	607
758	699
758	701
758	818
758	869
758	893
758	896
758	950
758	967
759	138
759	399
759	561
759	653
759	756
759	787
759	875
759	919
759	921
759	978
759	990
759	999
760	293
760	354
760	700
760	711
760	788
760	812
760	818
760	895
760	903
760	916
760	943
760	967
761	27
761	255
761	317
761	461
761	670
761	720
761	770
761	777
761	805
761	810
761	857
761	990
762	91
762	301
762	488
762	501
762	567
762	827
762	895
762	945
762	953
762	980
762	994
762	995
763	238
763	367
763	521
763	554
763	697
763	835
763	870
763	890
763	947
763	967
763	994
763	999
764	135
764	238
764	328
764	393
764	445
764	606
764	640
764	644
764	709
764	820
764	832
764	967
765	26
765	51
765	195
765	344
765	506
765	536
765	809
765	844
765	926
765	939
765	942
765	996
766	108
766	152
766	236
766	306
766	402
766	433
766	631
766	692
766	886
766	898
766	942
766	992
767	324
767	329
767	334
767	581
767	667
767	702
767	841
767	884
767	913
767	967
767	976
767	1000
768	22
768	212
768	325
768	393
768	456
768	608
768	720
768	729
768	848
768	869
768	924
768	955
769	213
769	443
769	689
769	718
769	727
769	744
769	773
769	793
769	820
769	886
769	923
769	960
770	630
770	761
770	771
770	836
770	838
770	924
770	928
770	950
770	987
770	990
770	992
770	993
771	282
771	584
771	639
771	757
771	770
771	836
771	930
771	938
771	943
771	955
771	970
771	981
772	477
772	485
772	521
772	522
772	635
772	885
772	929
772	932
772	938
772	955
772	987
772	993
773	726
773	769
773	841
773	872
773	889
773	900
773	949
773	955
774	465
774	480
774	560
774	648
774	673
774	786
774	795
774	837
774	860
774	871
774	877
774	884
774	991
775	144
775	209
775	516
775	575
775	587
775	686
775	872
775	912
775	942
775	945
775	960
775	973
775	995
776	67
776	162
776	198
776	378
776	442
776	491
776	499
776	509
776	595
776	790
776	808
776	817
776	971
777	17
777	506
777	610
777	675
777	761
777	791
777	792
777	809
777	971
777	977
777	980
777	983
777	990
778	220
778	232
778	279
778	347
778	509
778	555
778	717
778	719
778	747
778	822
778	853
778	950
778	974
779	397
779	594
779	627
779	635
779	794
779	807
779	843
779	904
779	905
779	934
779	962
779	966
779	998
780	478
780	532
780	865
780	870
780	871
780	883
780	899
780	914
780	935
780	964
780	968
780	978
780	1000
781	49
781	544
781	706
781	792
781	833
781	859
781	875
781	920
781	925
781	932
781	946
781	976
781	985
782	228
782	542
782	798
782	856
782	869
782	881
782	939
782	949
782	954
782	982
782	988
782	996
782	998
783	20
783	422
783	590
783	724
783	749
783	824
783	845
783	847
783	910
783	930
783	938
783	979
783	980
784	92
784	226
784	241
784	394
784	427
784	447
784	487
784	612
784	691
784	793
784	887
784	956
784	974
785	658
785	724
785	829
785	831
785	873
785	876
785	895
785	909
785	933
785	973
785	985
785	997
785	1000
786	4
786	641
786	645
786	737
786	774
786	817
786	845
786	860
786	871
786	958
786	962
786	991
786	1000
787	122
787	282
787	395
787	564
787	569
787	759
787	824
787	911
787	921
787	939
787	945
787	995
787	996
788	396
788	533
788	706
788	760
788	799
788	846
788	878
788	905
788	914
788	952
788	957
788	962
788	1000
789	364
789	486
789	536
789	642
789	676
789	755
789	808
789	837
789	918
789	951
789	957
789	989
789	998
790	196
790	357
790	497
790	595
790	689
790	691
790	776
790	945
790	977
790	983
790	985
790	990
790	995
791	9
791	290
791	387
791	514
791	544
791	644
791	720
791	777
791	792
791	801
791	826
791	831
791	928
792	9
792	544
792	548
792	631
792	683
792	777
792	781
792	791
792	801
792	826
792	893
792	902
792	928
793	280
793	329
793	542
793	769
793	784
793	856
793	953
793	955
793	974
793	988
793	991
793	997
793	998
794	89
794	161
794	259
794	267
794	281
794	593
794	641
794	712
794	779
794	905
794	934
794	966
794	998
795	324
795	470
795	574
795	702
795	715
795	774
795	809
795	921
795	963
795	968
795	984
795	990
795	991
796	382
796	479
796	508
796	815
796	819
796	841
796	854
796	867
796	910
796	951
796	958
796	961
796	969
797	385
797	436
797	477
797	495
797	537
797	552
797	651
797	727
797	896
797	917
797	928
797	963
797	984
798	215
798	701
798	734
798	782
798	811
798	841
798	860
798	929
798	937
798	948
798	958
798	970
798	981
799	39
799	70
799	104
799	235
799	559
799	601
799	692
799	788
799	878
799	917
799	933
799	965
799	990
800	47
800	49
800	366
800	373
800	525
800	654
800	752
800	830
800	842
800	877
800	968
800	969
800	986
801	313
801	474
801	488
801	535
801	609
801	791
801	792
801	863
801	928
801	937
801	988
801	992
801	1000
802	308
802	398
802	413
802	481
802	617
802	744
802	885
802	903
802	928
802	987
802	988
802	993
802	998
803	4
803	555
803	566
803	723
803	861
803	923
803	944
803	962
803	963
803	964
803	974
803	984
803	997
804	103
804	281
804	285
804	414
804	601
804	627
804	851
804	864
804	867
804	912
805	134
805	224
805	623
805	745
805	761
805	845
805	918
805	936
805	944
805	958
805	970
805	981
805	990
805	991
806	312
806	513
806	699
806	812
806	844
806	860
806	862
806	897
806	919
806	955
806	958
806	980
806	987
806	993
807	190
807	396
807	668
807	746
807	779
807	820
807	855
807	882
807	940
807	957
807	980
807	981
807	985
807	988
808	526
808	536
808	689
808	752
808	776
808	789
808	825
808	856
808	866
808	895
808	919
808	954
808	982
808	998
809	66
809	307
809	390
809	454
809	504
809	506
809	612
809	765
809	777
809	795
809	826
809	933
809	954
809	969
810	156
810	185
810	240
810	299
810	461
810	684
810	711
810	713
810	761
810	828
810	918
810	956
810	978
810	992
811	178
811	424
811	530
811	580
811	630
811	648
811	691
811	754
811	798
811	849
811	907
811	956
811	957
811	974
812	68
812	115
812	567
812	583
812	589
812	596
812	610
812	621
812	760
812	806
812	892
812	952
812	980
812	987
813	101
813	332
813	371
813	579
813	599
813	821
813	850
813	864
813	865
813	899
813	904
813	912
813	940
814	5
814	41
814	89
814	104
814	111
814	135
814	320
814	330
814	645
814	652
814	752
814	832
814	902
814	906
815	116
815	527
815	751
815	796
815	826
815	832
815	851
815	910
815	911
815	933
815	944
815	962
815	996
815	997
816	331
816	362
816	380
816	484
816	505
816	531
816	576
816	602
816	650
816	724
816	823
816	894
816	958
816	991
817	147
817	499
817	598
817	648
817	661
817	727
817	776
817	786
817	849
817	860
817	988
817	990
817	991
817	999
818	455
818	537
818	560
818	573
818	646
818	700
818	733
818	758
818	760
818	819
818	832
818	914
818	967
818	972
818	979
819	291
819	564
819	590
819	631
819	739
819	744
819	796
819	818
819	864
819	867
819	891
819	950
819	978
819	979
819	992
820	100
820	445
820	619
820	764
820	769
820	807
820	830
820	831
820	832
820	842
820	854
820	914
820	918
820	969
820	994
821	180
821	444
821	493
821	511
821	592
821	664
821	736
821	753
821	757
821	813
821	884
821	916
821	943
821	965
821	971
822	113
822	220
822	232
822	279
822	347
822	361
822	612
822	673
822	717
822	747
822	778
822	853
822	855
822	950
822	974
823	83
823	89
823	523
823	650
823	816
823	836
823	845
823	944
823	953
823	960
823	961
823	974
823	991
823	992
823	1000
824	71
824	358
824	454
824	588
824	646
824	740
824	783
824	787
824	854
824	895
824	904
824	911
824	934
824	958
824	964
825	130
825	176
825	481
825	536
825	569
825	575
825	637
825	727
825	743
825	808
825	866
825	895
825	966
825	992
825	996
826	125
826	497
826	520
826	711
826	754
826	791
826	792
826	809
826	815
826	877
826	947
826	969
826	986
826	994
826	997
827	22
827	249
827	261
827	350
827	380
827	434
827	508
827	624
827	666
827	736
827	762
827	876
827	901
827	960
827	980
828	237
828	282
828	296
828	398
828	528
828	643
828	656
828	810
828	834
828	908
828	911
828	919
828	966
828	978
828	985
829	163
829	382
829	401
829	466
829	484
829	511
829	515
829	559
829	785
829	883
829	942
829	971
829	976
829	991
829	1000
830	39
830	65
830	108
830	366
830	442
830	551
830	624
830	704
830	800
830	820
830	842
830	968
830	969
830	986
830	988
831	148
831	357
831	399
831	534
831	657
831	670
831	785
831	791
831	820
831	881
831	901
831	966
831	985
831	986
831	988
832	5
832	445
832	493
832	700
832	715
832	751
832	752
832	764
832	814
832	815
832	818
832	820
832	905
832	919
832	980
833	142
833	171
833	193
833	270
833	338
833	369
833	522
833	677
833	738
833	781
833	841
833	879
833	932
833	940
833	969
834	12
834	225
834	303
834	342
834	439
834	493
834	564
834	625
834	679
834	828
834	858
834	882
834	888
834	914
834	953
834	972
835	17
835	28
835	84
835	179
835	319
835	333
835	473
835	631
835	716
835	737
835	745
835	763
835	870
835	902
835	965
835	968
836	19
836	186
836	339
836	421
836	462
836	469
836	496
836	637
836	733
836	770
836	771
836	823
836	857
836	904
836	961
836	976
837	486
837	524
837	593
837	714
837	743
837	774
837	789
837	844
837	860
837	882
837	909
837	914
837	951
837	975
837	986
837	1000
838	44
838	81
838	102
838	218
838	316
838	373
838	389
838	480
838	533
838	565
838	633
838	770
838	955
838	957
838	962
838	992
839	263
839	425
839	503
839	600
839	874
839	906
839	924
839	928
839	942
839	947
839	961
839	963
839	984
839	985
840	40
840	46
840	106
840	109
840	132
840	151
840	302
840	419
840	423
840	575
840	604
840	674
840	711
840	923
840	960
840	972
841	479
841	519
841	677
841	703
841	767
841	773
841	796
841	798
841	833
841	887
841	889
841	900
841	923
841	932
841	967
841	986
842	25
842	47
842	50
842	86
842	366
842	427
842	624
842	737
842	800
842	820
842	830
842	877
842	939
842	968
842	969
842	986
843	526
843	535
843	561
843	653
843	675
843	779
843	892
843	904
843	921
843	931
843	937
843	959
843	966
843	971
843	979
843	985
844	363
844	433
844	436
844	468
844	536
844	559
844	638
844	657
844	664
844	687
844	745
844	765
844	806
844	837
844	919
844	926
844	991
845	48
845	352
845	637
845	659
845	707
845	722
845	729
845	740
845	783
845	786
845	805
845	823
845	877
845	942
845	946
845	947
845	960
846	53
846	92
846	324
846	329
846	340
846	659
846	686
846	712
846	788
846	875
846	893
846	927
846	939
846	945
846	981
846	995
846	996
847	154
847	196
847	384
847	507
847	634
847	695
847	736
847	783
847	859
847	906
847	909
847	923
847	925
847	950
847	963
847	975
847	984
848	14
848	379
848	392
848	403
848	449
848	643
848	727
848	768
848	863
848	872
848	873
848	888
848	924
848	955
848	971
848	972
848	1000
849	18
849	40
849	53
849	233
849	441
849	508
849	543
849	578
849	648
849	743
849	811
849	817
849	859
849	862
849	875
849	950
849	999
850	6
850	93
850	197
850	261
850	668
850	677
850	748
850	813
850	861
850	865
850	868
850	882
850	888
850	899
850	901
850	932
850	944
851	322
851	476
851	632
851	734
851	735
851	804
851	815
851	864
851	867
851	894
851	910
851	923
851	939
851	940
851	948
851	971
851	988
852	148
852	241
852	294
852	300
852	380
852	398
852	507
852	546
852	586
852	695
852	739
852	752
852	874
852	879
852	914
852	944
852	992
853	220
853	232
853	248
853	279
853	347
853	391
853	394
853	421
853	468
853	717
853	719
853	741
853	747
853	778
853	822
853	950
853	974
854	11
854	78
854	212
854	258
854	302
854	325
854	341
854	381
854	515
854	584
854	662
854	796
854	820
854	824
854	857
854	969
854	997
855	37
855	38
855	91
855	178
855	276
855	326
855	407
855	476
855	675
855	680
855	717
855	807
855	822
855	970
855	981
855	997
856	99
856	109
856	126
856	318
856	319
856	464
856	514
856	577
856	578
856	633
856	719
856	782
856	793
856	808
856	861
856	881
856	974
857	27
857	93
857	258
857	463
857	539
857	639
857	698
857	730
857	761
857	836
857	854
857	897
857	953
857	987
857	990
857	993
857	997
858	126
858	375
858	468
858	494
858	510
858	645
858	668
858	700
858	749
858	834
858	886
858	903
858	957
858	958
858	969
858	979
858	999
859	56
859	412
859	428
859	453
859	648
859	658
859	749
859	781
859	847
859	849
859	876
859	888
859	931
859	936
859	939
859	959
859	999
860	4
860	487
860	505
860	594
860	774
860	786
860	798
860	806
860	817
860	837
860	871
860	893
860	926
860	947
860	958
860	991
860	1000
861	50
861	123
861	251
861	355
861	469
861	485
861	534
861	560
861	573
861	602
861	803
861	850
861	856
861	897
861	946
861	986
861	987
861	993
862	233
862	398
862	488
862	494
862	583
862	642
862	648
862	754
862	806
862	849
862	895
862	896
862	897
862	913
862	974
862	979
862	987
862	993
863	119
863	159
863	287
863	365
863	382
863	466
863	528
863	606
863	611
863	672
863	801
863	848
863	883
863	887
863	890
863	952
863	971
863	1000
864	103
864	285
864	414
864	564
864	627
864	675
864	804
864	813
864	819
864	851
864	867
864	912
865	101
865	121
865	332
865	371
865	447
865	579
865	590
865	599
865	634
865	780
865	813
865	850
865	899
865	904
865	912
865	940
865	946
866	98
866	114
866	189
866	223
866	271
866	401
866	488
866	552
866	613
866	645
866	733
866	808
866	825
866	895
866	906
866	924
866	964
866	979
867	86
867	103
867	152
867	270
867	285
867	341
867	414
867	463
867	472
867	627
867	637
867	796
867	804
867	819
867	851
867	864
867	912
867	985
868	127
868	197
868	316
868	336
868	346
868	419
868	446
868	456
868	496
868	543
868	568
868	617
868	671
868	720
868	748
868	850
868	887
868	911
869	151
869	377
869	455
869	566
869	698
869	741
869	758
869	768
869	782
869	890
869	905
869	908
869	916
869	942
869	943
869	951
869	965
869	980
870	84
870	122
870	187
870	211
870	240
870	333
870	473
870	480
870	483
870	676
870	716
870	746
870	763
870	780
870	835
870	881
870	902
870	934
870	968
871	309
871	467
871	524
871	661
871	676
871	692
871	774
871	780
871	786
871	860
871	914
871	941
871	946
871	958
871	976
871	977
871	980
871	983
871	991
872	110
872	200
872	208
872	282
872	508
872	524
872	640
872	643
872	773
872	775
872	848
872	889
872	897
872	900
872	919
872	945
872	987
872	993
872	995
873	19
873	350
873	442
873	488
873	492
873	539
873	562
873	578
873	613
873	672
873	785
873	848
873	925
873	928
873	960
873	976
873	980
873	986
873	1000
874	53
874	201
874	205
874	281
874	458
874	496
874	539
874	608
874	634
874	684
874	718
874	755
874	839
874	852
874	908
874	925
874	928
874	935
874	1000
875	107
875	298
875	300
875	507
875	547
875	723
875	756
875	759
875	781
875	846
875	849
875	897
875	921
875	936
875	971
875	987
875	993
875	994
875	1000
876	89
876	125
876	127
876	157
876	199
876	207
876	222
876	234
876	323
876	452
876	453
876	465
876	546
876	658
876	729
876	785
876	827
876	859
876	952
877	366
877	742
877	774
877	800
877	826
877	842
877	845
877	878
877	886
877	906
877	927
877	939
877	958
877	963
877	984
877	986
877	990
877	996
877	998
878	39
878	224
878	235
878	388
878	426
878	525
878	537
878	556
878	557
878	592
878	601
878	670
878	692
878	788
878	799
878	877
878	958
878	965
878	990
879	162
879	250
879	508
879	522
879	554
879	680
879	705
879	739
879	742
879	833
879	852
879	887
879	906
879	926
879	932
879	936
879	963
879	984
879	994
880	112
880	144
880	367
880	467
880	490
880	573
880	619
880	663
880	671
880	741
880	897
880	915
880	920
880	945
880	987
880	989
880	993
880	994
880	995
881	55
881	257
881	298
881	333
881	440
881	464
881	528
881	549
881	782
881	831
881	856
881	870
881	902
881	918
881	931
881	936
881	968
881	986
881	988
882	32
882	137
882	286
882	358
882	412
882	422
882	433
882	450
882	647
882	668
882	807
882	834
882	837
882	850
882	908
882	911
882	914
882	942
882	999
883	1
883	28
883	44
883	347
883	382
883	465
883	466
883	504
883	780
883	829
883	863
883	887
883	888
883	927
883	942
883	952
883	971
883	976
883	1000
884	136
884	327
884	329
884	477
884	500
884	767
884	774
884	821
884	908
884	916
884	927
884	939
884	942
884	943
884	952
884	955
884	996
884	999
884	1000
885	29
885	58
885	69
885	252
885	258
885	349
885	421
885	564
885	603
885	638
885	646
885	716
885	772
885	802
885	888
885	903
885	926
885	969
885	989
886	91
886	290
886	402
886	440
886	489
886	520
886	628
886	655
886	694
886	709
886	766
886	769
886	858
886	877
886	917
886	942
886	957
886	969
886	986
886	994
887	57
887	163
887	230
887	404
887	430
887	466
887	669
887	682
887	687
887	691
887	748
887	784
887	841
887	863
887	868
887	879
887	883
887	911
887	951
887	979
888	65
888	236
888	349
888	382
888	663
888	749
888	834
888	848
888	850
888	859
888	883
888	885
888	903
888	922
888	942
888	951
888	954
888	972
888	980
888	982
889	159
889	175
889	198
889	207
889	346
889	726
889	773
889	841
889	872
889	900
889	937
889	949
889	955
890	174
890	405
890	426
890	493
890	607
890	625
890	633
890	723
890	763
890	863
890	869
890	908
890	927
890	934
890	939
890	957
890	980
890	991
890	996
890	999
891	73
891	418
891	467
891	478
891	819
891	897
891	917
891	940
891	947
891	973
891	987
891	993
892	247
892	344
892	482
892	526
892	529
892	583
892	610
892	686
892	689
892	754
892	812
892	843
892	904
892	915
892	917
892	926
892	929
892	945
892	948
892	995
893	11
893	254
893	266
893	290
893	406
893	536
893	544
893	570
893	727
893	758
893	792
893	846
893	860
893	906
893	915
893	924
893	963
893	984
893	985
893	989
894	200
894	269
894	312
894	353
894	508
894	526
894	560
894	578
894	623
894	629
894	681
894	689
894	816
894	851
894	896
894	906
894	963
894	984
894	985
894	999
895	76
895	98
895	289
895	293
895	488
895	519
895	604
895	611
895	687
895	734
895	760
895	762
895	785
895	808
895	824
895	825
895	862
895	866
895	979
895	986
896	280
896	353
896	361
896	378
896	448
896	468
896	528
896	530
896	629
896	638
896	660
896	724
896	758
896	797
896	862
896	894
896	913
896	917
896	920
896	994
897	73
897	227
897	253
897	418
897	478
897	806
897	857
897	861
897	862
897	872
897	875
897	880
897	891
897	917
897	940
897	947
897	973
897	987
897	993
898	42
898	94
898	180
898	251
898	295
898	345
898	381
898	402
898	487
898	551
898	704
898	766
898	930
898	941
898	951
898	953
898	974
898	977
898	983
898	990
898	991
899	101
899	248
899	332
899	371
899	461
899	501
899	518
899	552
899	579
899	599
899	604
899	636
899	780
899	813
899	850
899	865
899	904
899	912
899	927
899	940
899	990
900	18
900	24
900	45
900	72
900	156
900	228
900	271
900	273
900	330
900	550
900	647
900	726
900	735
900	773
900	841
900	872
900	889
900	949
900	955
900	975
900	976
901	188
901	237
901	247
901	319
901	502
901	552
901	585
901	640
901	676
901	695
901	710
901	827
901	831
901	850
901	960
901	972
901	980
901	985
901	998
901	999
902	148
902	572
902	597
902	652
902	708
902	738
902	792
902	814
902	835
902	870
902	881
902	918
902	934
902	935
902	948
902	961
902	966
902	968
902	973
902	988
902	991
903	29
903	58
903	69
903	252
903	289
903	349
903	523
903	531
903	623
903	664
903	671
903	737
903	760
903	802
903	858
903	885
903	888
903	926
903	955
903	969
903	989
904	284
904	288
904	359
904	434
904	568
904	586
904	612
904	716
904	779
904	813
904	824
904	836
904	843
904	865
904	892
904	899
904	935
904	967
904	980
904	985
904	998
904	999
905	14
905	166
905	183
905	221
905	395
905	509
905	622
905	728
905	735
905	779
905	788
905	794
905	832
905	869
905	917
905	934
905	951
905	960
905	966
905	970
905	981
905	986
906	263
906	425
906	449
906	503
906	600
906	814
906	839
906	847
906	866
906	877
906	879
906	893
906	894
906	924
906	928
906	942
906	947
906	961
906	963
906	984
906	985
907	11
907	86
907	108
907	129
907	170
907	189
907	202
907	335
907	426
907	435
907	543
907	586
907	603
907	609
907	628
907	693
907	811
907	914
907	956
907	988
907	998
907	1000
908	247
908	302
908	443
908	582
908	585
908	634
908	638
908	828
908	869
908	874
908	882
908	884
908	890
908	912
908	923
908	925
908	950
908	956
908	957
908	978
908	989
908	1000
909	162
909	223
909	277
909	310
909	321
909	501
909	548
909	594
909	615
909	626
909	685
909	738
909	785
909	837
909	847
909	949
909	962
909	964
909	966
909	967
909	975
910	23
910	35
910	116
910	395
910	400
910	421
910	443
910	492
910	671
910	674
910	678
910	716
910	719
910	751
910	783
910	796
910	815
910	851
910	911
910	933
910	944
910	962
910	997
911	23
911	96
911	140
911	268
911	358
911	380
911	476
911	668
911	678
911	723
911	748
911	787
911	815
911	824
911	828
911	868
911	882
911	887
911	910
911	935
911	942
911	967
911	992
912	48
912	545
912	562
912	599
912	640
912	751
912	775
912	804
912	813
912	864
912	865
912	867
912	899
912	908
912	922
912	945
912	950
912	954
912	980
912	982
912	985
912	995
912	999
913	163
913	245
913	393
913	525
913	555
913	563
913	581
913	589
913	629
913	678
913	702
913	724
913	728
913	738
913	767
913	862
913	896
913	946
913	949
913	951
913	970
913	973
913	981
914	123
914	129
914	196
914	308
914	309
914	345
914	524
914	527
914	661
914	780
914	788
914	818
914	820
914	834
914	837
914	852
914	871
914	882
914	907
914	949
914	952
914	992
914	998
915	266
915	301
915	313
915	344
915	406
915	413
915	429
915	553
915	582
915	688
915	749
915	756
915	880
915	892
915	893
915	926
915	927
915	937
915	939
915	949
915	979
915	989
915	996
916	5
916	45
916	121
916	134
916	244
916	337
916	444
916	471
916	482
916	687
916	696
916	701
916	736
916	745
916	753
916	757
916	760
916	821
916	869
916	884
916	956
916	965
916	971
917	283
917	331
917	388
917	432
917	437
917	513
917	557
917	603
917	699
917	732
917	797
917	799
917	886
917	891
917	892
917	896
917	897
917	905
917	987
917	990
917	993
917	998
918	7
918	257
918	364
918	423
918	459
918	553
918	789
918	805
918	810
918	820
918	881
918	902
918	919
918	935
918	937
918	956
918	957
918	971
918	978
918	988
918	989
918	991
918	992
919	199
919	363
919	548
919	715
919	756
919	759
919	806
919	808
919	828
919	832
919	844
919	872
919	918
919	921
919	922
919	954
919	956
919	957
919	972
919	978
919	982
919	999
920	360
920	379
920	467
920	532
920	588
920	589
920	606
920	620
920	622
920	629
920	706
920	715
920	724
920	731
920	750
920	781
920	880
920	896
920	921
920	928
920	958
920	974
920	980
920	997
921	88
921	138
921	142
921	173
921	177
921	217
921	275
921	359
921	420
921	439
921	545
921	561
921	653
921	730
921	756
921	759
921	787
921	795
921	843
921	875
921	919
921	920
921	990
921	999
922	54
922	64
922	304
922	386
922	571
922	647
922	888
922	912
922	919
922	923
922	954
922	962
922	971
922	974
922	982
922	989
923	46
923	65
923	188
923	215
923	384
923	434
923	550
923	660
923	664
923	711
923	769
923	803
923	840
923	841
923	847
923	851
923	908
923	922
923	931
923	954
923	972
923	982
923	985
923	994
924	165
924	305
924	471
924	483
924	574
924	606
924	714
924	727
924	729
924	735
924	768
924	770
924	839
924	848
924	866
924	893
924	906
924	941
924	955
924	963
924	977
924	979
924	983
924	984
924	986
925	16
925	26
925	43
925	52
925	137
925	143
925	147
925	417
925	468
925	539
925	608
925	634
925	646
925	681
925	684
925	718
925	736
925	781
925	847
925	873
925	874
925	908
925	928
925	935
925	1000
926	4
926	8
926	33
926	36
926	61
926	327
926	363
926	389
926	514
926	523
926	578
926	588
926	715
926	737
926	765
926	844
926	860
926	879
926	885
926	892
926	903
926	915
926	935
926	955
926	968
926	989
927	33
927	105
927	260
927	354
927	429
927	604
927	612
927	617
927	641
927	674
927	712
927	846
927	877
927	883
927	884
927	890
927	899
927	915
927	929
927	939
927	946
927	996
928	9
928	60
928	62
928	240
928	265
928	500
928	544
928	562
928	634
928	646
928	743
928	770
928	791
928	792
928	797
928	801
928	802
928	839
928	873
928	874
928	906
928	920
928	925
928	963
928	981
928	984
929	105
929	123
929	136
929	155
929	267
929	510
929	514
929	520
929	580
929	636
929	639
929	694
929	701
929	715
929	734
929	754
929	772
929	798
929	892
929	927
929	939
929	946
929	948
929	951
929	968
929	979
929	996
930	59
930	72
930	118
930	128
930	192
930	195
930	207
930	251
930	334
930	485
930	500
930	519
930	557
930	590
930	654
930	672
930	674
930	732
930	745
930	771
930	783
930	898
930	938
930	950
930	967
930	972
930	992
931	74
931	194
931	203
931	297
931	460
931	649
931	733
931	843
931	859
931	881
931	923
931	959
931	965
931	979
931	989
931	998
932	139
932	142
932	171
932	193
932	228
932	302
932	330
932	338
932	369
932	394
932	502
932	522
932	525
932	551
932	594
932	657
932	677
932	681
932	698
932	738
932	772
932	781
932	833
932	841
932	850
932	879
932	940
933	62
933	102
933	158
933	307
933	390
933	458
933	506
933	532
933	576
933	598
933	666
933	706
933	713
933	727
933	751
933	785
933	799
933	809
933	815
933	910
933	935
933	940
933	952
933	964
933	978
933	995
933	997
934	15
934	85
934	120
934	149
934	286
934	337
934	370
934	372
934	417
934	429
934	436
934	473
934	557
934	665
934	715
934	716
934	779
934	794
934	824
934	870
934	890
934	902
934	905
934	960
934	962
934	968
934	971
934	979
935	37
935	133
935	191
935	398
935	457
935	476
935	570
935	588
935	634
935	652
935	715
935	716
935	723
935	780
935	874
935	902
935	904
935	911
935	918
935	925
935	926
935	933
935	961
935	975
935	978
935	979
935	990
935	1000
936	97
936	146
936	158
936	216
936	257
936	263
936	298
936	302
936	311
936	376
936	428
936	545
936	558
936	605
936	646
936	680
936	738
936	805
936	859
936	875
936	879
936	881
936	956
936	961
936	976
936	984
936	988
936	989
937	95
937	126
937	207
937	241
937	248
937	368
937	458
937	459
937	483
937	543
937	553
937	557
937	613
937	693
937	694
937	698
937	709
937	718
937	721
937	798
937	801
937	843
937	889
937	915
937	918
937	964
937	979
937	991
938	14
938	59
938	94
938	128
938	173
938	192
938	195
938	230
938	251
938	289
938	331
938	334
938	341
938	439
938	443
938	485
938	557
938	590
938	654
938	771
938	772
938	783
938	930
938	950
938	965
938	972
938	974
938	995
939	33
939	105
939	196
939	260
939	264
939	354
939	429
939	548
939	662
939	673
939	690
939	718
939	720
939	765
939	782
939	787
939	842
939	846
939	851
939	859
939	877
939	884
939	890
939	915
939	927
939	929
939	946
939	996
940	37
940	75
940	236
940	348
940	370
940	522
940	579
940	591
940	617
940	638
940	677
940	735
940	807
940	813
940	833
940	851
940	865
940	891
940	897
940	899
940	932
940	933
940	958
940	963
940	973
940	976
940	987
940	993
941	79
941	153
941	239
941	685
941	721
941	871
941	898
941	924
941	944
941	949
941	952
941	958
941	968
941	977
941	983
941	989
941	997
942	36
942	159
942	268
942	402
942	518
942	587
942	636
942	668
942	685
942	723
942	765
942	766
942	775
942	829
942	839
942	845
942	869
942	882
942	883
942	884
942	886
942	888
942	906
942	911
942	945
942	947
942	963
942	984
942	995
943	104
943	210
943	222
943	224
943	244
943	273
943	348
943	397
943	399
943	405
943	444
943	551
943	577
943	636
943	664
943	687
943	705
943	750
943	753
943	757
943	760
943	771
943	821
943	869
943	884
943	956
943	965
943	971
943	987
944	56
944	151
944	154
944	169
944	254
944	326
944	345
944	427
944	505
944	507
944	736
944	739
944	751
944	803
944	805
944	815
944	823
944	850
944	852
944	910
944	941
944	962
944	969
944	970
944	976
944	980
944	985
944	997
944	999
945	131
945	144
945	209
945	377
945	516
945	546
945	587
945	686
945	697
945	736
945	762
945	775
945	787
945	790
945	846
945	872
945	880
945	892
945	912
945	942
945	960
945	973
945	995
945	998
946	48
946	155
946	163
946	245
946	260
946	429
946	572
946	585
946	597
946	661
946	709
946	730
946	781
946	845
946	861
946	865
946	871
946	913
946	927
946	929
946	939
946	947
946	949
946	969
946	973
946	979
946	980
946	990
946	991
946	996
947	35
947	83
947	346
947	478
947	505
947	556
947	572
947	580
947	597
947	614
947	628
947	701
947	763
947	826
947	839
947	845
947	860
947	891
947	897
947	906
947	942
947	946
947	961
947	962
947	963
947	973
947	984
947	987
947	992
947	993
948	5
948	239
948	242
948	261
948	302
948	320
948	330
948	379
948	420
948	437
948	442
948	463
948	487
948	511
948	527
948	540
948	546
948	593
948	608
948	611
948	714
948	734
948	798
948	851
948	892
948	902
948	929
948	968
948	988
948	991
948	1000
949	81
949	147
949	229
949	261
949	266
949	277
949	295
949	308
949	361
949	454
949	470
949	542
949	721
949	726
949	773
949	782
949	889
949	900
949	909
949	913
949	914
949	915
949	941
949	946
949	966
949	975
949	977
949	983
949	989
949	998
950	128
950	192
950	223
950	233
950	308
950	322
950	384
950	545
950	578
950	616
950	632
950	648
950	682
950	697
950	717
950	747
950	758
950	770
950	778
950	819
950	822
950	847
950	849
950	853
950	908
950	912
950	930
950	938
950	965
950	994
950	999
951	2
951	30
951	113
951	123
951	222
951	265
951	315
951	335
951	360
951	404
951	433
951	459
951	486
951	523
951	678
951	687
951	704
951	789
951	796
951	837
951	869
951	887
951	888
951	898
951	905
951	913
951	929
951	957
951	958
951	960
951	988
952	2
952	139
952	463
952	477
952	524
952	530
952	532
952	557
952	562
952	567
952	583
952	584
952	596
952	621
952	706
952	729
952	788
952	812
952	863
952	876
952	883
952	884
952	914
952	933
952	941
952	971
952	977
952	983
952	989
952	997
952	998
953	21
953	42
953	110
953	259
953	269
953	275
953	276
953	312
953	438
953	451
953	455
953	462
953	509
953	590
953	611
953	617
953	620
953	647
953	708
953	719
953	731
953	743
953	762
953	793
953	823
953	834
953	857
953	898
953	973
953	974
953	990
953	1000
954	54
954	173
954	246
954	304
954	316
954	386
954	571
954	601
954	605
954	678
954	745
954	755
954	782
954	808
954	809
954	888
954	912
954	919
954	922
954	923
954	962
954	971
954	974
954	982
955	8
955	78
955	252
955	264
955	269
955	305
955	456
955	458
955	512
955	521
955	546
955	604
955	636
955	687
955	726
955	750
955	768
955	771
955	772
955	773
955	793
955	806
955	838
955	848
955	884
955	889
955	900
955	903
955	924
955	926
955	989
955	992
956	129
956	226
956	246
956	337
956	403
956	428
956	439
956	495
956	503
956	505
956	523
956	577
956	609
956	738
956	753
956	757
956	784
956	810
956	811
956	907
956	908
956	916
956	918
956	919
956	936
956	943
956	957
956	973
956	974
956	978
956	988
957	81
957	117
957	145
957	190
957	306
957	403
957	421
957	472
957	486
957	495
957	510
957	514
957	676
957	788
957	789
957	807
957	811
957	838
957	858
957	886
957	890
957	908
957	918
957	919
957	951
957	956
957	960
957	969
957	980
957	985
957	989
957	999
958	30
958	75
958	96
958	126
958	230
958	463
958	496
958	591
958	650
958	721
958	786
958	796
958	798
958	805
958	806
958	816
958	824
958	858
958	860
958	871
958	877
958	878
958	920
958	940
958	941
958	951
958	967
958	976
958	977
958	983
958	996
958	997
959	11
959	14
959	20
959	72
959	74
959	86
959	102
959	127
959	139
959	161
959	194
959	203
959	287
959	297
959	306
959	360
959	368
959	381
959	405
959	456
959	460
959	586
959	649
959	692
959	713
959	750
959	843
959	859
959	931
959	965
959	979
959	989
959	998
960	132
960	166
960	183
960	214
960	350
960	393
960	401
960	410
960	432
960	475
960	516
960	550
960	588
960	639
960	686
960	694
960	712
960	769
960	775
960	823
960	827
960	840
960	845
960	873
960	901
960	905
960	934
960	945
960	951
960	957
960	972
960	980
960	995
961	83
961	133
961	146
961	339
961	343
961	519
961	563
961	600
961	602
961	605
961	637
961	652
961	719
961	728
961	796
961	823
961	836
961	839
961	902
961	906
961	935
961	936
961	947
961	963
961	970
961	976
961	981
961	984
961	989
961	990
961	992
961	994
961	999
962	304
962	345
962	529
962	533
962	537
962	571
962	615
962	626
962	680
962	681
962	693
962	703
962	751
962	779
962	786
962	788
962	803
962	815
962	838
962	909
962	910
962	922
962	934
962	944
962	947
962	954
962	964
962	966
962	972
962	975
962	982
962	986
962	998
963	111
963	241
963	256
963	263
963	425
963	503
963	511
963	570
963	584
963	600
963	694
963	744
963	795
963	797
963	803
963	839
963	847
963	877
963	879
963	893
963	894
963	906
963	924
963	928
963	940
963	942
963	947
963	961
963	984
963	985
963	986
964	113
964	207
964	218
964	265
964	274
964	293
964	341
964	385
964	449
964	529
964	532
964	533
964	562
964	593
964	602
964	626
964	651
964	678
964	706
964	780
964	803
964	824
964	866
964	909
964	933
964	937
964	962
964	967
964	973
964	975
964	989
964	992
965	288
965	329
965	385
965	388
965	460
965	514
965	563
965	581
965	636
965	649
965	654
965	674
965	702
965	728
965	730
965	742
965	757
965	799
965	821
965	835
965	869
965	878
965	916
965	931
965	938
965	943
965	950
965	959
965	967
965	970
965	972
965	981
965	994
965	998
966	11
966	13
966	31
966	52
966	115
966	177
966	541
966	549
966	552
966	615
966	626
966	645
966	647
966	685
966	712
966	728
966	779
966	794
966	825
966	828
966	831
966	843
966	902
966	905
966	909
966	949
966	962
966	970
966	975
966	981
966	988
966	994
966	998
966	1000
967	52
967	111
967	238
967	284
967	334
967	403
967	445
967	461
967	592
967	615
967	626
967	654
967	700
967	709
967	758
967	760
967	763
967	764
967	767
967	818
967	841
967	904
967	909
967	911
967	930
967	958
967	964
967	965
967	969
967	970
967	972
967	975
967	976
967	979
968	7
968	198
968	205
968	416
968	482
968	540
968	577
968	588
968	704
968	715
968	716
968	721
968	733
968	780
968	795
968	800
968	830
968	835
968	842
968	870
968	881
968	902
968	926
968	929
968	934
968	941
968	948
968	969
968	973
968	977
968	979
968	983
968	986
968	997
969	47
969	66
969	258
969	307
969	323
969	324
969	349
969	390
969	423
969	499
969	665
969	667
969	698
969	702
969	796
969	800
969	809
969	820
969	826
969	830
969	833
969	842
969	854
969	858
969	885
969	886
969	903
969	944
969	946
969	957
969	967
969	968
969	989
969	997
969	999
970	110
970	158
970	228
970	278
970	314
970	387
970	401
970	437
970	548
970	563
970	576
970	581
970	618
970	670
970	673
970	718
970	720
970	728
970	750
970	755
970	771
970	798
970	805
970	855
970	905
970	913
970	944
970	961
970	965
970	966
970	967
970	981
970	994
971	38
971	63
971	162
971	227
971	387
971	412
971	444
971	491
971	498
971	540
971	571
971	595
971	675
971	711
971	757
971	776
971	777
971	821
971	829
971	843
971	848
971	851
971	863
971	875
971	883
971	916
971	918
971	922
971	934
971	943
971	952
971	954
971	974
971	982
971	991
972	46
972	80
972	124
972	334
972	386
972	454
972	471
972	485
972	534
972	541
972	551
972	558
972	646
972	670
972	674
972	680
972	700
972	818
972	834
972	840
972	848
972	888
972	901
972	919
972	923
972	930
972	938
972	960
972	962
972	965
972	967
972	973
972	979
972	985
972	986
972	988
973	21
973	206
973	311
973	418
973	448
973	539
973	572
973	587
973	597
973	620
973	672
973	686
973	719
973	724
973	730
973	731
973	746
973	775
973	785
973	891
973	897
973	902
973	913
973	940
973	945
973	946
973	947
973	953
973	956
973	964
973	968
973	972
973	987
973	990
973	993
973	995
974	42
974	55
974	172
974	213
974	226
974	232
974	386
974	389
974	400
974	464
974	491
974	662
974	672
974	676
974	717
974	739
974	747
974	754
974	778
974	784
974	793
974	803
974	811
974	822
974	823
974	853
974	856
974	862
974	898
974	920
974	922
974	938
974	953
974	954
974	956
974	971
974	982
975	78
975	100
975	119
975	126
975	156
975	175
975	234
975	248
975	264
975	277
975	317
975	321
975	362
975	415
975	431
975	433
975	443
975	462
975	483
975	511
975	574
975	586
975	601
975	606
975	615
975	618
975	626
975	666
975	837
975	847
975	900
975	909
975	935
975	949
975	962
975	964
975	966
975	967
976	19
976	75
976	154
976	248
976	259
976	324
976	331
976	339
976	350
976	352
976	426
976	428
976	501
976	570
976	581
976	591
976	593
976	605
976	679
976	732
976	767
976	781
976	829
976	836
976	871
976	873
976	883
976	900
976	936
976	940
976	944
976	958
976	961
976	967
976	983
976	985
976	986
976	988
976	1000
977	79
977	87
977	107
977	153
977	180
977	182
977	239
977	274
977	299
977	409
977	435
977	440
977	549
977	622
977	649
977	672
977	684
977	696
977	697
977	721
977	746
977	777
977	790
977	871
977	898
977	924
977	941
977	949
977	952
977	958
977	968
977	983
977	989
977	997
978	50
978	132
978	137
978	145
978	164
978	175
978	241
978	246
978	278
978	320
978	401
978	419
978	458
978	527
978	576
978	625
978	631
978	663
978	672
978	684
978	698
978	709
978	711
978	713
978	735
978	746
978	759
978	780
978	810
978	819
978	828
978	908
978	918
978	919
978	933
978	935
978	956
978	979
978	992
979	95
979	234
979	245
979	297
979	460
979	488
979	553
979	588
979	649
979	657
979	700
979	708
979	715
979	731
979	783
979	818
979	819
979	843
979	858
979	862
979	866
979	887
979	895
979	915
979	924
979	929
979	931
979	934
979	935
979	937
979	946
979	959
979	967
979	968
979	972
979	978
979	986
979	989
979	991
980	121
980	173
980	189
980	245
980	249
980	286
980	342
980	350
980	447
980	567
980	580
980	596
980	610
980	621
980	635
980	746
980	762
980	777
980	783
980	806
980	807
980	812
980	827
980	832
980	869
980	871
980	873
980	888
980	890
980	901
980	904
980	912
980	920
980	944
980	946
980	957
980	960
980	992
980	999
981	7
981	40
981	67
981	82
981	119
981	150
981	236
981	275
981	281
981	314
981	348
981	409
981	436
981	449
981	462
981	498
981	563
981	568
981	574
981	576
981	593
981	670
981	673
981	720
981	728
981	750
981	755
981	771
981	798
981	805
981	807
981	846
981	855
981	905
981	913
981	928
981	961
981	965
981	966
981	970
981	994
982	20
982	24
982	54
982	205
982	211
982	259
982	288
982	304
982	306
982	359
982	368
982	386
982	387
982	405
982	456
982	504
982	525
982	542
982	571
982	575
982	614
982	656
982	666
982	678
982	704
982	709
982	725
982	745
982	755
982	782
982	808
982	888
982	912
982	919
982	922
982	923
982	954
982	962
982	971
982	974
982	994
983	11
983	44
983	65
983	79
983	89
983	92
983	117
983	153
983	214
983	239
983	262
983	286
983	291
983	306
983	315
983	341
983	376
983	452
983	455
983	502
983	515
983	544
983	598
983	608
983	622
983	721
983	777
983	790
983	871
983	898
983	924
983	941
983	949
983	952
983	958
983	968
983	976
983	977
983	989
983	997
983	999
984	43
984	49
984	63
984	122
984	143
984	185
984	198
984	219
984	234
984	263
984	267
984	289
984	299
984	316
984	425
984	441
984	503
984	550
984	558
984	584
984	600
984	604
984	694
984	732
984	795
984	797
984	803
984	839
984	847
984	877
984	879
984	893
984	894
984	906
984	924
984	928
984	936
984	942
984	947
984	961
984	963
984	985
985	91
985	154
985	161
985	205
985	243
985	248
985	408
985	425
985	503
985	526
985	534
985	538
985	600
985	618
985	656
985	680
985	685
985	689
985	742
985	781
985	785
985	790
985	807
985	828
985	831
985	839
985	843
985	867
985	893
985	894
985	901
985	904
985	906
985	912
985	923
985	944
985	957
985	963
985	972
985	976
985	984
985	989
986	47
986	94
986	249
986	254
986	256
986	264
986	271
986	366
986	387
986	394
986	481
986	566
986	593
986	605
986	613
986	624
986	693
986	703
986	727
986	800
986	826
986	830
986	831
986	837
986	841
986	842
986	861
986	873
986	877
986	881
986	886
986	895
986	905
986	924
986	962
986	963
986	968
986	972
986	976
986	979
986	988
986	991
987	11
987	73
987	127
987	175
987	418
987	434
987	462
987	478
987	545
987	565
987	566
987	592
987	614
987	657
987	660
987	692
987	696
987	700
987	712
987	770
987	772
987	802
987	806
987	812
987	857
987	861
987	862
987	872
987	875
987	880
987	891
987	897
987	917
987	940
987	943
987	947
987	973
987	993
987	999
988	298
988	374
988	380
988	420
988	428
988	438
988	465
988	471
988	482
988	535
988	556
988	564
988	608
988	609
988	641
988	656
988	730
988	734
988	782
988	793
988	801
988	802
988	807
988	817
988	830
988	831
988	851
988	881
988	902
988	907
988	918
988	936
988	948
988	951
988	956
988	966
988	972
988	976
988	986
988	989
988	991
988	998
988	1000
989	69
989	146
989	158
989	243
989	297
989	340
989	395
989	396
989	408
989	428
989	484
989	537
989	538
989	649
989	693
989	721
989	742
989	789
989	880
989	885
989	893
989	903
989	908
989	915
989	918
989	922
989	926
989	931
989	936
989	941
989	949
989	952
989	955
989	957
989	959
989	961
989	964
989	969
989	977
989	979
989	983
989	985
989	988
989	998
990	34
990	70
990	222
990	235
990	255
990	317
990	407
990	513
990	560
990	561
990	624
990	647
990	653
990	661
990	670
990	699
990	731
990	756
990	759
990	761
990	770
990	777
990	790
990	795
990	799
990	805
990	817
990	857
990	877
990	878
990	898
990	899
990	917
990	921
990	935
990	946
990	953
990	961
990	973
990	991
990	997
990	999
991	95
991	420
991	461
991	482
991	484
991	501
991	530
991	531
991	540
991	553
991	623
991	644
991	650
991	660
991	661
991	671
991	681
991	696
991	734
991	752
991	774
991	786
991	793
991	795
991	805
991	816
991	817
991	823
991	829
991	844
991	860
991	871
991	890
991	898
991	902
991	918
991	937
991	946
991	948
991	971
991	979
991	986
991	988
991	990
991	1000
992	109
992	124
992	135
992	145
992	148
992	177
992	218
992	261
992	267
992	294
992	419
992	427
992	492
992	500
992	517
992	568
992	577
992	629
992	679
992	695
992	707
992	709
992	722
992	739
992	740
992	766
992	770
992	801
992	810
992	819
992	823
992	825
992	838
992	852
992	911
992	914
992	918
992	930
992	947
992	955
992	961
992	964
992	978
992	980
992	999
993	28
993	73
993	78
993	241
993	254
993	295
993	362
993	365
993	368
993	418
993	452
993	456
993	478
993	502
993	511
993	512
993	545
993	565
993	566
993	592
993	614
993	657
993	659
993	660
993	686
993	692
993	696
993	712
993	770
993	772
993	802
993	806
993	857
993	861
993	862
993	872
993	875
993	880
993	891
993	897
993	917
993	940
993	947
993	973
993	987
994	3
994	24
994	30
994	174
994	207
994	225
994	253
994	268
994	355
994	367
994	376
994	384
994	415
994	434
994	472
994	474
994	563
994	619
994	655
994	656
994	659
994	694
994	723
994	725
994	728
994	733
994	741
994	746
994	752
994	762
994	763
994	820
994	826
994	875
994	879
994	880
994	886
994	896
994	923
994	950
994	961
994	965
994	966
994	970
994	981
994	982
995	5
995	28
995	44
995	64
995	103
995	127
995	131
995	144
995	158
995	199
995	209
995	291
995	305
995	356
995	381
995	395
995	401
995	440
995	466
995	516
995	529
995	576
995	587
995	604
995	613
995	631
995	638
995	644
995	681
995	686
995	697
995	736
995	762
995	775
995	787
995	790
995	846
995	872
995	880
995	892
995	912
995	933
995	938
995	942
995	945
995	960
995	973
996	16
996	26
996	33
996	43
996	105
996	179
996	182
996	219
996	260
996	261
996	264
996	323
996	354
996	365
996	393
996	397
996	429
996	463
996	505
996	550
996	604
996	612
996	614
996	617
996	641
996	645
996	662
996	673
996	674
996	690
996	712
996	718
996	720
996	765
996	782
996	787
996	815
996	825
996	846
996	877
996	884
996	890
996	915
996	927
996	929
996	939
996	946
996	958
997	21
997	139
997	169
997	179
997	231
997	240
997	258
997	276
997	295
997	305
997	335
997	361
997	450
997	451
997	504
997	533
997	614
997	620
997	638
997	671
997	719
997	721
997	726
997	731
997	736
997	743
997	751
997	752
997	757
997	785
997	793
997	803
997	815
997	826
997	854
997	855
997	857
997	910
997	920
997	933
997	941
997	944
997	952
997	958
997	968
997	969
997	977
997	983
997	990
998	18
998	55
998	194
998	256
998	270
998	299
998	308
998	335
998	337
998	374
998	389
998	409
998	460
998	535
998	543
998	594
998	603
998	649
998	676
998	680
998	693
998	709
998	738
998	742
998	750
998	779
998	782
998	789
998	793
998	794
998	802
998	808
998	877
998	901
998	904
998	907
998	914
998	917
998	931
998	945
998	949
998	952
998	959
998	962
998	965
998	966
998	988
998	989
998	1000
999	32
999	48
999	60
999	141
999	185
999	201
999	233
999	287
999	305
999	342
999	359
999	422
999	500
999	518
999	521
999	543
999	561
999	570
999	636
999	648
999	650
999	653
999	698
999	756
999	759
999	763
999	817
999	849
999	858
999	859
999	882
999	884
999	890
999	894
999	901
999	904
999	912
999	919
999	921
999	944
999	950
999	957
999	961
999	969
999	980
999	983
999	987
999	990
999	992
1000	126
1000	299
1000	300
1000	352
1000	389
1000	450
1000	466
1000	547
1000	558
1000	565
1000	581
1000	609
1000	634
1000	641
1000	652
1000	667
1000	679
1000	702
1000	712
1000	742
1000	743
1000	755
1000	767
1000	780
1000	785
1000	786
1000	788
1000	801
1000	823
1000	829
1000	837
1000	848
1000	860
1000	863
1000	873
1000	874
1000	875
1000	883
1000	884
1000	907
1000	908
1000	925
1000	935
1000	948
1000	953
1000	966
1000	976
1000	988
1000	991
1000	998
