136 140 156 175 213 215 227 256 26 260 261 267 272 289 324 37 394 413 446 459 475 496 610 618 621 632 634 661 662 721 849 850 853 882 921 973 
16 197 207 300 342 384 403 441 483 5 571 663 666 684 69 797 800 827 832 885 895 945 961 97
100 106 159 183 219 224 301 316 366 37 383 395 512 651 684 771 78 794 817 844 850 896 968 984 986
149 172 25 272 306 322 365 457 514 564 661 677 723 823 894 90 999
190 291 306 552 671 742 749 794 863 879 88 964
112 116 119 142 206 222 229 27 272 295 308 336 367 406 456 476 500 525 555 571 590 600 61 648 665 702 729 750 753 776 791 80 812 832 853 859 862 872 88 886 892 920 952 96 961 972 993
116 12 124 145 153 159 162 171 175 176 18 227 240 255 277 279 291 298 366 382 41 419 472 490 493 519 522 524 535 540 554 580 585 599 611 638 647 66 665 699 714 722 926 969 974 996
110 181 381 44 52 56 578 590 635 665 703 875 965
153 178 192 263 353 367 384 463 483 505 551 562 571 581 586 794 878 911 992 999
255 31 320 323 353 354 379 430 550 651 938 966 97
179 304 338 347 354 360 419 46 475 542 592 660 667 675 700 715 717 722 730 741 78 797 803 834 86 888 91 925 938 99
109 121 129 163 170 177 18 184 188 214 220 222 242 257 270 29 310 419 442 478 514 547 548 563 565 578 605 63 631 635 663 686 720 742 830 834 877 897 900 91 916 955 972 973 989 997
16 171 199 21 245 269 334 556 566 725 732 872 903
111 112 12 136 179 221 271 287 301 366 373 38 419 450 456 488 509 581 608 656 667 698 728 730 751 777 786 792 805 810 827 831 842 874 879 898 911 92 920 922 923 948 962 983
147 15 152 153 167 173 181 209 220 224 225 249 251 279 289 316 328 337 374 375 4 400 408 415 421 46 552 557 566 604 609 628 679 702 707 750 752 814 837 847 890 925 932 954 961 970
181 184 248 284 342 457 463 556 701 720 824 831 837 90 924
119 213 278 324 384 419 480 483 58 595 64 652 719 730 815 956 966
1 103 128 165 172 179 197 205 210 215 249 260 277 295 299 327 328 354 367 372 386 422 427 442 484 52 524 53 531 546 585 598 610 611 634 707 721 733 74 759 764 835 897 932 955 966 971 985
1000 101 108 111 159 234 235 248 253 268 290 304 306 309 438 472 52 524 583 609 624 653 654 714 724 786 840 881 911 92 931
111 13 161 172 187 249 336 484 672 714 721 743 765 787 900 931 97 994
120 160 212 222 265 295 334 335 394 466 472 490 5 505 524 536 542 598 61 630 632 651 657 679 681 709 720 787 848 866 884 895 897 899 910 942 95 965 971 983 984
208 212 327 333 366 383 415 449 453 582 657 671 673 702 8 808 853 855 858 886 89 925 932 945 967 989
12 13 146 277 374 384 417 512 56 564 59 606 662 699 77 843 959 971 987
122 130 156 310 547 571 593 652 786 863 916 936
124 17 203 242 290 299 359 374 384 408 448 470 485 576 578 595 612 622 644 651 677 702 703 709 719 800 810 836 841 842 849 866 89 901 909 999
102 11 119 13 145 154 207 227 277 282 34 353 361 378 386 41 533 556 581 612 613 631 632 633 658 659 682 717 771 810 849 864 883 912 920 959 96 961
11 112 18 251 253 260 269 290 304 309 316 37 370 374 379 389 40 404 42 479 498 509 536 557 583 586 600 620 655 662 666 671 681 685 701 706 714 717 741 747 76 77 809 810 816 846 873 89 913 930 931 944 951 954 978 992
1000 108 162 22 224 254 261 263 266 294 365 395 398 421 429 432 457 509 533 548 590 617 661 686 737 78 822 846 858 884 90 908 909 942 954 990 998
154 155 200 227 302 338 413 438 456 46 490 537 543 563 612 620 621 627 647 659 700 741 776 78 788 822 863 868 884 896 907 912 991
130 162 209 217 326 535 596 837 883 947
145 167 189 217 236 244 254 279 377 427 428 589 59 605 661 686 688 696 728 733 759 779 783 790 845 850 873
184 220 224 303 310 343 417 444 464 515 530 580 673 730 768 845 872 89 931
109 13 152 154 179 203 220 248 289 308 348 383 384 41 415 418 432 488 510 537 557 578 592 599 614 619 634 644 650 660 674 705 747 770 792 799 816 831 955 967 970 991
108 116 130 140 149 156 167 185 205 253 268 276 340 388 441 502 505 514 56 601 611 632 634 672 721 737 751 777 791 813 846 86 862 906 911 922 930 943 984
171 18 207 212 217 261 296 301 36 360 365 406 422 424 483 5 545 555 595 656 748 866
234 280 387 580 660 7 705 751 753 796
12 178 199 203 205 256 271 272 333 335 337 358 385 394 444 452 475 488 563 601 603 627 641 686 697 717 725 733 737 739 75 77 826 837 84 841 881 900 908 91 922 953 961 963 979 984
147 156 178 19 248 309 348 354 477 545 548 571 586 715 724 758 832 903 925 937 944
102 209 265 268 274 288 300 332 378 437 469 663 672 697 742 782 913 947
149 214 281 318 351 38 444 485 507 510 67 742 779 78 874 889 951 970
160 286 453 50 52 566 621 697 779 829 831 944 983
129 136 152 195 223 263 28 32 416 438 534 540 550 70 832
221 227 232 249 266 277 300 342 466 474 498 506 526 545 584 605 614 665 666 685 698 702 707 711 741 742 747 761 787 795 80 814 865 875 886 945 947 959
138 166 328 334 336 347 348 353 418 472 478 526 57 602 649 655 663 676 695 700 706 722 758 879 896 95 952
153 170 197 227 233 269 301 316 326 328 33 333 367 414 458 46 507 514 535 598 643 66 714 731 79 807 816 895 90 931 936 944
120 13 205 22 37 43 555 659 699 744 772
140 170 175 221 224 398 407 442 548 592 706 786 828 994
140 165 229 278 310 339 377 379 459 512 519 566 604 669 689 731 814 864 870 873 874 906 920 926
161 233 264 322 336 343 378 398 417 445 453 517 527 530 547 650 667 678 696 728 745 762 774 800 850 88 884 913 92 95 954 975 976
109 123 129 165 171 173 196 222 223 237 240 252 268 283 29 389 413 483 498 507 521 530 534 535 564 583 593 605 62 627 642 650 652 657 659 667 669 707 725 742 752 766 816 846 932 965 994
117 210 29 292 303 305 336 373 382 488 50 505 524 638 647 679 690 723 749 822 845 860 88 897 905 915 936 944 989 999
1000 116 139 160 181 209 217 260 296 335 339 340 456 46 489 495 498 502 515 563 655 669 671 698 705 712 726 738 743 759 774 841 842 848 852 87 879 933 949 952 960 970 975
134 195 197 22 263 379 410 422 491 526 533 56 614 652 696 731 753 760 82 838 881 883 884 895 952 998
11 134 142 150 254 283 289 300 303 304 405 448 537 595 6 786 815 945 951
111 114 121 139 161 235 257 269 299 322 358 422 451 557 564 565 580 62 653 672 674 763 774 78 820 849 86 90 987
119 207 301 353 434 510 58 728 739 776 816 872 873 9 946 994
151 16 175 177 33 408 441 601 700 710 717 741 833 95 965
134 177 179 184 204 255 317 326 356 389 5 502 515 550 631 647 650 677 68 743 759 776 797 831 871 926 956 96 967 991
104 109 170 177 21 255 261 392 646 713 766 852 959
179 221 242 368 375 382 410 552 614 662 679 711 714 723 774
161 218 291 297 306 343 417 448 485 53 569 575 59 658 662 673 734 747 751 845 858 912 983
1000 194 23 29 324 342 453 485 509 88
136 162 279 311 348 432 446 448 50 501 513 547 583 627 663 731 766 790 815 834 965 998
142 18 22 257 278 335 586 647 722 724 752 80 838 930 967 997
102 108 136 198 248 253 334 406 408 438 463 501 505 534 571 640 656 673 699 737 769 792 806 85 850 851 852 854 858 865 892 963 986 987 992
115 30 350 650 657 747 773 784 80 892 989
162 355 410 573 62 739 743 758 854 874 896 940
171 195 255 258 33 39 406 438 463 611 822 87 922 950
122 235 333 5 550 565 576 706 723 794 906 967
102 140 180 187 211 265 283 295 381 431 432 444 59 613 650 66 686 710 733 790 813 815 816 883 968 980 983 999
12 142 164 187 333 358 396 408 442 45 455 503 517 561 566 588 626 655 703 743 747 815 866
109 118 142 165 233 247 296 316 338 367 383 412 417 435 446 516 527 553 567 61 664 669 718 728 772 832 866 871 879 883 943
127 172 235 240 283 420 510 517 538 577 583 612 614 635 683 684 7 715 756 804 810 834 85 861 871 873 958 973
154 177 213 219 242 38 541 545 56 604 658 681 709 729 755 780 863 87
137 209 27 285 322 335 339 377 465 484 555 638 704 822 827 834 868 950
121 206 299 448 491 53 706 711 766 786 814 938 980
102 207 21 308 41 448 491 540 552 661 801 814 841 865 906 931
148 165 172 203 212 256 336 340 353 360 386 401 421 507 632 677 702 705 809 874 879 892 922 940 951
120 140 223 395 40 436 540 556 576 579 771 842 886 925 946 955
290 304 362 511 623 644 674 758 912 964
206 22 401 549 598 610 797 883 947 956
12 132 178 187 197 201 248 251 291 382 389 390 394 40 441 46 464 475 478 48 498 530 550 555 609 621 65 729 779 838 842 852 868 872 900 93 940 941 946 952 959 972 98 995
116 121 269 278 301 326 354 374 389 402 464 478 490 52 548 563 600 610 613 645 715 732 750 813 848 904 992
120 129 136 229 277 299 306 330 346 38 381 401 431 442 459 464 475 501 537 568 58 595 620 640 666 721 730 758 795 845 85 854 865 903 929 930 938 997
139 156 160 210 213 219 223 259 266 296 331 395 405 542 644 681 698 701 753 787 871 872 875 886 916 947 955 980
101 11 139 195 221 242 27 278 316 382 464 478 505 543 640 719 87 971
129 160 21 214 231 235 237 272 273 299 306 309 315 327 333 335 342 35 363 489 510 583 59 591 61 671 674 696 7 703 710 724 77 777 810 831 838 853 863 864 916 96 972 986
11 159 16 173 266 279 309 338 354 502 581 600 632 710 716 731 827 942
122 14 161 175 199 213 241 249 251 260 261 309 313 331 343 386 427 438 441 502 509 512 520 565 590 633 644 706 735 771 779 784 796 813 832 834 846 852 854 86 896 922 940 955 956 960 964 981 982 997
119 205 222 261 262 266 288 325 5 504 566 581 599 601 604 613 627 631 633 639 666 667 687 707 710 739 80 815 873 892 908 936 950 964 975
133 40 523 556 620 66 700 703 794 885 920 97 972
107 130 144 169 239 254 296 322 343 375 406 411 50 53 555 590 640 652 660 711 739 770 790 841 886 932 934 94 946 979 988 998
13 139 173 187 210 219 229 250 257 265 268 303 307 328 375 376 379 383 406 418 454 489 501 519 660 672 697 711 77 771 774 795 856 881 89 891 893 915 945 970 973
147 165 338 457 463 484 536 545 559 572 578 600 604 629 672 699 729 770 772 796 874 928 951
121 122 20 229 234 33 360 381 398 43 453 501 58 59 593 62 634 651 761 766 772 791 85 858 913 942 96 984
142 215 326 331 349 552 663 696 767 771 956 975
246 268 293 405 52 534 556 586 601 625 631 635 653 667 790 837 839 865 910 920 926 992
101 108 124 129 170 178 27 29 295 314 324 374 38 419 43 439 453 466 499 519 526 527 547 614 615 635 638 697 701 720 722 779 785 792 841 863 90 943 95 973 987 998
120 124 186 283 377 431 489 517 570 592 609 635 792 903 997
199 401 421 446 51 666 719 77 770 772 83 946
121 29 33 365 488 490 557 620 72 722 761 796 800 862 909 998
116 175 237 383 527 548 715 750 875 897
102 122 16 161 202 210 212 219 229 237 240 255 260 265 279 308 341 382 395 398 422 444 471 534 540 58 601 652 682 697 710 725 732 749 761 777 795 813 87 885 915 936 942 950 954 971 972
130 147 181 193 199 22 242 251 303 337 375 377 41 43 431 484 491 526 58 62 653 658 662 685 703 731 848 866 895 92 925 926 980 986 999
11 126 167 240 360 394 40 656 724 774 87 908
1000 143 147 153 154 158 16 167 191 237 289 291 373 443 462 464 466 472 509 524 526 685 7 709 727 752 772 776 794 848 927 932 966 968 975
149 18 234 251 405 519 610 700 705 750 862 884 910 913 95 987
178 184 195 33 401 417 427 502 540 590 597 638 686 698 7 753 80 880 946 968 997
101 130 181 220 337 37 421 425 444 483 491 565 576 673 739 770 809 849 864 918 92 938 966 971 979
111 112 134 152 154 203 216 254 322 358 380 391 415 431 461 478 542 55 592 610 633 728 733 754 791 809 822 885 909 910 939 992
1000 131 138 149 162 220 240 243 288 289 331 334 339 366 373 378 446 468 469 515 544 581 613 631 657 659 665 717 732 750 751 912 924 926 956 991
214 258 271 321 432 512 534 593 611 681 71 819 848 940
397 423 459 47 472 489 494 585 593 599 640 761 784 802 930 968
101 138 223 256 405 413 542 633 679 682 81 862 950 96
177 304 340 348 373 498 594 637 682 719 737 749 845 846 86 868 896 915 916 924 938 945 979
195 206 258 473 49 492 853 864 897 989
112 358 381 532 599 720 778 871 912 954 964 973 986
171 173 233 263 347 364 37 40 459 466 481 535 550 612 656 673 736 737 740 751 759 784 91 911 914 964
119 134 157 234 257 258 43 490 530 539 609 677 684 895 900 908 959 980 987
210 233 312 398 431 612 791 881 967 975 983
145 27 344 369 389 487 711 800 864 92
109 124 147 265 269 278 295 347 418 497 563 607 62 651 657 749 797 821 875 876 885 919 935 940 986 994
253 339 352 427 691 699 705 770 777 868 910 963
120 125 187 224 401 409 410 427 508 537 587 647 668 670 757 809 906 943
149 209 21 230 310 331 456 512 552 66 684 749 790 961 989 991
105 124 135 174 206 215 272 296 308 334 337 377 530 536 54 543 592 616 621 653 685 696 709 784 791 800 875 885 900 902 917 960 977 980
101 113 138 139 152 238 271 337 343 378 410 415 463 488 533 557 564 565 636 640 644 692 730 758 775 838 849 85 857 862 867 903 924 936 968
2 212 258 373 515 519 536 60 674 693 720 724 725 796 91
122 371 408 475 547 661 698 787 789 892
108 152 199 206 207 235 27 288 328 338 342 358 386 418 43 460 469 482 514 527 543 545 564 576 585 604 609 61 633 634 656 671 682 701 813 837 838 852 881 915 924 944
145 160 170 197 205 223 291 329 395 41 421 440 574 595 605 613 620 665 73 732 741 752 792 811 814 842 88 906 994
153 168 214 24 271 288 3 327 339 340 367 413 415 426 489 585 593 638 682 719 733 759 761 766 777 797 798 853 854 86 887 908 910 911 947 960 963
213 256 375 38 381 393 441 535 578 658 677 681 707 729 787 915
214 219 256 399 410 442 466 507 560 580 585 621 679 701 809 854 924 943 951
112 141 159 221 253 263 300 324 327 347 365 379 394 457 484 50 517 580 659 660 685 869 903 913 942 957 979 991
182 215 217 237 518 53 598 61 653 66 827 979
138 167 172 357 386 457 485 533 537 680 7 793 868
217 226 290 319 365 514 528 542 543 715
145 228 249 327 348 378 413 533 599 708 723 825 85 97
266 331 418 432 485 486 56 655 669 674 732 795 909
10 111 184 222 254 257 275 324 326 340 347 360 433 446 447 456 469 501 510 517 527 529 536 576 600 605 611 669 709 721 725 743 776 781 796 827 89 91 963 965 966
173 258 271 290 300 308 366 422 459 469 53 543 586 627 684 850 871 952 984
138 156 203 215 233 234 288 310 345 491 515 655 658 694 795 858 865 916 930 960 963
21 405 469 507 558 598 729 752 753 909 950 960 97
134 159 283 303 467 50 723 746 784 818 943 970
