1	375
1	852
1	887
1	970
2	145
2	893
2	905
2	972
3	260
3	560
3	825
3	943
4	831
4	961
4	980
4	994
5	883
5	954
5	976
5	985
6	247
6	500
6	868
6	914
7	596
7	866
7	923
7	944
8	446
8	730
8	805
8	827
9	602
9	612
9	808
9	905
10	252
10	796
10	899
10	994
11	34
11	516
11	615
11	982
12	683
12	698
12	894
12	968
13	16
13	740
13	776
13	837
14	550
14	629
14	953
14	1000
15	216
15	943
15	949
15	993
16	13
16	366
16	414
16	992
17	197
17	689
17	877
17	934
18	784
18	853
18	971
18	999
19	192
19	627
19	785
19	982
20	423
20	815
20	937
20	985
21	975
21	978
21	991
21	992
22	204
22	546
22	775
22	872
23	633
23	914
23	949
23	993
24	367
24	578
24	759
24	913
25	722
25	814
25	868
25	922
26	70
26	939
26	952
26	990
27	913
27	951
27	954
27	959
28	426
28	673
28	678
28	926
29	721
29	760
29	958
29	998
30	356
30	649
30	880
30	925
31	215
31	834
31	945
31	975
32	633
32	659
32	957
32	988
33	635
33	787
33	953
33	1000
34	11
34	168
34	767
34	921
35	758
35	788
35	962
35	973
36	743
36	900
36	962
36	1000
37	409
37	566
37	980
37	994
38	181
38	668
38	681
38	738
39	653
39	712
39	815
39	979
40	226
40	345
40	719
40	872
41	122
41	503
41	693
41	988
42	117
42	363
42	778
42	987
43	216
43	957
43	972
43	976
44	767
44	940
44	975
44	992
45	521
45	550
45	615
45	800
46	847
46	870
46	879
46	930
47	841
47	934
47	957
47	988
48	73
48	242
48	724
48	913
49	889
49	904
49	946
49	965
50	620
50	655
50	920
50	990
51	322
51	748
51	972
51	976
52	278
52	666
52	843
52	921
53	657
53	828
53	868
53	943
54	801
54	920
54	941
54	990
55	814
55	843
55	862
55	881
56	891
56	915
56	940
56	945
57	842
57	881
57	914
57	969
58	612
58	626
58	736
58	905
59	390
59	516
59	615
59	766
60	98
60	829
60	959
60	975
61	308
61	874
61	909
61	962
62	234
62	938
62	948
62	956
63	325
63	547
63	898
63	984
64	633
64	887
64	973
64	986
65	172
65	854
65	882
65	968
66	84
66	158
66	862
66	993
67	615
67	785
67	874
67	900
68	559
68	733
68	770
68	964
69	514
69	515
69	714
69	982
70	26
70	82
70	974
70	994
71	774
71	834
71	940
71	950
72	174
72	403
72	861
72	963
73	48
73	336
73	705
73	984
74	755
74	856
74	983
74	989
75	706
75	858
75	991
75	992
76	824
76	907
76	990
76	992
77	947
77	979
77	983
77	989
78	461
78	709
78	895
78	1000
79	496
79	750
79	905
79	919
80	487
80	740
80	821
80	837
81	209
81	652
81	974
81	980
82	70
82	365
82	796
82	994
83	925
83	949
83	974
83	994
84	66
84	768
84	848
84	865
85	260
85	921
85	969
85	993
86	756
86	912
86	949
86	969
87	258
87	402
87	741
87	943
88	648
88	752
88	790
88	961
89	514
89	815
89	933
89	972
90	578
90	913
90	951
90	996
91	246
91	580
91	883
91	909
92	675
92	716
92	731
92	805
93	891
93	950
93	959
93	978
94	395
94	897
94	942
94	990
95	544
95	822
95	971
95	998
96	128
96	868
96	949
96	969
97	150
97	308
97	909
97	986
98	60
98	752
98	959
98	984
99	825
99	892
99	969
99	993
100	682
100	904
100	946
100	965
101	771
101	888
101	959
101	966
102	433
102	759
102	890
102	996
103	175
103	444
103	703
103	798
104	824
104	945
104	970
104	992
105	706
105	970
105	991
105	992
106	889
106	917
106	946
106	965
107	259
107	874
107	951
107	973
108	375
108	954
108	981
108	996
109	184
109	405
109	676
109	882
110	954
110	979
110	983
110	989
111	598
111	749
111	753
111	937
112	833
112	936
112	970
112	975
113	362
113	641
113	891
113	979
114	451
114	621
114	723
114	911
115	828
115	859
115	860
115	868
116	852
116	915
116	970
116	992
117	42
117	778
117	972
117	987
118	217
118	912
118	954
118	984
119	784
119	811
119	952
119	961
120	134
120	172
120	630
120	963
121	793
121	979
121	983
121	989
122	41
122	554
122	924
122	972
123	911
123	960
123	988
123	999
124	284
124	382
124	974
124	980
125	854
125	952
125	961
125	994
126	895
126	901
126	953
126	1000
127	712
127	976
127	985
127	987
128	96
128	756
128	836
128	914
129	856
129	979
129	983
129	989
130	341
130	875
130	964
130	986
131	384
131	880
131	914
131	993
132	497
132	732
132	975
132	992
133	538
133	814
133	897
133	969
134	120
134	222
134	627
134	750
135	763
135	852
135	975
135	978
136	777
136	845
136	963
136	968
137	725
137	889
137	917
137	965
138	407
138	674
138	898
138	906
139	259
139	785
139	853
139	962
140	718
140	938
140	942
140	990
141	767
141	862
141	922
141	943
142	270
142	463
142	960
142	988
143	904
143	917
143	946
143	965
144	885
144	928
144	932
144	997
145	2
145	839
145	893
145	899
146	277
146	666
146	722
146	993
147	947
147	979
147	983
147	989
148	897
148	908
148	948
148	990
149	941
149	942
149	948
149	990
150	97
150	909
150	982
150	986
151	760
151	784
151	899
151	952
152	940
152	967
152	995
152	999
153	336
153	959
153	981
153	984
154	803
154	851
154	924
154	960
155	187
155	694
155	962
155	985
156	309
156	763
156	978
156	992
157	500
157	722
157	868
157	892
158	66
158	927
158	931
158	943
159	343
159	920
159	938
159	990
160	595
160	633
160	825
160	921
161	537
161	979
161	983
161	989
162	628
162	976
162	998
162	999
163	240
163	421
163	772
163	965
164	947
164	979
164	983
164	989
165	415
165	808
165	905
165	919
166	708
166	925
166	939
166	994
167	810
167	863
167	912
167	930
168	34
168	880
168	884
168	921
169	313
169	869
169	916
169	923
170	680
170	705
170	913
170	996
171	656
171	808
171	905
171	919
172	65
172	120
172	955
172	968
173	662
173	964
173	982
173	986
174	72
174	630
174	845
174	968
175	103
175	812
175	841
175	931
176	599
176	659
176	828
176	993
177	291
177	336
177	556
177	846
178	629
178	867
178	953
178	1000
179	218
179	900
179	973
179	986
180	565
180	846
180	913
180	996
181	38
181	783
181	826
181	911
182	480
182	945
182	991
182	992
183	571
183	591
183	937
183	985
184	109
184	292
184	845
184	968
185	964
185	982
185	983
185	989
186	838
186	881
186	898
186	984
187	155
187	933
187	967
187	991
188	363
188	960
188	976
188	985
189	583
189	758
189	981
189	996
190	798
190	879
190	912
190	930
191	453
191	895
191	896
191	1000
192	19
192	662
192	770
192	982
193	632
193	805
193	827
193	865
194	846
194	888
194	913
194	959
195	745
195	889
195	946
195	965
196	674
196	695
196	840
196	904
197	17
197	625
197	984
197	996
198	640
198	893
198	972
198	987
199	651
199	869
199	878
199	916
200	602
200	626
200	820
200	905
201	590
201	911
201	934
201	988
202	838
202	935
202	959
202	996
203	557
203	866
203	923
203	995
204	22
204	515
204	913
204	982
205	452
205	471
205	557
205	821
206	866
206	944
206	986
206	992
207	595
207	867
207	875
207	1000
208	869
208	916
208	923
208	944
209	81
209	910
209	980
209	994
210	667
210	821
210	872
210	906
211	444
211	849
211	937
211	976
212	265
212	539
212	664
212	919
213	851
213	959
213	982
213	996
214	217
214	564
214	807
214	968
215	31
215	650
215	857
215	992
216	15
216	43
216	571
216	987
217	118
217	214
217	683
217	894
218	179
218	362
218	875
218	982
219	285
219	818
219	883
219	985
220	266
220	835
220	916
220	944
221	251
221	432
221	795
221	992
222	134
222	762
222	788
222	969
223	797
223	867
223	896
223	1000
224	412
224	825
224	977
224	995
225	394
225	588
225	824
225	829
226	40
226	837
226	932
226	997
227	502
227	620
227	956
227	960
228	543
228	891
228	940
228	951
229	570
229	656
229	752
229	919
230	559
230	646
230	670
230	962
230	982
231	486
231	860
231	895
231	901
231	1000
232	765
232	915
232	945
232	970
232	992
233	854
233	955
233	983
233	989
233	997
234	62
234	938
234	942
234	956
234	990
235	528
235	851
235	855
235	957
235	988
236	392
236	598
236	662
236	780
236	951
237	859
237	906
237	985
237	987
237	993
238	669
238	918
238	928
238	932
238	997
239	413
239	880
239	910
239	925
239	980
240	163
240	719
240	946
240	948
240	965
241	521
241	815
241	849
241	972
241	985
242	48
242	513
242	884
242	984
242	993
243	707
243	899
243	939
243	961
243	980
244	332
244	419
244	860
244	872
244	1000
245	947
245	953
245	979
245	983
245	989
246	91
246	852
246	962
246	982
246	986
247	6
247	455
247	742
247	768
247	993
248	568
248	702
248	757
248	963
248	968
249	947
249	979
249	983
249	989
249	997
250	491
250	582
250	790
250	974
250	980
251	221
251	396
251	623
251	789
251	873
252	10
252	615
252	900
252	962
252	964
253	262
253	802
253	973
253	982
253	986
254	581
254	847
254	902
254	912
254	930
255	337
255	651
255	745
255	946
255	965
256	628
256	967
256	995
256	998
256	999
257	279
257	576
257	757
257	882
257	968
258	87
258	271
258	531
258	892
258	969
259	107
259	139
259	955
259	964
259	982
260	3
260	85
260	359
260	923
260	944
261	947
261	979
261	983
261	989
261	997
262	253
262	473
262	871
262	933
262	985
263	534
263	570
263	895
263	901
263	953
264	734
264	946
264	974
264	980
264	994
265	212
265	496
265	555
265	752
265	919
266	220
266	399
266	665
266	878
266	944
267	698
267	807
267	894
267	963
267	968
268	297
268	387
268	494
268	978
268	991
269	492
269	515
269	901
269	910
269	994
270	142
270	633
270	892
270	914
270	943
271	258
271	765
271	824
271	945
271	991
272	636
272	645
272	716
272	730
272	805
273	430
273	569
273	857
273	936
273	950
274	630
274	820
274	918
274	932
274	997
275	517
275	793
275	896
275	953
275	1000
276	677
276	899
276	910
276	952
276	980
277	146
277	659
277	859
277	884
277	969
278	52
278	404
278	546
278	560
278	968
279	257
279	468
279	564
279	797
279	935
280	320
280	516
280	723
280	788
280	962
281	740
281	853
281	967
281	998
281	999
282	755
282	947
282	979
282	983
282	989
283	484
283	591
283	623
283	638
283	689
284	124
284	302
284	943
284	974
284	980
285	219
285	979
285	983
285	989
285	997
286	629
286	863
286	879
286	902
286	930
287	365
287	734
287	910
287	925
287	952
288	308
288	922
288	929
288	949
288	993
289	461
289	466
289	673
289	928
289	934
290	532
290	783
290	787
290	832
290	886
291	177
291	936
291	940
291	991
291	992
292	184
292	355
292	483
292	681
292	963
293	549
293	753
293	839
293	893
293	972
294	514
294	758
294	909
294	964
294	973
295	769
295	967
295	971
295	995
295	999
296	751
296	854
296	947
296	979
296	989
297	268
297	795
297	852
297	978
297	992
298	682
298	836
298	840
298	946
298	965
299	784
299	828
299	910
299	961
299	974
300	565
300	826
300	913
300	981
300	996
301	697
301	850
301	974
301	980
301	994
302	284
302	566
302	899
302	919
302	952
303	816
303	967
303	995
303	998
303	999
304	345
304	373
304	776
304	837
304	872
305	535
305	561
305	636
305	873
305	968
306	411
306	440
306	850
306	955
306	968
307	499
307	737
307	749
307	933
307	976
308	61
308	97
308	288
308	747
308	770
309	156
309	831
309	891
309	975
309	991
310	465
310	531
310	659
310	768
310	972
311	642
311	929
311	967
311	971
311	999
312	370
312	951
312	981
312	984
312	996
313	169
313	864
313	978
313	991
313	992
314	693
314	783
314	870
314	924
314	931
315	348
315	546
315	667
315	775
315	779
316	381
316	537
316	818
316	845
316	861
317	493
317	538
317	843
317	862
317	921
318	639
318	815
318	839
318	926
318	931
319	410
319	469
319	857
319	940
319	945
320	280
320	788
320	906
320	981
320	996
321	466
321	506
321	729
321	924
321	988
322	51
322	591
322	638
322	883
322	937
323	697
323	848
323	881
323	884
323	969
324	743
324	792
324	860
324	895
324	1000
325	63
325	574
325	674
325	724
325	890
326	382
326	518
326	580
326	698
326	963
327	608
327	918
327	928
327	932
327	995
328	600
328	926
328	939
328	980
328	994
329	590
329	861
329	911
329	931
329	996
330	672
330	908
330	938
330	948
330	956
331	682
331	695
331	945
331	946
331	965
332	244
332	629
332	679
332	860
332	1000
333	600
333	939
333	949
333	951
333	996
334	819
334	903
334	958
334	967
334	998
335	819
335	938
335	942
335	948
335	990
336	73
336	153
336	177
336	954
336	981
337	255
337	840
337	904
337	946
337	965
338	378
338	979
338	983
338	989
338	997
339	537
339	702
339	704
339	757
339	845
340	673
340	678
340	873
340	920
340	924
341	130
341	875
341	900
341	936
341	978
342	345
342	707
342	732
342	775
342	837
343	159
343	514
343	643
343	770
343	964
344	371
344	580
344	785
344	973
344	986
345	40
345	304
345	342
345	732
345	740
346	573
346	696
346	737
346	876
346	987
347	496
347	505
347	595
347	748
347	780
348	315
348	487
348	667
348	775
348	807
349	925
349	952
349	961
349	974
349	980
350	439
350	723
350	875
350	982
350	986
351	416
351	517
351	895
351	901
351	1000
352	713
352	870
352	902
352	912
352	930
353	745
353	754
353	904
353	917
353	965
354	491
354	890
354	952
354	961
354	974
355	292
355	439
355	468
355	483
355	963
356	30
356	794
356	819
356	966
356	990
357	692
357	918
357	932
357	967
357	997
358	860
358	876
358	901
358	953
358	1000
359	260
359	584
359	655
359	869
359	944
360	538
360	737
360	814
360	851
360	934
361	556
361	940
361	950
361	975
361	991
362	113
362	218
362	831
362	940
362	950
363	42
363	188
363	619
363	976
363	985
364	811
364	869
364	952
364	981
364	994
365	82
365	287
365	433
365	961
365	994
366	16
366	707
366	775
366	821
366	837
367	24
367	714
367	898
367	951
367	996
368	499
368	871
368	893
368	968
368	976
369	816
369	971
369	995
369	998
369	999
370	312
370	641
370	834
370	970
370	978
371	344
371	504
371	624
371	909
371	986
372	708
372	952
372	961
372	980
372	994
373	304
373	404
373	421
373	740
373	872
374	661
374	764
374	890
374	951
374	954
375	1
375	108
375	547
375	718
375	981
376	828
376	843
376	880
376	914
376	949
377	808
377	832
377	941
377	956
377	990
378	338
378	910
378	939
378	952
378	974
379	522
379	749
379	901
379	967
379	1000
380	687
380	856
380	979
380	983
380	989
381	316
381	607
381	807
381	963
381	968
382	124
382	326
382	439
382	490
382	894
383	449
383	524
383	672
383	727
383	926
383	957
384	131
384	495
384	840
384	904
384	917
384	965
385	612
385	669
385	885
385	928
385	932
385	997
386	705
386	817
386	951
386	959
386	978
386	981
387	268
387	469
387	852
387	858
387	950
387	970
388	520
388	558
388	601
388	759
388	935
388	984
389	513
389	920
389	935
389	954
389	956
389	990
390	59
390	648
390	720
390	851
390	873
390	926
391	676
391	777
391	797
391	812
391	894
391	963
392	236
392	478
392	906
392	913
392	959
392	984
393	536
393	629
393	711
393	895
393	953
393	1000
394	225
394	699
394	799
394	928
394	991
394	997
395	94
395	583
395	907
395	920
395	948
395	990
396	251
396	484
396	632
396	700
396	716
396	730
397	398
397	702
397	719
397	894
397	904
397	912
398	397
398	607
398	889
398	904
398	946
398	965
399	266
399	730
399	835
399	878
399	916
399	944
400	426
400	804
400	841
400	931
400	960
400	987
401	544
401	676
401	958
401	977
401	998
401	999
402	87
402	500
402	664
402	892
402	905
402	919
403	72
403	553
403	575
403	690
403	866
403	923
404	278
404	373
404	667
404	732
404	775
404	872
405	109
405	630
405	797
405	807
405	948
405	963
406	661
406	756
406	811
406	890
406	913
406	935
407	138
407	711
407	792
407	876
407	953
407	1000
408	526
408	870
408	879
408	902
408	912
408	930
409	37
409	582
409	677
409	965
409	974
409	980
410	319
410	533
410	703
410	738
410	806
410	960
411	306
411	518
411	566
411	660
411	671
411	968
412	224
412	721
412	971
412	977
412	995
412	998
413	239
413	422
413	639
413	823
413	976
413	985
414	16
414	484
414	730
414	805
414	821
414	872
415	165
415	752
415	808
415	905
415	911
415	919
416	351
416	629
416	743
416	876
416	953
416	1000
417	593
417	778
417	871
417	922
417	972
417	985
418	736
418	849
418	891
418	915
418	940
418	992
419	244
419	434
419	514
419	762
419	973
419	982
420	465
420	482
420	755
420	814
420	842
420	927
421	163
421	373
421	837
421	872
421	995
421	998
422	413
422	748
422	753
422	778
422	933
422	985
423	20
423	640
423	653
423	871
423	937
423	976
424	562
424	744
424	774
424	950
424	978
424	991
425	502
425	576
425	819
425	941
425	948
425	990
426	28
426	400
426	738
426	791
426	798
426	974
427	799
427	879
427	902
427	912
427	928
427	932
428	735
428	847
428	863
428	870
428	930
428	966
429	494
429	865
429	935
429	937
429	981
429	985
430	273
430	706
430	795
430	852
430	970
430	975
431	587
431	947
431	979
431	983
431	989
431	997
432	221
432	461
432	569
432	791
432	826
432	934
433	102
433	365
433	648
433	649
433	980
433	996
434	419
434	766
434	900
434	949
434	982
434	986
435	470
435	881
435	922
435	927
435	943
435	993
436	722
436	766
436	767
436	892
436	922
436	969
437	461
437	486
437	554
437	886
437	957
437	960
438	593
438	792
438	896
438	901
438	953
438	1000
439	350
439	355
439	382
439	902
439	930
439	963
440	306
440	733
440	758
440	762
440	802
440	962
441	888
441	895
441	901
441	954
441	963
441	1000
442	592
442	900
442	909
442	962
442	973
442	982
443	494
443	706
443	887
443	975
443	991
443	992
444	103
444	211
444	527
444	871
444	893
444	937
445	697
445	914
445	925
445	952
445	961
445	980
446	8
446	645
446	716
446	789
446	805
446	827
447	650
447	699
447	864
447	950
447	991
447	992
448	766
448	875
448	900
448	909
448	964
448	973
449	383
449	506
449	648
449	722
449	729
449	886
450	601
450	647
450	846
450	889
450	984
450	996
451	114
451	533
451	826
451	855
451	911
451	988
452	205
452	676
452	845
452	882
452	894
452	968
453	191
453	673
453	700
453	720
453	896
453	1000
454	652
454	774
454	864
454	940
454	978
454	991
455	247
455	869
455	878
455	916
455	923
455	944
456	727
456	939
456	961
456	974
456	980
456	994
457	597
457	782
457	935
457	936
457	971
457	977
458	747
458	785
458	958
458	973
458	982
458	986
459	724
459	810
459	935
459	951
459	959
459	984
460	686
460	861
460	869
460	916
460	923
460	944
461	78
461	289
461	432
461	437
461	812
461	957
462	478
462	915
462	950
462	970
462	978
462	991
463	142
463	841
463	926
463	957
463	960
463	988
464	715
464	807
464	850
464	861
464	894
464	968
465	310
465	420
465	825
465	837
465	922
465	927
466	289
466	321
466	821
466	844
466	934
466	960
467	529
467	778
467	840
467	904
467	946
467	965
468	279
468	355
468	671
468	683
468	845
468	955
469	319
469	387
469	580
469	624
469	874
469	950
470	435
470	814
470	843
470	884
470	927
470	993
471	205
471	547
471	759
471	888
471	954
471	981
472	755
472	856
472	979
472	983
472	989
472	997
473	262
473	509
473	823
473	937
473	976
473	985
474	484
474	632
474	636
474	646
474	789
474	873
475	616
475	936
475	978
475	991
475	992
475	994
476	688
476	907
476	908
476	942
476	948
476	990
477	544
477	765
477	774
477	857
477	950
477	991
478	392
478	462
478	691
478	898
478	913
478	984
479	640
479	649
479	786
479	818
479	849
479	976
480	182
480	562
480	857
480	940
480	992
480	999
481	820
481	885
481	918
481	928
481	932
481	997
482	420
482	706
482	756
482	825
482	828
482	921
483	292
483	355
483	660
483	704
483	807
483	871
484	283
484	396
484	414
484	474
484	632
484	700
485	738
485	783
485	826
485	957
485	960
485	986
486	231
486	437
486	569
486	672
486	804
486	988
487	80
487	348
487	546
487	581
487	775
487	821
487	872
488	820
488	864
488	885
488	918
488	928
488	932
488	997
489	608
489	885
489	918
489	928
489	932
489	977
489	997
490	382
490	683
490	757
490	845
490	850
490	958
490	963
491	250
491	354
491	899
491	933
491	939
491	949
491	952
492	269
492	624
492	662
492	780
492	788
492	900
492	964
493	317
493	829
493	864
493	936
493	945
493	950
493	978
494	268
494	429
494	443
494	852
494	936
494	978
494	991
495	384
495	650
495	717
495	745
495	772
495	836
495	946
496	79
496	265
496	347
496	597
496	654
496	752
496	808
497	132
497	676
497	683
497	757
497	894
497	955
497	963
498	572
498	631
498	799
498	918
498	928
498	932
498	997
499	307
499	368
499	503
499	800
499	801
499	972
499	987
500	6
500	157
500	402
500	814
500	825
500	938
500	969
501	700
501	783
501	804
501	926
501	931
501	957
501	988
502	227
502	425
502	794
502	920
502	942
502	966
502	990
503	41
503	499
503	639
503	690
503	753
503	937
503	987
504	371
504	580
504	723
504	766
504	962
504	964
504	973
505	347
505	657
505	803
505	843
505	927
505	949
505	969
506	321
506	449
506	548
506	861
506	931
506	960
506	988
507	779
507	819
507	907
507	938
507	948
507	956
507	963
508	751
508	916
508	947
508	955
508	983
508	989
508	997
509	473
509	737
509	786
509	800
509	818
509	985
509	987
510	605
510	818
510	883
510	933
510	937
510	984
510	987
511	534
511	535
511	594
511	711
511	895
511	953
511	1000
512	553
512	835
512	874
512	909
512	923
512	944
512	964
513	242
513	389
513	898
513	907
513	954
513	959
513	981
514	69
514	89
514	294
514	343
514	419
514	874
514	982
515	69
515	204
515	269
515	900
515	964
515	982
515	986
516	11
516	59
516	280
516	900
516	962
516	973
516	987
517	275
517	351
517	536
517	792
517	867
517	953
517	1000
518	326
518	411
518	519
518	807
518	850
518	955
518	963
519	518
519	771
519	941
519	990
519	995
519	998
519	999
520	388
520	846
520	913
520	951
520	954
520	959
520	967
521	45
521	241
521	640
521	753
521	786
521	924
521	985
522	379
522	903
522	958
522	977
522	995
522	998
522	999
523	822
523	958
523	967
523	977
523	995
523	998
523	999
524	383
524	718
524	888
524	954
524	981
524	984
524	996
525	586
525	822
525	853
525	958
525	971
525	977
525	999
526	408
526	701
526	847
526	879
526	902
526	930
526	966
527	444
527	708
527	831
527	858
527	937
527	978
527	985
528	235
528	668
528	672
528	717
528	861
528	924
528	988
529	467
529	719
529	745
529	889
529	904
529	917
529	965
530	769
530	781
530	805
530	903
530	977
530	995
530	998
531	258
531	310
531	848
531	927
531	943
531	992
531	993
532	290
532	700
532	791
532	826
532	855
532	926
532	960
533	410
533	451
533	750
533	759
533	934
533	957
533	960
534	263
534	511
534	679
534	792
534	867
534	901
534	953
535	305
535	511
535	645
535	675
535	700
535	827
535	865
536	393
536	517
536	859
536	876
536	896
536	953
536	1000
537	161
537	316
537	339
537	607
537	894
537	963
537	968
538	133
538	317
538	360
538	599
538	742
538	969
538	993
539	212
539	555
539	612
539	626
539	654
539	656
539	919
540	586
540	915
540	967
540	977
540	995
540	998
540	999
541	574
541	599
541	659
541	792
541	859
541	954
541	984
542	799
542	820
542	885
542	893
542	918
542	928
542	932
543	228
543	652
543	744
543	829
543	831
543	975
543	991
544	95
544	401
544	477
544	782
544	816
544	958
544	999
545	587
545	854
545	947
545	979
545	983
545	989
545	997
546	22
546	278
546	315
546	487
546	740
546	821
546	917
547	63
547	375
547	471
547	583
547	817
547	981
547	996
548	506
548	804
548	812
548	886
548	924
548	935
548	957
549	293
549	838
549	839
549	849
549	938
549	981
549	984
550	14
550	45
550	749
550	753
550	823
550	849
550	985
551	854
551	856
551	947
551	972
551	979
551	983
551	989
552	746
552	781
552	853
552	958
552	972
552	977
552	995
553	403
553	512
553	686
553	835
553	916
553	923
553	952
554	122
554	437
554	700
554	855
554	857
554	931
554	960
555	265
555	539
555	626
555	752
555	905
555	917
555	919
556	177
556	361
556	658
556	738
556	858
556	936
556	992
557	203
557	205
557	635
557	837
557	869
557	916
557	923
558	388
558	671
558	680
558	846
558	954
558	984
558	996
559	68
559	230
559	670
559	766
559	874
559	982
559	986
560	3
560	278
560	599
560	850
560	941
560	963
560	968
560	969
561	305
561	632
561	675
561	716
561	730
561	789
561	805
561	827
562	424
562	480
562	831
562	945
562	950
562	978
562	979
562	991
563	605
563	712
563	877
563	883
563	937
563	972
563	985
563	987
564	214
564	279
564	576
564	702
564	845
564	882
564	963
564	968
565	180
565	300
565	585
565	888
565	906
565	913
565	959
565	984
566	37
566	302
566	411
566	784
566	793
566	910
566	974
566	994
567	584
567	835
567	866
567	869
567	916
567	923
567	944
567	987
568	248
568	769
568	816
568	958
568	971
568	977
568	995
568	998
569	273
569	432
569	486
569	720
569	911
569	926
569	960
569	988
570	229
570	263
570	597
570	602
570	612
570	752
570	808
570	905
571	183
571	216
571	640
571	737
571	877
571	883
571	937
571	987
572	498
572	631
572	692
572	715
572	918
572	928
572	932
572	997
573	346
573	591
573	800
573	909
573	937
573	972
573	985
573	987
574	325
574	541
574	618
574	622
574	724
574	764
574	809
574	981
575	403
575	655
575	726
575	866
575	869
575	873
575	916
575	944
576	257
576	425
576	564
576	797
576	894
576	897
576	942
576	956
577	598
577	613
577	733
577	762
577	802
577	962
577	964
577	986
578	24
578	90
578	625
578	665
578	846
578	935
578	959
578	996
579	854
579	947
579	955
579	979
579	983
579	989
579	997
579	998
580	91
580	326
580	344
580	469
580	504
580	758
580	802
580	986
581	254
581	487
581	701
581	810
581	870
581	912
581	930
581	966
582	250
582	409
582	796
582	910
582	925
582	950
582	961
582	994
583	189
583	395
583	547
583	811
583	838
583	951
583	981
583	996
584	359
584	567
584	835
584	866
584	878
584	911
584	923
584	944
585	565
585	623
585	636
585	675
585	730
585	731
585	827
585	873
586	525
586	540
586	816
586	958
586	967
586	995
586	998
586	999
587	431
587	545
587	856
587	947
587	955
587	979
587	989
587	997
588	225
588	765
588	829
588	875
588	915
588	940
588	945
588	975
589	703
589	873
589	924
589	971
589	977
589	988
589	998
589	999
590	201
590	329
590	681
590	727
590	798
590	826
590	934
590	988
591	183
591	283
591	322
591	573
591	823
591	883
591	976
591	993
592	442
592	613
592	643
592	758
592	762
592	785
592	875
592	989
593	417
593	438
593	711
593	737
593	871
593	953
593	972
593	1000
594	511
594	787
594	833
594	860
594	876
594	895
594	896
594	1000
595	160
595	207
595	347
595	881
595	927
595	929
595	969
595	993
596	7
596	761
596	801
596	897
596	908
596	938
596	956
596	966
597	457
597	496
597	570
597	602
597	702
597	903
597	919
597	977
598	111
598	236
598	577
598	712
598	818
598	871
598	877
598	976
599	176
599	538
599	541
599	560
599	618
599	848
599	921
599	927
600	328
600	333
600	790
600	793
600	830
600	910
600	961
600	994
601	388
601	450
601	622
601	809
601	865
601	954
601	984
601	997
602	9
602	200
602	570
602	597
602	644
602	654
602	905
602	919
603	776
603	854
603	883
603	947
603	979
603	983
603	989
603	997
604	618
604	732
604	828
604	878
604	916
604	923
604	943
604	944
605	510
605	563
605	778
605	786
605	871
605	933
605	965
605	987
606	811
606	907
606	920
606	938
606	941
606	948
606	956
606	966
607	381
607	398
607	537
607	704
607	777
607	850
607	894
607	968
608	327
608	489
608	820
608	885
608	918
608	928
608	932
608	997
609	815
609	853
609	958
609	967
609	971
609	995
609	998
609	999
610	647
610	680
610	691
610	718
610	898
610	906
610	981
610	996
611	685
611	796
611	830
611	928
611	939
611	961
611	974
611	994
612	9
612	58
612	385
612	539
612	570
612	644
612	905
612	919
613	577
613	592
613	624
613	750
613	762
613	909
613	913
613	986
614	769
614	810
614	847
614	863
614	902
614	912
614	930
614	966
615	11
615	45
615	59
615	67
615	252
615	747
615	909
615	973
616	475
616	852
616	858
616	940
616	950
616	975
616	988
616	991
617	803
617	903
617	958
617	967
617	969
617	971
617	995
617	998
618	574
618	599
618	604
618	742
618	756
618	848
618	943
618	993
619	363
619	637
619	712
619	883
619	922
619	933
619	972
619	987
620	50
620	227
620	688
620	801
620	907
620	908
620	938
620	990
621	114
621	762
621	802
621	896
621	901
621	953
621	964
621	1000
622	574
622	601
622	691
622	718
622	764
622	888
622	913
622	951
622	996
623	251
623	283
623	585
623	675
623	730
623	789
623	827
623	865
623	996
624	371
624	469
624	492
624	613
624	785
624	882
624	900
624	973
624	986
625	197
625	578
625	811
625	890
625	906
625	947
625	981
625	984
625	996
626	58
626	200
626	539
626	555
626	654
626	808
626	905
626	919
626	999
627	19
627	134
627	782
627	962
627	973
627	977
627	984
627	998
627	999
628	162
628	256
628	746
628	816
628	905
628	958
628	995
628	998
628	999
629	14
629	178
629	286
629	332
629	393
629	416
629	860
629	876
629	1000
630	120
630	174
630	274
630	405
630	660
630	702
630	797
630	894
630	963
631	498
631	572
631	715
631	739
631	885
631	918
631	928
631	932
631	997
632	193
632	396
632	474
632	484
632	561
632	696
632	716
632	789
632	827
633	23
633	32
633	64
633	160
633	270
633	756
633	862
633	921
633	929
634	761
634	867
634	920
634	938
634	941
634	942
634	948
634	956
634	990
635	33
635	557
635	667
635	769
635	803
635	837
635	872
635	995
635	998
636	272
636	305
636	474
636	585
636	675
636	712
636	716
636	731
636	827
637	619
637	755
637	824
637	877
637	979
637	983
637	985
637	987
637	989
638	283
638	322
638	780
638	800
638	818
638	877
638	893
638	960
638	972
639	318
639	413
639	503
639	749
639	884
639	937
639	972
639	976
639	985
640	198
640	423
640	479
640	521
640	571
640	653
640	785
640	933
640	987
641	113
641	370
641	652
641	658
641	765
641	804
641	970
641	978
641	992
642	311
642	710
642	799
642	903
642	971
642	977
642	995
642	998
642	999
643	343
643	592
643	750
643	770
643	874
643	962
643	964
643	973
643	996
644	602
644	612
644	905
644	919
644	951
644	954
644	981
644	984
644	996
645	272
645	446
645	535
645	730
645	789
645	805
645	827
645	865
645	939
646	230
646	474
646	770
646	802
646	875
646	909
646	962
646	964
646	973
647	450
647	610
647	809
647	890
647	906
647	959
647	979
647	981
647	996
648	88
648	390
648	433
648	449
648	720
648	812
648	841
648	934
648	960
649	30
649	433
649	479
649	760
649	899
649	939
649	974
649	980
649	994
650	215
650	447
650	495
650	864
650	889
650	917
650	965
650	991
650	1000
651	199
651	255
651	726
651	866
651	869
651	878
651	916
651	923
651	944
652	81
652	454
652	543
652	641
652	858
652	891
652	915
652	975
652	991
653	39
653	423
653	640
653	737
653	786
653	815
653	976
653	985
653	987
654	496
654	539
654	602
654	626
654	664
654	808
654	841
654	905
654	919
655	50
655	359
655	575
655	835
655	866
655	878
655	916
655	923
655	944
656	171
656	229
656	539
656	664
656	752
656	808
656	851
656	905
656	919
657	53
657	505
657	825
657	828
657	836
657	863
657	914
657	927
657	993
658	556
658	641
658	699
658	762
658	940
658	945
658	978
658	991
658	992
659	32
659	176
659	277
659	310
659	541
659	761
659	884
659	892
659	969
660	411
660	483
660	630
660	676
660	683
660	807
660	861
660	882
660	920
661	374
661	406
661	684
661	759
661	776
661	846
661	888
661	898
661	954
662	173
662	192
662	236
662	492
662	670
662	962
662	973
662	982
662	986
663	728
663	816
663	903
663	929
663	967
663	974
663	977
663	998
663	999
664	212
664	402
664	654
664	656
664	752
664	808
664	899
664	905
664	919
665	266
665	578
665	811
665	835
665	866
665	878
665	913
665	981
665	994
666	52
666	146
666	848
666	874
666	922
666	929
666	943
666	969
666	993
667	210
667	315
667	348
667	404
667	635
667	707
667	821
667	872
667	945
668	38
668	528
668	720
668	777
668	911
668	921
668	924
668	934
668	960
668	988
669	238
669	385
669	692
669	715
669	820
669	885
669	918
669	928
669	932
669	997
670	230
670	559
670	662
670	714
670	758
670	771
670	875
670	964
670	982
670	986
671	411
671	468
671	558
671	797
671	882
671	958
671	963
671	995
671	998
671	999
672	330
672	383
672	486
672	528
672	727
672	821
672	938
672	942
672	956
672	990
673	28
673	289
673	340
673	453
673	773
673	787
673	871
673	924
673	957
673	988
674	138
674	196
674	325
674	684
674	809
674	817
674	838
674	865
674	898
674	959
675	92
675	535
675	561
675	585
675	623
675	636
675	716
675	789
675	827
675	942
676	109
676	391
676	401
676	452
676	497
676	660
676	702
676	845
676	882
676	955
677	276
677	409
677	685
677	728
677	731
677	880
677	925
677	961
677	980
677	994
678	28
678	340
678	687
678	693
678	841
678	851
678	873
678	924
678	931
678	934
679	332
679	534
679	717
679	860
679	867
679	895
679	896
679	953
679	980
679	1000
680	170
680	558
680	610
680	691
680	838
680	846
680	954
680	961
680	981
680	996
681	38
681	292
681	590
681	727
681	791
681	841
681	844
681	924
681	926
681	934
682	100
682	298
682	331
682	754
682	889
682	904
682	917
682	946
682	965
682	985
683	12
683	217
683	468
683	490
683	497
683	660
683	882
683	963
683	968
683	982
684	661
684	674
684	697
684	793
684	906
684	925
684	952
684	975
684	980
684	984
685	611
685	677
685	734
685	760
685	878
685	925
685	939
685	974
685	980
685	994
686	460
686	553
686	690
686	726
686	866
686	878
686	916
686	917
686	923
686	944
687	380
687	678
687	751
687	755
687	947
687	955
687	979
687	983
687	989
687	997
688	476
688	620
688	771
688	832
688	880
688	897
688	938
688	941
688	956
688	990
689	17
689	283
689	723
689	748
689	823
689	839
689	871
689	893
689	937
689	987
690	403
690	503
690	686
690	726
690	863
690	870
690	878
690	912
690	930
690	944
691	478
691	610
691	622
691	680
691	817
691	861
691	865
691	888
691	951
691	996
692	357
692	572
692	669
692	775
692	799
692	820
692	885
692	918
692	928
692	932
693	41
693	314
693	678
693	851
693	855
693	873
693	926
693	957
693	960
693	966
694	155
694	903
694	929
694	935
694	958
694	967
694	971
694	995
694	998
694	999
695	196
695	331
695	725
695	829
695	840
695	889
695	904
695	917
695	946
695	965
696	346
696	632
696	753
696	778
696	849
696	877
696	972
696	976
696	985
696	987
697	301
697	323
697	445
697	684
697	793
697	899
697	939
697	952
697	974
697	994
698	12
698	267
698	326
698	704
698	807
698	850
698	882
698	963
698	968
698	990
699	394
699	447
699	658
699	852
699	858
699	887
699	915
699	920
699	970
699	978
700	396
700	453
700	484
700	501
700	532
700	535
700	554
700	827
700	856
700	988
701	526
701	581
701	761
701	847
701	863
701	870
701	879
701	912
701	930
701	966
702	248
702	339
702	397
702	564
702	597
702	630
702	676
702	850
702	861
702	968
703	103
703	410
703	589
703	806
703	886
703	911
703	926
703	956
703	957
703	988
704	339
704	483
704	607
704	698
704	797
704	850
704	861
704	923
704	955
704	963
705	73
705	170
705	386
705	716
705	724
705	898
705	906
705	935
705	981
705	996
706	75
706	105
706	430
706	443
706	482
706	824
706	857
706	945
706	970
706	992
707	243
707	342
707	366
707	667
707	821
707	858
707	899
707	910
707	949
707	980
708	166
708	372
708	527
708	760
708	790
708	830
708	925
708	952
708	961
708	994
709	78
709	743
709	792
709	843
709	867
709	876
709	896
709	901
709	953
709	1000
710	642
710	746
710	822
710	903
710	929
710	934
710	967
710	995
710	998
710	999
711	393
711	407
711	511
711	593
711	717
711	860
711	876
711	901
711	943
711	953
711	1000
712	39
712	127
712	563
712	598
712	619
712	636
712	786
712	823
712	937
712	976
712	987
713	352
713	810
713	842
713	847
713	863
713	870
713	879
713	902
713	912
713	930
713	966
714	69
714	367
714	670
714	758
714	762
714	788
714	802
714	909
714	962
714	964
714	986
715	464
715	572
715	631
715	669
715	799
715	820
715	885
715	918
715	928
715	932
715	997
716	92
716	272
716	396
716	446
716	561
716	632
716	636
716	675
716	705
716	805
716	865
717	495
717	528
717	679
717	711
717	719
717	836
717	860
717	867
717	917
717	946
717	1000
718	140
718	375
718	524
718	610
718	622
718	906
718	951
718	954
718	959
718	981
718	984
719	40
719	240
719	397
719	529
719	717
719	754
719	772
719	889
719	917
719	946
719	965
720	390
720	453
720	569
720	648
720	668
720	911
720	926
720	934
720	953
720	957
720	988
721	29
721	412
721	745
721	781
721	903
721	958
721	967
721	971
721	977
721	995
721	999
722	25
722	146
722	157
722	436
722	449
722	767
722	798
722	842
722	884
722	892
722	993
723	114
723	280
723	350
723	504
723	689
723	770
723	785
723	802
723	875
723	982
723	986
724	48
724	325
724	459
724	574
724	705
724	834
724	913
724	951
724	954
724	959
724	981
725	137
725	695
725	745
725	754
725	840
725	847
725	889
725	917
725	925
725	946
725	965
726	575
726	651
726	686
726	690
726	835
726	863
726	866
726	869
726	878
726	923
726	944
727	383
727	456
727	590
727	672
727	681
727	729
727	791
727	812
727	851
727	924
727	934
728	663
728	677
728	746
728	833
728	853
728	929
728	971
728	977
728	995
728	998
728	999
729	321
729	449
729	727
729	812
729	826
729	873
729	924
729	926
729	931
729	969
729	988
730	8
730	272
730	396
730	399
730	414
730	561
730	585
730	623
730	645
730	827
730	865
731	92
731	585
731	636
731	677
731	789
731	805
731	844
731	939
731	961
731	974
731	980
732	132
732	342
732	345
732	404
732	604
732	740
732	775
732	776
732	821
732	837
732	872
733	68
733	440
733	577
733	748
733	788
733	874
733	900
733	962
733	964
733	982
733	986
734	264
734	287
734	685
734	784
734	790
734	899
734	925
734	939
734	952
734	985
734	994
735	428
735	768
735	810
735	863
735	870
735	879
735	902
735	912
735	930
735	966
735	984
736	58
736	418
736	744
736	887
736	938
736	941
736	942
736	948
736	950
736	966
736	978
737	307
737	346
737	360
737	509
737	571
737	593
737	653
737	749
737	883
737	933
737	987
738	38
738	410
738	426
738	485
738	556
738	826
738	873
738	911
738	931
738	934
738	988
739	631
739	784
739	790
739	830
739	898
739	899
739	939
739	952
739	961
739	980
739	994
740	13
740	80
740	281
740	345
740	373
740	546
740	732
740	775
740	821
740	837
740	872
741	87
741	814
741	842
741	848
741	859
741	862
741	881
741	922
741	927
741	949
741	992
742	247
742	538
742	618
742	836
742	848
742	880
742	921
742	927
742	943
742	964
742	993
743	36
743	324
743	416
743	709
743	833
743	867
743	876
743	877
743	895
743	896
743	1000
744	424
744	543
744	736
744	824
744	831
744	887
744	970
744	978
744	983
744	991
744	992
745	195
745	255
745	353
745	495
745	529
745	721
745	725
745	840
745	889
745	904
745	946
745	965
746	552
746	628
746	710
746	728
746	935
746	949
746	958
746	967
746	977
746	995
746	998
746	999
747	308
747	458
747	615
747	764
747	766
747	769
747	874
747	962
747	964
747	973
747	982
747	986
748	51
748	347
748	422
748	689
748	733
748	780
748	800
748	839
748	933
748	972
748	976
748	985
749	111
749	307
749	379
749	550
749	639
749	737
749	778
749	780
749	786
749	849
749	933
749	972
750	79
750	134
750	533
750	613
750	643
750	791
750	886
750	923
750	924
750	960
750	964
750	986
751	296
751	508
751	687
751	854
751	856
751	868
751	947
751	955
751	979
751	983
751	989
751	997
752	88
752	98
752	229
752	265
752	415
752	496
752	555
752	570
752	656
752	664
752	905
752	919
753	111
753	293
753	422
753	503
753	521
753	550
753	696
753	778
753	976
753	985
753	987
753	998
754	353
754	682
754	719
754	725
754	772
754	836
754	840
754	904
754	917
754	936
754	946
754	965
755	74
755	282
755	420
755	472
755	637
755	687
755	854
755	947
755	979
755	983
755	989
755	997
756	86
756	128
756	406
756	482
756	618
756	633
756	862
756	881
756	914
756	922
756	929
756	969
757	248
757	257
757	339
757	490
757	497
757	797
757	845
757	882
757	955
757	963
757	968
757	986
758	35
758	189
758	294
758	440
758	580
758	592
758	670
758	714
758	766
758	773
758	909
758	964
759	24
759	102
759	388
759	471
759	533
759	661
759	764
759	838
759	906
759	954
759	984
759	996
760	29
760	151
760	649
760	685
760	708
760	880
760	910
760	939
760	957
760	974
760	980
760	994
761	596
761	634
761	659
761	701
761	771
761	907
761	908
761	941
761	942
761	956
761	966
761	990
762	222
762	419
762	440
762	577
762	592
762	613
762	621
762	658
762	714
762	788
762	973
762	982
763	135
763	156
763	773
763	831
763	857
763	936
763	945
763	950
763	970
763	975
763	978
763	991
764	374
764	574
764	622
764	747
764	759
764	817
764	846
764	935
764	951
764	954
764	959
764	996
765	232
765	271
765	477
765	588
765	641
765	864
765	891
765	903
765	915
765	945
765	950
765	975
766	59
766	434
766	436
766	448
766	504
766	559
766	747
766	758
766	770
766	785
766	982
766	986
767	34
767	44
767	141
767	436
767	722
767	842
767	843
767	844
767	868
767	914
767	927
767	969
768	84
768	247
768	310
768	735
768	798
768	859
768	862
768	921
768	922
768	943
768	969
768	993
769	295
769	530
769	568
769	614
769	635
769	747
769	903
769	958
769	977
769	995
769	998
769	999
770	68
770	192
770	308
770	343
770	643
770	646
770	723
770	766
770	783
770	973
770	982
770	986
771	101
771	519
771	670
771	688
771	761
771	801
771	806
771	897
771	938
771	941
771	948
771	990
772	163
772	495
772	719
772	754
772	785
772	900
772	909
772	917
772	946
772	962
772	965
772	973
773	673
773	758
773	763
773	783
773	856
773	931
773	934
773	947
773	955
773	957
773	979
773	983
773	989
774	71
774	424
774	454
774	477
774	813
774	824
774	866
774	891
774	936
774	970
774	975
774	978
774	991
775	22
775	315
775	342
775	348
775	366
775	404
775	487
775	692
775	732
775	740
775	776
775	837
775	872
776	13
776	304
776	603
776	661
776	732
776	775
776	837
776	856
776	872
776	947
776	979
776	983
776	989
777	136
777	391
777	607
777	668
777	806
777	807
777	812
777	886
777	926
777	963
777	968
777	988
777	997
778	42
778	117
778	417
778	422
778	467
778	605
778	696
778	749
778	753
778	839
778	976
778	985
778	987
779	315
779	507
779	794
779	801
779	819
779	897
779	907
779	908
779	941
779	942
779	948
779	956
779	990
780	236
780	347
780	492
780	638
780	748
780	749
780	786
780	849
780	877
780	893
780	933
780	976
780	987
781	530
781	552
781	721
781	822
781	853
781	935
781	958
781	967
781	971
781	977
781	989
781	995
781	999
782	457
782	544
782	627
782	798
782	822
782	935
782	958
782	967
782	971
782	977
782	995
782	998
782	999
783	181
783	290
783	314
783	485
783	501
783	770
783	773
783	798
783	855
783	861
783	886
783	927
783	988
784	18
784	119
784	151
784	299
784	566
784	734
784	739
784	796
784	888
784	952
784	961
784	980
784	994
785	19
785	67
785	139
785	344
785	458
785	592
785	624
785	640
785	723
785	766
785	772
785	802
785	986
786	479
786	509
786	521
786	605
786	653
786	712
786	749
786	780
786	815
786	871
786	877
786	918
786	987
787	33
787	290
787	594
787	673
787	841
787	861
787	876
787	886
787	889
787	896
787	948
787	953
787	1000
788	35
788	222
788	280
788	320
788	492
788	714
788	733
788	762
788	964
788	973
788	982
788	986
788	988
789	251
789	446
789	474
789	561
789	623
789	632
789	645
789	675
789	731
789	805
789	873
789	940
789	976
790	88
790	250
790	600
790	708
790	734
790	739
790	800
790	880
790	939
790	949
790	961
790	980
790	994
791	426
791	432
791	532
791	681
791	727
791	750
791	806
791	851
791	886
791	911
791	931
791	957
791	965
792	324
792	407
792	438
792	517
792	534
792	541
792	709
792	860
792	867
792	876
792	953
792	968
792	1000
793	121
793	275
793	566
793	600
793	684
793	697
793	796
793	925
793	939
793	961
793	974
793	980
793	994
794	356
794	502
794	779
794	801
794	832
794	897
794	907
794	908
794	941
794	942
794	948
794	956
794	994
795	221
795	297
795	430
795	829
795	857
795	891
795	915
795	934
795	936
795	940
795	950
795	991
795	992
796	10
796	82
796	582
796	611
796	784
796	793
796	910
796	911
796	942
796	952
796	974
796	980
796	994
797	223
797	279
797	391
797	405
797	576
797	630
797	671
797	704
797	757
797	845
797	850
797	882
797	963
798	103
798	190
798	426
798	590
798	722
798	768
798	782
798	783
798	859
798	862
798	884
798	931
798	960
799	394
799	427
799	498
799	542
799	642
799	692
799	715
799	820
799	885
799	918
799	928
799	932
799	997
800	45
800	499
800	509
800	573
800	638
800	748
800	790
800	839
800	842
800	849
800	877
800	933
800	976
801	54
801	499
801	596
801	620
801	771
801	779
801	794
801	894
801	907
801	908
801	956
801	966
801	990
802	253
802	440
802	577
802	580
802	621
802	646
802	714
802	723
802	785
802	874
802	875
802	900
802	962
803	154
803	505
803	617
803	635
803	903
803	929
803	935
803	967
803	971
803	977
803	995
803	998
803	999
804	400
804	486
804	501
804	548
804	641
804	812
804	841
804	855
804	926
804	931
804	934
804	952
804	960
804	988
805	8
805	92
805	193
805	272
805	414
805	446
805	530
805	561
805	645
805	716
805	731
805	789
805	865
805	873
806	410
806	703
806	771
806	777
806	791
806	813
806	832
806	908
806	920
806	931
806	942
806	960
806	970
806	990
807	214
807	267
807	348
807	381
807	405
807	464
807	483
807	518
807	660
807	698
807	777
807	850
807	894
807	963
808	9
808	165
808	171
808	377
808	415
808	496
808	570
808	626
808	654
808	656
808	664
808	905
808	919
808	937
809	574
809	601
809	647
809	674
809	890
809	898
809	906
809	951
809	959
809	961
809	981
809	984
809	990
809	996
810	167
810	459
810	581
810	614
810	713
810	735
810	847
810	863
810	870
810	879
810	902
810	912
810	930
810	966
811	119
811	364
811	406
811	583
811	606
811	625
811	665
811	846
811	906
811	951
811	959
811	981
811	984
811	996
812	175
812	391
812	461
812	548
812	648
812	727
812	729
812	777
812	804
812	855
812	934
812	957
812	960
812	988
813	774
813	806
813	819
813	832
813	897
813	907
813	908
813	920
813	938
813	941
813	948
813	956
813	966
813	990
814	25
814	55
814	133
814	360
814	420
814	470
814	500
814	741
814	862
814	881
814	914
814	922
814	927
814	936
815	20
815	39
815	89
815	241
815	318
815	609
815	653
815	786
815	823
815	877
815	883
815	937
815	972
815	976
816	303
816	369
816	544
816	568
816	586
816	628
816	663
816	822
816	853
816	958
816	977
816	995
816	996
816	999
817	386
817	547
817	674
817	691
817	764
817	888
817	890
817	906
817	951
817	954
817	959
817	981
817	984
817	1000
818	219
818	316
818	479
818	509
818	510
818	598
818	638
818	839
818	871
818	883
818	893
818	933
818	972
818	985
818	987
819	334
819	335
819	356
819	425
819	507
819	779
819	813
819	832
819	907
819	920
819	941
819	942
819	948
819	956
819	990
820	200
820	274
820	481
820	488
820	542
820	608
820	669
820	692
820	715
820	799
820	885
820	918
820	928
820	932
820	997
821	80
821	205
821	210
821	366
821	414
821	466
821	487
821	546
821	667
821	672
821	707
821	732
821	740
821	837
821	872
822	95
822	523
822	525
822	710
822	781
822	782
822	816
822	833
822	878
822	958
822	971
822	973
822	977
822	995
822	999
823	413
823	473
823	550
823	591
823	689
823	712
823	815
823	839
823	848
823	871
823	893
823	937
823	972
823	985
823	987
824	76
824	104
824	225
824	271
824	637
824	706
824	744
824	774
824	858
824	922
824	936
824	970
824	975
824	991
824	992
825	3
825	99
825	160
825	224
825	465
825	482
825	500
825	657
825	848
825	868
825	880
825	881
825	927
825	943
825	949
826	181
826	300
826	432
826	451
826	485
826	532
826	590
826	729
826	738
826	911
826	924
826	931
826	934
826	957
826	988
827	8
827	193
827	446
827	535
827	561
827	585
827	623
827	632
827	636
827	645
827	675
827	700
827	730
827	873
827	978
828	53
828	115
828	176
828	299
828	376
828	482
828	604
828	657
828	836
828	842
828	859
828	921
828	922
828	969
828	993
829	60
829	225
829	493
829	543
829	588
829	695
829	795
829	834
829	839
829	858
829	915
829	936
829	945
829	970
829	978
830	600
830	611
830	708
830	739
830	880
830	888
830	910
830	925
830	939
830	949
830	961
830	974
830	975
830	980
830	994
831	4
831	309
831	362
831	527
831	543
831	562
831	744
831	763
831	834
831	884
831	891
831	945
831	970
831	975
831	992
832	290
832	377
832	688
832	794
832	806
832	813
832	819
832	908
832	920
832	941
832	942
832	948
832	956
832	966
832	990
833	112
833	594
833	728
833	743
833	822
833	853
833	867
833	876
833	901
833	929
833	953
833	967
833	971
833	977
833	1000
834	31
834	71
834	370
834	724
834	829
834	831
834	852
834	857
834	858
834	864
834	887
834	940
834	945
834	978
834	991
834	992
835	220
835	399
835	512
835	553
835	567
835	584
835	655
835	665
835	726
835	869
835	878
835	879
835	916
835	923
835	944
835	959
836	128
836	298
836	495
836	657
836	717
836	742
836	754
836	828
836	842
836	889
836	917
836	921
836	946
836	965
836	975
836	993
837	13
837	80
837	226
837	304
837	342
837	366
837	421
837	465
837	557
837	635
837	732
837	740
837	775
837	776
837	821
837	872
838	186
838	202
838	549
838	583
838	674
838	680
838	759
838	846
838	869
838	890
838	898
838	906
838	913
838	951
838	954
838	984
839	145
839	293
839	318
839	549
839	689
839	748
839	778
839	800
839	818
839	823
839	829
839	883
839	893
839	972
839	976
839	987
840	196
840	298
840	337
840	384
840	467
840	695
840	725
840	745
840	754
840	867
840	889
840	904
840	917
840	946
840	965
840	977
841	47
841	175
841	400
841	463
841	648
841	654
841	678
841	681
841	787
841	804
841	844
841	851
841	855
841	911
841	924
841	957
842	57
842	420
842	713
842	722
842	741
842	767
842	800
842	828
842	836
842	862
842	868
842	892
842	914
842	927
842	943
842	993
843	52
843	55
843	317
843	376
843	470
843	505
843	709
843	767
843	844
843	859
843	892
843	914
843	929
843	949
843	969
843	993
844	466
844	681
844	731
844	767
844	841
844	843
844	859
844	886
844	911
844	914
844	927
844	931
844	943
844	957
844	969
844	988
844	993
845	136
845	174
845	184
845	316
845	339
845	452
845	468
845	490
845	564
845	676
845	757
845	797
845	850
845	866
845	955
845	968
845	1000
846	177
846	180
846	194
846	450
846	520
846	558
846	578
846	661
846	680
846	764
846	811
846	838
846	898
846	951
846	954
846	955
846	996
847	46
847	254
847	428
847	526
847	614
847	701
847	713
847	725
847	810
847	863
847	870
847	879
847	902
847	912
847	930
847	950
847	966
848	84
848	323
848	531
848	599
848	618
848	666
848	741
848	742
848	823
848	825
848	862
848	881
848	914
848	921
848	943
848	969
848	995
849	211
849	241
849	418
849	479
849	549
849	550
849	696
849	749
849	780
849	800
849	877
849	933
849	937
849	972
849	975
849	976
849	987
850	301
850	306
850	464
850	490
850	518
850	560
850	607
850	698
850	702
850	704
850	797
850	807
850	845
850	882
850	894
850	955
850	968
851	154
851	213
851	235
851	360
851	390
851	656
851	678
851	693
851	727
851	791
851	841
851	873
851	886
851	911
851	924
851	926
851	957
852	1
852	116
852	135
852	246
852	297
852	387
852	430
852	494
852	616
852	699
852	834
852	915
852	925
852	940
852	950
852	978
852	992
853	18
853	139
853	281
853	525
853	552
853	609
853	728
853	781
853	816
853	833
853	935
853	958
853	971
853	977
853	995
853	998
853	999
854	65
854	125
854	233
854	296
854	545
854	551
854	579
854	603
854	751
854	755
854	856
854	947
854	955
854	979
854	983
854	989
854	997
855	235
855	451
855	532
855	554
855	693
855	783
855	804
855	812
855	841
855	861
855	924
855	926
855	931
855	934
855	937
855	978
855	988
856	74
856	129
856	380
856	472
856	551
856	587
856	700
856	751
856	773
856	776
856	854
856	947
856	955
856	979
856	983
856	989
856	997
857	215
857	273
857	319
857	477
857	480
857	554
857	706
857	763
857	795
857	834
857	887
857	915
857	936
857	950
857	970
857	975
857	992
858	75
858	387
858	527
858	556
858	616
858	652
858	699
858	707
858	824
858	829
858	834
858	864
858	915
858	936
858	945
858	970
858	975
859	115
859	237
859	277
859	536
859	541
859	741
859	768
859	798
859	828
859	843
859	844
859	892
859	921
859	927
859	943
859	969
859	993
860	115
860	231
860	244
860	324
860	332
860	358
860	594
860	629
860	679
860	711
860	717
860	792
860	895
860	896
860	930
860	953
860	1000
861	72
861	316
861	329
861	460
861	464
861	506
861	528
861	660
861	691
861	702
861	704
861	783
861	787
861	855
861	955
861	960
861	968
861	988
862	55
862	66
862	141
862	317
862	633
862	741
862	756
862	768
862	798
862	814
862	842
862	848
862	868
862	881
862	895
862	927
862	974
862	993
863	167
863	286
863	428
863	614
863	657
863	690
863	701
863	713
863	726
863	735
863	810
863	847
863	870
863	879
863	902
863	912
863	930
863	966
864	313
864	447
864	454
864	488
864	493
864	650
864	765
864	834
864	858
864	936
864	940
864	945
864	962
864	970
864	975
864	978
864	991
864	992
865	84
865	193
865	429
865	535
865	601
865	623
865	645
865	674
865	691
865	716
865	730
865	805
865	873
865	888
865	890
865	956
865	959
865	996
866	7
866	203
866	206
866	403
866	567
866	575
866	584
866	651
866	655
866	665
866	686
866	726
866	774
866	845
866	869
866	878
866	916
866	944
867	178
867	207
867	223
867	517
867	534
867	634
867	679
867	709
867	717
867	743
867	792
867	833
867	840
867	876
867	895
867	901
867	953
867	1000
868	6
868	25
868	53
868	96
868	115
868	157
868	751
868	767
868	825
868	842
868	862
868	881
868	892
868	921
868	922
868	943
868	949
868	972
869	169
869	199
869	208
869	359
869	364
869	455
869	460
869	557
869	567
869	575
869	651
869	726
869	835
869	838
869	866
869	878
869	916
869	944
870	46
870	314
870	352
870	408
870	428
870	581
870	690
870	701
870	713
870	735
870	810
870	847
870	863
870	879
870	902
870	912
870	930
870	966
870	971
871	262
871	368
871	417
871	423
871	444
871	483
871	593
871	598
871	605
871	673
871	689
871	786
871	818
871	823
871	893
871	933
871	937
871	972
871	987
872	22
872	40
872	210
872	244
872	304
872	373
872	404
872	414
872	421
872	487
872	635
872	667
872	732
872	740
872	775
872	776
872	821
872	837
872	971
873	251
873	305
873	340
873	390
873	474
873	575
873	585
873	589
873	678
873	693
873	729
873	738
873	789
873	805
873	827
873	851
873	865
873	957
873	991
874	61
874	67
874	107
874	469
874	512
874	514
874	559
874	643
874	666
874	733
874	747
874	802
874	875
874	909
874	962
874	964
874	973
874	986
874	998
875	130
875	207
875	218
875	341
875	350
875	448
875	588
875	592
875	646
875	670
875	723
875	802
875	874
875	914
875	962
875	964
875	973
875	982
875	986
876	346
876	358
876	407
876	416
876	536
876	594
876	629
876	709
876	711
876	743
876	787
876	792
876	833
876	867
876	896
876	901
876	902
876	953
876	1000
877	17
877	563
877	571
877	598
877	637
877	638
877	696
877	743
877	780
877	786
877	800
877	815
877	849
877	937
877	972
877	976
877	985
877	987
877	995
878	199
878	266
878	399
878	455
878	584
878	604
878	651
878	655
878	665
878	685
878	686
878	690
878	726
878	822
878	835
878	866
878	869
878	916
878	944
879	46
879	190
879	286
879	408
879	427
879	526
879	701
879	713
879	735
879	810
879	835
879	847
879	863
879	870
879	902
879	912
879	929
879	930
879	966
880	30
880	131
880	168
880	239
880	376
880	677
880	688
880	742
880	760
880	790
880	825
880	830
880	910
880	922
880	949
880	969
880	974
880	988
880	993
881	55
881	57
881	186
881	323
881	435
881	595
881	741
881	756
881	814
881	825
881	848
881	862
881	868
881	884
881	892
881	918
881	922
881	929
881	993
882	65
882	109
882	257
882	452
882	564
882	624
882	660
882	671
882	676
882	683
882	698
882	757
882	797
882	850
882	894
882	955
882	963
882	968
882	981
883	5
883	91
883	219
883	322
883	510
883	563
883	571
883	591
883	603
883	619
883	737
883	815
883	818
883	839
883	933
883	972
883	976
883	985
883	987
884	168
884	242
884	277
884	323
884	470
884	639
884	659
884	722
884	798
884	831
884	881
884	892
884	921
884	922
884	929
884	943
884	949
884	969
884	993
885	144
885	385
885	481
885	488
885	489
885	542
885	608
885	631
885	669
885	692
885	715
885	799
885	820
885	903
885	918
885	928
885	932
885	997
885	998
886	290
886	437
886	449
886	548
886	703
886	750
886	777
886	783
886	787
886	791
886	844
886	851
886	908
886	911
886	926
886	934
886	935
886	957
886	960
886	988
887	1
887	64
887	443
887	699
887	736
887	744
887	834
887	857
887	891
887	915
887	936
887	940
887	945
887	950
887	954
887	970
887	973
887	975
887	991
887	992
888	101
888	194
888	441
888	471
888	524
888	565
888	622
888	661
888	691
888	784
888	817
888	830
888	865
888	898
888	906
888	935
888	954
888	981
888	984
888	996
889	49
889	106
889	137
889	195
889	398
889	450
889	529
889	650
889	682
889	695
889	719
889	725
889	745
889	787
889	836
889	840
889	904
889	917
889	946
889	965
890	102
890	325
890	354
890	374
890	406
890	625
890	647
890	809
890	817
890	838
890	865
890	895
890	898
890	913
890	935
890	951
890	954
890	981
890	984
890	996
891	56
891	93
891	113
891	228
891	309
891	418
891	652
891	765
891	774
891	795
891	831
891	887
891	910
891	936
891	940
891	945
891	951
891	970
891	975
891	991
892	99
892	157
892	258
892	270
892	402
892	436
892	659
892	722
892	842
892	843
892	859
892	868
892	881
892	884
892	914
892	927
892	943
892	983
892	991
892	993
893	2
893	145
893	198
893	293
893	368
893	444
893	542
893	638
893	689
893	780
893	818
893	823
893	839
893	871
893	933
893	972
893	976
893	985
893	987
893	989
894	12
894	217
894	267
894	382
894	391
894	397
894	452
894	464
894	497
894	537
894	576
894	607
894	630
894	801
894	807
894	850
894	882
894	923
894	955
894	968
895	78
895	126
895	191
895	231
895	263
895	324
895	351
895	393
895	441
895	511
895	594
895	679
895	743
895	860
895	862
895	867
895	890
895	896
895	901
895	1000
896	191
896	223
896	275
896	438
896	453
896	536
896	594
896	621
896	679
896	709
896	743
896	787
896	860
896	876
896	895
896	901
896	939
896	953
896	978
896	1000
897	94
897	133
897	148
897	576
897	596
897	688
897	771
897	779
897	794
897	813
897	907
897	908
897	920
897	938
897	941
897	942
897	948
897	956
897	966
897	985
897	990
898	63
898	138
898	186
898	367
898	478
898	513
898	610
898	661
898	674
898	705
898	739
898	809
898	838
898	846
898	888
898	890
898	913
898	981
898	984
898	996
898	1000
899	10
899	145
899	151
899	243
899	276
899	302
899	491
899	649
899	664
899	697
899	707
899	734
899	739
899	910
899	925
899	949
899	952
899	961
899	974
899	980
899	994
900	36
900	67
900	179
900	252
900	341
900	434
900	442
900	448
900	492
900	515
900	516
900	624
900	733
900	772
900	802
900	915
900	961
900	962
900	973
900	982
900	986
901	126
901	231
901	263
901	269
901	351
901	358
901	379
901	438
901	441
901	534
901	621
901	709
901	711
901	833
901	867
901	876
901	895
901	896
901	946
901	953
901	1000
902	254
902	286
902	352
902	408
902	427
902	439
902	526
902	614
902	713
902	735
902	810
902	847
902	863
902	870
902	876
902	879
902	912
902	930
902	933
902	966
902	989
903	334
903	522
903	530
903	597
903	617
903	642
903	663
903	694
903	710
903	721
903	765
903	769
903	803
903	885
903	935
903	967
903	971
903	977
903	995
903	998
903	999
904	49
904	100
904	143
904	196
904	337
904	353
904	384
904	397
904	398
904	467
904	529
904	682
904	695
904	745
904	754
904	840
904	889
904	917
904	946
904	947
904	965
904	984
905	2
905	9
905	58
905	79
905	165
905	171
905	200
905	402
905	415
905	555
905	570
905	602
905	612
905	626
905	628
905	644
905	654
905	656
905	664
905	752
905	808
905	919
906	138
906	210
906	237
906	320
906	392
906	565
906	610
906	625
906	647
906	684
906	705
906	718
906	759
906	809
906	811
906	817
906	838
906	888
906	951
906	959
906	973
906	984
907	76
907	395
907	476
907	507
907	513
907	606
907	620
907	761
907	779
907	794
907	801
907	813
907	819
907	897
907	920
907	927
907	938
907	941
907	942
907	948
907	956
907	990
908	148
908	330
908	476
908	596
908	620
908	761
908	779
908	794
908	801
908	806
908	813
908	832
908	886
908	897
908	920
908	941
908	942
908	948
908	956
908	966
908	980
908	990
909	61
909	91
909	97
909	150
909	294
909	371
909	442
909	448
909	512
909	573
909	613
909	615
909	646
909	714
909	758
909	772
909	874
909	946
909	962
909	964
909	970
909	973
909	986
910	209
910	239
910	269
910	276
910	287
910	299
910	378
910	566
910	582
910	600
910	707
910	760
910	796
910	830
910	880
910	891
910	899
910	952
910	961
910	974
910	980
910	981
910	994
911	114
911	123
911	181
911	201
911	329
911	415
911	451
911	569
911	584
911	668
911	703
911	720
911	738
911	791
911	796
911	826
911	841
911	844
911	851
911	886
911	926
911	960
911	988
912	86
912	118
912	167
912	190
912	254
912	352
912	397
912	408
912	427
912	581
912	614
912	690
912	701
912	713
912	735
912	810
912	847
912	863
912	870
912	879
912	902
912	930
912	966
913	24
913	27
913	48
913	90
913	170
913	180
913	194
913	204
913	300
913	392
913	406
913	478
913	520
913	565
913	613
913	622
913	665
913	724
913	838
913	890
913	898
913	954
913	996
914	6
914	23
914	57
914	128
914	131
914	270
914	376
914	445
914	657
914	756
914	767
914	814
914	842
914	843
914	844
914	848
914	875
914	892
914	921
914	922
914	929
914	969
914	993
915	56
915	116
915	232
915	418
915	462
915	540
915	588
915	652
915	699
915	765
915	795
915	829
915	852
915	857
915	858
915	887
915	900
915	936
915	945
915	950
915	975
915	978
915	991
916	169
916	199
916	208
916	220
916	399
916	455
916	460
916	508
916	553
916	557
916	567
916	575
916	604
916	651
916	655
916	686
916	835
916	866
916	869
916	878
916	923
916	933
916	944
917	106
917	137
917	143
917	353
917	384
917	529
917	546
917	555
917	650
917	682
917	686
917	695
917	717
917	719
917	725
917	754
917	772
917	836
917	840
917	889
917	904
917	946
917	965
918	238
918	274
918	327
918	357
918	481
918	488
918	489
918	498
918	542
918	572
918	608
918	631
918	669
918	692
918	715
918	786
918	799
918	820
918	881
918	885
918	928
918	932
918	997
919	79
919	165
919	171
919	212
919	229
919	265
919	302
919	402
919	415
919	539
919	555
919	597
919	602
919	612
919	626
919	644
919	654
919	656
919	664
919	752
919	808
919	905
919	959
920	50
920	54
920	159
920	340
920	389
920	395
920	502
920	606
920	634
920	660
920	699
920	806
920	813
920	819
920	832
920	897
920	907
920	908
920	938
920	941
920	942
920	948
920	956
920	990
921	34
921	52
921	85
921	160
921	168
921	317
921	482
921	599
921	633
921	668
921	742
921	768
921	828
921	836
921	848
921	859
921	868
921	884
921	914
921	922
921	943
921	952
921	983
921	993
922	25
922	141
922	288
922	417
922	435
922	436
922	465
922	619
922	666
922	741
922	756
922	768
922	814
922	824
922	828
922	868
922	880
922	881
922	884
922	914
922	921
922	927
922	969
922	993
923	7
923	169
923	203
923	208
923	260
923	403
923	455
923	460
923	512
923	553
923	557
923	567
923	584
923	604
923	651
923	655
923	686
923	704
923	726
923	750
923	835
923	894
923	916
923	944
924	122
924	154
924	314
924	321
924	340
924	521
924	528
924	548
924	589
924	668
924	673
924	678
924	681
924	727
924	729
924	750
924	826
924	841
924	851
924	855
924	931
924	932
924	957
924	960
924	988
925	30
925	83
925	166
925	239
925	287
925	349
925	445
925	582
925	677
925	684
925	685
925	708
925	725
925	734
925	793
925	830
925	852
925	899
925	939
925	949
925	961
925	974
925	980
925	993
925	994
926	28
926	318
926	328
926	383
926	390
926	463
926	501
926	532
926	569
926	681
926	693
926	703
926	720
926	729
926	777
926	804
926	851
926	855
926	886
926	911
926	929
926	931
926	934
926	945
926	957
926	960
927	158
927	420
927	435
927	465
927	470
927	505
927	531
927	595
927	599
927	657
927	741
927	742
927	767
927	783
927	814
927	825
927	842
927	844
927	859
927	862
927	892
927	907
927	922
927	929
927	949
927	993
928	144
928	238
928	289
928	327
928	385
928	394
928	427
928	481
928	488
928	489
928	498
928	542
928	572
928	608
928	611
928	631
928	669
928	692
928	715
928	799
928	820
928	885
928	918
928	932
928	996
928	997
929	288
929	311
929	595
929	633
929	663
929	666
929	694
929	710
929	728
929	756
929	803
929	833
929	843
929	879
929	881
929	884
929	914
929	926
929	927
929	930
929	943
929	967
929	971
929	977
929	993
929	995
929	998
930	46
930	167
930	190
930	254
930	286
930	352
930	408
930	428
930	439
930	526
930	581
930	614
930	690
930	701
930	713
930	735
930	810
930	847
930	860
930	863
930	870
930	879
930	902
930	912
930	929
930	932
930	966
931	158
931	175
931	314
931	318
931	329
931	400
931	501
931	506
931	554
931	678
931	729
931	738
931	773
931	791
931	798
931	804
931	806
931	826
931	844
931	855
931	924
931	926
931	934
931	957
931	960
931	988
931	992
932	144
932	226
932	238
932	274
932	327
932	357
932	385
932	427
932	481
932	488
932	489
932	498
932	542
932	572
932	608
932	631
932	669
932	692
932	715
932	799
932	820
932	885
932	918
932	924
932	928
932	930
932	997
933	89
933	187
933	262
933	307
933	422
933	491
933	510
933	605
933	619
933	640
933	737
933	748
933	749
933	780
933	800
933	818
933	849
933	871
933	883
933	893
933	902
933	916
933	937
933	972
933	976
933	985
933	987
934	17
934	47
934	201
934	289
934	360
934	432
934	466
934	533
934	590
934	648
934	668
934	678
934	681
934	710
934	720
934	727
934	738
934	773
934	795
934	804
934	812
934	826
934	855
934	886
934	926
934	931
934	982
934	988
935	202
935	279
935	388
935	389
935	406
935	429
935	457
935	459
935	548
935	578
935	694
935	705
935	746
935	764
935	781
935	782
935	803
935	853
935	886
935	888
935	890
935	903
935	951
935	959
935	971
935	995
935	998
935	999
936	112
936	273
936	291
936	341
936	457
936	475
936	493
936	494
936	556
936	754
936	763
936	774
936	795
936	814
936	824
936	829
936	857
936	858
936	864
936	887
936	891
936	915
936	940
936	945
936	950
936	970
936	975
936	991
937	20
937	111
937	183
937	211
937	322
937	423
937	429
937	444
937	473
937	503
937	510
937	527
937	563
937	571
937	573
937	639
937	689
937	712
937	808
937	815
937	823
937	849
937	855
937	871
937	877
937	933
937	976
937	987
938	62
938	140
938	159
938	234
938	330
938	335
938	500
938	507
938	549
938	596
938	606
938	620
938	634
938	672
938	688
938	736
938	771
938	813
938	897
938	907
938	920
938	941
938	942
938	948
938	956
938	966
938	981
938	990
939	26
939	166
939	243
939	328
939	333
939	378
939	456
939	491
939	611
939	645
939	649
939	685
939	697
939	731
939	734
939	739
939	760
939	790
939	793
939	830
939	896
939	925
939	944
939	949
939	952
939	961
939	974
939	994
940	44
940	56
940	71
940	152
940	228
940	291
940	319
940	361
940	362
940	418
940	454
940	480
940	588
940	616
940	658
940	789
940	795
940	834
940	852
940	864
940	887
940	891
940	936
940	970
940	975
940	977
940	991
940	992
941	54
941	149
941	377
941	425
941	519
941	560
941	606
941	634
941	688
941	736
941	761
941	771
941	779
941	794
941	813
941	819
941	832
941	897
941	907
941	908
941	920
941	938
941	942
941	948
941	956
941	966
941	990
941	997
942	94
942	140
942	149
942	234
942	335
942	476
942	502
942	576
942	634
942	672
942	675
942	736
942	761
942	779
942	794
942	796
942	806
942	819
942	832
942	897
942	907
942	908
942	920
942	938
942	941
942	948
942	956
942	977
942	990
943	3
943	15
943	53
943	87
943	141
943	158
943	270
943	284
943	435
943	531
943	604
943	618
943	666
943	711
943	742
943	768
943	825
943	842
943	844
943	848
943	859
943	868
943	884
943	892
943	921
943	929
943	969
943	976
943	993
944	7
944	206
944	208
944	220
944	260
944	266
944	359
944	399
944	455
944	460
944	512
944	567
944	575
944	584
944	604
944	651
944	655
944	686
944	690
944	726
944	835
944	866
944	869
944	878
944	916
944	923
944	939
944	949
944	998
945	31
945	56
945	104
945	182
945	232
945	271
945	319
945	331
945	493
945	562
945	588
945	658
945	667
945	706
945	763
945	765
945	829
945	831
945	834
945	858
945	864
945	887
945	891
945	915
945	926
945	936
945	950
945	975
945	978
946	49
946	100
946	106
946	143
946	195
946	240
946	255
946	264
946	298
946	331
946	337
946	398
946	467
946	495
946	682
946	695
946	717
946	719
946	725
946	745
946	754
946	772
946	836
946	840
946	889
946	901
946	904
946	909
946	917
946	965
947	77
947	147
947	164
947	245
947	249
947	261
947	282
947	296
947	431
947	508
947	545
947	551
947	579
947	587
947	603
947	625
947	687
947	751
947	755
947	773
947	776
947	854
947	856
947	904
947	953
947	955
947	979
947	983
947	989
947	997
948	62
948	148
948	149
948	240
948	330
948	335
948	395
948	405
948	425
948	476
948	507
948	606
948	634
948	736
948	771
948	779
948	787
948	794
948	813
948	819
948	832
948	897
948	907
948	908
948	920
948	938
948	941
948	942
948	956
948	966
948	990
949	15
949	23
949	83
949	86
949	96
949	288
949	333
949	376
949	434
949	491
949	505
949	707
949	741
949	746
949	790
949	825
949	830
949	843
949	868
949	880
949	884
949	899
949	925
949	927
949	939
949	944
949	952
949	961
949	969
949	974
949	994
950	71
950	93
950	273
950	361
950	362
950	387
950	424
950	447
950	462
950	469
950	477
950	493
950	562
950	582
950	616
950	736
950	763
950	765
950	795
950	847
950	852
950	857
950	887
950	915
950	936
950	945
950	970
950	975
950	978
950	986
950	992
951	27
951	90
951	107
951	228
951	236
951	312
951	333
951	367
951	374
951	386
951	459
951	520
951	583
951	622
951	644
951	691
951	718
951	724
951	764
951	809
951	811
951	817
951	838
951	846
951	890
951	891
951	906
951	935
951	981
951	984
951	996
952	26
952	119
952	125
952	151
952	276
952	287
952	302
952	349
952	354
952	364
952	372
952	378
952	445
952	491
952	553
952	684
952	697
952	708
952	734
952	739
952	784
952	796
952	804
952	899
952	910
952	921
952	939
952	949
952	961
952	974
952	994
953	14
953	33
953	126
953	178
953	245
953	263
953	275
953	358
953	393
953	407
953	416
953	438
953	511
953	517
953	534
953	536
953	593
953	621
953	679
953	709
953	711
953	720
953	787
953	792
953	833
953	860
953	867
953	876
953	896
953	901
953	947
953	1000
954	5
954	27
954	108
954	110
954	118
954	336
954	374
954	389
954	441
954	471
954	513
954	520
954	524
954	541
954	558
954	601
954	644
954	661
954	680
954	718
954	724
954	759
954	764
954	817
954	838
954	846
954	887
954	888
954	890
954	913
954	959
954	984
955	172
955	233
955	259
955	306
955	468
955	497
955	508
955	518
955	579
955	587
955	676
955	687
955	704
955	751
955	757
955	773
955	845
955	846
955	850
955	854
955	856
955	861
955	882
955	894
955	947
955	963
955	979
955	983
955	987
955	989
955	993
955	997
956	62
956	227
956	234
956	330
956	377
956	389
956	507
956	576
956	596
956	606
956	634
956	672
956	688
956	703
956	761
956	779
956	794
956	801
956	813
956	819
956	832
956	865
956	897
956	907
956	908
956	920
956	938
956	941
956	942
956	948
956	963
956	990
957	32
957	43
957	47
957	235
957	383
957	437
957	461
957	463
957	485
957	501
957	533
957	548
957	673
957	693
957	703
957	720
957	760
957	773
957	791
957	812
957	826
957	841
957	844
957	851
957	873
957	886
957	924
957	926
957	931
957	960
957	967
957	988
958	29
958	334
958	401
958	458
958	490
958	522
958	523
958	525
958	544
958	552
958	568
958	586
958	609
958	617
958	628
958	671
958	694
958	721
958	746
958	769
958	781
958	782
958	816
958	822
958	853
958	964
958	967
958	971
958	977
958	995
958	998
958	999
959	27
959	60
959	93
959	98
959	101
959	153
959	194
959	202
959	213
959	386
959	392
959	459
959	513
959	520
959	565
959	578
959	647
959	674
959	718
959	724
959	764
959	809
959	811
959	817
959	835
959	865
959	906
959	919
959	935
959	954
959	981
959	984
959	996
960	123
960	142
960	154
960	188
960	227
960	400
960	410
960	437
960	463
960	466
960	485
960	506
960	532
960	533
960	554
960	569
960	638
960	648
960	668
960	693
960	750
960	798
960	804
960	806
960	812
960	861
960	886
960	911
960	924
960	926
960	931
960	957
960	988
961	4
961	88
961	119
961	125
961	243
961	299
961	349
961	354
961	365
961	372
961	445
961	456
961	582
961	600
961	611
961	677
961	680
961	708
961	731
961	739
961	784
961	790
961	793
961	809
961	830
961	899
961	900
961	910
961	925
961	939
961	949
961	952
961	994
962	35
962	36
962	61
962	139
962	155
962	230
962	246
962	252
962	280
962	440
962	442
962	504
962	516
962	577
962	627
962	643
962	646
962	662
962	714
962	733
962	747
962	772
962	802
962	864
962	874
962	875
962	900
962	909
962	973
962	982
962	986
962	989
962	990
963	72
963	120
963	136
963	248
963	267
963	292
963	326
963	355
963	381
963	391
963	405
963	439
963	441
963	490
963	497
963	507
963	518
963	537
963	560
963	564
963	630
963	671
963	683
963	698
963	704
963	757
963	777
963	797
963	807
963	882
963	955
963	956
963	968
964	68
964	130
964	173
964	185
964	252
964	259
964	294
964	343
964	448
964	492
964	504
964	512
964	515
964	577
964	621
964	643
964	646
964	670
964	714
964	733
964	742
964	747
964	750
964	758
964	788
964	874
964	875
964	909
964	958
964	973
964	982
964	986
964	988
964	999
965	49
965	100
965	106
965	137
965	143
965	163
965	195
965	240
965	255
965	298
965	331
965	337
965	353
965	384
965	398
965	409
965	467
965	529
965	605
965	650
965	682
965	695
965	719
965	725
965	745
965	754
965	772
965	791
965	836
965	840
965	889
965	904
965	917
965	946
966	101
966	356
966	428
966	502
966	526
966	581
966	596
966	606
966	614
966	693
966	701
966	713
966	735
966	736
966	761
966	801
966	810
966	813
966	832
966	847
966	863
966	870
966	879
966	897
966	902
966	908
966	912
966	930
966	938
966	941
966	948
966	985
966	990
966	997
967	152
967	187
967	256
967	281
967	295
967	303
967	311
967	334
967	357
967	379
967	520
967	523
967	540
967	586
967	609
967	617
967	663
967	694
967	710
967	721
967	746
967	781
967	782
967	803
967	833
967	903
967	929
967	957
967	958
967	971
967	977
967	995
967	998
967	999
968	12
968	65
968	136
968	172
968	174
968	184
968	214
968	248
968	257
968	267
968	278
968	305
968	306
968	368
968	381
968	411
968	452
968	464
968	537
968	560
968	564
968	607
968	683
968	698
968	702
968	757
968	777
968	792
968	845
968	850
968	861
968	882
968	894
968	963
969	57
969	85
969	86
969	96
969	99
969	133
969	222
969	258
969	277
969	323
969	436
969	500
969	505
969	538
969	560
969	595
969	617
969	659
969	666
969	729
969	756
969	767
969	768
969	828
969	843
969	844
969	848
969	859
969	880
969	884
969	914
969	922
969	943
969	949
969	993
970	1
970	104
970	105
970	112
970	116
970	232
970	370
970	387
970	430
970	462
970	641
970	699
970	706
970	744
970	763
970	774
970	806
970	824
970	829
970	831
970	857
970	858
970	864
970	887
970	891
970	909
970	936
970	940
970	950
970	973
970	975
970	978
970	982
970	991
970	992
971	18
971	95
971	295
971	311
971	369
971	412
971	457
971	525
971	568
971	589
971	609
971	617
971	642
971	694
971	721
971	728
971	781
971	782
971	803
971	822
971	833
971	853
971	870
971	872
971	903
971	929
971	935
971	958
971	967
971	974
971	977
971	995
971	997
971	998
971	999
972	2
972	43
972	51
972	89
972	117
972	122
972	198
972	241
972	293
972	310
972	417
972	499
972	551
972	552
972	563
972	573
972	593
972	619
972	638
972	639
972	696
972	748
972	749
972	815
972	818
972	823
972	839
972	849
972	868
972	871
972	877
972	883
972	893
972	933
972	976
972	985
973	35
973	64
973	107
973	179
973	253
973	294
973	344
973	419
973	442
973	448
973	458
973	504
973	516
973	615
973	624
973	627
973	643
973	646
973	662
973	747
973	762
973	770
973	772
973	788
973	822
973	874
973	875
973	887
973	900
973	906
973	909
973	962
973	964
973	970
973	982
973	986
974	70
974	81
974	83
974	124
974	250
974	264
974	284
974	299
974	301
974	349
974	354
974	378
974	409
974	426
974	456
974	566
974	611
974	649
974	663
974	685
974	697
974	731
974	760
974	793
974	796
974	830
974	862
974	880
974	899
974	910
974	925
974	939
974	949
974	952
974	971
974	980
974	994
975	21
975	31
975	44
975	60
975	112
975	132
975	135
975	309
975	361
975	430
975	443
975	543
975	588
975	616
975	652
975	684
975	763
975	765
975	774
975	824
975	830
975	831
975	836
975	849
975	857
975	858
975	864
975	887
975	891
975	915
975	936
975	940
975	945
975	950
975	970
975	978
975	991
975	992
976	5
976	43
976	51
976	127
976	162
976	188
976	211
976	307
976	363
976	368
976	413
976	423
976	473
976	479
976	591
976	598
976	639
976	653
976	696
976	712
976	748
976	753
976	778
976	780
976	789
976	800
976	815
976	839
976	849
976	877
976	883
976	893
976	933
976	937
976	943
976	972
976	980
976	985
976	987
977	224
977	401
977	412
977	457
977	489
977	522
977	523
977	525
977	530
977	540
977	552
977	568
977	589
977	597
977	627
977	642
977	663
977	721
977	728
977	746
977	769
977	781
977	782
977	803
977	816
977	822
977	833
977	840
977	853
977	903
977	929
977	940
977	942
977	958
977	967
977	971
977	995
977	998
977	999
978	21
978	93
978	135
978	156
978	268
978	297
978	313
978	341
978	370
978	386
978	424
978	454
978	462
978	475
978	493
978	494
978	527
978	562
978	641
978	658
978	699
978	736
978	744
978	763
978	774
978	827
978	829
978	834
978	852
978	855
978	864
978	896
978	915
978	945
978	950
978	970
978	975
978	991
978	992
979	39
979	77
979	110
979	113
979	121
979	129
979	147
979	161
979	164
979	245
979	249
979	261
979	282
979	285
979	296
979	338
979	380
979	431
979	472
979	545
979	551
979	562
979	579
979	587
979	603
979	637
979	647
979	687
979	751
979	755
979	773
979	776
979	854
979	856
979	947
979	955
979	983
979	989
979	997
980	4
980	37
980	81
980	124
980	209
980	239
980	243
980	250
980	264
980	276
980	284
980	301
980	328
980	349
980	372
980	409
980	433
980	445
980	456
980	649
980	677
980	679
980	684
980	685
980	707
980	731
980	739
980	760
980	784
980	790
980	793
980	796
980	830
980	899
980	908
980	910
980	925
980	974
980	976
980	990
981	108
981	153
981	189
981	300
981	312
981	320
981	336
981	364
981	375
981	386
981	429
981	471
981	513
981	524
981	547
981	549
981	574
981	583
981	610
981	625
981	644
981	647
981	665
981	680
981	705
981	718
981	724
981	809
981	811
981	817
981	882
981	888
981	890
981	898
981	910
981	938
981	951
981	959
981	984
981	991
981	996
982	11
982	19
982	69
982	150
982	173
982	185
982	192
982	204
982	213
982	218
982	230
982	246
982	253
982	259
982	350
982	419
982	434
982	442
982	458
982	514
982	515
982	559
982	662
982	670
982	683
982	723
982	733
982	747
982	762
982	766
982	770
982	788
982	875
982	900
982	934
982	962
982	964
982	970
982	973
982	986
982	999
983	74
983	77
983	110
983	121
983	129
983	147
983	161
983	164
983	185
983	233
983	245
983	249
983	261
983	282
983	285
983	338
983	380
983	431
983	472
983	508
983	545
983	551
983	579
983	603
983	637
983	687
983	744
983	751
983	755
983	773
983	776
983	854
983	856
983	892
983	921
983	947
983	955
983	979
983	989
983	997
983	1000
984	63
984	73
984	98
984	118
984	153
984	186
984	197
984	242
984	312
984	388
984	392
984	450
984	459
984	478
984	510
984	524
984	541
984	549
984	558
984	565
984	601
984	625
984	627
984	644
984	684
984	718
984	735
984	759
984	809
984	811
984	817
984	838
984	888
984	890
984	898
984	904
984	906
984	951
984	954
984	959
984	981
984	996
985	5
985	20
985	127
985	155
985	183
985	188
985	219
985	237
985	241
985	262
985	363
985	413
985	417
985	422
985	429
985	473
985	509
985	521
985	527
985	550
985	563
985	573
985	637
985	639
985	653
985	682
985	696
985	734
985	748
985	753
985	778
985	818
985	823
985	877
985	883
985	893
985	897
985	933
985	966
985	972
985	976
985	987
986	64
986	97
986	130
986	150
986	173
986	179
986	206
986	246
986	253
986	344
986	350
986	371
986	434
986	458
986	485
986	515
986	559
986	577
986	580
986	613
986	624
986	662
986	670
986	714
986	723
986	733
986	747
986	750
986	757
986	766
986	770
986	785
986	788
986	874
986	875
986	900
986	909
986	950
986	962
986	964
986	973
986	982
987	42
987	117
987	127
987	198
987	216
987	237
987	346
987	400
987	499
987	503
987	509
987	510
987	516
987	563
987	567
987	571
987	573
987	605
987	619
987	637
987	640
987	653
987	689
987	696
987	712
987	737
987	753
987	778
987	780
987	786
987	818
987	823
987	839
987	849
987	871
987	877
987	883
987	893
987	933
987	937
987	955
987	976
987	985
988	32
988	41
988	47
988	123
988	142
988	201
988	235
988	321
988	451
988	463
988	486
988	501
988	506
988	528
988	569
988	589
988	590
988	616
988	668
988	673
988	700
988	703
988	720
988	729
988	738
988	777
988	783
988	788
988	804
988	812
988	826
988	844
988	855
988	861
988	880
988	886
988	911
988	924
988	931
988	934
988	957
988	960
988	964
989	74
989	77
989	110
989	121
989	129
989	147
989	161
989	164
989	185
989	233
989	245
989	249
989	261
989	282
989	285
989	296
989	338
989	380
989	431
989	472
989	508
989	545
989	551
989	579
989	587
989	592
989	603
989	637
989	687
989	751
989	755
989	773
989	776
989	781
989	854
989	856
989	893
989	902
989	947
989	955
989	962
989	979
989	983
989	997
990	26
990	50
990	54
990	76
990	94
990	140
990	148
990	149
990	159
990	234
990	335
990	356
990	377
990	389
990	395
990	425
990	476
990	502
990	519
990	620
990	634
990	672
990	688
990	698
990	761
990	771
990	779
990	801
990	806
990	809
990	813
990	819
990	832
990	897
990	907
990	908
990	920
990	938
990	941
990	942
990	948
990	956
990	962
990	966
990	980
991	21
991	75
991	105
991	182
991	187
991	268
991	271
991	291
991	309
991	313
991	361
991	394
991	424
991	443
991	447
991	454
991	462
991	475
991	477
991	494
991	543
991	562
991	616
991	650
991	652
991	658
991	744
991	763
991	774
991	795
991	824
991	834
991	864
991	873
991	887
991	891
991	892
991	915
991	936
991	940
991	970
991	975
991	978
991	981
991	992
992	16
992	21
992	44
992	75
992	76
992	104
992	105
992	116
992	132
992	156
992	182
992	206
992	215
992	221
992	232
992	291
992	297
992	313
992	418
992	443
992	447
992	475
992	480
992	531
992	556
992	641
992	658
992	706
992	741
992	744
992	795
992	824
992	831
992	834
992	852
992	857
992	864
992	887
992	931
992	940
992	950
992	970
992	975
992	978
992	991
993	15
993	23
993	66
993	85
993	99
993	131
993	146
993	176
993	237
993	242
993	247
993	288
993	435
993	470
993	531
993	538
993	591
993	595
993	618
993	657
993	666
993	722
993	742
993	768
993	828
993	836
993	842
993	843
993	844
993	859
993	862
993	880
993	881
993	884
993	892
993	914
993	921
993	922
993	925
993	927
993	929
993	943
993	955
993	969
993	994
994	4
994	10
994	37
994	70
994	82
994	83
994	125
994	166
994	209
994	264
994	269
994	301
994	328
994	364
994	365
994	372
994	456
994	475
994	566
994	582
994	600
994	611
994	649
994	665
994	677
994	685
994	697
994	708
994	734
994	739
994	760
994	784
994	790
994	793
994	794
994	796
994	830
994	899
994	910
994	925
994	939
994	949
994	952
994	961
994	974
994	993
995	152
995	203
995	224
995	256
995	295
995	303
995	327
995	369
995	412
995	421
995	519
995	522
995	523
995	530
995	540
995	552
995	568
995	586
995	609
995	617
995	628
995	635
995	642
995	671
995	694
995	710
995	721
995	728
995	746
995	769
995	781
995	782
995	803
995	816
995	822
995	848
995	853
995	877
995	903
995	929
995	935
995	958
995	967
995	971
995	977
995	998
995	999
996	90
996	102
996	108
996	170
996	180
996	189
996	197
996	202
996	213
996	300
996	312
996	320
996	329
996	333
996	367
996	433
996	450
996	524
996	547
996	558
996	578
996	583
996	610
996	622
996	623
996	625
996	643
996	644
996	647
996	680
996	691
996	705
996	759
996	764
996	809
996	811
996	816
996	846
996	865
996	888
996	890
996	898
996	913
996	928
996	951
996	959
996	981
996	984
997	144
997	226
997	233
997	238
997	249
997	261
997	274
997	285
997	338
997	357
997	385
997	394
997	431
997	472
997	481
997	488
997	489
997	498
997	508
997	545
997	572
997	579
997	587
997	601
997	603
997	608
997	631
997	669
997	687
997	715
997	751
997	755
997	777
997	799
997	820
997	854
997	856
997	885
997	918
997	928
997	932
997	941
997	947
997	955
997	966
997	971
997	979
997	983
997	989
998	29
998	95
998	162
998	256
998	281
998	303
998	334
998	369
998	401
998	412
998	421
998	519
998	522
998	523
998	530
998	540
998	568
998	579
998	586
998	589
998	609
998	617
998	627
998	628
998	635
998	642
998	663
998	671
998	694
998	710
998	728
998	746
998	753
998	769
998	782
998	803
998	853
998	874
998	885
998	903
998	929
998	935
998	944
998	958
998	967
998	971
998	977
998	995
998	999
999	18
999	123
999	152
999	162
999	256
999	281
999	295
999	303
999	311
999	369
999	401
999	480
999	519
999	522
999	523
999	525
999	540
999	544
999	586
999	589
999	609
999	626
999	627
999	628
999	642
999	663
999	671
999	694
999	710
999	721
999	728
999	746
999	769
999	781
999	782
999	803
999	816
999	822
999	853
999	903
999	935
999	958
999	964
999	967
999	971
999	977
999	982
999	995
999	998
1000	14
1000	33
1000	36
1000	78
1000	126
1000	178
1000	191
1000	207
1000	223
1000	231
1000	244
1000	275
1000	324
1000	332
1000	351
1000	358
1000	379
1000	393
1000	407
1000	416
1000	438
1000	441
1000	453
1000	511
1000	517
1000	536
1000	593
1000	594
1000	621
1000	629
1000	650
1000	679
1000	709
1000	711
1000	717
1000	743
1000	787
1000	792
1000	817
1000	833
1000	845
1000	860
1000	867
1000	876
1000	895
1000	896
1000	898
1000	901
1000	953
1000	983
