128 189 228 239 259 337 354 365 368 373 396 415 430 445 463 498 499 586 59 666 670 69 706 72 742 783 787 800 827 870 884 892 910 912 986 990 
110 163 28 372 40 435 497 526 534 548 569 574 673 716 735 76 772 791 807 88 880 907 910 914
100 160 180 185 191 277 328 342 402 451 470 475 497 507 529 718 727 747 753 824 851 887 927 947 999
10 160 192 300 363 384 407 541 555 611 664 666 679 684 761 78 869
186 261 265 605 688 725 737 781 85 851 870 968
118 190 200 215 218 242 256 269 280 291 316 320 321 345 358 363 374 384 387 397 399 409 444 498 5 548 618 626 638 640 641 686 708 747 76 793 813 825 855 876 9 905 911 935 984 994 999
100 123 124 126 134 156 170 200 23 243 254 276 280 296 305 306 323 414 422 435 457 465 509 512 52 526 534 56 61 624 686 699 716 718 750 759 76 791 821 853 879 888 909 946 978 986
124 152 234 495 507 531 684 755 786 815 824 836 893
104 171 215 276 363 394 444 445 479 499 582 686 69 706 715 749 816 85 910 921
215 25 254 272 286 461 540 542 612 640 653 752 755
105 144 196 209 282 314 336 362 381 413 473 514 533 555 593 653 689 720 752 760 774 811 826 860 870 875 89 901 946 951
104 11 118 123 134 153 180 207 209 218 244 258 263 270 273 32 386 412 441 450 465 47 534 590 60 603 625 679 681 69 743 750 764 766 783 793 807 813 88 896 905 921 944 976 995 998
203 357 397 414 485 577 657 696 768 813 87 872 954
148 156 174 218 244 273 278 286 303 321 351 357 374 435 450 451 469 479 491 500 510 52 54 553 571 579 582 664 692 759 769 772 787 813 826 84 883 895 901 903 940 950 960 988
129 148 157 162 212 244 254 282 286 3 311 323 354 381 382 385 409 419 422 456 48 486 497 529 535 541 545 574 615 616 631 676 678 699 706 725 726 76 768 805 816 821 823 826 853 983
197 266 312 449 450 496 5 527 585 605 648 706 741 809 992
111 186 282 35 371 375 461 491 54 699 7 707 856 889 910 912 989
109 13 152 172 179 195 196 215 228 231 259 267 300 317 336 353 383 408 418 424 439 471 476 494 498 5 542 619 64 649 694 701 702 726 727 771 774 799 809 853 873 920 928 94 943 965 972 989
123 152 154 161 215 225 286 287 32 368 371 382 413 424 507 52 538 548 571 628 639 747 78 783 799 874 896 898 961 966 998
1 160 289 331 399 476 486 501 525 534 580 59 652 653 880 920 949 95
1000 105 111 124 154 220 227 242 244 288 3 342 36 381 385 390 415 417 42 469 470 503 507 533 558 615 665 708 737 791 824 836 844 845 903 921 922 959 966 992 998
154 163 229 259 28 297 383 399 486 558 584 688 712 719 750 835 854 873 880 885 890 939 960 968 972 976
193 207 218 261 276 281 336 340 352 448 514 581 634 640 641 666 668 689 844
1000 231 299 324 399 445 456 47 775 790 870 954
100 114 144 148 153 243 25 270 292 299 303 311 329 378 39 478 483 505 509 52 521 522 602 603 748 755 766 787 788 8 800 890 899 917 928 959
11 127 141 155 191 238 250 259 288 3 323 331 361 451 462 479 483 495 529 533 542 548 555 598 621 630 666 684 816 84 847 894 908 916 939 968 991 996
152 243 273 277 296 439 616 841 855 943 976
100 112 148 17 228 232 28 305 32 321 333 354 355 381 479 522 573 577 579 580 62 657 670 681 689 696 716 745 80 815 816 867 895 903 911 946 96
104 127 170 196 207 225 229 242 29 314 342 353 359 371 405 407 449 484 565 579 626 639 640 641 730 765 787 813 835 894 964 967 987
118 159 264 280 281 396 634 814 960 986
190 218 257 273 317 320 343 354 386 471 494 545 575 679 726 771 788 807 838 842 890 909 919 932 954 961 982
118 195 233 314 353 362 456 463 505 580 607 615 681 765 781 868 890 895 920
11 113 12 18 186 191 244 245 249 265 30 302 327 350 368 378 39 414 421 470 501 503 513 56 57 580 602 630 672 707 710 769 898 901 910 920 921 970 978 981 993 999
126 179 195 200 225 234 237 25 277 278 357 358 381 386 439 444 447 455 466 495 522 531 561 569 598 622 686 688 806 856 884 917 921 929 945 960 963 978 985
1000 114 170 192 218 247 258 263 281 297 31 362 363 461 584 60 638 683 760 766 891 943
10 136 306 451 492 505 506 580 648 84
100 109 120 122 144 162 192 193 221 239 253 256 289 331 355 358 378 394 415 426 463 500 541 566 572 574 58 598 619 659 755 759 775 781 814 833 917 929 931 942 946 948 95 973 978 989
165 180 207 209 254 312 359 368 448 491 581 611 618 65 654 659 686 781 842 860 986
105 114 15 161 192 195 220 264 311 365 40 44 452 689 784 800 84 943
100 12 141 212 336 345 394 423 461 5 553 747 825 875 894 928 93 967
172 192 197 302 382 39 485 489 522 638 724 807 90
124 161 422 478 60 606 626 675 688 801 805 844 88 940 990
129 134 160 179 234 244 264 298 306 320 332 362 365 366 405 422 427 449 452 457 494 548 581 654 66 682 751 808 857 88 886 902 938 94 955 956 976 979
105 230 245 263 266 288 30 381 383 447 450 482 485 533 541 630 634 715 759 842 85 868 898 909 916 942 965
123 214 22 231 235 353 362 377 448 457 461 57 571 582 618 626 647 69 712 78 800 823 841 868 894 905 91 916 926 938 990 997
200 278 331 359 472 485 815 90 932 986 987
225 261 336 405 478 536 551 563 615 707 753 905 927 999
256 28 296 303 330 361 429 448 509 535 577 612 624 637 655 657 696 797 856 866 883 893 932 95
1 127 128 148 154 220 221 229 245 295 342 347 355 381 425 432 483 533 584 621 64 662 665 698 755 799 814 842 847 858 886 932 959
1 129 144 165 17 170 180 188 203 269 276 286 289 30 303 31 329 358 361 375 396 442 452 47 503 506 52 526 545 558 689 701 746 76 772 847 882 883 886 890 903 905 917 942 972 978 994
112 136 212 252 258 288 296 305 329 374 389 397 413 483 492 501 534 564 577 638 682 737 78 783 815 847 860 889 938 984
1 104 111 17 180 186 189 204 211 228 248 270 286 309 314 378 382 383 429 439 441 474 495 538 555 579 582 587 594 615 649 657 676 696 715 774 78 814 88 941 948 954 972
136 179 300 324 340 360 383 424 430 472 48 561 631 689 710 747 878 880 884 893 894 929 939 967 968 987
127 156 195 197 220 309 316 458 461 462 478 498 499 696 699 702 827 943 976
103 120 153 175 177 193 249 294 302 320 340 341 353 405 484 510 655 666 707 741 814 84 886 89 897 902 937 961 963
121 218 282 305 32 320 412 48 492 820 841 853 901 919 932 94
231 360 432 488 513 538 641 698 715 793 796 815 824 869 963
153 165 168 22 270 300 375 389 450 492 550 57 571 605 616 619 636 644 675 688 699 771 775 776 805 850 86 937 968 990
128 138 207 237 275 281 407 437 555 615 727 749 870
263 304 340 374 375 389 417 579 617 618 648 655 720 788 791
151 161 258 264 287 303 319 43 453 457 496 584 603 608 655 769 774 80 821 961 969 976 998
113 196 247 306 406 498 545 552 788 965
121 163 17 209 238 244 270 283 284 309 355 370 412 611 619 659 718 724 727 822 876 966
189 321 335 342 423 429 565 571 584 612 664 783 818 905 97 986
1000 153 179 240 249 278 3 30 329 370 398 447 469 472 479 58 624 635 672 69 706 720 749 752 80 811 879 882 893 895 920 934 953 978 991
11 171 326 384 50 542 581 649 732 876 891
154 274 302 367 495 55 597 60 654 724 912 916
101 126 305 335 340 397 422 430 472 475 684 856 911 989
172 397 465 483 539 558 564 574 575 701 860 883
171 187 266 278 316 33 345 374 377 396 40 402 429 455 459 463 502 612 625 653 805 825 869 890 905 949 959 997
12 215 232 340 363 368 374 392 463 471 491 509 574 635 711 790 817 880 937 94 960 972 979
118 205 238 266 321 382 388 412 423 432 465 466 485 512 517 522 571 577 611 632 710 794 864 889 909 948 95 958 960 981 991
10 111 17 254 31 463 476 483 491 536 538 587 640 679 716 72 741 757 761 772 805 824 826 836 842 912 954 959
136 177 266 269 305 323 389 513 533 551 571 59 648 760 778 809 827 841
171 172 209 32 335 357 384 395 535 542 64 648 800 823 825 836 855 967
10 195 233 256 538 543 585 654 663 802 844 949 954
203 239 311 360 405 441 52 617 647 720 753 873 882 884 937 997
128 242 258 263 299 300 309 310 324 445 469 474 475 542 589 693 697 698 735 741 752 883 898 909 972
12 167 171 209 31 35 375 407 415 43 434 641 809 815 912 984
113 228 287 569 59 603 631 635 727 747
274 316 342 376 378 588 872 884 889 943
104 121 193 203 228 234 247 273 293 303 377 383 384 39 402 410 427 461 466 47 49 494 507 512 536 54 553 569 60 647 651 660 672 678 761 765 775 793 811 824 875 889 94 997
124 141 148 215 225 231 242 30 353 386 427 506 551 558 562 587 679 680 702 725 73 766 788 789 916 960 99
12 140 148 171 195 200 217 234 263 282 296 317 323 456 462 463 469 479 496 513 598 605 621 630 635 64 648 69 701 707 727 765 800 842 927 975 990 998
121 129 196 203 218 242 261 265 278 297 338 354 415 486 529 575 580 602 686 719 753 771 8 816 879 927 947 954
146 191 262 299 340 385 417 455 456 494 507 514 630 825 862 868 981 987
126 127 145 153 163 179 221 225 238 25 259 359 39 412 415 429 444 497 506 526 555 561 587 603 615 621 634 647 665 720 721 774 819 861 871 875 891 899 911 971 981 982 984 996
119 139 300 331 451 512 57 659 665 712 72 740 760 766 790 85 893 942
100 134 142 161 162 209 22 234 279 282 331 375 377 38 394 402 413 436 441 445 447 47 470 501 503 518 529 531 536 561 612 624 633 639 640 654 675 688 699 703 724 872 873 875 889 90 909 949 962 970
120 175 21 221 311 317 320 324 331 372 412 417 439 449 466 475 509 561 617 640 686 719 720 759 793 799 81 825 84 855 90 937 947 948 982
170 281 297 359 417 456 59 714 76 836 896 919 961
122 123 177 285 289 306 372 430 472 474 476 485 503 529 564 569 60 611 634 643 653 664 678 712 777 793 82 851 928 937 943 990
121 141 147 150 181 193 220 238 265 281 316 321 363 393 414 435 478 513 56 598 62 625 626 639 676 696 706 712 713 754 811 868 869 870 884 889 903 919 961 970 999
129 177 212 265 287 309 324 372 385 39 40 413 465 531 581 682 689 710 716 829 919 948 95
108 112 249 287 329 389 471 500 506 508 547 551 585 634 70 702 741 746 749 752 762 823 827 899 929 95 976 982
136 144 149 500 575 607 625 666 706 719 894 929
153 226 229 25 277 286 296 297 365 39 40 405 579 582 595 620 641 659 672 71 799 875
109 166 172 200 206 208 243 289 308 313 335 339 35 355 360 379 400 407 432 439 458 462 474 535 564 580 581 624 725 756 791 834 842 847 855 877 890 902 923 940 942 972
112 165 203 276 345 374 399 493 500 506 585 62 761 773 876
120 180 221 247 274 335 476 496 653 657 701 747
10 1000 258 311 35 414 416 422 470 605 62 625 750 89 942 95
191 229 231 28 345 461 598 639 746 981
123 124 148 156 209 228 229 265 297 311 324 335 361 394 413 424 445 457 458 497 498 503 531 565 624 654 655 659 712 724 768 772 78 781 785 787 793 813 821 825 826 876 879 880 903 915 990
112 141 175 179 19 26 299 307 312 389 474 494 512 514 515 544 545 553 565 58 587 623 664 670 676 678 706 769 8 872 882 909 966 990 998
259 270 357 51 556 57 581 647 681 80 816 895
1000 124 128 141 24 259 302 306 314 369 370 417 471 484 492 5 54 585 618 648 691 699 733 736 772 783 791 799 868 875 879 912 947 961 999
190 256 345 35 359 375 435 526 548 621 670 716 765 804 811 851
136 144 156 199 404 413 420 452 458 479 519 521 699 708 716 747 812 841 917 939 969
105 120 14 196 212 23 233 48 484 492 494 514 521 558 617 630 654 675 676 749 768 793 839 893 94
152 162 207 212 223 245 254 299 364 377 396 417 422 430 441 478 501 513 54 561 58 612 617 678 803 821 826 870 89 895 90 916
122 154 197 200 22 228 234 277 289 296 303 34 355 414 447 545 553 565 592 625 629 659 670 675 687 719 722 726 735 737 768 774 778 805 896 949
402 457 469 478 497 513 526 565 627 646 685 902 968 969
132 198 432 466 492 521 602 603 618 675 748 769 811 910 917 972
114 129 177 189 3 444 450 460 52 750 911 935 956 982
196 212 254 312 329 363 377 385 391 452 462 5 510 551 616 67 671 746 753 781 788 898 987
10 336 384 441 466 497 766 899 901 969
164 220 269 286 417 445 48 615 658 698 807 823 870
154 178 225 274 371 396 43 430 509 56 57 600 602 647 665 723 726 741 771 883 927 949 960 970 979 982
1000 113 124 22 31 358 467 476 499 535 538 553 635 639 681 774 843 901 987
1 12 135 201 312 360 381 510 676 694 929
171 264 278 316 475 551 749 902 912 940
111 17 192 202 239 353 370 389 448 449 47 510 521 526 535 548 587 602 626 649 670 682 719 873 946 984
104 134 288 296 340 47 578 664 696 8 899 998
160 261 266 287 484 496 505 507 530 57 6 649 741 746 78 782 85 999
130 131 163 176 249 359 438 462 564 60 614 617 755 766 77 869
162 165 191 255 302 320 394 432 471 48 484 496 501 551 60 602 604 624 64 675 69 707 715 72 753 844 869 88 886 905 924 969 978 996
1 121 141 173 258 277 289 299 302 317 354 386 389 407 443 451 455 505 512 522 529 53 607 631 634 649 694 698 700 72 882 90 956 976 991
186 203 259 287 371 429 470 472 499 5 54 928 956 967 978
187 269 48 546 574 617 705 860 88 987
1 120 122 134 16 172 175 197 231 238 266 299 300 415 424 464 5 509 602 607 62 681 684 718 744 787 790 811 826 835 836 848 853 856 872 930 935 966 969 974 979 984
113 156 239 274 309 314 361 368 40 423 439 441 454 496 542 555 565 605 619 657 682 701 778 807 853 882 89 902 967
114 128 195 232 237 251 270 357 365 386 397 475 574 584 607 613 648 657 674 676 708 725 750 761 781 791 798 827 855 880 90 919 928 938 95 970 989
170 22 23 358 41 475 486 499 513 560 726 748 821 827 856 984
12 216 233 280 287 288 329 362 372 444 549 737 775 800 84 886 935 963 989
118 125 191 245 280 3 378 452 47 528 54 553 565 584 694 702 704 739 746 790 821 852 896 902 927 959 966 986
11 112 219 221 378 386 424 548 860 910 939 963
207 220 455 561 702 735 771 79 80 827 92 938 943
233 261 346 353 485 624 635 813 853 895
120 121 182 25 28 372 402 514 533 639 672 855 856 916
109 306 385 402 440 611 642 665 684 708 791 805 882
104 154 190 232 25 261 263 265 305 31 342 359 386 396 399 414 470 472 474 497 57 603 605 616 621 665 670 727 748 775 783 853 855 872 899 903 920 946 948 956 992
190 301 312 323 371 449 450 452 569 583 647 694 724 735 779 84 842 851 896
245 378 405 411 423 447 495 500 567 619 709 799 844 891 902 911 921 961 981 994 997
111 247 300 469 498 514 760 847 85 851 919 939 992
129 170 281 476 672 682 689 790 894 909 947 956
106 156 162 180 187 266 271 277 306 309 311 409 427 429 451 483 496 509 529 54 577 599 619 666 676 688 694 718 749 763 772 810 847 868 869 873 89 898 901 912 917 920 925 927 942 968 992
111 180 187 2 282 324 484 487 579 59 605 635 694 74 746 771 772 778 849 882 935 966 994
231 232 269 318 365 478 591 626 653 710 841 996
115 165 268 276 303 357 360 361 368 382 385 412 43 45 462 474 484 498 569 587 616 679 695 716 835 856 872 886 891 896 919 927 970 994
126 128 137 161 163 175 177 243 263 27 270 278 281 30 356 357 358 370 43 435 510 532 557 58 601 607 611 621 655 707 72 75 778 790 807 841 873 911 940 952 959 963 981 982
109 184 190 210 224 236 256 258 280 282 323 335 370 371 380 383 399 409 465 476 483 486 491 492 499 52 521 553 56 564 575 621 69 715 718 737 746 8 805 868 889 898 921 935 948 949 963 979
112 237 309 334 35 456 466 504 512 531 535 536 538 555 575 577 618 625 640 690 717 725 758 788 8 823 826 85 883 884
109 11 127 175 186 225 358 365 375 382 383 394 402 407 46 466 491 510 58 630 645 678 688 694 696 701 718 719 727 893 904 929 939 957 969 989 994 996
104 141 183 349 377 458 534 536 559 626 631 769 781 879 90 901 937
100 113 122 134 169 170 172 197 232 239 245 31 32 348 372 415 433 444 449 485 486 500 531 569 612 62 677 678 679 686 725 759 80 865 884 94 949 979
10 113 20 290 35 363 503 598 631 664 72 720 748 752 761 807 811 841
133 31 455 541 58 720 724 755 876 879 970
1 11 264 561 587 653 726 735 769 876 879 932 970
220 329 448 458 639 712 759 761 88 883 965
114 127 192 196 207 247 276 316 335 361 377 403 422 427 430 432 494 521 611 725 734 741 792 840 846 895 965 968 994
175 177 212 23 254 265 3 314 322 325 35 354 370 465 468 475 486 541 570 582 607 670 715 775 836 860 876 928 946 981 982 987 994 996
158 229 43 448 477 574 582 708 712 899 938 965
165 25 289 372 427 585 715 775 809 847 89 966 991 999
113 143 152 189 221 260 409 458 462 48 505 545 56 609 638 766
105 162 163 17 171 179 22 222 237 243 244 246 264 269 276 312 344 354 457 469 495 499 505 521 523 531 534 542 625 638 655 702 708 774 780 809 815 816 823 831 85 875 894 910 917 935 980
111 117 118 123 126 232 233 256 273 297 409 43 465 501 522 551 610 62 641 649 735 738 760 787 814 836 947 989
134 189 203 22 23 247 288 397 414 444 452 505 545 59 62 635 678 679 708 726 729 731 735 76 765 851 938 959 969 991
105 144 161 193 213 273 399 40 409 423 429 447 455 631 698 765 778 8 80 824 828 837 932 937 94 98 991 997
105 163 197 221 23 245 316 345 362 407 412 413 427 445 456 479 507 510 541 575 579 585 616 64 767 896 911 940 942
11 126 215 288 382 446 506 576 58 596 618 654 710 718 719 755 814 823 844 891 979
187 370 374 490 514 656 667 698 702 89 898 997
1000 109 160 187 189 190 197 233 234 238 277 302 305 317 32 394 401 451 472 500 506 526 536 558 568 59 603 630 631 649 659 684 701 707 724 728 760 783 790 832 900 918 921 929 933 948 963 967 984
172 187 190 193 241 360 368 384 423 491 64 647 669 682 778 830 835 891 903 920 935
109 152 177 189 229 247 264 269 274 342 432 435 449 458 495 512 564 607 612 638 672 753 78 821 869 913 939 998
127 128 162 23 30 457 537 581 584 619 657 748 770 787
10 114 122 160 165 175 242 274 280 312 323 355 396 431 470 471 520 535 538 575 577 580 616 710 737 752 76 765 771 8 827 83 851 860 863 880 886 890 906 916 936 986
161 237 243 261 274 315 336 397 4 447 516 63 664 666 684 813 824 835 891 940 954 967 991 992 996
102 123 126 187 200 360 371 385 424 435 617 675 68 681 682 710 748 750 768 814 844 881 932 956 992
12 232 242 365 384 405 427 428 481 768 815
107 114 120 233 243 249 3 321 511 524 534 681 748 759 809
136 320 355 40 471 536 638 661 698 893
116 121 122 136 144 152 194 23 237 239 249 256 28 280 297 30 324 423 480 501 503 533 56 564 585 634 737 769 799 816 835 899 946 947 977 992
112 118 156 17 186 193 237 238 273 314 317 32 409 474 56 598 672 749 80 859 956 997
122 129 153 160 186 191 192 239 28 317 321 331 345 361 37 39 424 43 430 439 441 448 450 455 541 554 571 582 641 650 655 72 752 753 760 761 768 788 800 835 873 938 940 947 965 979 996
249 336 362 463 522 558 64 665 750 778 795 809 825 872 928 965
