110 12 120 121 147 148 172 176 179 182 190 209 21 219 230 281 285 298 305 307 31 32 338 34 356 38 399 428 435 446 452 48 499 502 516 52 550 558 578 604 612 618 628 633 643 648 670 7 703 755 764 785 795 801 816 840 843 848 852 858 880 888 894 897 914 925 946 948 96 984 989 
105 130 15 163 209 213 227 250 261 269 290 319 320 335 35 364 380 381 388 443 484 5 509 510 513 55 578 582 596 61 617 683 684 73 741 759 805 809 81 812 845 866 889 916 929 94 942 997
125 135 15 153 161 183 204 219 227 243 246 249 27 301 304 316 350 382 39 399 428 433 463 473 487 542 55 602 605 648 673 698 708 721 733 735 766 831 855 857 882 894 922 939 942 949 953 959 963 985 988
105 176 183 199 24 245 246 261 28 309 345 371 428 462 523 530 603 628 631 664 687 698 730 735 748 751 79 802 821 877 905 911 925 981
143 177 211 276 311 402 414 455 457 469 511 573 577 597 645 688 725 728 742 822 871 888 893 914
1 108 115 12 122 127 136 140 143 144 146 15 154 159 165 166 174 200 204 209 217 224 229 240 246 25 267 268 279 282 283 311 320 326 329 351 354 372 404 424 436 439 440 441 443 473 490 497 515 523 532 555 57 613 618 642 647 649 657 667 674 675 676 690 692 697 711 724 73 734 736 743 745 758 783 802 809 827 852 862 871 888 889 912 917 920 934 942 951 964 970 988 996
101 104 105 113 120 133 139 159 163 167 183 20 204 213 225 231 248 276 284 288 292 297 32 321 328 33 336 343 358 361 366 37 374 399 40 411 429 436 44 440 443 473 474 476 477 487 494 498 501 506 540 541 547 555 560 568 57 578 591 595 605 616 617 619 620 649 650 66 678 691 695 718 740 750 788 793 8 832 848 856 863 902 923 926 935 956 967 982 984 989 991 996
143 159 213 223 235 246 282 285 314 330 476 505 528 551 610 649 740 769 781 796 797 817 843 866 874 929 996
1000 115 138 163 221 222 226 244 285 337 393 394 456 511 539 543 552 566 588 591 605 617 629 653 672 682 762 790 836 888 896 904 908 929 931 933 945 984 989 99
142 167 183 188 208 219 282 298 467 54 556 567 578 722 727 777 824 843 848 865 889 89 894 906 945 954 996
12 124 19 198 209 228 234 238 242 280 285 29 311 32 391 403 418 428 440 46 464 480 483 55 565 578 589 591 592 598 615 62 620 64 646 67 68 682 689 702 714 778 802 813 818 835 847 850 854 858 861 871 872 876 888 917 925 930 975 978 989
1 10 103 114 12 120 151 169 190 197 212 216 220 251 255 273 275 28 280 282 286 298 303 307 308 32 332 340 35 359 362 365 369 387 389 390 395 400 401 404 431 436 476 478 493 50 508 524 549 576 617 628 63 630 637 648 668 68 693 701 720 73 731 753 76 766 804 808 809 810 826 834 858 859 866 87 889 903 906 914 919 93 934 945 948 955 977 98 993 995 999
158 168 171 207 352 428 481 482 487 500 523 545 57 611 628 648 757 765 80 809 843 852 881 918 922 937 964
115 132 159 160 167 190 195 201 209 227 241 270 276 291 292 310 318 325 330 333 344 348 373 376 377 383 389 403 405 413 42 420 425 426 434 443 449 45 451 454 476 484 487 488 53 533 536 537 551 572 581 585 591 599 632 635 648 65 655 658 665 667 673 681 699 716 734 74 746 766 770 776 809 811 814 82 843 858 871 875 90 906 907 922 971 976 980 989 996
100 105 116 117 118 120 137 149 16 162 167 170 184 190 193 204 213 237 257 261 276 282 285 298 320 330 331 342 35 360 370 389 403 404 406 415 432 440 460 466 479 484 489 49 495 517 518 522 523 544 548 55 553 555 557 583 607 611 620 628 649 654 660 673 704 706 71 73 732 740 749 766 776 780 784 807 830 839 846 848 867 894 898 917 92 922 924 944 948 969 974 996
106 115 14 141 194 202 203 204 215 232 253 282 307 320 404 525 60 605 611 685 698 787 789 873 885 892 914 941 942 945
15 190 204 292 312 323 368 385 399 403 404 417 421 531 571 580 611 617 68 698 705 739 802 833 858 871 88 917 934 940 948 950 961 986
1 111 120 128 131 152 155 159 176 190 191 196 2 205 227 23 252 271 28 292 293 295 320 330 347 349 363 389 398 427 437 443 465 470 473 484 485 486 51 511 521 523 526 529 542 546 55 555 56 57 59 6 605 611 618 620 625 634 666 682 694 707 712 723 726 735 737 75 760 771 772 775 800 802 803 819 820 843 849 866 886 890 894 899 91 917 922 938 942 948 958 968 984 988 998
123 13 143 178 227 239 246 247 256 258 26 261 263 280 3 306 307 311 324 357 389 404 458 491 496 520 542 563 591 611 617 622 648 667 673 682 696 698 709 715 719 735 756 761 773 78 782 798 858 86 868 869 870 889 906 913 917 952 957 972 983 984
112 183 246 254 276 300 302 307 320 419 436 450 468 534 551 555 570 605 623 640 649 651 680 717 766 768 806 829 837 921 922 925 929 964 97 988
1 119 134 143 156 163 167 169 210 218 219 260 261 274 276 277 28 280 285 287 296 307 32 327 346 35 367 378 408 423 436 442 443 444 472 484 503 551 561 564 575 590 594 608 609 620 621 641 644 652 656 659 663 69 700 710 72 734 735 740 752 763 77 776 779 794 841 852 864 866 884 889 891 932 945 95 962 964 973 979 988 990
105 109 12 164 169 175 176 213 219 292 298 311 313 315 339 386 409 436 438 440 461 47 487 511 514 527 538 542 606 614 618 669 68 686 698 713 734 754 802 825 84 844 848 895 901 906 925 928 945 947 964 987 994
1 169 227 259 292 298 353 36 379 4 407 412 428 473 504 511 542 559 591 620 624 626 639 673 677 73 738 740 776 842 848 85 860 906 929 936 943 965
105 145 18 187 28 317 35 476 569 574 587 600 628 649 662 671 679 734 767 815 828 853 914 934 964
1 115 126 143 150 157 159 163 169 17 176 183 186 189 192 213 236 261 278 280 299 30 322 330 341 355 397 399 403 445 453 459 475 484 487 551 554 555 58 584 586 636 638 661 667 673 68 682 740 744 747 774 776 791 809 823 83 852 866 871 878 879 887 894 9 910 915 925 934 942 948 960
102 107 115 12 120 15 163 169 176 180 181 185 206 209 219 264 266 272 28 294 311 32 334 375 384 389 392 396 399 403 410 416 43 430 440 447 473 476 507 511 512 519 523 535 542 55 562 57 579 593 601 618 627 667 68 682 70 729 73 734 735 766 786 799 838 851 852 883 888 900 909 927 934 984 989 992
11 129 15 167 173 214 22 233 262 265 280 289 330 35 41 422 448 471 492 551 57 578 618 667 776 792 914 929 966 988
