117 118 124 163 169 173 185 211 216 241 258 264 28 284 286 295 32 336 358 381 384 387 394 40 404 41 436 442 449 454 462 465 490 547 59 608 609 615 653 661 670 709 719 722 731 735 750 785 790 813 822 836 837 848 858 862 865 877 894 900 918 938 943 944 952 956 959 960 968 979 981 
110 136 156 17 2 231 261 274 316 348 370 407 472 500 504 531 539 566 567 573 575 60 642 661 670 671 699 702 71 713 735 758 767 777 791 792 80 812 848 875 891 900 917 944 953 960 978 981
139 144 17 210 215 300 339 354 383 392 394 399 403 414 416 470 471 472 484 496 509 512 521 523 527 579 592 608 645 650 665 691 702 755 760 786 81 811 822 828 854 872 898 91 911 92 921 939 95 963 973
12 159 170 171 207 27 341 354 42 460 477 485 519 521 543 564 571 579 621 671 677 681 692 732 745 787 798 810 84 906 938 95 986 998
17 2 221 235 246 251 293 347 349 362 378 38 411 611 729 735 812 838 840 844 886 901 913 918
10 109 117 131 133 14 150 158 160 169 205 214 225 237 242 249 253 264 27 272 28 280 284 287 288 310 317 327 339 344 355 366 373 374 397 409 468 470 474 483 49 490 500 513 523 53 536 539 543 55 560 575 579 63 638 64 655 661 666 684 690 692 700 707 713 719 726 727 738 742 744 758 764 777 801 810 835 853 854 857 861 866 876 888 891 897 898 90 911 917 980 981 999
10 131 135 145 146 152 170 229 230 242 25 251 26 261 264 270 292 3 310 333 34 350 353 363 372 388 390 395 396 399 409 416 439 460 462 488 49 501 504 515 518 543 55 559 564 580 59 591 627 636 638 643 663 681 691 704 705 706 71 729 740 744 755 758 759 767 773 78 781 785 813 82 835 840 857 87 872 882 888 89 900 902 915 917 919 921 928 938 945 976 98 998
126 159 169 177 231 350 40 413 440 475 515 543 559 565 573 580 615 651 664 669 670 745 799 840 859 877 922
114 127 171 19 251 284 305 324 330 36 368 372 374 382 385 404 419 431 458 484 498 513 54 567 573 59 673 675 714 737 756 787 822 83 865 901 913 943 964 98
138 14 17 216 223 274 29 337 375 40 404 410 416 484 562 576 632 645 66 681 750 771 782 796 841 855 894
10 1000 110 170 187 207 211 231 236 238 245 259 271 275 287 291 309 32 334 340 368 419 425 436 442 454 46 466 472 493 501 51 510 54 60 659 672 682 698 706 71 737 767 807 82 830 837 838 856 862 885 888 907 919 939 943 956 963 972 974 999
101 107 135 138 159 162 165 171 175 199 211 213 233 238 242 261 266 27 274 287 292 302 324 332 348 349 36 370 378 388 394 398 402 433 435 454 463 47 476 491 501 515 531 54 541 548 552 559 585 627 638 646 651 653 654 659 664 671 692 694 726 727 740 748 756 759 786 796 804 805 81 827 828 83 856 866 870 871 879 904 911 928 935 939 943 944 949 950 977 978 99
233 252 319 341 358 386 396 4 440 460 474 487 503 518 549 646 704 728 755 773 786 82 834 85 91 916 985
10 169 18 192 207 223 225 226 233 242 258 270 275 282 283 286 293 302 321 349 369 386 395 41 411 420 43 439 446 460 48 484 488 493 50 503 509 51 527 537 56 564 57 573 636 638 665 671 674 68 681 695 700 704 71 711 716 728 729 737 738 740 751 757 758 761 773 781 79 797 80 800 805 815 826 83 838 845 848 866 870 888 910 928 930 946 953 959 980
106 110 118 121 150 21 210 215 23 238 25 251 29 291 292 293 294 297 3 314 316 319 330 341 345 36 363 366 37 373 374 378 379 383 386 42 428 433 455 462 485 488 503 507 516 519 527 529 57 577 578 589 611 612 626 651 659 66 689 707 71 716 717 719 728 737 756 758 760 764 777 779 782 8 800 811 815 827 848 855 870 894 897 902 910 914 937 961 962 968 986 99
122 158 160 18 188 192 210 214 258 264 321 334 336 378 400 476 500 549 572 600 607 721 780 836 860 913 917 949 954 968
104 118 150 17 186 188 201 214 259 266 279 283 350 416 428 439 448 49 526 53 564 647 651 670 682 717 764 766 80 810 811 896 901 916
101 105 110 112 117 135 136 161 171 192 193 196 2 21 210 234 235 246 259 313 32 324 348 354 355 362 366 371 376 396 40 409 411 430 455 483 484 499 521 526 535 54 569 575 579 58 613 619 624 642 654 664 665 669 682 695 709 726 730 736 737 742 759 764 769 788 8 800 803 805 810 817 819 83 832 845 848 850 866 87 891 904 909 915 921 928 940 954 956 960 964 973 985 986 999
106 108 114 117 123 135 137 140 148 152 161 18 223 229 236 271 296 299 310 324 35 362 455 470 479 490 498 523 553 568 571 602 62 632 647 658 670 692 745 764 773 780 795 8 807 827 830 835 836 866 869 875 881 89 891 907 955 98 981 987 990 992
1 116 199 205 206 229 271 291 33 378 42 425 438 446 501 512 528 530 538 642 654 677 689 702 738 822 825 829 837 862 869 872 879 900 945 972
119 14 140 146 19 210 225 237 249 251 277 282 283 288 291 294 3 30 326 327 332 354 382 388 396 399 44 448 454 463 483 49 494 502 503 518 524 536 54 560 562 587 60 632 634 643 651 654 659 716 724 736 746 750 753 761 775 792 80 800 813 815 834 837 849 857 866 879 881 886 888 897 915 916 919 921 933 937 944 954 972 98
10 114 118 124 145 214 223 235 251 26 28 283 284 302 308 324 331 370 418 43 465 479 49 493 535 55 554 564 565 578 59 607 634 640 665 666 689 691 695 729 737 740 742 817 845 858 860 875 882 894 901 978 979
11 183 185 19 204 261 281 349 350 354 379 404 438 469 499 502 531 533 543 547 559 585 6 653 691 772 807 808 827 841 861 891 92 920 928 945 967 973
199 215 253 379 395 41 422 435 498 519 53 532 537 621 628 673 811 817 918 928 942 953 955 964 979
1000 112 117 126 130 136 171 173 175 183 199 210 215 216 223 227 231 242 254 282 292 3 302 326 334 344 358 359 38 419 436 437 464 477 487 493 502 519 520 535 547 549 565 57 578 585 587 614 643 657 658 680 686 744 767 777 780 827 836 844 855 856 868 918 929 943 948 949 953 955 968 980
101 110 112 117 150 201 205 21 22 248 26 264 27 270 278 291 294 297 319 328 331 333 341 345 348 36 378 479 481 488 491 532 535 537 541 545 562 575 585 619 621 640 666 670 689 694 701 729 741 759 760 761 766 781 786 801 811 841 849 855 857 87 875 89 893 894 899 910 944 960 967 97 976 977 978 990
135 14 146 165 201 21 25 253 288 325 332 340 459 513 532 55 552 554 58 60 636 66 683 786 80 849 872 875 900 944 948 959 991
112 140 150 152 158 160 170 188 2 211 248 253 282 291 292 3 320 338 339 345 36 399 404 409 425 458 462 470 477 485 491 501 514 527 55 550 552 553 560 579 600 636 641 659 689 69 695 704 709 72 771 78 787 796 798 822 825 841 855 858 859 860 89 897 899 902 910 920 929 936 938 95 959 981 986
10 104 112 114 136 138 158 175 184 215 248 258 264 267 270 293 3 305 321 330 331 341 363 366 369 370 374 38 388 389 397 406 428 433 436 440 454 477 515 532 543 567 574 579 58 636 713 726 733 742 782 787 797 801 852 854 863 868 902 907 915 921 928 929 946 953
126 18 192 205 248 363 428 605 609 611 717 780 841 854 865 877 907 945 980 986
100 101 118 124 130 140 204 207 239 242 245 266 275 287 288 321 334 341 349 373 379 397 403 414 435 444 446 455 472 517 526 53 559 573 642 661 700 708 738 745 746 773 818 826 83 860 87 897 913 919 969 98 983 985 986
106 159 170 174 28 285 336 375 396 454 457 471 488 502 558 574 580 583 611 634 658 673 706 770 796 812 817 849 856 858 861 868 870 875 892 896 921 985
106 112 161 183 201 236 25 250 26 262 266 284 297 313 319 324 325 355 361 366 38 383 386 395 4 403 404 425 44 490 499 503 505 51 522 529 535 539 541 549 554 559 575 58 586 603 621 626 628 634 653 659 661 662 664 677 69 710 717 724 730 740 762 771 781 792 825 857 87 886 894 90 904 908 913 915 919 920 939 944 95 973 998 999
1 124 135 14 146 148 159 163 195 202 205 229 245 249 270 274 283 286 297 302 316 324 327 349 366 375 379 401 403 41 42 43 45 452 462 471 476 479 485 487 499 514 523 571 572 599 60 634 638 642 658 688 716 717 724 737 746 756 765 77 771 780 785 787 797 80 815 83 830 870 90 907 915 917 92 95 993 997
106 131 145 155 163 173 180 185 218 249 258 277 289 313 327 368 383 442 475 487 504 512 53 560 561 623 626 646 654 678 689 735 743 746 751 760 79 846 854 869 870 872 941 953 981
152 173 214 264 284 363 412 433 471 524 636 767 81 82 834 865 899 938 976 98 987
10 104 113 148 165 204 21 258 275 277 293 3 310 311 313 316 330 339 345 350 368 369 372 38 396 41 413 414 434 441 462 474 475 476 48 483 498 512 524 531 537 541 557 560 568 573 591 594 606 607 608 61 640 644 66 682 692 700 706 707 709 713 722 727 728 744 759 771 781 782 785 787 793 812 828 838 845 859 861 869 87 872 885 89 90 920 921 964 98 981 988
1000 104 118 15 158 160 21 214 261 286 305 319 32 341 345 348 349 399 452 453 463 486 502 520 523 527 536 546 57 607 654 720 727 744 750 758 798 825 88 882 894 91 912
248 31 331 340 341 383 4 408 44 471 474 51 514 549 610 611 617 618 653 661 691 724 729 736 740 750 805 820 862 865 866 877 898 977 979 996
170 19 238 28 332 333 36 394 4 405 417 433 438 458 465 479 506 512 609 628 632 673 746 761 776 781 815 849 859 864 899 910 934 960 961 972 987
131 19 259 271 28 326 339 351 437 457 503 520 536 55 552 554 562 57 592 625 69 722 742 812 922 958 965
104 2 373 374 424 440 446 506 508 518 55 587 598 632 665 669 702 719 727 748 767 771 797 845 859 877 886 888 953 956
111 130 134 138 140 146 160 169 171 173 204 207 222 224 225 247 275 325 344 355 358 381 388 394 41 413 416 42 440 442 452 470 475 484 49 504 518 519 521 537 547 562 578 592 60 646 647 664 673 689 69 691 694 706 719 728 730 735 738 746 758 760 783 807 844 857 861 873 898 91 92 920 922 937 979 987
1 101 102 103 104 122 179 18 183 185 201 219 223 237 277 288 321 322 327 333 339 35 363 369 39 485 535 536 537 565 586 619 621 685 712 727 745 75 781 801 819 835 845 880 885 910 954 955 963 966 97 979 980 990
104 110 120 122 16 165 207 209 235 261 292 312 332 336 340 395 409 419 436 460 463 476 477 499 502 513 539 543 552 553 560 562 569 58 580 586 607 615 628 653 664 673 687 69 71 734 738 748 751 766 800 801 813 844 848 869 879 899 903 911 918 924 964
126 135 148 189 409 513 524 54 592 626 640 681 740 748 749 771 817 89 899 916 99 998
1 14 211 216 229 240 248 260 286 316 362 4 403 419 49 499 500 568 575 594 643 647 702 755 806 809 810 987
146 157 161 192 211 25 27 29 32 336 346 372 386 413 423 442 448 471 476 491 504 529 539 553 554 568 600 643 709 723 727 745 750 751 782 79 814 825 830 835 840 860 87 896 937 960 972 99
104 124 138 164 17 185 191 192 26 277 294 310 332 375 382 411 428 462 471 472 477 479 493 499 500 504 509 521 527 539 543 562 569 574 575 578 585 60 615 619 627 638 665 668 713 746 747 764 780 8 807 819 826 834 835 838 845 860 9 90 904 913 921 945 975 998
130 145 152 183 224 236 237 238 261 266 269 271 286 297 306 32 321 327 330 345 35 360 366 370 379 414 435 437 448 463 474 477 485 504 523 528 545 560 565 568 578 579 580 586 59 609 615 634 638 643 645 653 66 669 670 691 694 695 722 726 729 736 774 777 778 813 819 837 840 842 844 848 858 862 878 882 896 898 90 904 907 917 937 939 95 959 961 964 967 97 973 976 986 990
1 114 140 173 215 225 261 287 291 300 330 335 35 354 396 414 435 454 470 483 484 504 514 524 551 57 571 574 584 594 596 636 638 645 659 667 705 707 717 728 755 78 786 798 801 81 813 817 831 847 849 87 896 901 913 914 938 968 998 999
10 1000 114 122 138 151 158 159 165 19 199 200 258 27 274 292 304 324 342 348 349 355 396 399 413 426 437 44 458 460 472 483 487 502 506 515 520 521 526 528 529 53 531 536 562 567 572 615 621 627 646 653 682 711 715 719 730 74 796 81 813 815 828 830 836 843 855 856 860 869 881 883 896 897 902 911 913 918 920 925 938 943 949 967 980 985
1000 136 17 211 265 275 297 305 316 319 32 323 340 372 373 382 403 43 432 451 487 490 498 526 549 55 580 588 60 609 615 626 630 664 677 705 716 717 729 751 789 792 836 868 882 900 901 92 927 963 971
114 126 163 175 18 215 236 246 300 325 331 363 369 448 480 500 519 559 574 587 591 632 642 645 66 679 682 700 709 724 759 78 792 797 895 967 972 99
122 126 146 152 153 158 192 201 211 235 245 26 294 325 355 372 373 379 383 414 433 438 44 475 485 501 506 531 532 534 553 554 568 587 59 645 705 707 727 739 744 760 761 777 782 8 810 813 822 827 865 885 89 920 948 963 980 990 998
101 112 182 214 3 344 354 362 397 421 445 456 53 547 549 552 564 578 591 597 621 622 648 669 681 767 80 812 838 902 945 985
166 170 235 244 249 28 316 344 364 380 399 42 443 446 475 501 509 571 626 681 692 704 764 792 800 851 859 874 945 948 999
114 136 163 183 238 249 251 282 303 313 321 326 334 348 35 36 375 395 399 41 413 42 428 437 44 446 470 479 492 493 502 509 518 523 528 541 567 572 591 592 593 611 619 632 651 689 704 709 711 728 730 819 834 835 862 897 917 922 970 980
204 212 29 294 300 373 386 458 545 553 572 591 592 607 621 628 735 738 744 819 861 898 907 916 972 976 987
118 125 136 159 246 259 288 300 326 438 452 48 490 519 521 527 539 575 58 581 696 707 750 82 821 857 881 896 90 951 979
1 130 141 150 188 208 232 238 266 29 310 327 358 362 394 395 419 439 450 465 475 491 514 54 541 544 571 600 640 671 706 71 722 736 742 766 773 78 833 841 856 868 872 886 919 981 995
106 131 136 2 315 369 374 4 419 438 549 58 587 643 706 728 768 914 918 945 986
161 169 19 207 210 231 27 29 302 333 366 394 40 413 414 43 437 458 462 467 474 48 503 506 528 559 594 608 705 736 780 796 801 805 807 819 855 867 877 911 915 931 973 985
131 146 185 28 293 313 357 373 381 416 457 461 465 483 513 537 555 666 671 676 681 694 700 759 81 826 835 899 901 949 967 990
142 145 149 163 165 188 199 20 204 224 237 25 255 270 282 284 302 313 326 330 333 339 362 367 381 409 416 419 43 436 439 442 452 455 458 476 491 501 512 572 574 592 639 647 651 656 669 677 682 702 704 744 745 782 805 811 82 825 830 849 882 885 889 906 929 937 95 955 956 984
1 161 246 253 259 293 331 383 397 415 446 529 628 633 642 78 8 827 856 947 97 978 979
124 14 204 233 236 266 271 300 369 397 439 442 48 53 531 640 748 76 785 792 896 899 987 99
112 150 171 263 313 325 372 42 48 499 514 545 547 565 586 594 70 730 786 812 83 830 91 914 929 959 961 964
124 138 140 302 370 403 409 428 439 452 532 547 552 572 649 66 711 785 844 861 90 906 946 96 968
1000 101 128 138 148 168 17 178 18 19 199 205 217 233 248 274 292 316 332 333 350 355 365 375 377 388 411 429 43 436 44 442 465 474 500 528 553 560 590 627 666 67 670 692 695 716 737 79 807 840 859 869 875 91 946 954
106 13 160 161 173 205 246 248 249 251 310 343 363 383 386 40 404 440 448 472 475 493 506 535 553 556 580 585 659 661 671 695 707 716 745 760 764 766 81 900 920 929 932 963 967 977
117 131 169 176 201 21 225 233 25 26 27 270 277 287 294 310 327 332 355 368 369 381 391 40 448 513 529 536 541 545 567 571 572 600 619 629 635 713 716 722 746 751 782 802 807 81 828 836 860 862 868 870 879 882 885 92 922 946 955 978 99 998
143 150 160 163 18 214 229 236 237 245 25 287 290 300 326 345 404 411 425 440 463 470 539 541 554 567 592 608 636 640 645 697 700 735 736 742 748 79 815 817 828 830 841 870 902 906 91 910 946 948 954 955 956 963 97 985
147 167 190 223 224 259 268 381 433 438 460 485 5 503 514 518 532 607 608 627 640 711 750 773 798 825 826 839 854 859 881 885 914 916 937 961 973
126 130 148 2 216 274 318 319 325 350 358 435 455 472 478 506 514 545 547 554 59 609 654 66 661 677 724 736 752 785 83 844 865 877 89 922
145 175 2 233 246 336 348 379 394 425 457 524 611 637 726 761 78 828 834 858 891 898 948 961 978 987
14 192 207 283 305 329 340 344 372 397 457 473 509 520 565 569 609 626 647 673 724 735 748 755 794 796 801 822 856 868 906 91 94
1 101 199 210 216 236 245 284 29 325 352 354 362 38 388 446 482 487 498 500 51 515 524 527 528 532 57 573 578 586 587 608 611 660 665 694 702 703 717 751 756 761 787 825 868 906 914 939 949 976
145 152 175 245 274 276 277 368 375 382 425 455 506 513 526 545 569 634 677 730 755 766 777 805 837 840 858 869 879 887 954 955 977
106 115 165 173 224 229 231 297 319 35 490 582 591 627 631 700 711 811 891 976 999
117 152 185 225 229 235 237 277 326 378 413 463 568 666 704 797 882 911 922 938
1000 130 131 160 169 171 172 175 185 215 216 224 242 243 256 258 283 293 301 330 334 345 350 38 388 393 437 477 48 483 488 49 491 497 498 51 521 526 529 542 563 564 565 567 570 574 600 609 615 620 627 632 642 645 652 673 69 73 756 766 781 797 798 800 812 815 822 824 826 834 837 845 854 872 875 881 898 901 905 911 916 923 928 929 943 957 959 97 994
122 124 175 183 188 194 201 228 253 266 273 282 331 334 368 374 397 416 435 452 457 460 471 495 512 520 526 571 604 616 619 634 658 669 693 7 709 71 754 755 785 810 828 849 904 906 907 914 916 926 943 953 954 973
1000 110 122 126 130 132 148 158 181 183 197 216 235 242 283 286 305 32 340 356 358 375 382 4 403 411 465 474 490 51 519 52 525 528 564 59 594 626 628 658 669 671 69 692 694 702 705 711 719 726 740 786 79 792 797 798 826 838 848 865 879 891 897 904 906 93 937 939 949 956 959 960 967 968 976 977
163 188 205 225 259 271 275 288 291 305 336 368 370 40 436 438 455 463 488 491 493 509 51 515 518 569 57 573 594 595 600 628 643 647 65 69 706 707 713 722 724 773 798 816 817 877 886 904 914 915 948 949 977 978 98
122 129 148 165 238 24 253 275 29 305 358 36 381 414 43 457 498 545 587 607 646 666 694 705 738 760 787 823 826 836 861 886 894 902 961 963
140 145 161 170 198 203 204 224 231 233 249 253 257 270 271 282 286 288 297 331 336 344 35 370 381 386 4 437 439 440 447 457 458 479 489 509 511 512 515 520 524 529 536 540 569 580 585 586 619 646 664 695 719 722 748 751 756 759 761 771 780 79 8 80 82 827 834 838 841 857 858 879 886 888 910 917 918 92 939 944 946 95 97 977 982 99 990 999
110 118 135 307 321 334 382 395 425 427 435 454 48 487 523 574 591 600 658 682 691 725 758 766 777 796 844 862 881 919 92 922 946 960 964 972 989
154 159 188 21 220 223 224 231 237 245 246 26 264 287 294 298 300 333 339 340 344 35 374 378 38 382 41 411 428 433 44 448 452 465 476 484 488 520 531 535 537 54 552 568 569 579 58 585 586 594 601 608 646 647 651 654 658 665 666 677 705 711 713 718 726 730 742 756 763 767 78 784 79 8 800 805 810 811 819 82 837 840 854 855 86 866 881 884 885 888 890 900 919 929 948 956 961 968 97 990
