115 13 130 137 147 156 161 163 171 193 201 204 209 219 227 248 256 257 274 278 282 289 3 326 347 360 37 379 392 393 424 459 484 504 517 519 530 533 534 535 558 586 611 641 642 647 650 654 658 678 69 714 721 725 728 736 746 759 76 766 770 796 809 827 83 901 906 933 94 951 965 
145 203 217 227 239 240 249 281 310 377 394 409 427 433 441 443 46 461 466 566 591 609 628 641 653 683 712 730 748 790 796 814 83 833 834 86 861 873 876 900 901 911 915 922 972 993 994 997
130 136 148 155 193 210 227 257 282 32 322 352 366 379 41 414 451 456 460 471 506 514 519 535 556 590 600 604 621 623 625 633 664 692 704 717 74 742 744 761 780 873 880 901 910 917 928 948 983 992 999
115 175 194 257 279 293 3 321 330 427 434 442 456 487 56 566 626 631 646 665 684 702 720 726 734 833 85 865 868 885 943 951 970 995
114 247 257 282 287 309 37 4 417 42 487 550 570 6 604 67 673 720 733 776 85 870 885 964
104 116 129 139 143 153 154 165 181 186 188 189 196 2 205 21 215 234 241 250 262 269 272 282 309 32 333 336 352 355 380 389 396 400 406 414 415 427 434 435 443 445 461 475 509 512 517 536 54 540 544 565 586 594 617 64 652 653 666 670 671 675 683 684 686 693 73 731 746 749 758 76 760 770 782 789 792 796 809 812 824 84 847 878 893 911 915 920 94 955 966 972 994
135 144 147 158 173 182 184 196 197 198 217 228 245 252 272 279 29 290 313 314 32 321 322 323 326 33 341 359 362 365 366 371 372 374 377 40 44 45 452 459 463 483 504 510 536 541 545 561 568 569 570 599 606 618 623 64 642 65 703 711 727 746 749 75 759 76 78 797 798 801 813 826 828 836 84 85 856 86 883 897 902 911 924 94 946 950 951 956 975 978 980 987
160 196 286 359 371 380 398 406 445 485 521 534 566 599 615 654 692 718 73 760 768 776 825 880 951 983 999
130 140 189 236 241 27 286 290 326 330 404 423 438 468 495 518 530 548 634 671 686 692 717 738 745 773 785 790 792 824 837 849 858 861 877 885 907 944 958 993
156 206 328 33 340 362 40 440 45 492 52 534 62 640 681 684 693 731 778 790 798 811 871 897 909 956 999
108 147 161 175 198 200 269 277 280 286 295 349 358 407 417 42 426 435 44 447 468 50 508 513 540 543 550 552 576 598 627 644 649 660 678 686 694 703 71 73 742 744 770 782 783 795 815 822 832 834 839 854 867 898 909 93 930 938 946 967 991
106 110 112 115 121 130 131 14 143 148 155 198 200 205 207 214 239 244 245 246 247 250 255 269 271 275 29 313 330 332 343 345 348 366 368 374 400 404 416 417 42 44 457 473 504 515 517 523 548 554 562 570 576 591 594 606 614 616 621 650 656 668 674 675 685 696 702 73 730 753 766 771 782 792 795 809 814 823 824 825 827 839 86 882 902 905 944 950 953 990 997
128 158 223 258 274 357 421 476 536 57 610 633 654 689 713 772 818 827 856 864 884 915 925 965 966 971 98
10 116 131 139 142 146 148 160 185 186 19 191 193 206 218 22 224 234 239 24 243 263 281 324 330 338 352 357 360 377 393 409 411 446 449 46 463 469 484 488 490 5 516 518 529 53 564 573 580 59 600 603 617 620 629 669 684 687 693 700 701 717 733 742 748 757 766 769 783 786 820 829 839 849 866 877 879 887 889 909 912 918 955 957 958 963 964 98 986
131 133 143 151 158 161 163 166 175 176 200 202 205 206 210 228 239 240 241 243 247 262 263 280 293 330 334 346 347 348 353 365 366 389 425 446 455 459 460 511 524 529 53 573 590 598 610 629 64 642 671 673 678 703 705 716 717 719 726 730 736 744 746 753 766 772 776 799 810 812 827 838 840 849 853 86 870 891 912 917 930 946 955 958 961 971 972 973 979 98 986 995
163 172 210 214 253 274 321 323 339 395 402 443 475 505 536 545 564 573 589 674 684 689 717 720 738 776 850 879 893 916
111 170 203 210 236 241 306 313 371 379 380 392 401 452 453 471 484 492 513 514 582 63 731 738 754 760 811 833 837 846 87 888 966 969
1000 106 118 123 134 135 153 161 166 191 194 212 215 221 223 227 256 259 262 272 282 3 300 321 333 334 339 346 36 37 378 389 392 396 402 418 420 422 423 441 455 460 468 492 501 506 513 519 541 554 555 563 571 574 580 586 606 616 617 619 629 639 644 659 689 696 704 708 719 720 737 753 76 770 775 777 799 806 810 846 849 861 87 883 9 905 916 930 939 958 966 976 98 986 994
108 13 158 162 166 173 234 357 369 379 39 409 41 420 424 456 461 469 483 509 53 533 541 559 567 572 577 632 64 641 643 646 682 685 691 704 711 73 749 75 762 763 765 778 790 811 820 822 857 861 866 875 879 882 891 899 902 905 915 920 93 981
149 175 186 198 261 291 335 345 362 419 436 44 466 467 475 504 517 518 544 545 598 687 732 743 794 846 874 880 907 915 926 952 972 973 992 997
118 119 125 154 169 172 18 19 191 196 215 218 228 247 255 269 272 281 293 326 333 339 343 360 37 379 382 384 394 40 402 417 420 435 461 480 487 488 49 50 508 514 534 565 591 599 603 628 633 646 649 650 655 664 687 692 703 71 74 741 746 763 765 768 77 783 788 799 801 840 857 863 87 876 880 89 898 900 918 992 993 998
136 155 16 205 218 24 251 289 297 313 324 389 437 452 456 490 491 5 501 56 566 568 580 594 6 616 704 707 723 724 725 755 758 762 772 786 801 813 815 838 84 857 868 876 886 906 924 93 937 94 944 97 994
118 129 135 176 215 224 250 321 353 369 377 405 428 434 456 523 544 561 57 62 655 672 749 76 772 795 806 810 866 873 883 884 920 924 927 944 95 980
116 156 158 193 194 200 29 296 43 443 448 486 578 654 689 741 759 760 786 822 826 900 917 93 986
106 108 118 129 13 130 187 198 203 234 255 260 261 273 274 284 329 33 336 345 359 36 377 392 400 404 409 420 434 446 45 482 488 523 541 580 617 62 639 655 664 665 670 671 70 723 724 736 745 747 755 759 763 765 77 775 783 808 83 836 851 891 893 897 917 93 942 943 955 963 980 984
105 111 13 131 153 169 176 185 189 191 218 224 236 238 245 262 268 270 295 297 301 352 353 363 366 377 396 408 430 448 459 474 51 511 529 548 551 559 57 578 583 633 639 652 655 657 700 703 704 707 721 725 738 749 754 755 756 758 77 771 799 811 849 866 868 873 882 885 923 924 925 961 964 974 986 997
127 144 185 261 278 347 356 443 446 469 5 508 514 519 526 530 548 553 565 570 589 59 600 658 735 74 777 798 806 813 83 837 838 842 857 87 884 887 898 951 956 97 971 994
1 117 12 125 160 162 176 189 2 216 218 223 227 231 234 250 259 276 280 283 29 3 309 338 347 361 400 409 41 416 429 470 472 475 523 53 534 555 576 616 623 625 639 64 670 673 675 682 693 702 716 760 762 781 784 804 833 849 857 860 866 870 873 876 878 879 889 905 916 92 930 942 979 992 995
111 116 135 153 157 161 173 192 194 224 23 231 24 263 283 297 299 329 36 369 40 401 405 414 423 446 448 483 560 588 589 597 6 623 65 652 653 677 690 696 702 710 716 720 721 755 768 775 777 786 787 792 795 832 867 885 907 909 912 935 964 97 979 982 990 994
126 166 228 24 324 388 435 487 508 530 548 568 594 616 656 716 901 906 910 911
1 148 173 177 193 200 202 229 255 272 279 292 295 346 350 357 360 362 37 370 380 413 414 501 535 592 599 610 613 621 628 642 665 728 730 768 781 801 802 809 810 832 846 869 879 893 900 910 917 924 932 941 97 993 995
152 187 255 283 290 32 322 323 36 392 410 412 418 461 475 523 550 561 568 6 607 634 677 694 697 708 721 723 731 741 774 813 839 856 907 914 918 997
108 115 126 14 143 172 18 183 187 206 210 224 225 23 255 290 293 320 323 324 333 336 338 346 349 358 362 365 391 393 402 403 441 452 473 481 492 497 505 536 555 559 577 589 592 595 6 623 630 634 636 646 658 683 711 721 730 746 760 776 78 802 807 82 824 825 826 835 837 839 841 843 889 89 898 919 930 951 955 959 966 973 977 98
104 118 125 13 131 142 143 154 158 168 205 24 247 279 287 297 324 33 343 348 358 376 394 40 401 416 42 423 44 443 459 46 463 471 501 504 506 517 545 550 559 577 590 591 600 616 644 654 66 678 683 704 708 711 719 733 744 745 748 76 765 774 780 796 802 805 812 813 821 834 836 882 894 924 97 977 990 997
154 163 182 203 208 213 214 216 217 220 245 256 275 295 304 305 32 352 365 38 404 424 427 473 486 487 501 508 511 53 532 557 586 610 628 633 653 674 68 707 733 786 84 891 958
223 275 323 332 360 361 374 469 511 528 56 564 59 621 708 767 77 827 965 990 999
1 113 129 130 131 136 147 153 154 156 172 182 2 202 215 23 231 262 275 276 280 287 315 331 334 361 374 396 418 42 433 445 455 468 473 487 50 503 508 509 521 528 531 533 549 55 578 587 603 604 608 620 629 634 642 644 649 662 674 675 686 687 692 71 720 724 725 763 769 783 79 802 811 820 822 827 83 871 885 889 893 905 913 925 930 947 954 956 962 967 996
115 116 129 156 160 202 226 228 23 3 312 328 454 466 470 478 505 509 519 561 578 598 611 633 641 658 677 689 692 717 733 744 758 781 803 89 91 93 943 961 965 97 980
14 147 189 198 28 287 293 358 36 360 436 441 521 540 554 56 565 599 6 674 682 700 71 722 74 744 798 809 810 811 850 878 902 906 909 950
106 139 173 18 2 235 277 309 334 336 371 394 433 460 50 528 533 596 602 639 670 674 675 730 754 772 778 780 801 876 897 907 908 918 929 950 956
154 159 187 214 256 289 313 329 332 380 405 417 434 436 452 458 548 576 658 699 728 742 762 816 831 867 926
144 162 185 222 332 379 41 42 448 483 486 488 518 535 544 57 591 598 648 665 688 694 699 706 707 778 820 872 903 947
104 116 162 165 169 175 180 236 261 264 272 276 281 283 285 290 293 294 298 302 345 359 36 365 373 389 397 402 420 436 44 463 466 471 490 504 505 507 522 573 578 598 604 620 641 655 663 673 751 758 774 776 777 78 780 782 796 8 832 838 84 844 846 850 852 884 897 898 925 947 955 961 963 99 990 992
100 138 185 202 210 236 237 26 266 275 276 277 317 332 336 349 369 405 431 455 463 470 509 517 530 564 586 592 611 620 628 649 650 670 676 677 683 708 726 728 733 78 799 815 819 840 854 86 884 898 935 936 940 950
101 103 125 139 142 165 167 174 18 189 194 244 256 257 295 311 32 328 353 366 383 400 405 427 433 435 445 46 469 475 490 493 498 5 506 529 575 590 614 646 651 658 677 678 694 703 708 716 72 731 742 754 768 80 816 820 840 850 862 878 921 935 983
182 230 241 256 278 375 514 523 53 599 60 603 612 667 724 748 754 81 816 850 854 878
126 139 216 227 231 243 277 374 460 486 515 521 533 540 594 617 641 653 673 700 711 762 781 826 832 883 971 979
107 135 141 142 15 169 186 2 214 228 231 243 279 286 297 318 332 423 47 473 483 488 490 509 515 521 566 590 61 623 678 716 723 763 769 771 779 78 845 871 890 891 906 911 923 963 965 986
111 148 153 172 175 176 19 195 20 202 233 239 244 245 250 259 269 281 287 290 348 349 446 462 48 484 486 5 50 514 521 534 547 555 565 573 625 635 65 656 671 686 719 725 738 765 77 771 775 796 798 802 806 826 830 836 856 861 884 901 918 926 942 988 989 992
102 109 118 126 14 161 162 169 172 179 19 196 2 254 259 261 276 279 283 287 289 333 334 338 344 347 352 357 361 390 404 420 433 436 45 460 469 470 471 484 489 505 511 529 540 554 56 568 57 577 589 59 592 600 606 620 622 629 646 65 650 656 671 724 725 726 736 738 750 753 765 769 774 778 790 799 806 854 855 870 880 89 909 916 918 920 923 931 935 942 943 946 967 977
106 142 144 160 185 211 214 240 244 262 269 278 313 326 328 334 348 354 393 409 439 45 500 506 541 578 585 589 606 614 62 634 642 656 673 685 694 696 7 748 75 769 780 801 814 815 820 835 838 850 873 882 89 942 946 965 967 971 972 983
1 104 135 136 148 166 173 18 186 187 206 240 244 29 297 3 30 322 325 329 330 333 339 35 364 386 387 399 400 404 406 423 441 444 445 450 46 461 464 466 468 488 520 528 536 545 555 559 561 570 59 628 644 65 655 664 670 682 683 685 693 694 696 709 711 719 726 74 758 768 777 78 790 810 814 815 832 833 867 877 895 926 979 98 985 999
108 129 155 182 19 23 236 239 243 277 281 289 322 327 33 339 345 348 41 465 466 483 5 515 555 564 57 59 610 617 62 653 661 702 728 736 745 772 795 814 822 839 867 870 878 887 897 916 967 971 983
162 182 186 217 243 247 250 257 259 267 309 323 37 380 406 416 452 538 559 580 664 665 679 73 736 755 769 770 795 809 816 835 838 854 86 907 923 950
108 122 156 166 176 193 200 205 241 244 263 276 303 319 357 358 359 365 369 385 401 402 456 471 479 499 502 528 544 565 581 611 621 625 629 634 654 675 700 723 741 742 759 800 812 815 816 822 825 835 836 837 868 917 963 968 979 980 983
196 274 280 286 34 342 394 396 45 496 513 545 592 62 639 644 656 680 695 75 762 781 782 834 84 85 87 892 926 935 944 993
111 125 288 343 345 367 41 414 417 418 455 50 513 566 570 603 624 652 728 824 825 826 833 840 901 910 935 942 947 966 973
1 104 111 126 14 143 144 150 165 187 190 216 23 261 263 278 328 418 427 434 46 468 515 518 539 542 544 546 554 580 586 610 621 638 682 685 696 699 745 75 77 781 798 812 817 868 876 877 879 887 900 902 905 912 925 943 964 973 977 980
106 11 124 216 24 307 322 326 353 371 401 405 435 550 576 591 611 614 699 723 754 786 834 920 943 993 995
104 147 165 169 17 199 223 277 29 338 361 381 401 490 494 519 603 649 687 724 726 755 806 812 882 889 915 934 960 977 999
136 155 215 218 245 275 31 343 371 392 394 424 445 448 486 492 527 528 568 573 592 604 625 677 700 715 752 759 766 777 792 814 835 837 846 854 861 866 88 883 887 910 911 923 946 961 977
120 14 142 263 346 424 436 506 515 529 533 554 707 771 824 85 856 859 925 963 972
136 163 280 282 346 347 351 353 361 393 406 418 432 441 492 535 550 56 625 649 686 689 729 740 745 748 753 766 778 802 825 83 836 856 871 877 893 912 920 926 94 947 961 967
144 178 18 232 234 242 278 295 349 414 473 540 541 564 579 584 593 645 652 682 693 71 719 739 741 774 775 813 868 880 916 94
1 115 132 160 163 164 165 206 217 223 224 240 25 289 308 309 329 339 343 389 393 40 406 416 448 459 505 518 525 537 576 577 58 594 600 605 606 611 614 620 637 65 652 685 687 702 741 749 75 763 770 771 774 783 791 816 85 870 871 877 881 887 891 90 904 906 910 945 949 96
126 139 191 231 259 274 286 321 336 337 349 362 374 433 470 501 511 590 650 793 857 889 995
13 283 328 329 33 338 359 463 513 535 577 604 64 698 699 71 74 753 782 87 883 896 900 973
155 191 203 265 316 324 358 396 424 470 477 484 561 601 664 665 684 707 775 792 840 871 89 923 947 956 958 964
125 19 194 203 216 217 240 369 416 455 530 614 699 721 731 764 780 834 835 848 867 902 912 944 990
