1	176
1	196
1	933
1	996
2	255
2	678
2	854
2	968
3	576
3	876
3	916
3	976
4	404
4	467
4	947
4	958
5	403
5	754
5	900
5	990
5	995
6	873
6	934
6	983
6	1000
7	443
7	466
7	613
7	682
8	235
8	548
8	988
8	995
9	317
9	744
9	921
9	934
10	890
10	931
10	965
10	980
11	125
11	774
11	981
11	986
12	258
12	923
12	974
12	978
13	244
13	307
13	747
13	937
13	964
14	507
14	625
14	779
14	991
15	741
15	927
15	975
15	980
16	266
16	399
16	973
16	974
17	101
17	436
17	792
17	952
18	608
18	668
18	796
18	900
19	882
19	951
19	991
19	1000
20	251
20	714
20	843
20	995
21	485
21	523
21	835
21	991
22	251
22	413
22	740
22	914
23	317
23	945
23	972
23	988
24	444
24	482
24	729
24	893
25	171
25	864
25	984
25	993
26	709
26	835
26	959
26	984
27	381
27	879
27	954
27	962
28	690
28	764
28	889
28	931
29	535
29	552
29	692
29	901
30	447
30	683
30	746
30	999
31	704
31	800
31	913
31	978
32	887
32	895
32	961
32	981
33	590
33	864
33	924
33	992
34	437
34	712
34	853
34	969
35	51
35	628
35	892
35	919
36	817
36	931
36	949
36	964
37	351
37	750
37	846
37	972
38	208
38	609
38	716
38	967
39	64
39	346
39	562
39	956
40	778
40	793
40	858
40	993
41	466
41	871
41	876
41	886
42	196
42	396
42	829
42	847
43	174
43	239
43	498
43	898
43	995
44	486
44	541
44	606
44	962
45	144
45	834
45	906
45	996
46	127
46	649
46	782
46	956
47	155
47	847
47	973
47	989
48	608
48	667
48	932
48	937
49	745
49	819
49	843
49	980
50	125
50	277
50	433
50	767
51	35
51	772
51	891
51	981
51	995
52	165
52	932
52	976
52	991
53	324
53	425
53	969
53	971
54	930
54	947
54	963
54	996
55	358
55	807
55	936
55	986
56	238
56	602
56	916
56	935
57	253
57	870
57	971
57	987
58	917
58	950
58	964
58	1000
59	712
59	747
59	984
59	1000
60	311
60	843
60	989
60	998
61	608
61	880
61	887
61	940
62	483
62	640
62	754
62	987
63	159
63	640
63	870
63	987
64	39
64	914
64	926
64	945
65	944
65	976
65	979
65	982
66	663
66	967
66	975
66	995
67	487
67	920
67	965
67	983
68	154
68	728
68	922
68	982
69	299
69	853
69	950
69	956
70	568
70	726
70	729
70	973
71	154
71	243
71	622
71	784
72	516
72	691
72	696
72	872
73	273
73	903
73	945
73	999
74	644
74	722
74	814
74	995
75	403
75	778
75	951
75	953
76	405
76	529
76	584
76	989
77	375
77	525
77	645
77	991
78	495
78	745
78	861
78	913
79	335
79	691
79	829
79	943
80	555
80	636
80	942
80	946
81	397
81	964
81	977
81	993
82	110
82	595
82	831
82	945
83	438
83	533
83	647
83	950
84	914
84	954
84	985
84	997
85	486
85	532
85	908
85	985
86	410
86	666
86	822
86	830
87	302
87	701
87	847
87	969
88	796
88	923
88	980
88	998
89	605
89	836
89	847
89	989
90	204
90	350
90	843
90	860
91	162
91	662
91	921
91	986
92	472
92	495
92	901
92	935
92	966
93	274
93	557
93	646
93	683
94	745
94	832
94	936
94	962
95	669
95	794
95	886
95	949
96	161
96	514
96	709
96	991
97	124
97	740
97	851
97	989
98	589
98	845
98	903
98	979
99	525
99	738
99	791
99	975
100	675
100	682
100	685
100	932
101	17
101	261
101	811
101	987
102	696
102	819
102	984
102	995
103	555
103	693
103	893
103	923
104	488
104	587
104	871
104	882
105	326
105	470
105	524
105	973
106	473
106	667
106	934
106	982
107	323
107	870
107	942
107	987
108	599
108	862
108	924
108	978
109	365
109	623
109	951
109	968
110	82
110	896
110	923
110	997
111	599
111	859
111	896
111	936
112	395
112	541
112	672
112	884
113	166
113	281
113	855
113	964
114	221
114	816
114	864
114	898
115	211
115	410
115	807
115	952
116	190
116	657
116	810
116	897
117	653
117	711
117	832
117	966
118	394
118	595
118	812
118	992
119	818
119	874
119	927
119	981
120	343
120	911
120	918
120	962
121	832
121	909
121	960
121	991
122	699
122	876
122	952
122	994
123	459
123	563
123	873
123	938
124	97
124	619
124	924
124	935
124	985
125	11
125	50
125	624
125	860
126	421
126	868
126	939
126	953
127	46
127	923
127	949
127	961
128	768
128	810
128	875
128	984
129	767
129	839
129	880
129	986
130	314
130	423
130	986
130	1000
131	783
131	944
131	946
131	999
132	575
132	818
132	885
132	997
133	634
133	967
133	975
133	995
134	245
134	758
134	941
134	969
135	628
135	668
135	731
135	998
136	700
136	843
136	951
136	987
137	657
137	698
137	849
137	957
138	715
138	776
138	855
138	895
139	320
139	763
139	979
139	992
140	676
140	695
140	706
140	916
141	699
141	857
141	883
141	952
142	719
142	734
142	914
142	992
143	375
143	553
143	872
143	992
144	45
144	857
144	874
144	976
145	224
145	780
145	853
145	945
146	945
146	967
146	975
146	995
147	471
147	747
147	837
147	953
148	528
148	538
148	808
148	949
149	572
149	926
149	951
149	972
150	682
150	770
150	886
150	997
151	949
151	962
151	991
151	992
152	870
152	890
152	921
152	948
152	980
153	838
153	869
153	944
153	986
154	68
154	71
154	856
154	997
155	47
155	612
155	789
155	804
156	725
156	942
156	944
156	993
157	182
157	435
157	721
157	822
157	935
158	588
158	618
158	925
158	958
159	63
159	840
159	937
159	951
160	955
160	964
160	975
160	993
161	96
161	786
161	900
161	928
162	91
162	607
162	943
162	976
163	773
163	888
163	913
163	995
163	996
164	213
164	684
164	776
164	993
165	52
165	444
165	767
165	898
166	113
166	791
166	893
166	977
167	822
167	970
167	993
167	997
168	284
168	396
168	522
168	911
169	367
169	506
169	673
169	904
170	248
170	539
170	816
170	873
171	25
171	178
171	413
171	687
172	320
172	435
172	862
172	964
173	321
173	733
173	956
173	979
174	43
174	570
174	645
174	790
175	199
175	792
175	970
175	985
176	1
176	922
176	950
176	999
177	305
177	856
177	884
177	966
178	171
178	264
178	860
178	932
179	324
179	525
179	930
179	949
180	938
180	940
180	966
180	974
181	295
181	706
181	940
181	953
182	157
182	372
182	937
182	973
183	293
183	788
183	854
183	916
183	995
184	427
184	450
184	894
184	981
185	321
185	421
185	735
185	952
186	818
186	847
186	954
186	987
187	276
187	943
187	952
187	955
188	228
188	360
188	528
188	910
189	227
189	277
189	424
189	951
190	116
190	897
190	913
190	929
191	556
191	782
191	956
191	994
192	329
192	676
192	749
192	973
193	333
193	860
193	986
193	997
194	239
194	729
194	949
194	959
195	245
195	468
195	779
195	940
196	1
196	42
196	727
196	966
197	234
197	394
197	739
197	904
197	987
198	504
198	839
198	906
198	971
199	175
199	434
199	976
199	996
200	333
200	747
200	888
200	991
201	335
201	909
201	928
201	952
201	985
202	558
202	688
202	852
202	985
203	216
203	537
203	583
203	921
204	90
204	596
204	934
204	937
204	963
205	630
205	702
205	913
205	926
206	425
206	652
206	835
206	889
207	323
207	889
207	953
207	971
208	38
208	672
208	751
208	830
209	537
209	662
209	833
209	944
210	311
210	409
210	856
210	911
211	115
211	587
211	888
211	945
212	450
212	609
212	711
212	887
213	164
213	633
213	765
213	864
214	391
214	823
214	988
214	989
215	272
215	514
215	835
215	909
216	203
216	297
216	754
216	799
217	579
217	828
217	972
217	980
218	532
218	621
218	735
218	884
219	498
219	658
219	921
219	947
220	267
220	451
220	758
220	776
221	114
221	515
221	902
221	963
222	377
222	470
222	976
222	987
222	994
222	995
223	248
223	907
223	910
223	945
223	987
224	145
224	511
224	719
224	969
224	995
225	606
225	878
225	913
225	947
226	235
226	690
226	963
226	978
227	189
227	466
227	759
227	930
228	188
228	863
228	936
228	997
229	569
229	826
229	874
229	963
230	757
230	895
230	919
230	972
230	981
231	271
231	371
231	481
231	586
231	838
232	802
232	815
232	912
232	915
232	937
233	457
233	885
233	914
233	950
233	964
234	197
234	272
234	461
234	538
234	843
235	8
235	226
235	637
235	809
235	934
236	418
236	789
236	870
236	955
236	963
237	808
237	876
237	950
237	962
237	977
238	56
238	409
238	600
238	931
238	989
239	43
239	194
239	390
239	701
239	839
240	362
240	727
240	880
240	897
240	957
241	270
241	629
241	719
241	731
241	905
242	515
242	614
242	663
242	943
242	946
243	71
243	785
243	899
243	936
243	938
244	13
244	557
244	951
244	992
244	997
245	134
245	195
245	576
245	836
245	859
246	739
246	853
246	876
246	899
246	992
247	396
247	561
247	650
247	674
247	847
248	170
248	223
248	292
248	628
248	978
249	620
249	766
249	828
249	846
249	970
250	372
250	592
250	835
250	967
250	971
251	20
251	22
251	452
251	919
251	956
252	318
252	632
252	921
252	980
252	981
253	57
253	767
253	910
253	913
253	979
254	578
254	719
254	776
254	837
254	904
255	2
255	392
255	542
255	936
255	955
256	503
256	558
256	707
256	865
256	977
257	578
257	680
257	898
257	941
257	993
258	12
258	303
258	360
258	965
258	980
259	646
259	696
259	770
259	938
259	973
260	788
260	841
260	864
260	966
260	972
261	101
261	611
261	639
261	845
261	995
262	716
262	734
262	846
262	883
262	922
263	313
263	573
263	727
263	963
263	974
264	178
264	508
264	548
264	794
264	868
265	344
265	443
265	892
265	970
265	998
266	16
266	453
266	766
266	840
266	878
267	220
267	483
267	559
267	897
267	922
268	473
268	673
268	681
268	846
268	927
269	772
269	917
269	947
269	949
269	993
270	241
270	681
270	946
270	961
270	984
271	231
271	292
271	656
271	952
271	971
272	215
272	234
272	564
272	943
272	996
273	73
273	733
273	804
273	831
273	933
274	93
274	311
274	423
274	951
274	973
275	614
275	682
275	822
275	934
275	965
276	187
276	491
276	621
276	836
276	842
277	50
277	189
277	599
277	693
277	775
278	340
278	357
278	865
278	927
278	980
279	402
279	684
279	692
279	881
279	979
280	282
280	350
280	616
280	851
280	997
281	113
281	426
281	969
281	978
281	995
281	1000
282	280
282	787
282	891
282	990
282	997
283	538
283	907
283	926
283	965
283	987
284	168
284	377
284	874
284	938
284	987
284	991
285	437
285	494
285	767
285	945
285	986
286	500
286	804
286	831
286	896
286	951
287	534
287	724
287	870
287	971
287	987
288	606
288	774
288	957
288	962
288	981
289	570
289	914
289	933
289	994
289	997
290	679
290	863
290	922
290	981
290	994
291	580
291	902
291	924
291	966
291	1000
292	248
292	271
292	741
292	760
292	972
293	183
293	567
293	890
293	926
293	987
294	412
294	680
294	738
294	744
294	858
295	181
295	777
295	983
295	992
295	1000
296	452
296	663
296	917
296	926
296	987
297	216
297	864
297	867
297	963
297	978
298	671
298	751
298	831
298	922
298	944
299	69
299	708
299	932
299	933
299	940
300	549
300	740
300	752
300	816
300	950
301	647
301	743
301	765
301	812
301	932
302	87
302	552
302	639
302	716
302	849
303	258
303	905
303	935
303	937
303	957
303	984
304	907
304	914
304	944
304	964
304	983
305	177
305	330
305	703
305	885
305	954
306	459
306	558
306	572
306	595
306	798
307	13
307	711
307	720
307	840
307	842
308	455
308	686
308	731
308	811
308	957
309	449
309	573
309	835
309	862
309	907
310	532
310	826
310	917
310	922
310	973
310	995
311	60
311	210
311	274
311	343
311	970
312	410
312	521
312	552
312	617
312	959
313	263
313	389
313	465
313	533
313	988
314	130
314	570
314	800
314	825
314	935
314	973
315	916
315	933
315	961
315	987
315	991
315	997
316	337
316	644
316	706
316	950
316	970
317	9
317	23
317	870
317	976
317	992
318	252
318	647
318	722
318	840
318	955
319	540
319	591
319	925
319	974
319	1000
320	139
320	172
320	758
320	775
320	997
321	173
321	185
321	946
321	952
321	956
322	347
322	630
322	795
322	829
322	863
323	107
323	207
323	606
323	852
323	854
324	53
324	179
324	501
324	822
324	981
325	545
325	754
325	870
325	982
325	987
326	105
326	905
326	948
326	984
326	992
327	532
327	614
327	818
327	908
327	938
328	459
328	503
328	621
328	906
328	982
329	192
329	430
329	582
329	832
329	982
330	305
330	660
330	739
330	749
330	885
331	669
331	865
331	902
331	908
331	966
332	578
332	796
332	852
332	912
332	938
333	193
333	200
333	770
333	979
333	997
334	655
334	876
334	944
334	962
334	991
335	79
335	201
335	842
335	892
335	984
336	777
336	781
336	863
336	892
336	940
337	316
337	537
337	861
337	964
337	993
338	393
338	947
338	978
338	989
338	994
339	388
339	773
339	931
339	993
339	997
340	278
340	569
340	861
340	932
340	977
341	383
341	589
341	785
341	841
341	859
342	359
342	752
342	919
342	932
342	958
343	120
343	311
343	381
343	740
343	932
344	265
344	728
344	740
344	962
344	998
345	656
345	728
345	817
345	973
345	994
346	39
346	363
346	684
346	784
346	976
347	322
347	594
347	611
347	939
347	960
348	642
348	690
348	802
348	925
348	950
349	489
349	562
349	683
349	849
349	874
350	90
350	280
350	616
350	905
350	997
351	37
351	594
351	627
351	828
351	918
352	420
352	908
352	955
352	970
352	991
353	436
353	835
353	893
353	935
353	960
354	550
354	848
354	928
354	935
354	966
355	373
355	448
355	559
355	644
355	959
356	797
356	802
356	812
356	953
356	987
357	278
357	783
357	941
357	942
357	977
358	55
358	544
358	676
358	809
358	942
359	342
359	813
359	932
359	934
359	972
360	188
360	258
360	519
360	960
360	979
361	499
361	690
361	813
361	846
361	999
362	240
362	933
362	952
362	981
362	982
363	346
363	398
363	716
363	968
363	987
364	378
364	800
364	857
364	954
364	985
365	109
365	707
365	784
365	937
365	1000
366	893
366	975
366	983
366	985
366	994
367	169
367	541
367	913
367	966
367	977
368	496
368	741
368	787
368	982
368	985
369	643
369	688
369	764
369	993
369	998
370	505
370	748
370	955
370	980
370	998
371	231
371	905
371	968
371	979
371	997
372	182
372	250
372	692
372	896
372	932
373	355
373	533
373	613
373	940
373	972
374	435
374	635
374	879
374	938
374	995
375	77
375	143
375	840
375	959
375	961
376	664
376	837
376	864
376	966
376	976
377	222
377	284
377	748
377	822
377	928
377	991
378	364
378	815
378	933
378	962
378	990
379	604
379	623
379	687
379	737
379	972
380	443
380	601
380	770
380	787
380	988
381	27
381	343
381	479
381	783
381	924
382	570
382	842
382	934
382	961
382	999
383	341
383	445
383	567
383	816
383	883
383	934
384	458
384	517
384	655
384	713
384	899
384	974
385	563
385	691
385	838
385	895
385	921
385	993
386	490
386	739
386	787
386	871
386	875
386	991
387	627
387	785
387	915
387	955
387	965
387	991
388	339
388	708
388	713
388	749
388	986
388	996
389	313
389	392
389	530
389	845
389	978
389	992
390	239
390	648
390	755
390	954
390	971
390	998
391	214
391	405
391	617
391	801
391	945
391	989
392	255
392	389
392	690
392	774
392	908
392	985
393	338
393	739
393	797
393	803
393	852
393	963
394	118
394	197
394	847
394	937
394	965
394	1000
395	112
395	464
395	563
395	734
395	936
395	998
396	42
396	168
396	247
396	704
396	788
396	990
397	81
397	547
397	676
397	715
397	930
397	1000
398	363
398	887
398	910
398	920
398	940
398	998
399	16
399	445
399	657
399	823
399	869
399	999
400	513
400	703
400	785
400	893
400	932
400	996
401	714
401	791
401	882
401	887
401	974
401	998
402	279
402	425
402	633
402	733
402	784
402	990
403	5
403	75
403	517
403	838
403	972
403	981
404	4
404	506
404	528
404	822
404	839
404	936
405	76
405	391
405	719
405	866
405	945
405	959
406	495
406	662
406	678
406	759
406	814
406	869
407	806
407	881
407	891
407	901
407	925
407	930
408	480
408	487
408	534
408	685
408	696
408	989
409	210
409	238
409	478
409	966
409	978
409	989
410	86
410	115
410	312
410	840
410	934
410	949
411	671
411	695
411	846
411	853
411	910
411	956
412	294
412	492
412	538
412	785
412	935
412	999
413	22
413	171
413	611
413	812
413	982
413	983
414	591
414	848
414	899
414	928
414	935
414	950
415	439
415	586
415	836
415	841
415	844
415	999
416	506
416	534
416	717
416	964
416	983
416	993
417	670
417	758
417	986
417	994
417	997
417	1000
418	236
418	891
418	951
418	953
418	970
418	979
419	463
419	683
419	894
419	937
419	941
419	963
420	352
420	737
420	871
420	890
420	908
420	991
421	126
421	185
421	671
421	769
421	960
421	999
422	484
422	690
422	788
422	868
422	895
422	991
422	995
423	130
423	274
423	632
423	725
423	946
423	980
424	189
424	709
424	747
424	965
424	968
424	991
425	53
425	206
425	402
425	669
425	947
425	988
426	281
426	532
426	718
426	816
426	899
426	970
427	184
427	473
427	783
427	793
427	913
427	933
428	685
428	941
428	968
428	974
428	988
428	992
429	645
429	677
429	718
429	783
429	990
429	992
430	329
430	477
430	589
430	691
430	838
430	883
431	491
431	653
431	711
431	721
431	788
431	998
432	720
432	734
432	788
432	791
432	816
432	952
433	50
433	503
433	735
433	766
433	957
433	995
434	199
434	795
434	949
434	965
434	995
434	997
435	157
435	172
435	374
435	858
435	862
435	999
436	17
436	353
436	501
436	786
436	941
436	974
437	34
437	285
437	810
437	873
437	968
437	972
438	83
438	775
438	806
438	842
438	924
438	958
439	415
439	682
439	683
439	785
439	804
439	858
440	441
440	709
440	860
440	955
440	965
440	991
441	440
441	555
441	912
441	931
441	969
441	978
442	665
442	693
442	743
442	919
442	944
442	952
443	7
443	265
443	380
443	573
443	834
443	862
444	24
444	165
444	535
444	857
444	905
444	985
445	383
445	399
445	560
445	599
445	972
445	995
446	620
446	712
446	901
446	965
446	983
446	994
447	30
447	685
447	875
447	891
447	959
447	976
448	355
448	538
448	643
448	663
448	905
448	994
449	309
449	751
449	803
449	862
449	864
449	982
450	184
450	212
450	660
450	711
450	931
450	991
451	220
451	553
451	826
451	834
451	878
451	903
452	251
452	296
452	488
452	757
452	840
452	849
453	266
453	601
453	709
453	955
453	968
453	991
454	518
454	591
454	769
454	819
454	983
454	994
455	308
455	510
455	675
455	779
455	907
455	981
456	609
456	771
456	807
456	944
456	960
456	975
457	233
457	508
457	826
457	914
457	950
457	999
458	384
458	889
458	952
458	974
458	976
458	977
459	123
459	306
459	328
459	901
459	905
459	984
460	461
460	817
460	868
460	968
460	976
460	1000
461	234
461	460
461	642
461	925
461	930
461	953
462	795
462	808
462	852
462	917
462	942
462	966
463	419
463	819
463	890
463	909
463	967
463	970
464	395
464	852
464	887
464	903
464	951
464	984
465	313
465	555
465	724
465	879
465	923
465	997
466	7
466	41
466	227
466	513
466	891
466	959
467	4
467	602
467	651
467	861
467	919
467	957
468	195
468	469
468	847
468	940
468	987
468	999
469	468
469	597
469	673
469	842
469	988
469	1000
470	105
470	222
470	863
470	947
470	964
470	977
471	147
471	635
471	743
471	903
471	906
471	934
472	92
472	501
472	685
472	793
472	872
472	961
473	106
473	268
473	427
473	832
473	938
473	963
474	576
474	878
474	895
474	953
474	969
474	984
475	547
475	574
475	628
475	857
475	988
475	992
476	500
476	709
476	764
476	813
476	919
476	962
477	430
477	637
477	856
477	889
477	918
477	957
478	409
478	494
478	520
478	655
478	736
478	762
479	381
479	638
479	787
479	921
479	924
479	991
480	408
480	708
480	849
480	869
480	937
480	961
481	231
481	564
481	618
481	725
481	885
481	986
482	24
482	720
482	824
482	889
482	984
482	988
483	62
483	267
483	559
483	866
483	907
483	984
484	422
484	586
484	803
484	863
484	958
484	985
485	21
485	531
485	674
485	701
485	768
485	926
486	44
486	85
486	669
486	799
486	821
486	899
487	67
487	408
487	529
487	540
487	574
487	671
487	719
488	104
488	452
488	778
488	897
488	911
488	913
488	999
489	349
489	496
489	646
489	863
489	912
489	925
489	930
490	386
490	702
490	779
490	947
490	956
490	958
490	988
491	276
491	431
491	615
491	692
491	712
491	940
491	990
492	412
492	584
492	634
492	650
492	718
492	914
492	950
493	574
493	600
493	657
493	721
493	825
493	942
493	944
494	285
494	478
494	723
494	742
494	969
494	981
494	1000
495	78
495	92
495	406
495	549
495	652
495	807
495	910
496	368
496	489
496	762
496	805
496	832
496	863
496	990
497	584
497	670
497	815
497	871
497	933
497	949
497	996
498	43
498	219
498	509
498	756
498	781
498	851
498	929
499	361
499	534
499	757
499	828
499	833
499	984
499	989
500	286
500	476
500	718
500	792
500	825
500	906
500	913
501	324
501	436
501	472
501	799
501	820
501	966
501	992
502	595
502	723
502	917
502	959
502	964
502	968
502	993
503	256
503	328
503	433
503	792
503	810
503	898
503	969
504	198
504	511
504	598
504	769
504	908
504	922
504	990
505	370
505	624
505	691
505	780
505	885
505	932
505	980
506	169
506	404
506	416
506	669
506	748
506	859
506	899
507	14
507	633
507	748
507	815
507	889
507	971
507	984
508	264
508	457
508	799
508	816
508	852
508	892
508	962
509	498
509	731
509	755
509	756
509	788
509	849
509	888
510	455
510	637
510	784
510	847
510	896
510	942
510	983
511	224
511	504
511	645
511	693
511	911
511	931
511	959
512	786
512	815
512	933
512	939
512	962
512	968
512	996
513	400
513	466
513	665
513	868
513	886
513	913
513	996
514	96
514	215
514	522
514	709
514	747
514	968
514	991
515	221
515	242
515	883
515	893
515	898
515	963
515	979
516	72
516	553
516	798
516	832
516	843
516	860
516	996
517	384
517	403
517	537
517	717
517	824
517	898
517	937
518	454
518	765
518	770
518	857
518	866
518	901
518	983
519	360
519	717
519	725
519	855
519	867
519	898
519	960
520	478
520	601
520	695
520	776
520	778
520	887
520	939
521	312
521	750
521	781
521	906
521	935
521	977
521	984
522	168
522	514
522	730
522	820
522	840
522	910
522	911
523	21
523	669
523	797
523	854
523	964
523	977
523	979
524	105
524	663
524	885
524	914
524	941
524	963
524	973
525	77
525	99
525	179
525	643
525	906
525	917
525	1000
526	570
526	669
526	692
526	731
526	965
526	968
526	991
527	689
527	844
527	865
527	873
527	905
527	922
527	996
528	148
528	188
528	404
528	789
528	959
528	982
528	984
529	76
529	487
529	576
529	719
529	758
529	876
529	921
530	389
530	549
530	761
530	784
530	849
530	916
530	988
531	485
531	671
531	695
531	696
531	832
531	873
531	973
532	85
532	218
532	310
532	327
532	426
532	988
532	989
533	83
533	313
533	373
533	654
533	855
533	909
533	940
534	287
534	408
534	416
534	499
534	726
534	877
534	958
535	29
535	444
535	743
535	781
535	952
535	955
535	1000
536	861
536	917
536	931
536	947
536	964
536	991
536	993
537	203
537	209
537	337
537	517
537	638
537	683
537	944
538	148
538	234
538	283
538	412
538	448
538	860
538	996
539	170
539	550
539	759
539	882
539	962
539	986
539	998
540	319
540	487
540	618
540	777
540	922
540	951
540	997
541	44
541	112
541	367
541	823
541	842
541	888
541	901
542	255
542	757
542	791
542	815
542	848
542	896
542	982
543	605
543	635
543	644
543	679
543	692
543	844
543	877
544	358
544	557
544	596
544	674
544	897
544	980
544	997
545	325
545	561
545	623
545	938
545	941
545	980
545	983
546	747
546	756
546	829
546	919
546	948
546	951
546	995
547	397
547	475
547	622
547	872
547	893
547	897
547	900
548	8
548	264
548	610
548	883
548	928
548	978
548	998
549	300
549	495
549	530
549	760
549	837
549	928
549	972
550	354
550	539
550	693
550	769
550	797
550	886
550	957
551	561
551	704
551	718
551	877
551	885
551	918
551	933
552	29
552	302
552	312
552	773
552	777
552	850
552	993
553	143
553	451
553	516
553	677
553	882
553	906
553	965
554	677
554	812
554	853
554	868
554	915
554	926
554	930
555	80
555	103
555	441
555	465
555	896
555	956
555	966
556	191
556	709
556	767
556	846
556	904
556	956
556	989
557	93
557	244
557	544
557	646
557	714
557	825
557	923
558	202
558	256
558	306
558	760
558	818
558	872
558	914
559	267
559	355
559	483
559	907
559	982
559	984
559	999
560	445
560	704
560	758
560	788
560	847
560	930
560	983
560	984
561	247
561	545
561	551
561	696
561	875
561	984
561	988
561	990
562	39
562	349
562	686
562	779
562	811
562	836
562	950
562	990
563	123
563	385
563	395
563	634
563	690
563	698
563	957
563	989
564	272
564	481
564	618
564	660
564	749
564	885
564	955
564	996
565	741
565	742
565	750
565	756
565	777
565	874
565	912
565	974
566	588
566	603
566	616
566	794
566	833
566	853
566	954
566	978
567	293
567	383
567	641
567	737
567	890
567	918
567	926
567	981
568	70
568	727
568	805
568	822
568	830
568	878
568	908
568	941
569	229
569	340
569	694
569	818
569	841
569	865
569	879
569	927
570	174
570	289
570	314
570	382
570	526
570	593
570	694
570	755
571	597
571	664
571	797
571	815
571	831
571	931
571	971
571	993
572	149
572	306
572	577
572	686
572	694
572	753
572	774
572	905
573	263
573	309
573	443
573	768
573	796
573	866
573	985
573	995
574	475
574	487
574	493
574	714
574	756
574	839
574	963
574	973
575	132
575	727
575	738
575	769
575	826
575	942
575	971
575	994
576	3
576	245
576	474
576	529
576	623
576	834
576	865
576	976
577	572
577	631
577	717
577	885
577	948
577	960
577	963
577	994
578	254
578	257
578	332
578	594
578	795
578	858
578	867
578	871
579	217
579	585
579	658
579	740
579	804
579	977
579	993
579	999
580	291
580	731
580	782
580	808
580	857
580	889
580	904
580	961
581	693
581	760
581	797
581	835
581	872
581	901
581	991
581	993
582	329
582	602
582	636
582	702
582	730
582	804
582	921
582	949
583	203
583	710
583	768
583	890
583	892
583	918
583	926
583	994
584	76
584	492
584	497
584	625
584	655
584	675
584	756
584	976
585	579
585	630
585	646
585	711
585	735
585	841
585	940
585	972
586	231
586	415
586	484
586	766
586	813
586	978
586	994
586	999
587	104
587	211
587	753
587	826
587	859
587	894
587	951
587	954
588	158
588	566
588	825
588	863
588	935
588	954
588	985
588	999
589	98
589	341
589	430
589	744
589	793
589	846
589	859
589	875
590	33
590	768
590	787
590	847
590	900
590	920
590	972
590	974
591	319
591	414
591	454
591	659
591	679
591	983
591	994
591	1000
592	250
592	731
592	740
592	777
592	823
592	953
592	962
592	984
593	570
593	713
593	829
593	833
593	910
593	927
593	995
593	997
594	347
594	351
594	578
594	758
594	763
594	877
594	943
594	977
595	82
595	118
595	306
595	502
595	687
595	881
595	946
595	978
596	204
596	544
596	805
596	837
596	869
596	902
596	974
596	999
597	469
597	571
597	664
597	887
597	941
597	943
597	970
597	988
598	504
598	628
598	730
598	762
598	886
598	910
598	976
598	981
599	108
599	111
599	277
599	445
599	632
599	666
599	896
599	980
600	238
600	493
600	667
600	773
600	871
600	933
600	980
600	991
601	380
601	453
601	520
601	723
601	776
601	844
601	971
601	987
602	56
602	467
602	582
602	681
602	872
602	884
602	988
602	992
603	566
603	632
603	680
603	806
603	856
603	888
603	980
603	985
604	379
604	653
604	711
604	773
604	940
604	966
604	974
604	989
605	89
605	543
605	728
605	731
605	811
605	856
605	952
605	975
606	44
606	225
606	288
606	323
606	657
606	706
606	782
606	913
607	162
607	643
607	753
607	860
607	903
607	937
607	956
607	994
608	18
608	48
608	61
608	632
608	827
608	992
608	994
608	996
609	38
609	212
609	456
609	666
609	700
609	852
609	864
609	908
610	548
610	762
610	817
610	866
610	936
610	966
610	970
610	980
611	261
611	347
611	413
611	807
611	923
611	961
611	968
611	986
612	155
612	654
612	806
612	946
612	947
612	952
612	992
612	997
613	7
613	373
613	726
613	861
613	950
613	962
613	968
613	987
614	242
614	275
614	327
614	660
614	746
614	749
614	986
614	996
615	491
615	620
615	819
615	879
615	907
615	954
615	979
615	985
616	280
616	350
616	566
616	655
616	713
616	966
616	986
616	997
617	312
617	391
617	691
617	719
617	780
617	852
617	908
617	924
618	158
618	481
618	540
618	564
618	660
618	749
618	885
618	986
619	124
619	647
619	658
619	730
619	814
619	840
619	894
619	896
620	249
620	446
620	615
620	641
620	779
620	806
620	826
620	881
621	218
621	276
621	328
621	762
621	812
621	814
621	845
621	910
622	71
622	547
622	637
622	784
622	849
622	856
622	904
622	950
622	988
623	109
623	379
623	545
623	576
623	762
623	911
623	919
623	922
623	938
624	125
624	505
624	836
624	851
624	886
624	925
624	948
624	950
624	951
625	14
625	584
625	817
625	865
625	880
625	927
625	939
625	976
625	984
626	860
626	900
626	920
626	939
626	941
626	968
626	972
626	980
626	998
627	351
627	387
627	871
627	897
627	910
627	929
627	933
627	984
627	991
628	35
628	135
628	248
628	475
628	598
628	759
628	866
628	958
628	984
629	241
629	687
629	731
629	739
629	786
629	880
629	900
629	907
629	970
630	205
630	322
630	585
630	745
630	764
630	795
630	857
630	943
630	986
631	577
631	708
631	828
631	842
631	903
631	930
631	995
631	996
631	1000
632	252
632	423
632	599
632	603
632	608
632	687
632	884
632	971
632	980
633	213
633	402
633	507
633	742
633	856
633	897
633	939
633	940
633	989
634	133
634	492
634	563
634	722
634	762
634	904
634	960
634	979
634	983
635	374
635	471
635	543
635	691
635	805
635	839
635	907
635	931
635	977
636	80
636	582
636	820
636	884
636	931
636	943
636	980
636	985
636	996
637	235
637	477
637	510
637	622
637	679
637	690
637	798
637	849
637	992
638	479
638	537
638	702
638	862
638	864
638	934
638	955
638	982
638	989
639	261
639	302
639	716
639	856
639	950
639	970
639	972
639	989
639	998
640	62
640	63
640	707
640	722
640	754
640	870
640	967
640	971
640	987
641	567
641	620
641	674
641	710
641	757
641	764
641	890
641	926
641	999
642	348
642	461
642	649
642	782
642	832
642	843
642	850
642	976
642	997
643	369
643	448
643	525
643	607
643	665
643	800
643	860
643	953
643	986
644	74
644	316
644	355
644	543
644	770
644	795
644	864
644	887
644	995
645	77
645	174
645	429
645	511
645	772
645	830
645	888
645	894
645	940
646	93
646	259
646	489
646	557
646	585
646	904
646	939
646	970
646	986
647	83
647	301
647	318
647	619
647	696
647	785
647	814
647	835
647	880
648	390
648	698
648	725
648	752
648	763
648	810
648	859
648	862
648	957
649	46
649	642
649	671
649	700
649	704
649	895
649	908
649	963
649	1000
650	247
650	492
650	694
650	701
650	734
650	736
650	914
650	948
650	999
651	467
651	676
651	760
651	848
651	911
651	913
651	950
651	954
651	957
652	206
652	495
652	722
652	796
652	801
652	817
652	840
652	844
652	980
653	117
653	431
653	604
653	680
653	688
653	711
653	806
653	855
653	1000
654	533
654	612
654	656
654	805
654	854
654	921
654	949
654	979
654	992
655	334
655	384
655	478
655	584
655	616
655	770
655	808
655	911
655	997
656	271
656	345
656	654
656	806
656	896
656	924
656	969
656	986
656	999
657	116
657	137
657	399
657	493
657	606
657	831
657	893
657	894
657	942
658	219
658	579
658	619
658	680
658	769
658	820
658	872
658	916
658	983
659	591
659	866
659	898
659	911
659	917
659	960
659	969
659	979
659	998
660	330
660	450
660	564
660	614
660	618
660	744
660	786
660	885
660	937
661	781
661	803
661	869
661	920
661	925
661	954
661	983
661	985
661	988
662	91
662	209
662	406
662	777
662	942
662	944
662	945
662	946
662	978
663	66
663	242
663	296
663	448
663	524
663	737
663	916
663	942
663	996
664	376
664	571
664	597
664	687
664	762
664	800
664	939
664	970
664	973
665	442
665	513
665	643
665	789
665	874
665	891
665	916
665	952
665	973
666	86
666	599
666	609
666	741
666	810
666	829
666	931
666	959
666	999
667	48
667	106
667	600
667	698
667	801
667	838
667	873
667	942
667	983
668	18
668	135
668	685
668	884
668	914
668	947
668	961
668	972
668	987
668	999
669	95
669	331
669	425
669	486
669	506
669	523
669	526
669	777
669	854
669	947
670	417
670	497
670	682
670	692
670	823
670	856
670	943
670	959
670	970
670	998
671	298
671	411
671	421
671	487
671	531
671	649
671	767
671	798
671	900
671	956
672	112
672	208
672	734
672	801
672	830
672	879
672	887
672	957
672	967
672	982
673	169
673	268
673	469
673	755
673	910
673	949
673	963
673	975
673	982
673	987
674	247
674	485
674	544
674	641
674	808
674	890
674	918
674	926
674	965
674	981
675	100
675	455
675	584
675	744
675	748
675	821
675	875
675	896
675	943
675	963
676	140
676	192
676	358
676	397
676	651
676	827
676	844
676	858
676	892
676	952
677	429
677	553
677	554
677	715
677	824
677	845
677	865
677	920
677	953
677	977
678	2
678	406
678	729
678	801
678	887
678	893
678	931
678	974
678	976
678	977
679	290
679	543
679	591
679	637
679	700
679	792
679	849
679	933
679	938
679	963
680	257
680	294
680	603
680	653
680	658
680	710
680	755
680	866
680	994
680	995
681	268
681	270
681	602
681	743
681	885
681	922
681	925
681	971
681	994
681	996
682	7
682	100
682	150
682	275
682	439
682	670
682	719
682	795
682	876
682	947
683	30
683	93
683	349
683	419
683	439
683	537
683	800
683	853
683	891
683	943
684	164
684	279
684	346
684	777
684	809
684	891
684	924
684	958
684	973
684	981
685	100
685	408
685	428
685	447
685	472
685	668
685	733
685	779
685	961
685	990
686	308
686	562
686	572
686	758
686	774
686	873
686	922
686	946
686	949
686	989
687	171
687	379
687	595
687	629
687	632
687	664
687	809
687	889
687	970
687	998
688	202
688	369
688	653
688	701
688	755
688	821
688	913
688	930
688	947
688	985
689	527
689	751
689	858
689	873
689	878
689	881
689	887
689	912
689	983
689	997
690	28
690	226
690	348
690	361
690	392
690	422
690	563
690	637
690	755
690	1000
691	72
691	79
691	385
691	430
691	505
691	617
691	635
691	937
691	959
691	976
692	29
692	279
692	372
692	491
692	526
692	543
692	670
692	900
692	913
692	923
693	103
693	277
693	442
693	511
693	550
693	581
693	750
693	775
693	924
693	999
694	569
694	570
694	572
694	650
694	837
694	894
694	946
694	976
694	979
694	997
695	140
695	411
695	520
695	531
695	752
695	834
695	878
695	906
695	957
695	972
696	72
696	102
696	259
696	408
696	531
696	561
696	647
696	720
696	824
696	989
697	715
697	819
697	834
697	872
697	904
697	906
697	910
697	927
697	966
697	991
698	137
698	563
698	648
698	667
698	919
698	947
698	949
698	957
698	958
698	986
699	122
699	141
699	706
699	817
699	833
699	876
699	883
699	946
699	952
699	979
700	136
700	609
700	649
700	679
700	872
700	878
700	930
700	931
700	935
700	963
701	87
701	239
701	485
701	650
701	688
701	914
701	945
701	958
701	990
701	998
702	205
702	490
702	582
702	638
702	711
702	813
702	869
702	926
702	932
702	973
703	305
703	400
703	781
703	790
703	803
703	820
703	863
703	908
703	954
703	985
704	31
704	396
704	551
704	560
704	649
704	758
704	842
704	847
704	938
704	986
705	756
705	770
705	809
705	891
705	911
705	959
705	974
705	986
705	990
705	997
706	140
706	181
706	316
706	606
706	699
706	837
706	952
706	959
706	981
706	990
707	256
707	365
707	640
707	774
707	848
707	917
707	959
707	977
707	987
707	993
708	299
708	388
708	480
708	631
708	710
708	721
708	804
708	923
708	973
708	992
709	26
709	96
709	424
709	440
709	453
709	476
709	514
709	556
709	955
709	991
710	583
710	641
710	680
710	708
710	768
710	855
710	918
710	925
710	926
710	965
711	117
711	212
711	307
711	431
711	450
711	585
711	604
711	653
711	702
711	772
711	908
712	34
712	59
712	446
712	491
712	758
712	789
712	928
712	940
712	962
712	998
712	1000
713	384
713	388
713	593
713	616
713	827
713	911
713	939
713	959
713	973
713	990
713	997
714	20
714	401
714	557
714	574
714	763
714	868
714	887
714	935
714	965
714	988
714	990
715	138
715	397
715	677
715	697
715	843
715	881
715	901
715	973
715	978
715	981
715	983
716	38
716	262
716	302
716	363
716	639
716	855
716	905
716	909
716	922
716	938
716	1000
717	416
717	517
717	519
717	577
717	789
717	854
717	945
717	960
717	969
717	979
717	983
718	426
718	429
718	492
718	500
718	551
718	720
718	856
718	885
718	934
718	954
718	994
719	142
719	224
719	241
719	254
719	405
719	487
719	529
719	617
719	682
719	786
719	900
720	307
720	432
720	482
720	696
720	718
720	729
720	736
720	789
720	797
720	852
720	893
721	157
721	431
721	493
721	708
721	796
721	805
721	815
721	879
721	894
721	959
721	985
722	74
722	318
722	634
722	640
722	652
722	801
722	812
722	814
722	816
722	886
722	902
723	494
723	502
723	601
723	774
723	776
723	868
723	953
723	957
723	966
723	968
723	992
724	287
724	465
724	882
724	903
724	941
724	957
724	960
724	966
724	979
724	987
724	1000
725	156
725	423
725	481
725	519
725	648
725	771
725	840
725	853
725	868
725	944
725	980
726	70
726	534
726	613
726	812
726	888
726	941
726	954
726	961
726	970
726	984
726	989
727	196
727	240
727	263
727	568
727	575
727	830
727	934
727	946
727	990
727	998
727	999
728	68
728	344
728	345
728	605
728	771
728	774
728	942
728	944
728	953
728	974
728	1000
729	24
729	70
729	194
729	678
729	720
729	755
729	825
729	882
729	889
729	893
729	894
730	522
730	582
730	598
730	619
730	801
730	812
730	814
730	840
730	944
730	979
730	989
731	135
731	241
731	308
731	509
731	526
731	580
731	592
731	605
731	629
731	957
731	973
732	789
732	854
732	867
732	888
732	898
732	906
732	912
732	941
732	960
732	979
732	998
733	173
733	273
733	402
733	685
733	861
733	892
733	900
733	961
733	966
733	992
733	994
734	142
734	262
734	395
734	432
734	650
734	672
734	828
734	843
734	871
734	932
734	933
735	185
735	218
735	433
735	585
735	792
735	817
735	952
735	959
735	972
735	976
735	999
736	478
736	650
736	720
736	764
736	772
736	793
736	863
736	914
736	939
736	960
736	966
737	379
737	420
737	567
737	663
737	770
737	771
737	858
737	908
737	974
737	997
737	999
738	99
738	294
738	575
738	771
738	830
738	850
738	869
738	875
738	924
738	963
738	978
739	197
739	246
739	330
739	386
739	393
739	629
739	893
739	970
739	975
739	978
739	995
740	22
740	97
740	300
740	343
740	344
740	579
740	592
740	759
740	829
740	905
740	989
741	15
741	292
741	368
741	565
741	666
741	805
741	888
741	931
741	974
741	984
741	996
742	494
742	565
742	633
742	775
742	821
742	855
742	871
742	933
742	952
742	992
742	999
743	301
743	442
743	471
743	535
743	681
743	765
743	812
743	837
743	839
743	896
743	935
744	9
744	294
744	589
744	660
744	675
744	862
744	885
744	900
744	935
744	954
744	982
745	49
745	78
745	94
745	630
745	771
745	874
745	883
745	896
745	925
745	948
745	951
745	974
746	30
746	614
746	749
746	813
746	814
746	852
746	897
746	925
746	934
746	957
746	958
746	980
747	13
747	59
747	147
747	200
747	424
747	514
747	546
747	819
747	961
747	965
747	988
747	991
748	370
748	377
748	506
748	507
748	675
748	775
748	896
748	930
748	948
748	951
748	993
748	998
749	192
749	330
749	388
749	564
749	614
749	618
749	746
749	807
749	885
749	927
749	989
749	996
750	37
750	521
750	565
750	693
750	784
750	805
750	849
750	864
750	883
750	915
750	928
750	935
751	208
751	298
751	449
751	689
751	776
751	939
751	941
751	961
751	965
751	991
751	992
751	1000
752	300
752	342
752	648
752	695
752	769
752	851
752	889
752	924
752	927
752	932
752	970
752	982
753	572
753	587
753	607
753	808
753	887
753	944
753	951
753	961
753	975
753	992
753	995
753	998
754	5
754	62
754	216
754	325
754	640
754	793
754	867
754	870
754	895
754	929
754	982
754	987
755	390
755	509
755	570
755	673
755	680
755	688
755	690
755	729
755	894
755	901
755	928
755	935
756	498
756	509
756	546
756	565
756	574
756	584
756	705
756	824
756	874
756	958
756	977
756	988
757	230
757	452
757	499
757	542
757	641
757	855
757	865
757	927
757	932
757	945
757	958
757	986
758	134
758	220
758	320
758	417
758	529
758	560
758	594
758	686
758	704
758	712
758	945
758	988
759	227
759	406
759	539
759	628
759	740
759	816
759	892
759	936
759	958
759	984
759	985
759	988
760	292
760	549
760	558
760	581
760	651
760	859
760	954
760	957
760	970
760	973
760	979
760	998
761	530
761	798
761	929
761	937
761	939
761	967
761	975
761	986
761	995
762	478
762	496
762	598
762	610
762	621
762	623
762	634
762	664
762	772
762	835
762	840
762	955
763	139
763	594
763	648
763	714
763	882
763	940
763	966
763	976
763	982
763	988
763	990
763	995
764	28
764	369
764	476
764	630
764	641
764	736
764	771
764	818
764	827
764	913
764	988
764	998
765	213
765	301
765	518
765	743
765	827
765	853
765	901
765	919
765	939
765	965
765	983
765	1000
766	249
766	266
766	433
766	586
766	819
766	838
766	881
766	930
766	934
766	963
766	978
766	989
767	50
767	129
767	165
767	253
767	285
767	556
767	671
767	916
767	953
767	956
767	958
767	980
768	128
768	485
768	573
768	583
768	590
768	710
768	790
768	890
768	918
768	926
768	965
768	994
769	421
769	454
769	504
769	550
769	575
769	658
769	752
769	806
769	850
769	881
769	924
769	969
770	150
770	259
770	333
770	380
770	518
770	644
770	655
770	705
770	737
770	959
770	990
770	997
771	456
771	725
771	728
771	737
771	738
771	745
771	764
771	793
771	850
771	862
771	883
771	896
772	51
772	269
772	645
772	711
772	736
772	762
772	801
772	805
772	925
772	942
772	945
772	974
773	163
773	339
773	552
773	600
773	604
773	839
773	850
773	888
773	890
773	909
773	915
773	936
773	937
774	11
774	288
774	392
774	572
774	686
774	707
774	723
774	728
774	877
774	902
774	905
774	946
774	969
775	277
775	320
775	438
775	693
775	742
775	748
775	857
775	909
775	924
775	930
775	961
775	991
775	999
776	138
776	164
776	220
776	254
776	520
776	601
776	723
776	751
776	881
776	895
776	912
776	971
776	990
777	295
777	336
777	540
777	552
777	565
777	592
777	662
777	669
777	684
777	928
777	932
777	935
777	974
778	40
778	75
778	488
778	520
778	852
778	884
778	903
778	918
778	942
778	944
778	946
778	980
778	981
779	14
779	195
779	455
779	490
779	562
779	620
779	685
779	808
779	892
779	946
779	949
779	981
779	992
780	145
780	505
780	617
780	846
780	868
780	881
780	882
780	934
780	953
780	955
780	964
780	967
780	991
781	336
781	498
781	521
781	535
781	661
781	703
781	790
781	800
781	803
781	895
781	941
781	943
781	954
782	46
782	191
782	580
782	606
782	642
782	832
782	873
782	913
782	947
782	949
782	956
782	961
782	974
783	131
783	357
783	381
783	427
783	429
783	825
783	837
783	922
783	938
783	955
783	968
783	974
783	977
784	71
784	346
784	365
784	402
784	510
784	530
784	622
784	750
784	879
784	886
784	943
784	950
784	966
785	243
785	341
785	387
785	400
785	412
785	439
785	647
785	795
785	833
785	890
785	940
785	988
785	991
786	161
786	436
786	512
786	629
786	660
786	719
786	794
786	876
786	879
786	884
786	921
786	980
786	991
787	282
787	368
787	380
787	386
787	479
787	590
787	901
787	916
787	963
787	965
787	974
787	978
787	982
788	183
788	260
788	396
788	422
788	431
788	432
788	509
788	560
788	870
788	943
788	950
788	970
788	983
789	155
789	236
789	528
789	665
789	712
789	717
789	720
789	732
789	854
789	898
789	927
789	960
789	979
790	174
790	703
790	768
790	781
790	794
790	848
790	855
790	892
790	901
790	939
790	956
790	959
790	972
791	99
791	166
791	401
791	432
791	542
791	834
791	862
791	880
791	883
791	922
791	956
791	958
791	1000
792	17
792	175
792	500
792	503
792	679
792	735
792	809
792	888
792	905
792	914
792	928
792	935
792	946
793	40
793	427
793	472
793	589
793	736
793	754
793	771
793	818
793	937
793	982
793	987
793	994
793	1000
794	95
794	264
794	566
794	786
794	790
794	803
794	821
794	879
794	941
794	945
794	946
794	954
794	985
795	322
795	434
795	462
795	578
795	630
795	644
795	682
795	785
795	817
795	864
795	931
795	962
795	1000
796	18
796	88
796	332
796	573
796	652
796	721
796	849
796	862
796	906
796	950
796	961
796	992
796	998
797	356
797	393
797	523
797	550
797	571
797	581
797	720
797	902
797	912
797	916
797	936
797	963
797	978
798	306
798	516
798	637
798	671
798	761
798	904
798	916
798	944
798	977
798	988
798	989
798	990
798	1000
799	216
799	486
799	501
799	508
799	911
799	915
799	930
799	937
799	969
799	976
799	982
799	992
799	1000
800	31
800	314
800	364
800	643
800	664
800	683
800	781
800	862
800	917
800	955
800	956
800	982
800	988
801	391
801	652
801	667
801	672
801	678
801	722
801	730
801	772
801	814
801	884
801	911
801	960
801	972
802	232
802	348
802	356
802	858
802	867
802	876
802	899
802	912
802	915
802	937
802	968
803	393
803	449
803	484
803	661
803	703
803	781
803	794
803	804
803	879
803	907
803	943
803	954
803	985
804	155
804	273
804	286
804	439
804	579
804	582
804	708
804	803
804	875
804	880
804	931
804	957
804	972
804	973
805	496
805	568
805	596
805	635
805	654
805	721
805	741
805	750
805	772
805	888
805	931
805	934
805	958
805	998
806	407
806	438
806	603
806	612
806	620
806	653
806	656
806	769
806	820
806	834
806	873
806	923
806	924
806	972
807	55
807	115
807	456
807	495
807	611
807	749
807	824
807	832
807	871
807	921
807	961
807	990
807	996
807	998
808	148
808	237
808	462
808	580
808	655
808	674
808	753
808	779
808	849
808	878
808	889
808	949
808	956
808	962
809	235
809	358
809	684
809	687
809	705
809	792
809	841
809	863
809	948
809	949
809	951
809	958
809	992
809	996
810	116
810	128
810	437
810	503
810	648
810	666
810	823
810	860
810	874
810	883
810	938
810	961
810	977
810	981
811	101
811	308
811	562
811	605
811	858
811	873
811	891
811	905
811	922
811	955
811	960
811	970
811	981
811	996
812	118
812	301
812	356
812	413
812	554
812	621
812	722
812	726
812	730
812	743
812	879
812	902
812	923
812	983
813	359
813	361
813	476
813	586
813	702
813	746
813	860
813	877
813	886
813	907
813	918
813	932
813	934
813	958
814	74
814	406
814	619
814	621
814	647
814	722
814	730
814	746
814	801
814	841
814	865
814	899
814	956
814	990
815	232
815	378
815	497
815	507
815	512
815	542
815	571
815	721
815	824
815	871
815	933
815	962
815	968
815	996
816	114
816	170
816	300
816	383
816	426
816	432
816	508
816	722
816	759
816	888
816	892
816	958
816	971
816	989
817	36
817	345
817	460
817	610
817	625
817	652
817	699
817	735
817	795
817	828
817	839
817	842
817	939
817	942
818	119
818	132
818	186
818	327
818	558
818	569
818	764
818	793
818	820
818	833
818	865
818	866
818	874
818	927
818	962
819	49
819	102
819	454
819	463
819	615
819	697
819	747
819	766
819	838
819	859
819	888
819	901
819	928
819	961
819	968
820	501
820	522
820	636
820	658
820	703
820	806
820	818
820	821
820	859
820	914
820	924
820	976
820	977
820	992
820	997
821	486
821	675
821	688
821	742
821	794
821	820
821	856
821	927
821	928
821	947
821	957
821	967
821	970
821	976
821	977
822	86
822	157
822	167
822	275
822	324
822	377
822	404
822	568
822	846
822	876
822	882
822	908
822	921
822	971
822	977
823	214
823	399
823	541
823	592
823	670
823	810
823	838
823	854
823	909
823	940
823	941
823	954
823	958
823	970
823	998
824	482
824	517
824	677
824	696
824	756
824	807
824	815
824	871
824	877
824	900
824	959
824	965
824	968
824	983
824	992
825	314
825	493
825	500
825	557
825	588
825	729
825	783
825	878
825	879
825	893
825	903
825	925
825	930
825	932
825	944
826	229
826	310
826	451
826	457
826	575
826	587
826	620
826	900
826	910
826	942
826	944
826	969
826	971
826	977
826	993
827	608
827	676
827	713
827	764
827	765
827	863
827	886
827	898
827	920
827	944
827	956
827	969
827	977
827	989
827	990
828	217
828	249
828	351
828	499
828	631
828	734
828	817
828	853
828	879
828	898
828	941
828	960
828	987
828	992
828	998
829	42
829	79
829	322
829	546
829	593
829	666
829	740
829	839
829	899
829	902
829	904
829	942
829	964
829	988
829	998
830	86
830	208
830	568
830	645
830	672
830	727
830	738
830	851
830	853
830	869
830	893
830	934
830	953
830	998
830	999
831	82
831	273
831	286
831	298
831	571
831	657
831	850
831	861
831	863
831	875
831	917
831	920
831	947
831	964
831	993
832	94
832	117
832	121
832	329
832	473
832	496
832	516
832	531
832	642
832	782
832	807
832	843
832	925
832	943
832	996
833	209
833	499
833	566
833	593
833	699
833	785
833	818
833	846
833	881
833	939
833	965
833	975
833	977
833	985
833	995
834	45
834	443
834	451
834	576
834	695
834	697
834	791
834	806
834	850
834	878
834	882
834	906
834	923
834	943
834	959
834	990
835	21
835	26
835	206
835	215
835	250
835	309
835	353
835	581
835	647
835	762
835	862
835	892
835	936
835	940
835	971
835	974
836	89
836	245
836	276
836	415
836	562
836	624
836	878
836	884
836	903
836	948
836	951
836	952
836	955
836	969
836	980
836	982
837	147
837	254
837	376
837	549
837	596
837	694
837	706
837	743
837	783
837	851
837	854
837	880
837	896
837	916
837	959
837	976
838	153
838	231
838	385
838	403
838	430
838	667
838	766
838	819
838	823
838	897
838	902
838	947
838	963
838	978
838	998
838	999
839	129
839	198
839	239
839	404
839	574
839	635
839	743
839	773
839	817
839	829
839	892
839	904
839	950
839	954
839	959
839	966
840	159
840	266
840	307
840	318
840	375
840	410
840	452
840	522
840	619
840	652
840	725
840	730
840	762
840	845
840	910
840	911
841	260
841	341
841	415
841	569
841	585
841	809
841	814
841	880
841	882
841	887
841	909
841	932
841	938
841	943
841	977
841	998
842	276
842	307
842	335
842	382
842	438
842	469
842	541
842	631
842	704
842	817
842	886
842	909
842	914
842	990
842	998
842	999
843	20
843	49
843	60
843	90
843	136
843	234
843	516
843	642
843	715
843	734
843	832
843	850
843	866
843	904
843	925
843	936
844	415
844	527
844	543
844	601
844	652
844	676
844	860
844	870
844	881
844	910
844	913
844	918
844	934
844	943
844	971
844	982
844	987
845	98
845	261
845	389
845	621
845	677
845	840
845	856
845	861
845	864
845	888
845	910
845	933
845	967
845	974
845	975
845	978
845	995
846	37
846	249
846	262
846	268
846	361
846	411
846	556
846	589
846	780
846	822
846	833
846	853
846	893
846	913
846	956
846	958
846	988
847	42
847	47
847	87
847	89
847	186
847	247
847	394
847	468
847	510
847	560
847	590
847	704
847	849
847	875
847	881
847	984
847	986
848	354
848	414
848	542
848	651
848	707
848	790
848	869
848	928
848	935
848	950
848	968
849	137
849	302
849	349
849	452
849	480
849	509
849	530
849	622
849	637
849	679
849	750
849	796
849	808
849	847
849	943
849	988
849	997
850	552
850	642
850	738
850	769
850	771
850	773
850	831
850	834
850	843
850	858
850	860
850	861
850	897
850	940
850	944
850	973
850	993
851	97
851	280
851	498
851	624
851	752
851	830
851	837
851	867
851	912
851	916
851	926
851	933
851	946
851	948
851	951
851	958
851	976
852	202
852	323
852	332
852	393
852	462
852	464
852	508
852	609
852	617
852	720
852	746
852	778
852	893
852	917
852	936
852	965
852	971
853	34
853	69
853	145
853	246
853	411
853	554
853	566
853	683
853	725
853	765
853	828
853	830
853	846
853	939
853	972
853	988
853	989
854	2
854	183
854	323
854	523
854	654
854	669
854	717
854	732
854	789
854	823
854	837
854	868
854	882
854	912
854	969
854	979
854	998
855	113
855	138
855	519
855	533
855	653
855	710
855	716
855	742
855	757
855	790
855	873
855	874
855	907
855	930
855	969
855	990
855	992
856	154
856	177
856	210
856	477
856	603
856	605
856	622
856	633
856	639
856	670
856	718
856	821
856	845
856	899
856	943
856	970
856	988
857	141
857	144
857	364
857	444
857	475
857	518
857	580
857	630
857	775
857	864
857	867
857	880
857	920
857	941
857	949
857	972
857	986
858	40
858	294
858	435
858	439
858	578
858	676
858	689
858	737
858	802
858	811
858	850
858	915
858	937
858	956
858	958
858	985
858	988
859	111
859	245
859	341
859	506
859	587
859	589
859	648
859	760
859	819
859	820
859	913
859	920
859	925
859	935
859	936
859	951
859	1000
860	90
860	125
860	178
860	193
860	440
860	516
860	538
860	607
860	626
860	643
860	810
860	813
860	844
860	850
860	925
860	960
860	996
861	78
861	337
861	340
861	467
861	536
861	613
861	733
861	831
861	845
861	850
861	872
861	917
861	920
861	933
861	945
861	955
861	964
861	993
862	108
862	172
862	309
862	435
862	443
862	449
862	638
862	648
862	744
862	771
862	791
862	796
862	800
862	835
862	863
862	895
862	932
862	982
863	228
863	290
863	322
863	336
863	470
863	484
863	489
863	496
863	588
863	703
863	736
863	809
863	827
863	831
863	862
863	910
863	981
863	982
864	25
864	33
864	114
864	213
864	260
864	297
864	376
864	449
864	609
864	638
864	644
864	750
864	795
864	845
864	857
864	959
864	976
864	986
865	256
865	278
865	331
865	527
865	569
865	576
865	625
865	677
865	757
865	814
865	818
865	874
865	880
865	881
865	914
865	927
865	962
865	977
866	405
866	483
866	518
866	573
866	610
866	628
866	659
866	680
866	818
866	843
866	881
866	898
866	901
866	936
866	959
866	960
866	979
866	983
867	297
867	519
867	578
867	732
867	754
867	802
867	851
867	857
867	870
867	875
867	877
867	883
867	924
867	927
867	962
867	979
867	987
867	990
868	126
868	264
868	422
868	460
868	513
868	554
868	714
868	723
868	725
868	780
868	854
868	880
868	906
868	930
868	956
868	960
868	963
868	979
869	153
869	399
869	406
869	480
869	596
869	661
869	702
869	738
869	830
869	848
869	876
869	892
869	899
869	910
869	928
869	935
869	978
869	997
870	57
870	63
870	107
870	152
870	236
870	287
870	317
870	325
870	640
870	754
870	788
870	844
870	867
870	895
870	971
870	982
870	987
870	988
870	990
871	41
871	104
871	386
871	420
871	497
871	578
871	600
871	627
871	734
871	742
871	807
871	815
871	824
871	918
871	933
871	962
871	968
871	992
871	996
872	72
872	143
872	472
872	547
872	558
872	581
872	602
872	658
872	697
872	700
872	861
872	873
872	905
872	952
872	954
872	964
872	977
872	985
872	993
873	6
873	123
873	170
873	437
873	527
873	531
873	667
873	686
873	689
873	782
873	806
873	811
873	855
873	872
873	877
873	905
873	907
873	987
873	996
874	119
874	144
874	229
874	284
874	349
874	565
874	665
874	745
874	756
874	810
874	818
874	855
874	865
874	906
874	927
874	933
874	953
874	969
874	977
875	128
875	386
875	447
875	561
875	589
875	675
875	738
875	804
875	831
875	847
875	867
875	906
875	917
875	927
875	935
875	948
875	961
875	993
875	1000
876	3
876	41
876	122
876	237
876	246
876	334
876	529
876	682
876	699
876	786
876	802
876	822
876	869
876	915
876	937
876	952
876	956
876	992
876	995
877	534
877	543
877	551
877	594
877	774
877	813
877	824
877	867
877	873
877	886
877	928
877	932
877	935
877	954
877	958
877	969
877	981
877	985
877	990
878	225
878	266
878	451
878	474
878	568
878	689
878	695
878	700
878	808
878	825
878	834
878	836
878	882
878	906
878	930
878	945
878	953
878	964
878	994
879	27
879	374
879	465
879	569
879	615
879	672
879	721
879	784
879	786
879	794
879	803
879	812
879	825
879	828
879	886
879	920
879	930
879	954
879	985
880	61
880	129
880	240
880	625
880	629
880	647
880	791
880	804
880	837
880	841
880	857
880	865
880	868
880	896
880	927
880	931
880	972
880	976
880	983
881	279
881	407
881	595
881	620
881	689
881	715
881	766
881	769
881	776
881	780
881	833
881	844
881	847
881	865
881	866
881	939
881	943
881	981
881	985
882	19
882	104
882	401
882	539
882	553
882	724
882	729
882	763
882	780
882	822
882	834
882	841
882	854
882	878
882	906
882	921
882	956
882	984
882	990
883	141
883	262
883	383
883	430
883	515
883	548
883	699
883	745
883	750
883	771
883	791
883	810
883	867
883	895
883	934
883	952
883	973
883	985
883	997
884	112
884	177
884	218
884	602
884	632
884	636
884	668
884	778
884	786
884	801
884	836
884	897
884	899
884	909
884	921
884	946
884	955
884	980
884	996
885	132
885	233
885	305
885	330
885	481
885	505
885	524
885	551
885	564
885	577
885	618
885	660
885	681
885	718
885	744
885	749
885	986
885	992
885	996
886	41
886	95
886	150
886	513
886	550
886	598
886	624
886	722
886	784
886	813
886	827
886	842
886	877
886	879
886	925
886	932
886	948
886	951
886	993
886	997
887	32
887	61
887	212
887	398
887	401
887	464
887	520
887	597
887	644
887	672
887	678
887	689
887	714
887	753
887	841
887	903
887	945
887	955
887	965
887	990
888	163
888	200
888	211
888	509
888	541
888	603
888	645
888	726
888	732
888	741
888	773
888	792
888	805
888	816
888	819
888	845
888	892
888	905
888	919
888	953
889	28
889	206
889	207
889	458
889	477
889	482
889	507
889	580
889	687
889	729
889	752
889	808
889	901
889	920
889	926
889	943
889	950
889	955
889	970
889	988
890	10
890	152
890	293
890	420
890	463
890	567
890	583
890	641
890	674
890	768
890	773
890	785
890	900
890	918
890	926
890	936
890	938
890	946
890	981
890	994
891	51
891	282
891	407
891	418
891	447
891	466
891	665
891	683
891	684
891	705
891	811
891	924
891	936
891	938
891	942
891	957
891	969
891	973
891	997
891	998
892	35
892	265
892	335
892	336
892	508
892	583
892	676
892	733
892	759
892	779
892	790
892	816
892	835
892	839
892	869
892	888
892	974
892	984
892	989
892	998
893	24
893	103
893	166
893	353
893	366
893	400
893	515
893	547
893	657
893	678
893	720
893	729
893	739
893	825
893	830
893	846
893	852
893	894
893	936
893	946
894	184
894	419
894	587
894	619
894	645
894	657
894	694
894	721
894	729
894	755
894	893
894	943
894	947
894	960
894	964
894	979
894	983
894	986
894	994
894	1000
895	32
895	138
895	230
895	385
895	422
895	474
895	649
895	754
895	776
895	781
895	862
895	870
895	883
895	924
895	925
895	930
895	937
895	938
895	985
895	987
896	110
896	111
896	286
896	372
896	510
896	542
896	555
896	599
896	619
896	656
896	675
896	743
896	745
896	748
896	771
896	837
896	880
896	902
896	904
896	976
897	116
897	190
897	240
897	267
897	488
897	544
897	547
897	627
897	633
897	746
897	838
897	850
897	884
897	912
897	913
897	951
897	971
897	980
897	982
897	984
897	999
898	43
898	114
898	165
898	257
898	503
898	515
898	517
898	519
898	659
898	732
898	789
898	827
898	828
898	866
898	923
898	960
898	969
898	979
898	983
898	985
898	998
899	243
899	246
899	384
899	414
899	426
899	486
899	506
899	802
899	814
899	829
899	856
899	869
899	884
899	910
899	915
899	937
899	946
899	971
899	980
899	992
899	998
900	5
900	18
900	161
900	547
900	590
900	626
900	629
900	671
900	692
900	719
900	733
900	744
900	824
900	826
900	890
900	918
900	940
900	952
900	970
900	996
900	997
901	29
901	92
901	407
901	446
901	459
901	518
901	541
901	581
901	715
901	755
901	765
901	787
901	790
901	819
901	866
901	889
901	919
901	920
901	939
901	982
901	983
902	221
902	291
902	331
902	596
902	722
902	774
902	797
902	812
902	829
902	838
902	896
902	961
902	964
902	967
902	971
902	975
902	992
902	994
902	995
902	996
902	999
903	73
903	98
903	451
903	464
903	471
903	607
903	631
903	724
903	778
903	825
903	836
903	887
903	906
903	922
903	941
903	947
903	953
903	977
903	984
903	990
903	999
904	169
904	197
904	254
904	556
904	580
904	622
904	634
904	646
904	697
904	798
904	829
904	839
904	843
904	896
904	919
904	942
904	944
904	948
904	957
904	991
904	992
904	1000
905	241
905	303
905	326
905	350
905	371
905	444
905	448
905	459
905	527
905	572
905	716
905	740
905	774
905	792
905	811
905	872
905	873
905	888
905	923
905	938
905	981
905	982
906	45
906	198
906	328
906	471
906	500
906	521
906	525
906	553
906	695
906	697
906	732
906	796
906	834
906	868
906	874
906	875
906	878
906	882
906	903
906	945
906	965
906	984
907	223
907	283
907	304
907	309
907	455
907	483
907	559
907	615
907	629
907	635
907	803
907	813
907	855
907	873
907	932
907	934
907	935
907	938
907	949
907	954
907	958
907	973
908	85
908	327
908	331
908	352
908	392
908	420
908	504
908	568
908	609
908	617
908	649
908	703
908	711
908	737
908	822
908	961
908	966
908	974
908	978
908	990
908	991
908	992
909	121
909	201
909	215
909	463
909	533
909	716
909	773
909	775
909	823
909	841
909	842
909	884
909	929
909	940
909	959
909	964
909	967
909	975
909	981
909	982
909	989
909	995
909	999
910	188
910	223
910	253
910	398
910	411
910	495
910	522
910	593
910	598
910	621
910	627
910	673
910	697
910	826
910	840
910	844
910	845
910	863
910	869
910	899
910	949
910	952
910	955
911	120
911	168
911	210
911	488
911	511
911	522
911	623
911	651
911	655
911	659
911	705
911	713
911	799
911	801
911	840
911	926
911	938
911	951
911	953
911	957
911	962
911	997
911	1000
912	232
912	332
912	441
912	489
912	565
912	689
912	732
912	776
912	797
912	802
912	851
912	854
912	897
912	915
912	937
912	960
912	962
912	963
912	972
912	979
912	981
912	984
912	988
913	31
913	78
913	163
913	190
913	205
913	225
913	253
913	367
913	427
913	488
913	500
913	513
913	606
913	651
913	688
913	692
913	764
913	782
913	844
913	846
913	859
913	897
913	947
914	22
914	64
914	84
914	142
914	233
914	289
914	304
914	457
914	492
914	524
914	558
914	650
914	668
914	701
914	736
914	792
914	820
914	842
914	865
914	950
914	952
914	978
914	999
915	232
915	387
915	554
915	750
915	773
915	799
915	802
915	858
915	876
915	899
915	912
915	921
915	937
915	957
915	987
916	3
916	56
916	140
916	183
916	315
916	530
916	658
916	663
916	665
916	767
916	787
916	797
916	798
916	837
916	851
916	939
916	951
916	976
916	980
916	985
916	987
916	988
916	999
917	58
917	269
917	296
917	310
917	462
917	502
917	525
917	536
917	659
917	707
917	800
917	831
917	852
917	861
917	875
917	918
917	923
917	955
917	960
917	964
917	970
917	974
917	993
918	120
918	351
918	477
918	551
918	567
918	583
918	674
918	710
918	768
918	778
918	813
918	844
918	871
918	890
918	900
918	917
918	926
918	936
918	942
918	965
918	976
918	980
918	994
919	35
919	230
919	251
919	342
919	442
919	467
919	476
919	546
919	623
919	698
919	765
919	888
919	901
919	904
919	934
919	947
919	957
919	962
919	964
919	968
919	983
919	984
919	990
920	67
920	398
920	590
920	626
920	661
920	677
920	827
920	831
920	857
920	859
920	861
920	879
920	889
920	901
920	921
920	927
920	953
920	954
920	964
920	978
920	983
920	985
920	990
920	993
921	9
921	91
921	152
921	203
921	219
921	252
921	385
921	479
921	529
921	582
921	654
921	786
921	807
921	822
921	882
921	884
921	915
921	920
921	945
921	949
921	971
921	980
921	985
921	989
922	68
922	176
922	262
922	267
922	290
922	298
922	310
922	504
922	527
922	540
922	623
922	681
922	686
922	716
922	783
922	791
922	811
922	903
922	923
922	938
922	969
922	976
922	981
922	996
923	12
923	88
923	103
923	110
923	127
923	465
923	557
923	611
923	692
923	708
923	806
923	812
923	834
923	898
923	905
923	917
923	922
923	924
923	961
923	964
923	968
923	992
923	993
923	1000
924	33
924	108
924	124
924	291
924	381
924	438
924	479
924	617
924	656
924	684
924	693
924	738
924	752
924	769
924	775
924	806
924	820
924	867
924	891
924	895
924	923
924	930
924	931
924	954
924	972
925	158
925	319
925	348
925	407
925	461
925	489
925	624
925	661
925	681
925	710
925	745
925	746
925	772
925	825
925	832
925	843
925	859
925	860
925	886
925	895
925	948
925	951
925	957
925	979
925	987
926	64
926	149
926	205
926	283
926	293
926	296
926	485
926	554
926	567
926	583
926	641
926	674
926	702
926	710
926	768
926	851
926	889
926	890
926	911
926	918
926	936
926	953
926	965
926	981
926	994
926	999
927	15
927	119
927	268
927	278
927	569
927	593
927	625
927	697
927	749
927	752
927	757
927	789
927	818
927	821
927	865
927	867
927	874
927	875
927	880
927	920
927	949
927	950
927	953
927	969
927	977
927	996
928	161
928	201
928	354
928	377
928	414
928	548
928	549
928	712
928	750
928	755
928	777
928	792
928	819
928	821
928	848
928	869
928	877
928	935
928	950
928	981
929	190
929	498
929	627
929	754
929	761
929	909
929	934
929	965
929	967
929	975
929	985
929	986
929	993
929	995
930	54
930	179
930	227
930	397
930	407
930	461
930	489
930	554
930	560
930	631
930	688
930	700
930	748
930	766
930	775
930	799
930	825
930	855
930	868
930	878
930	879
930	895
930	924
930	941
930	943
930	965
930	999
931	10
931	28
931	36
931	238
931	339
931	441
931	450
931	511
931	536
931	571
931	635
931	636
931	666
931	678
931	700
931	741
931	795
931	804
931	805
931	880
931	924
931	955
931	963
931	973
931	978
931	982
931	999
932	48
932	52
932	100
932	178
932	299
932	301
932	340
932	342
932	343
932	359
932	372
932	400
932	505
932	702
932	734
932	752
932	757
932	777
932	813
932	825
932	841
932	862
932	877
932	886
932	907
932	934
932	958
933	1
933	273
933	289
933	299
933	315
933	362
933	378
933	427
933	497
933	512
933	551
933	600
933	627
933	679
933	734
933	742
933	815
933	845
933	851
933	861
933	871
933	874
933	962
933	968
933	979
933	984
933	996
934	6
934	9
934	106
934	204
934	235
934	275
934	359
934	382
934	383
934	410
934	471
934	638
934	718
934	727
934	746
934	766
934	780
934	805
934	813
934	830
934	844
934	883
934	907
934	919
934	929
934	932
934	973
934	983
935	56
935	92
935	124
935	157
935	303
935	314
935	353
935	354
935	412
935	414
935	521
935	588
935	700
935	714
935	743
935	744
935	750
935	755
935	777
935	792
935	848
935	859
935	869
935	875
935	877
935	907
935	928
935	950
936	55
936	94
936	111
936	228
936	243
936	255
936	395
936	404
936	610
936	759
936	773
936	797
936	835
936	843
936	852
936	859
936	866
936	890
936	891
936	893
936	918
936	926
936	943
936	968
936	969
936	978
936	994
936	996
937	13
937	48
937	159
937	182
937	204
937	232
937	303
937	365
937	394
937	419
937	480
937	517
937	607
937	660
937	691
937	761
937	773
937	793
937	799
937	802
937	858
937	876
937	895
937	899
937	912
937	915
937	973
937	994
938	123
938	180
938	243
938	259
938	284
938	327
938	332
938	374
938	473
938	545
938	623
938	679
938	704
938	716
938	783
938	810
938	841
938	890
938	891
938	895
938	905
938	907
938	911
938	922
938	947
938	948
938	969
938	996
939	126
939	347
939	512
939	520
939	625
939	626
939	633
939	646
939	664
939	713
939	736
939	751
939	761
939	765
939	790
939	817
939	833
939	853
939	881
939	901
939	916
939	944
939	956
939	960
939	971
939	983
939	987
939	994
940	61
940	180
940	181
940	195
940	299
940	336
940	373
940	398
940	468
940	491
940	533
940	585
940	604
940	633
940	645
940	712
940	763
940	785
940	823
940	835
940	850
940	900
940	909
940	941
940	963
940	966
940	984
940	990
941	134
941	257
941	357
941	419
941	428
941	436
941	524
941	545
941	568
941	597
941	626
941	724
941	726
941	732
941	751
941	781
941	794
941	823
941	828
941	857
941	903
941	930
941	940
941	961
941	970
941	985
941	989
941	1000
942	80
942	107
942	156
942	357
942	358
942	462
942	493
942	510
942	575
942	657
942	662
942	663
942	667
942	728
942	772
942	778
942	817
942	826
942	829
942	891
942	904
942	918
942	944
942	945
942	946
942	947
942	948
942	975
942	985
943	79
943	162
943	187
943	242
943	272
943	594
943	597
943	630
943	636
943	670
943	675
943	683
943	781
943	784
943	788
943	803
943	832
943	834
943	841
943	844
943	849
943	856
943	881
943	889
943	894
943	930
943	936
943	946
943	987
944	65
944	131
944	153
944	156
944	209
944	298
944	304
944	334
944	442
944	456
944	493
944	537
944	662
944	725
944	728
944	730
944	753
944	778
944	798
944	825
944	826
944	827
944	850
944	904
944	939
944	942
944	945
944	946
944	971
945	23
945	64
945	73
945	82
945	145
945	146
945	211
945	223
945	285
945	391
945	405
945	662
945	701
945	717
945	757
945	758
945	772
945	794
945	861
945	878
945	887
945	906
945	921
945	942
945	944
945	964
945	968
945	989
945	993
946	80
946	131
946	242
946	270
946	321
946	423
946	595
946	612
946	662
946	686
946	694
946	699
946	727
946	774
946	778
946	779
946	792
946	794
946	851
946	884
946	890
946	893
946	899
946	942
946	943
946	944
946	952
946	962
946	970
946	980
947	4
947	54
947	219
947	225
947	269
947	338
947	425
947	470
947	490
947	536
947	612
947	668
947	669
947	682
947	688
947	698
947	782
947	821
947	831
947	838
947	894
947	903
947	913
947	919
947	938
947	942
947	957
947	964
947	993
947	1000
948	152
948	326
948	546
948	577
948	624
948	650
948	745
948	748
948	809
948	836
948	851
948	875
948	886
948	904
948	925
948	938
948	942
948	951
948	967
948	976
948	981
949	36
949	95
949	127
949	148
949	151
949	179
949	194
949	269
949	410
949	434
949	497
949	582
949	654
949	673
949	686
949	698
949	779
949	782
949	808
949	809
949	857
949	907
949	910
949	921
949	927
949	950
949	957
949	960
949	973
949	984
949	997
950	58
950	69
950	83
950	176
950	233
950	237
950	300
950	316
950	348
950	414
950	457
950	492
950	562
950	613
950	622
950	624
950	639
950	651
950	784
950	788
950	796
950	839
950	848
950	889
950	914
950	927
950	928
950	935
950	949
950	999
951	19
951	75
951	109
951	136
951	149
951	159
951	189
951	244
951	274
951	286
951	418
951	464
951	540
951	546
951	587
951	624
951	745
951	748
951	753
951	809
951	836
951	851
951	859
951	886
951	897
951	911
951	916
951	925
951	948
951	954
951	978
952	17
952	115
952	122
952	141
952	185
952	187
952	201
952	271
952	321
952	362
952	432
952	442
952	458
952	535
952	605
952	612
952	665
952	676
952	699
952	706
952	735
952	742
952	836
952	872
952	876
952	883
952	900
952	910
952	914
952	946
952	992
953	75
953	126
953	147
953	181
953	207
953	356
953	418
953	461
953	474
953	592
953	643
953	677
953	723
953	728
953	767
953	780
953	830
953	874
953	878
953	888
953	903
953	911
953	920
953	926
953	927
953	957
953	972
953	977
953	990
953	994
953	995
953	996
954	27
954	84
954	186
954	305
954	364
954	390
954	566
954	587
954	588
954	615
954	651
954	661
954	703
954	718
954	726
954	744
954	760
954	781
954	794
954	803
954	823
954	839
954	872
954	877
954	879
954	907
954	920
954	924
954	951
954	958
954	960
954	967
955	160
955	187
955	236
955	255
955	318
955	352
955	370
955	387
955	440
955	453
955	535
955	564
955	638
955	709
955	762
955	780
955	783
955	800
955	811
955	836
955	861
955	884
955	887
955	889
955	910
955	917
955	931
955	977
955	980
955	991
955	993
955	998
956	39
956	46
956	69
956	173
956	191
956	251
956	321
956	411
956	490
956	555
956	556
956	607
956	671
956	767
956	782
956	790
956	791
956	800
956	808
956	814
956	827
956	846
956	858
956	868
956	876
956	882
956	939
956	971
956	972
956	985
956	988
956	989
957	137
957	240
957	288
957	303
957	308
957	433
957	467
957	477
957	550
957	563
957	648
957	651
957	672
957	695
957	698
957	723
957	724
957	731
957	746
957	760
957	804
957	821
957	891
957	904
957	911
957	915
957	919
957	925
957	947
957	949
957	953
957	1000
958	4
958	158
958	342
958	438
958	484
958	490
958	534
958	628
958	684
958	698
958	701
958	746
958	756
958	757
958	759
958	767
958	791
958	805
958	809
958	813
958	816
958	823
958	846
958	851
958	858
958	877
958	907
958	932
958	954
958	979
958	985
958	995
959	26
959	194
959	312
959	355
959	375
959	405
959	447
959	466
959	502
959	511
959	528
959	666
959	670
959	691
959	705
959	706
959	707
959	713
959	721
959	735
959	770
959	790
959	824
959	834
959	837
959	839
959	864
959	866
959	909
959	973
959	976
959	986
959	997
960	121
960	347
960	353
960	360
960	421
960	456
960	519
960	577
960	634
960	659
960	717
960	724
960	732
960	736
960	789
960	801
960	811
960	828
960	860
960	866
960	868
960	894
960	898
960	912
960	917
960	939
960	949
960	954
960	969
960	979
960	980
960	995
960	998
961	32
961	127
961	270
961	315
961	375
961	382
961	472
961	480
961	580
961	611
961	668
961	685
961	726
961	733
961	747
961	751
961	753
961	775
961	782
961	796
961	807
961	810
961	819
961	875
961	902
961	908
961	923
961	941
961	965
961	968
961	988
961	992
961	994
962	27
962	44
962	94
962	120
962	151
962	237
962	288
962	334
962	344
962	378
962	476
962	508
962	512
962	539
962	592
962	613
962	712
962	795
962	808
962	815
962	818
962	865
962	867
962	871
962	911
962	912
962	919
962	933
962	946
962	977
962	989
962	993
962	996
963	54
963	204
963	221
963	226
963	229
963	236
963	263
963	297
963	393
963	419
963	473
963	515
963	524
963	574
963	577
963	649
963	673
963	675
963	679
963	700
963	738
963	766
963	787
963	797
963	838
963	868
963	912
963	931
963	940
963	974
963	978
963	993
963	994
964	13
964	36
964	58
964	81
964	113
964	160
964	172
964	233
964	304
964	337
964	416
964	470
964	502
964	523
964	536
964	780
964	829
964	831
964	861
964	872
964	878
964	894
964	902
964	909
964	917
964	919
964	920
964	923
964	945
964	947
964	965
964	993
964	994
964	1000
965	10
965	67
965	258
965	275
965	283
965	387
965	394
965	424
965	434
965	440
965	446
965	526
965	553
965	674
965	710
965	714
965	747
965	751
965	765
965	768
965	787
965	824
965	833
965	852
965	887
965	906
965	918
965	926
965	929
965	930
965	961
965	964
965	983
965	991
966	92
966	117
966	177
966	180
966	196
966	260
966	291
966	331
966	354
966	367
966	376
966	409
966	462
966	501
966	555
966	604
966	610
966	616
966	697
966	723
966	724
966	733
966	736
966	763
966	784
966	839
966	908
966	940
966	974
966	976
966	982
966	989
966	994
966	999
967	38
967	66
967	133
967	146
967	250
967	463
967	640
967	672
967	761
967	780
967	821
967	845
967	902
967	909
967	929
967	948
967	954
967	975
967	979
967	986
967	995
968	2
968	109
968	363
968	371
968	424
968	428
968	437
968	453
968	460
968	502
968	512
968	514
968	526
968	611
968	613
968	626
968	723
968	783
968	802
968	815
968	819
968	824
968	848
968	871
968	919
968	923
968	933
968	936
968	945
968	961
968	991
968	993
968	996
968	1000
969	34
969	53
969	87
969	134
969	224
969	281
969	441
969	474
969	494
969	503
969	656
969	659
969	717
969	769
969	774
969	799
969	826
969	827
969	836
969	854
969	855
969	874
969	877
969	891
969	898
969	922
969	927
969	936
969	938
969	960
969	977
969	979
969	986
969	998
969	999
970	167
970	175
970	249
970	265
970	311
970	316
970	352
970	418
970	426
970	463
970	597
970	610
970	629
970	639
970	646
970	664
970	670
970	687
970	726
970	739
970	752
970	760
970	788
970	811
970	821
970	823
970	856
970	889
970	900
970	917
970	941
970	946
970	984
970	989
970	998
971	53
971	57
971	198
971	207
971	250
971	271
971	287
971	390
971	507
971	571
971	575
971	601
971	632
971	640
971	681
971	776
971	816
971	822
971	826
971	835
971	844
971	852
971	870
971	897
971	899
971	902
971	921
971	939
971	944
971	956
971	975
971	980
971	982
971	987
971	989
972	23
972	37
972	149
972	217
972	230
972	260
972	292
972	359
972	373
972	379
972	403
972	437
972	445
972	549
972	585
972	590
972	626
972	639
972	668
972	695
972	735
972	790
972	801
972	804
972	806
972	853
972	857
972	880
972	912
972	924
972	953
972	956
972	977
972	979
972	989
972	997
973	16
973	47
973	70
973	105
973	182
973	192
973	259
973	274
973	310
973	314
973	345
973	524
973	531
973	574
973	664
973	665
973	684
973	702
973	708
973	713
973	715
973	731
973	760
973	804
973	850
973	883
973	891
973	907
973	931
973	934
973	937
973	949
973	959
973	981
973	986
973	999
974	12
974	16
974	180
974	263
974	319
974	384
974	401
974	428
974	436
974	458
974	565
974	590
974	596
974	604
974	678
974	705
974	728
974	737
974	741
974	745
974	772
974	777
974	782
974	783
974	787
974	835
974	845
974	892
974	908
974	917
974	963
974	966
974	978
974	983
974	990
974	994
974	995
975	15
975	66
975	99
975	133
975	146
975	160
975	366
975	456
975	605
975	673
975	739
975	753
975	761
975	833
975	845
975	902
975	909
975	929
975	942
975	967
975	971
975	976
975	983
975	986
975	994
975	995
975	998
976	3
976	52
976	65
976	144
976	162
976	199
976	222
976	317
976	346
976	376
976	447
976	458
976	460
976	576
976	584
976	598
976	625
976	642
976	678
976	691
976	694
976	735
976	763
976	799
976	820
976	821
976	837
976	851
976	864
976	880
976	896
976	916
976	918
976	922
976	948
976	959
976	966
976	975
976	1000
977	81
977	166
977	237
977	256
977	340
977	357
977	367
977	458
977	470
977	521
977	523
977	579
977	594
977	635
977	677
977	678
977	707
977	756
977	783
977	798
977	810
977	820
977	821
977	822
977	826
977	827
977	833
977	841
977	865
977	872
977	874
977	903
977	927
977	953
977	955
977	962
977	969
977	972
977	978
978	12
978	31
978	108
978	226
978	248
978	281
978	297
978	338
978	389
978	409
978	441
978	548
978	566
978	586
978	595
978	662
978	715
978	738
978	739
978	766
978	787
978	797
978	838
978	845
978	869
978	908
978	914
978	920
978	931
978	936
978	951
978	963
978	974
978	977
978	979
978	982
978	994
978	997
978	999
979	65
979	98
979	139
979	173
979	253
979	279
979	333
979	360
979	371
979	418
979	515
979	523
979	615
979	634
979	654
979	659
979	694
979	699
979	717
979	724
979	730
979	732
979	760
979	789
979	854
979	866
979	867
979	868
979	894
979	898
979	912
979	925
979	933
979	958
979	960
979	967
979	969
979	972
979	978
980	10
980	15
980	49
980	88
980	152
980	217
980	252
980	258
980	278
980	370
980	423
980	505
980	544
980	545
980	599
980	600
980	603
980	610
980	626
980	632
980	636
980	652
980	725
980	746
980	767
980	778
980	786
980	836
980	884
980	897
980	899
980	916
980	918
980	921
980	946
980	955
980	960
980	971
980	993
980	996
981	11
981	32
981	51
981	119
981	184
981	230
981	252
981	288
981	290
981	324
981	362
981	403
981	455
981	494
981	567
981	598
981	674
981	684
981	706
981	715
981	778
981	779
981	810
981	811
981	863
981	877
981	881
981	890
981	905
981	909
981	912
981	922
981	926
981	928
981	948
981	973
981	983
981	988
981	994
981	995
981	996
982	65
982	68
982	106
982	325
982	328
982	329
982	362
982	368
982	413
982	449
982	528
982	542
982	559
982	638
982	672
982	673
982	744
982	752
982	754
982	763
982	787
982	793
982	799
982	800
982	836
982	844
982	862
982	863
982	870
982	897
982	901
982	905
982	909
982	931
982	966
982	971
982	978
982	987
982	989
982	990
982	994
983	6
983	67
983	295
983	304
983	366
983	413
983	416
983	446
983	454
983	510
983	518
983	545
983	560
983	591
983	634
983	658
983	661
983	667
983	689
983	715
983	717
983	765
983	788
983	812
983	824
983	866
983	880
983	894
983	898
983	901
983	919
983	920
983	934
983	939
983	965
983	974
983	975
983	981
983	994
983	999
983	1000
984	25
984	26
984	59
984	102
984	128
984	270
984	303
984	326
984	335
984	459
984	464
984	474
984	482
984	483
984	499
984	507
984	521
984	528
984	559
984	560
984	561
984	592
984	625
984	627
984	628
984	726
984	741
984	759
984	847
984	882
984	892
984	897
984	903
984	906
984	912
984	919
984	933
984	940
984	949
984	970
984	990
984	996
985	84
985	85
985	124
985	175
985	201
985	202
985	364
985	366
985	368
985	392
985	444
985	484
985	573
985	588
985	603
985	615
985	636
985	661
985	688
985	703
985	721
985	759
985	794
985	803
985	833
985	858
985	872
985	877
985	879
985	881
985	883
985	895
985	898
985	916
985	920
985	921
985	929
985	941
985	942
985	956
985	958
985	996
986	11
986	55
986	91
986	129
986	130
986	153
986	193
986	285
986	388
986	417
986	481
986	539
986	611
986	614
986	616
986	618
986	630
986	643
986	646
986	656
986	698
986	704
986	705
986	757
986	761
986	847
986	857
986	864
986	885
986	894
986	929
986	959
986	967
986	969
986	973
986	975
986	990
986	995
986	996
986	997
987	57
987	62
987	63
987	101
987	107
987	136
987	186
987	197
987	222
987	223
987	283
987	284
987	287
987	293
987	296
987	315
987	325
987	356
987	363
987	468
987	601
987	613
987	640
987	668
987	673
987	707
987	724
987	754
987	793
987	828
987	844
987	867
987	870
987	873
987	895
987	915
987	916
987	925
987	939
987	943
987	971
987	982
987	1000
988	8
988	23
988	214
988	313
988	380
988	425
988	428
988	469
988	475
988	482
988	490
988	530
988	532
988	561
988	597
988	602
988	622
988	661
988	714
988	747
988	756
988	758
988	759
988	763
988	764
988	785
988	798
988	800
988	829
988	846
988	849
988	853
988	856
988	858
988	870
988	889
988	912
988	916
988	956
988	961
988	981
988	989
988	1000
989	47
989	60
989	76
989	89
989	97
989	214
989	238
989	338
989	391
989	408
989	409
989	499
989	532
989	556
989	563
989	604
989	633
989	638
989	639
989	686
989	696
989	726
989	730
989	740
989	749
989	766
989	798
989	816
989	827
989	853
989	892
989	909
989	921
989	941
989	945
989	956
989	962
989	966
989	970
989	971
989	972
989	982
989	988
989	991
990	5
990	282
990	378
990	396
990	402
990	429
990	491
990	496
990	504
990	561
990	562
990	685
990	701
990	705
990	706
990	713
990	714
990	727
990	763
990	770
990	776
990	798
990	807
990	814
990	827
990	834
990	842
990	855
990	867
990	870
990	877
990	882
990	887
990	903
990	908
990	919
990	920
990	940
990	953
990	974
990	982
990	984
990	986
990	993
990	997
991	14
991	19
991	21
991	52
991	77
991	96
991	121
991	151
991	200
991	284
991	315
991	334
991	352
991	377
991	386
991	387
991	420
991	422
991	424
991	440
991	450
991	453
991	479
991	514
991	526
991	536
991	581
991	600
991	627
991	697
991	709
991	747
991	751
991	775
991	780
991	785
991	786
991	904
991	908
991	955
991	965
991	968
991	989
991	997
991	999
992	33
992	118
992	139
992	142
992	143
992	151
992	244
992	246
992	295
992	317
992	326
992	389
992	428
992	429
992	475
992	501
992	602
992	608
992	612
992	637
992	654
992	708
992	723
992	733
992	742
992	751
992	753
992	779
992	796
992	799
992	809
992	820
992	824
992	828
992	855
992	871
992	876
992	885
992	899
992	902
992	904
992	908
992	923
992	952
992	961
993	25
993	40
993	81
993	156
993	160
993	164
993	167
993	257
993	269
993	337
993	339
993	369
993	385
993	416
993	502
993	536
993	552
993	571
993	579
993	581
993	707
993	748
993	826
993	831
993	850
993	861
993	872
993	875
993	886
993	917
993	920
993	923
993	929
993	945
993	947
993	955
993	962
993	963
993	964
993	968
993	980
993	990
993	994
993	998
993	1000
994	122
994	191
994	222
994	289
994	290
994	338
994	345
994	366
994	417
994	446
994	448
994	454
994	575
994	577
994	583
994	586
994	591
994	607
994	608
994	680
994	681
994	718
994	733
994	768
994	793
994	878
994	890
994	894
994	902
994	918
994	926
994	936
994	937
994	939
994	953
994	961
994	963
994	964
994	966
994	974
994	975
994	978
994	981
994	982
994	983
994	993
995	5
995	8
995	20
995	43
995	51
995	66
995	74
995	102
995	133
995	146
995	163
995	183
995	222
995	224
995	261
995	281
995	310
995	374
995	422
995	433
995	434
995	445
995	546
995	573
995	593
995	631
995	644
995	680
995	739
995	753
995	761
995	763
995	833
995	845
995	876
995	902
995	909
995	929
995	953
995	958
995	960
995	967
995	974
995	975
995	981
995	986
995	998
996	1
996	45
996	54
996	163
996	199
996	272
996	388
996	400
996	497
996	512
996	513
996	516
996	527
996	538
996	564
996	608
996	614
996	631
996	636
996	663
996	681
996	741
996	749
996	807
996	809
996	811
996	815
996	832
996	860
996	871
996	873
996	884
996	885
996	900
996	902
996	922
996	927
996	933
996	936
996	938
996	953
996	962
996	968
996	980
996	981
996	984
996	985
996	986
997	84
997	110
997	132
997	150
997	154
997	167
997	193
997	228
997	244
997	280
997	282
997	289
997	315
997	320
997	333
997	339
997	350
997	371
997	417
997	434
997	465
997	540
997	544
997	593
997	612
997	616
997	642
997	655
997	689
997	694
997	705
997	713
997	737
997	770
997	820
997	849
997	869
997	883
997	886
997	891
997	900
997	911
997	949
997	959
997	972
997	978
997	986
997	990
997	991
998	60
998	88
998	135
998	265
998	344
998	369
998	370
998	390
998	395
998	398
998	401
998	431
998	539
998	548
998	626
998	639
998	659
998	670
998	687
998	701
998	712
998	727
998	732
998	748
998	753
998	760
998	764
998	796
998	805
998	807
998	823
998	828
998	829
998	830
998	838
998	841
998	842
998	854
998	891
998	892
998	898
998	899
998	955
998	960
998	969
998	970
998	975
998	993
998	995
999	30
999	73
999	131
999	176
999	361
999	382
999	399
999	412
999	415
999	421
999	435
999	457
999	468
999	488
999	559
999	579
999	586
999	588
999	596
999	641
999	650
999	656
999	666
999	668
999	693
999	727
999	735
999	737
999	742
999	775
999	830
999	838
999	842
999	897
999	902
999	903
999	909
999	914
999	916
999	926
999	930
999	931
999	950
999	966
999	969
999	973
999	978
999	983
999	991
1000	6
1000	19
1000	58
1000	59
1000	130
1000	281
1000	291
1000	295
1000	319
1000	365
1000	394
1000	397
1000	417
1000	460
1000	469
1000	494
1000	525
1000	535
1000	591
1000	631
1000	649
1000	653
1000	690
1000	712
1000	716
1000	724
1000	728
1000	751
1000	765
1000	791
1000	793
1000	795
1000	798
1000	799
1000	859
1000	875
1000	894
1000	904
1000	911
1000	923
1000	941
1000	947
1000	957
1000	964
1000	968
1000	976
1000	983
1000	987
1000	988
1000	993
