11 117 132 141 169 197 202 218 224 228 237 254 258 276 281 288 292 305 333 338 355 376 39 410 416 420 429 465 472 479 480 526 528 550 551 560 562 564 59 594 595 606 613 619 621 672 691 726 735 745 750 767 77 785 797 799 821 831 848 850 86 868 894 899 912 915 933 970 983 991 994 
105 159 166 227 251 256 259 284 300 318 35 368 387 396 401 407 413 454 483 493 523 555 561 584 626 632 663 667 683 688 699 732 736 788 795 798 836 841 86 870 883 887 896 9 920 921 938 986
123 133 142 15 199 212 235 24 246 251 258 294 298 307 354 358 393 422 424 429 446 462 463 485 511 516 520 544 561 578 599 604 644 671 726 745 748 763 783 816 826 83 865 872 876 903 937 940 942 975 984
1000 111 162 174 200 211 217 219 22 331 399 472 49 506 533 544 547 554 608 619 62 68 69 692 704 707 71 713 730 804 874 895 92 996
125 131 154 274 29 362 498 527 559 662 677 717 731 746 787 80 800 828 859 892 951 962 978 989
106 121 131 134 136 147 152 165 18 180 209 213 221 226 23 231 232 234 246 277 28 283 287 296 303 345 370 395 397 4 404 418 427 428 433 455 457 461 486 487 511 517 518 529 533 536 540 541 548 549 559 575 578 579 629 630 636 641 651 656 673 679 681 689 70 707 71 711 759 764 766 772 78 782 8 813 829 844 848 873 880 881 891 899 91 922 948 960 968 98 980 983 999
115 138 150 157 16 17 174 177 198 2 221 226 230 236 237 255 27 275 281 284 297 302 304 32 336 347 362 384 386 394 398 404 405 409 42 433 449 466 485 493 495 5 542 566 567 576 58 581 583 589 599 617 642 647 651 655 66 660 682 685 691 703 706 743 768 792 801 828 830 856 866 869 870 892 90 902 917 918 925 928 929 931 932 934 935 947 954 958 964 965 967 998
13 172 208 233 27 309 329 364 407 42 451 508 590 657 681 694 695 702 757 768 778 8 812 832 849 926 951
101 107 121 139 165 170 271 282 335 381 416 425 445 451 456 469 471 490 539 54 58 601 63 668 674 733 739 748 780 80 803 819 836 858 87 897 913 919 928 944
153 194 242 245 389 403 434 475 477 513 587 630 647 674 678 719 74 781 794 839 851 893 903 927 929 941 952
1 126 156 183 201 203 209 215 233 266 289 31 324 330 34 341 350 37 373 378 406 410 428 440 442 459 468 473 486 496 500 524 537 545 570 597 6 60 627 661 662 7 717 73 761 784 793 817 825 841 882 900 910 917 939 94 945 978 979 981 984
120 123 125 14 149 154 159 161 180 182 185 186 200 210 223 248 267 268 270 272 285 309 326 327 333 343 355 360 375 386 392 411 417 445 448 47 470 476 5 50 501 509 519 55 563 574 603 62 624 628 629 631 640 648 65 680 697 709 714 739 744 75 758 770 789 798 800 805 818 822 830 837 840 846 849 860 869 871 879 890 898 901 913 933 942 958 961 966 97 981 998
160 188 191 202 222 263 295 313 349 390 412 431 443 506 541 60 607 625 650 719 774 84 853 901 95 953 992
100 1000 122 135 16 160 169 17 171 184 187 194 216 23 241 243 256 264 280 291 314 328 335 339 34 344 346 356 364 370 371 41 412 423 432 435 44 464 475 499 502 537 545 547 591 593 606 611 615 639 652 654 663 676 698 721 752 771 775 776 786 804 808 81 821 823 829 845 847 850 852 864 879 888 915 921 930 936 937 949 955 957 959 96 962 971 974 980 99
10 109 113 128 137 14 144 148 170 208 214 220 232 241 243 257 260 286 287 290 295 306 311 321 337 342 349 373 383 389 400 414 419 421 423 436 438 439 440 444 467 468 469 47 481 491 492 494 497 503 51 512 52 526 531 57 571 585 616 627 632 64 669 678 703 706 708 720 722 724 725 737 75 752 778 783 795 802 803 82 868 872 884 90 912 925 946 953 964 975 985 989
141 253 29 319 351 357 359 366 377 458 489 495 508 513 525 580 597 618 625 695 725 747 78 788 842 843 853 857 878 956
144 145 173 192 229 249 301 345 365 368 391 398 476 504 563 565 61 667 67 705 716 72 740 755 762 801 807 831 843 911 935 938 957 977
108 114 129 143 151 167 186 191 196 201 21 215 239 250 278 279 285 3 30 315 331 332 347 35 350 352 353 365 403 420 437 466 467 478 482 494 507 521 530 55 553 564 569 571 582 596 602 609 61 615 618 64 644 648 652 655 67 68 682 700 705 723 724 728 749 751 754 76 760 762 791 797 814 815 824 826 827 839 845 862 863 867 877 880 898 906 910 916 963 972 98 988 992 993 997
102 119 146 155 168 175 181 210 224 247 262 289 294 310 317 321 325 348 361 367 372 408 411 43 447 492 514 527 546 558 572 577 611 613 620 622 653 657 687 690 701 702 704 710 729 735 761 810 817 819 833 835 874 92 924 945 950 965 972 973 977 999
110 13 161 163 223 231 254 28 316 352 377 4 463 470 48 480 504 505 514 552 56 575 588 59 610 624 633 672 7 824 85 863 867 885 886 95
110 12 124 127 134 149 152 172 18 193 195 198 204 206 212 22 252 26 261 265 271 273 288 296 31 319 326 334 337 36 38 380 381 402 430 441 443 450 460 471 489 517 53 535 543 562 568 592 593 608 614 616 642 645 649 665 666 693 696 697 716 718 766 802 811 818 837 847 89 9 906 907 908 931 956 966 970 976 982 987 99 991
112 120 135 156 185 192 196 197 205 206 230 259 272 320 322 369 39 395 426 427 44 446 452 453 53 555 570 637 643 649 670 690 712 729 731 741 753 755 758 759 773 782 827 851 855 875 911 923 926 943 952 955 995
103 104 118 139 15 163 199 238 249 290 301 313 314 340 363 388 457 483 488 500 536 556 598 635 658 659 666 687 727 738 756 777 792 809 861 88 959 968
130 225 308 312 388 439 478 515 52 522 528 556 573 583 622 646 683 767 808 871 905 909 987 990 994
116 126 143 166 178 179 182 183 190 2 21 211 25 269 291 298 312 330 339 366 374 384 415 419 422 447 448 450 46 465 474 484 510 532 538 569 581 582 586 589 594 602 605 631 638 650 654 66 677 679 686 689 70 715 72 734 743 753 756 76 765 769 773 789 790 806 812 820 856 93 988 996
103 113 116 124 140 155 164 176 181 188 20 205 207 218 239 244 248 261 293 299 30 303 318 323 33 378 379 382 385 393 399 45 456 462 464 497 518 534 538 542 600 612 623 626 634 65 664 675 684 712 721 742 770 79 815 820 822 823 834 838 842 852 854 855 862 875 893 896 904 905 916 920 943 969 990 995
114 129 158 168 176 189 19 193 240 323 40 409 41 488 557 600 610 636 641 665 720 728 740 750 765 779 785 796 889 914
