1	653
1	887
1	923
1	932
2	188
2	478
2	742
2	869
3	280
3	607
3	862
3	886
4	347
4	742
4	744
4	869
5	893
5	894
5	930
5	994
6	413
6	561
6	628
6	662
7	930
7	970
7	974
7	981
8	907
8	960
8	968
8	986
9	33
9	672
9	726
9	772
10	63
10	532
10	565
10	855
11	315
11	843
11	870
11	899
11	967
11	979
11	980
11	984
12	851
12	930
12	954
12	974
13	81
13	207
13	894
13	967
14	638
14	777
14	782
14	978
15	333
15	372
15	525
15	888
16	737
16	865
16	890
16	980
17	402
17	593
17	720
17	938
18	302
18	474
18	648
18	925
19	154
19	976
19	989
19	1000
20	324
20	792
20	815
20	983
21	156
21	684
21	933
21	975
22	919
22	925
22	967
22	988
23	730
23	883
23	947
23	963
24	849
24	877
24	943
24	979
25	744
25	797
25	892
25	896
25	979
26	57
26	854
26	912
26	972
26	979
27	567
27	596
27	725
27	960
28	924
28	964
28	997
28	998
29	363
29	834
29	985
29	988
30	209
30	427
30	892
30	933
31	75
31	931
31	941
31	980
32	250
32	491
32	582
32	936
33	9
33	411
33	726
33	944
34	439
34	713
34	841
34	873
35	449
35	726
35	752
35	772
36	175
36	826
36	894
36	896
37	256
37	858
37	945
37	952
38	297
38	773
38	970
38	999
39	963
39	964
39	972
39	998
40	932
40	950
40	958
40	988
41	577
41	579
41	838
41	898
42	813
42	853
42	876
42	993
43	223
43	798
43	934
43	962
44	573
44	896
44	920
44	967
45	140
45	491
45	506
45	684
46	656
46	818
46	844
46	961
47	924
47	960
47	966
47	986
48	299
48	802
48	838
48	898
49	412
49	841
49	873
49	969
50	840
50	942
50	956
50	976
51	402
51	901
51	985
51	988
52	61
52	835
52	942
52	956
53	508
53	723
53	808
53	921
54	93
54	617
54	625
54	770
55	305
55	397
55	827
55	927
56	395
56	689
56	836
56	983
57	26
57	641
57	845
57	999
58	611
58	780
58	902
58	956
59	813
59	913
59	993
59	996
60	147
60	840
60	906
60	990
61	52
61	935
61	984
61	995
62	143
62	286
62	684
62	896
63	10
63	326
63	567
63	639
64	824
64	868
64	905
64	913
65	158
65	371
65	621
65	711
66	618
66	828
66	971
66	991
67	498
67	921
67	963
67	966
67	992
68	976
68	989
68	999
68	1000
69	866
69	943
69	948
69	974
70	821
70	843
70	913
70	941
71	491
71	924
71	968
71	986
72	434
72	645
72	974
72	994
73	164
73	608
73	747
73	976
74	364
74	562
74	705
74	728
75	31
75	592
75	720
75	761
76	660
76	765
76	875
76	888
77	114
77	448
77	841
77	873
78	473
78	509
78	747
78	982
79	107
79	928
79	954
79	994
80	366
80	659
80	726
80	752
81	13
81	161
81	533
81	637
81	729
81	967
82	832
82	835
82	920
82	967
83	166
83	719
83	942
83	963
83	984
83	999
84	297
84	613
84	966
84	981
85	940
85	957
85	959
85	984
86	407
86	977
86	982
86	992
87	774
87	832
87	848
87	932
87	963
87	972
88	385
88	533
88	850
88	890
88	921
88	991
89	688
89	717
89	900
89	989
90	864
90	866
90	943
90	948
91	674
91	741
91	839
91	979
92	447
92	757
92	938
92	946
93	54
93	104
93	617
93	990
94	880
94	970
94	972
94	994
95	464
95	977
95	982
95	992
96	296
96	675
96	845
96	914
97	849
97	897
97	979
97	999
98	598
98	916
98	968
98	972
99	813
99	909
99	973
99	993
100	785
100	789
100	861
100	870
101	706
101	856
101	949
101	969
102	514
102	719
102	736
102	843
103	268
103	625
103	762
103	869
104	93
104	611
104	718
104	769
105	629
105	732
105	905
105	913
106	547
106	608
106	860
106	961
107	79
107	146
107	752
107	819
107	958
108	221
108	435
108	685
108	852
109	691
109	971
109	991
109	993
110	774
110	829
110	941
110	980
111	378
111	758
111	845
111	987
112	915
112	940
112	957
112	959
113	199
113	287
113	982
113	997
114	77
114	754
114	942
114	956
115	490
115	728
115	897
115	968
115	982
116	362
116	629
116	652
116	900
117	881
117	919
117	950
117	958
118	790
118	855
118	970
118	974
119	246
119	586
119	655
119	862
120	679
120	680
120	874
120	912
120	931
121	411
121	910
121	967
121	995
122	475
122	698
122	770
122	807
123	170
123	431
123	534
123	671
124	462
124	643
124	787
124	803
125	137
125	728
125	896
125	940
126	685
126	686
126	695
126	947
127	374
127	596
127	708
127	725
128	538
128	655
128	674
128	821
129	976
129	989
129	995
129	1000
130	871
130	883
130	947
130	963
131	950
131	972
131	997
131	998
132	858
132	862
132	907
132	945
133	686
133	871
133	887
133	923
134	754
134	897
134	938
134	979
135	294
135	938
135	946
135	999
136	934
136	976
136	989
136	1000
137	125
137	976
137	989
137	1000
138	638
138	817
138	983
138	991
139	630
139	836
139	917
139	959
140	45
140	250
140	892
140	936
141	818
141	820
141	916
141	960
142	492
142	822
142	942
142	956
143	62
143	774
143	890
143	931
144	488
144	530
144	532
144	780
145	247
145	748
145	860
145	949
146	107
146	432
146	744
146	975
147	60
147	977
147	982
147	992
148	480
148	901
148	985
148	988
149	345
149	976
149	989
149	1000
150	232
150	670
150	819
150	841
151	755
151	940
151	957
151	959
152	846
152	926
152	969
152	992
153	589
153	957
153	971
153	991
154	19
154	307
154	786
154	799
155	516
155	935
155	984
155	995
156	21
156	821
156	897
156	927
157	378
157	640
157	806
157	965
158	65
158	972
158	997
158	998
159	477
159	606
159	943
159	948
160	825
160	949
160	976
160	992
160	995
161	81
161	923
161	932
161	991
162	505
162	838
162	898
162	975
163	742
163	812
163	926
163	969
164	73
164	463
164	608
164	747
165	256
165	964
165	997
165	998
166	83
166	635
166	875
166	888
167	784
167	894
167	919
167	925
168	506
168	977
168	982
168	992
169	796
169	902
169	942
169	956
170	123
170	649
170	671
170	811
171	393
171	713
171	858
171	945
172	213
172	598
172	720
172	761
173	527
173	657
173	742
173	869
174	410
174	628
174	642
174	952
175	36
175	572
175	662
175	915
176	524
176	569
176	655
176	831
177	749
177	906
177	920
177	922
178	316
178	791
178	938
178	946
179	667
179	807
179	936
179	996
180	548
180	929
180	966
180	981
181	857
181	972
181	997
181	998
182	799
182	835
182	920
182	971
183	592
183	956
183	958
183	995
184	930
184	935
184	984
184	995
185	563
185	896
185	923
185	984
185	988
186	773
186	777
186	782
186	798
187	564
187	877
187	936
187	984
188	2
188	637
188	953
188	986
189	719
189	738
189	926
189	969
190	515
190	903
190	934
190	962
191	749
191	901
191	985
191	988
192	830
192	964
192	997
192	998
193	698
193	755
193	770
193	917
193	921
193	950
193	985
193	999
194	201
194	866
194	943
194	948
195	321
195	848
195	921
195	925
195	932
195	976
196	929
196	964
196	966
196	981
197	704
197	840
197	857
197	906
198	528
198	854
198	992
198	999
199	113
199	919
199	962
199	967
200	739
200	861
200	950
200	958
201	194
201	764
201	858
201	945
202	598
202	950
202	963
202	981
202	983
202	988
203	920
203	923
203	944
203	962
203	991
203	1000
204	375
204	792
204	802
204	983
205	338
205	960
205	983
205	986
206	912
206	932
206	934
206	939
206	942
206	980
206	993
206	995
207	13
207	944
207	971
207	991
208	902
208	940
208	942
208	956
209	30
209	866
209	943
209	948
210	580
210	808
210	819
210	921
211	758
211	841
211	873
211	884
212	476
212	926
212	967
212	969
213	172
213	390
213	729
213	852
213	958
214	871
214	923
214	932
214	989
215	940
215	957
215	959
215	998
216	369
216	923
216	938
216	946
217	562
217	662
217	684
217	787
218	249
218	410
218	642
218	936
219	793
219	946
219	984
219	995
220	398
220	840
220	940
220	993
221	108
221	879
221	984
221	995
222	672
222	898
222	985
222	988
223	43
223	639
223	698
223	770
224	637
224	670
224	819
224	988
225	598
225	651
225	961
225	981
226	522
226	907
226	962
226	963
226	972
226	988
226	999
227	859
227	890
227	934
227	980
228	403
228	524
228	831
228	918
229	866
229	906
229	943
229	948
230	610
230	851
230	977
230	982
230	992
231	456
231	734
231	777
231	782
231	798
232	150
232	444
232	664
232	670
232	819
233	474
233	761
233	779
233	919
233	979
233	998
234	714
234	899
234	929
234	966
234	981
235	773
235	937
235	940
235	957
235	959
236	535
236	541
236	866
236	943
236	948
237	366
237	430
237	843
237	948
237	992
237	1000
238	359
238	562
238	676
238	832
238	923
238	978
238	979
239	673
239	848
239	867
239	874
239	879
240	405
240	641
240	675
240	845
240	888
241	816
241	953
241	960
241	968
241	986
242	318
242	895
242	903
242	911
242	962
243	481
243	679
243	684
243	748
243	752
243	921
244	811
244	891
244	950
244	958
244	982
245	685
245	805
245	811
245	949
245	999
246	119
246	361
246	543
246	649
246	886
247	145
247	348
247	797
247	846
247	892
248	400
248	970
248	974
248	994
248	999
249	218
249	611
249	718
249	769
249	990
250	32
250	140
250	865
250	936
250	939
251	374
251	446
251	866
251	943
251	948
252	263
252	691
252	707
252	893
252	991
253	537
253	556
253	611
253	843
253	912
253	917
253	977
254	327
254	880
254	928
254	974
254	994
255	426
255	507
255	572
255	684
255	782
256	37
256	165
256	650
256	858
256	945
257	539
257	849
257	877
257	897
257	979
258	530
258	600
258	879
258	948
258	956
258	998
259	517
259	529
259	819
259	871
259	886
260	354
260	527
260	742
260	783
260	869
261	398
261	661
261	710
261	811
261	993
262	666
262	844
262	860
262	942
262	961
263	252
263	949
263	951
263	978
263	999
264	350
264	431
264	629
264	649
264	975
265	673
265	832
265	854
265	888
265	925
265	982
266	706
266	899
266	929
266	966
266	981
267	804
267	937
267	940
267	957
267	959
268	103
268	466
268	762
268	886
268	990
269	703
269	714
269	839
269	978
269	984
270	689
270	779
270	903
270	945
270	983
271	569
271	699
271	831
271	871
271	978
272	764
272	964
272	972
272	997
272	998
273	351
273	901
273	980
273	985
273	988
274	847
274	849
274	870
274	897
274	979
275	467
275	903
275	977
275	982
275	992
276	937
276	940
276	950
276	957
276	959
277	758
277	766
277	827
277	841
277	873
278	716
278	772
278	852
278	959
278	980
278	995
278	1000
279	321
279	556
279	679
279	895
279	982
280	3
280	440
280	534
280	862
280	886
281	518
281	668
281	750
281	794
281	796
282	648
282	919
282	922
282	955
282	967
283	436
283	623
283	630
283	836
283	917
284	683
284	711
284	918
284	946
284	993
285	487
285	525
285	531
285	889
285	947
285	988
285	999
286	62
286	463
286	684
286	821
286	970
287	113
287	308
287	813
287	909
287	993
288	332
288	733
288	777
288	898
288	996
289	531
289	579
289	678
289	707
289	991
290	318
290	556
290	618
290	679
290	785
291	659
291	870
291	934
291	941
291	948
291	950
291	963
292	652
292	723
292	778
292	921
292	994
293	590
293	643
293	938
293	948
293	962
293	963
293	970
293	988
293	999
294	135
294	708
294	892
294	938
294	946
295	434
295	567
295	754
295	786
295	870
295	892
296	96
296	531
296	675
296	845
296	905
297	38
297	84
297	805
297	949
297	999
298	843
298	845
298	941
298	977
298	989
298	995
299	48
299	577
299	662
299	838
299	898
300	688
300	786
300	821
300	892
300	936
300	971
301	583
301	709
301	773
301	987
301	999
302	18
302	810
302	894
302	934
302	937
303	379
303	422
303	501
303	704
303	952
304	843
304	851
304	977
304	982
304	992
305	55
305	711
305	769
305	827
305	855
306	808
306	859
306	897
306	961
306	983
306	986
306	992
306	994
307	154
307	357
307	459
307	750
307	786
308	287
308	497
308	813
308	899
308	993
309	749
309	817
309	894
309	919
309	967
310	396
310	473
310	608
310	772
310	848
311	527
311	652
311	723
311	808
311	921
312	761
312	817
312	971
312	989
312	991
313	806
313	916
313	953
313	962
313	968
314	828
314	856
314	922
314	926
314	969
315	11
315	370
315	708
315	938
315	946
316	178
316	563
316	617
316	698
316	770
317	864
317	881
317	889
317	919
317	950
318	242
318	290
318	333
318	374
318	896
318	969
318	983
318	997
319	446
319	746
319	943
319	948
319	974
320	561
320	572
320	655
320	684
320	947
321	195
321	279
321	556
321	679
321	911
322	727
322	868
322	888
322	905
322	913
323	387
323	395
323	408
323	794
323	800
324	20
324	779
324	842
324	864
324	983
325	417
325	451
325	612
325	844
325	961
326	63
326	785
326	789
326	870
326	987
327	254
327	760
327	935
327	984
327	995
328	377
328	574
328	668
328	796
328	985
329	702
329	713
329	870
329	945
329	985
330	532
330	621
330	711
330	827
330	830
331	396
331	511
331	520
331	747
331	849
332	288
332	335
332	653
332	696
332	898
333	15
333	318
333	372
333	525
333	964
334	500
334	692
334	883
334	947
334	963
335	332
335	838
335	987
335	988
335	996
336	502
336	881
336	889
336	950
336	958
337	804
337	902
337	942
337	956
337	1000
338	205
338	717
338	848
338	867
338	999
339	740
339	797
339	848
339	867
339	874
340	729
340	779
340	781
340	810
340	888
340	962
340	979
340	998
341	463
341	516
341	544
341	686
341	852
342	423
342	851
342	977
342	982
342	992
343	531
343	868
343	920
343	956
343	969
343	989
344	488
344	530
344	532
344	909
344	990
345	149
345	924
345	953
345	960
345	968
346	735
346	883
346	947
346	963
346	989
347	4
347	512
347	837
347	960
347	986
348	247
348	549
348	620
348	797
348	892
349	818
349	950
349	977
349	982
349	992
350	264
350	384
350	913
350	975
350	998
351	273
351	768
351	907
351	908
351	912
352	812
352	889
352	891
352	950
352	958
353	444
353	670
353	819
353	908
353	927
354	260
354	496
354	600
354	742
354	869
355	367
355	825
355	901
355	985
355	988
356	371
356	535
356	810
356	830
356	974
357	307
357	368
357	459
357	786
357	849
358	635
358	660
358	875
358	888
358	969
359	238
359	559
359	673
359	725
359	859
360	645
360	825
360	903
360	934
360	962
361	246
361	724
361	756
361	906
361	993
362	116
362	440
362	546
362	900
362	964
363	29
363	818
363	977
363	982
363	992
364	74
364	811
364	906
364	993
364	998
365	495
365	721
365	778
365	900
365	987
366	80
366	237
366	752
366	772
366	824
367	355
367	648
367	737
367	815
367	967
368	357
368	649
368	929
368	966
368	981
369	216
369	555
369	625
369	938
369	946
370	315
370	627
370	706
370	797
370	892
371	65
371	356
371	408
371	830
371	963
372	15
372	333
372	458
372	525
372	826
373	558
373	768
373	907
373	908
373	912
374	127
374	251
374	318
374	483
374	613
375	204
375	719
375	736
375	843
375	963
376	926
376	973
376	976
376	989
376	1000
377	328
377	668
377	796
377	864
377	939
378	111
378	157
378	761
378	845
378	987
379	303
379	501
379	642
379	930
379	978
380	651
380	696
380	860
380	890
380	961
381	405
381	618
381	817
381	971
381	991
382	606
382	689
382	943
382	948
382	986
383	616
383	690
383	791
383	985
383	988
383	993
384	350
384	392
384	632
384	905
384	913
384	965
385	88
385	505
385	716
385	762
385	955
385	990
386	564
386	753
386	782
386	928
386	934
386	945
386	963
386	984
386	991
387	323
387	574
387	787
387	794
387	904
387	965
388	576
388	669
388	938
388	946
388	949
388	984
389	909
389	928
389	954
389	974
389	990
389	994
390	213
390	652
390	686
390	695
390	852
390	972
391	886
391	895
391	903
391	911
391	934
391	973
392	384
392	595
392	652
392	723
392	921
392	985
393	171
393	421
393	529
393	762
393	862
393	886
394	425
394	533
394	536
394	604
394	609
394	715
395	56
395	323
395	464
395	596
395	722
395	983
396	310
396	331
396	473
396	608
396	747
396	886
397	55
397	429
397	627
397	797
397	829
397	892
398	220
398	261
398	485
398	683
398	774
398	993
399	524
399	694
399	703
399	778
399	839
399	931
400	248
400	734
400	973
400	976
400	989
400	1000
401	823
401	924
401	953
401	961
401	968
401	986
402	17
402	51
402	592
402	720
402	761
402	997
403	228
403	509
403	574
403	661
403	753
403	794
404	777
404	782
404	790
404	798
405	240
405	381
405	821
405	852
405	961
405	962
405	979
405	997
406	769
406	850
406	874
406	917
406	941
406	948
406	956
406	967
406	973
407	86
407	683
407	768
407	907
407	908
407	912
408	323
408	371
408	610
408	704
408	711
408	830
409	555
409	781
409	832
409	932
409	941
409	996
410	174
410	218
410	501
410	901
410	925
410	952
411	33
411	121
411	786
411	848
411	917
411	983
411	984
411	1000
412	49
412	414
412	442
412	509
412	766
412	873
413	6
413	655
413	767
413	896
413	933
413	943
414	412
414	518
414	603
414	668
414	796
414	902
415	740
415	848
415	853
415	867
415	874
415	952
416	491
416	719
416	736
416	843
417	325
417	553
417	689
417	864
417	885
417	983
418	665
418	666
418	821
418	823
418	949
418	999
419	815
419	820
419	937
419	940
419	957
419	959
420	633
420	678
420	702
420	713
420	945
420	973
421	393
421	490
421	543
421	597
421	886
421	968
422	303
422	501
422	642
422	853
422	876
422	951
423	342
423	868
423	905
423	913
423	987
423	996
424	654
424	755
424	785
424	789
424	817
424	870
425	394
425	533
425	604
425	890
425	904
426	255
426	470
426	552
426	729
426	875
427	30
427	429
427	627
427	783
427	797
427	892
428	882
428	937
428	940
428	957
428	959
428	981
429	397
429	427
429	724
429	738
429	797
429	892
430	237
430	571
430	916
430	953
430	968
430	986
431	123
431	264
431	494
431	649
431	671
431	978
432	146
432	559
432	596
432	725
432	820
432	895
433	513
433	948
433	973
433	976
433	989
433	1000
434	72
434	295
434	561
434	821
434	896
434	955
435	108
435	563
435	685
435	695
435	852
435	987
436	283
436	508
436	964
436	972
436	997
436	998
437	659
437	726
437	752
437	772
437	790
437	834
438	715
438	846
438	856
438	926
438	969
438	978
439	34
439	749
439	794
439	922
439	925
439	967
440	280
440	362
440	629
440	721
440	900
440	924
441	471
441	973
441	976
441	989
441	994
441	1000
442	412
442	448
442	623
442	758
442	766
442	841
443	584
443	833
443	941
443	943
443	972
443	980
444	232
444	353
444	670
444	697
444	819
444	917
445	819
445	876
445	909
445	951
445	993
445	996
446	251
446	319
446	813
446	866
446	943
446	948
447	92
447	460
447	569
447	911
447	929
447	942
447	960
447	963
447	997
448	77
448	442
448	731
448	758
448	841
448	873
449	35
449	475
449	964
449	972
449	997
449	998
450	928
450	930
450	970
450	986
450	987
450	994
451	325
451	612
451	748
451	844
451	961
451	985
452	767
452	775
452	807
452	811
452	931
452	941
453	670
453	896
453	903
453	911
453	934
453	962
454	881
454	889
454	891
454	914
454	950
454	958
455	763
455	813
455	876
455	903
455	909
455	985
456	231
456	583
456	954
456	970
456	974
456	994
457	581
457	732
457	868
457	905
457	913
457	949
458	372
458	796
458	831
458	881
458	895
458	931
458	948
458	991
459	307
459	357
459	786
459	900
459	954
460	447
460	493
460	846
460	856
460	926
460	969
461	786
461	833
461	859
461	890
461	941
461	996
462	124
462	715
462	739
462	846
462	926
462	969
463	164
463	286
463	341
463	831
463	917
463	991
463	992
463	1000
464	95
464	395
464	575
464	779
464	945
464	983
465	750
465	973
465	976
465	989
465	994
465	1000
466	268
466	879
466	906
466	935
466	984
466	995
467	275
467	615
467	899
467	929
467	966
467	981
468	630
468	767
468	807
468	833
468	890
468	980
469	871
469	887
469	923
469	932
469	937
469	971
470	426
470	552
470	661
470	728
470	729
470	939
471	441
471	739
471	799
471	894
471	922
471	967
472	504
472	851
472	879
472	935
472	984
472	995
473	78
473	310
473	396
473	608
473	747
473	990
474	18
474	233
474	825
474	901
474	985
474	988
475	122
475	449
475	617
475	698
475	770
475	999
476	212
476	810
476	846
476	856
476	969
476	975
477	159
477	583
477	597
477	788
477	949
477	999
478	2
478	527
478	632
478	789
478	869
478	965
479	766
479	841
479	855
479	873
479	996
479	1000
480	148
480	587
480	977
480	982
480	992
481	243
481	632
481	727
481	868
481	951
481	975
482	703
482	741
482	839
482	931
482	966
482	990
483	374
483	613
483	639
483	725
483	897
483	960
484	495
484	659
484	688
484	721
484	900
484	980
485	398
485	792
485	864
485	965
485	971
485	983
486	690
486	711
486	901
486	955
486	985
486	988
487	285
487	635
487	737
487	859
487	931
487	933
487	980
488	144
488	344
488	530
488	532
488	895
488	975
488	997
489	635
489	660
489	875
489	888
489	938
489	955
490	115
490	421
490	529
490	543
490	886
490	900
490	910
491	32
491	45
491	71
491	416
491	506
491	667
491	936
492	142
492	818
492	851
492	878
492	977
492	982
492	992
493	460
493	885
493	924
493	953
493	960
493	968
493	995
494	431
494	678
494	885
494	954
494	970
494	974
494	994
495	365
495	484
495	629
495	721
495	900
495	957
495	969
496	354
496	544
496	571
496	604
496	776
496	786
496	959
496	962
496	966
497	308
497	736
497	842
497	871
497	887
497	923
497	932
498	67
498	916
498	924
498	927
498	953
498	960
498	986
499	930
499	954
499	970
499	971
499	974
499	986
499	994
500	334
500	818
500	851
500	955
500	977
500	982
500	992
501	303
501	379
501	410
501	422
501	642
501	925
501	933
502	336
502	914
502	952
502	973
502	976
502	989
502	1000
503	540
503	557
503	735
503	850
503	929
503	966
503	981
504	472
504	708
504	802
504	821
504	935
504	984
504	995
505	162
505	385
505	529
505	826
505	839
505	862
505	886
506	45
506	168
506	491
506	546
506	564
506	654
506	936
507	255
507	672
507	831
507	843
507	891
507	900
507	921
507	928
507	945
508	53
508	436
508	746
508	755
508	785
508	789
508	870
509	78
509	403
509	412
509	758
509	766
509	841
509	873
510	567
510	587
510	589
510	641
510	733
510	971
510	991
511	331
511	754
511	758
511	804
511	902
511	942
511	956
512	347
512	538
512	561
512	572
512	662
512	728
512	741
513	433
513	651
513	744
513	748
513	860
513	914
513	961
514	102
514	760
514	823
514	854
514	911
514	949
514	999
515	190
515	825
515	901
515	931
515	965
515	985
515	988
516	155
516	341
516	521
516	835
516	917
516	943
516	963
516	985
516	993
517	259
517	617
517	839
517	888
517	905
517	944
517	959
517	986
518	281
518	414
518	603
518	668
518	796
518	808
518	818
519	850
519	861
519	880
519	895
519	903
519	934
519	962
520	331
520	794
520	809
520	847
520	861
520	887
520	920
520	943
520	969
521	516
521	579
521	634
521	757
521	781
521	787
521	952
522	226
522	567
522	627
522	867
522	919
522	943
522	945
522	976
523	631
523	881
523	889
523	891
523	950
523	958
523	971
524	176
524	228
524	399
524	569
524	831
524	837
524	939
525	15
525	285
525	333
525	372
525	716
525	942
525	995
526	600
526	773
526	805
526	860
526	955
526	975
526	999
527	173
527	260
527	311
527	478
527	742
527	869
527	910
528	198
528	666
528	854
528	912
528	949
528	996
528	999
529	259
529	393
529	490
529	505
529	829
529	862
529	896
530	144
530	258
530	344
530	488
530	687
530	913
530	990
531	285
531	289
531	296
531	343
531	641
531	675
531	845
532	10
532	144
532	330
532	344
532	488
532	884
532	975
533	81
533	88
533	394
533	425
533	604
533	872
533	930
534	123
534	280
534	665
534	762
534	862
534	886
534	926
535	236
535	356
535	610
535	621
535	827
535	830
535	851
536	394
536	664
536	770
536	917
536	948
536	972
536	988
536	995
537	253
537	615
537	850
537	899
537	929
537	966
537	981
538	128
538	512
538	572
538	631
538	728
538	748
538	896
539	257
539	842
539	871
539	887
539	893
539	923
539	932
540	503
540	574
540	769
540	888
540	943
540	953
540	961
540	976
540	979
540	980
541	236
541	651
541	674
541	717
541	740
541	867
541	874
542	676
542	718
542	741
542	818
542	977
542	982
542	992
543	246
543	421
543	490
543	586
543	621
543	753
543	862
544	341
544	496
544	563
544	596
544	695
544	852
544	1000
545	715
545	743
545	856
545	873
545	883
545	926
545	969
546	362
546	506
546	564
546	667
546	817
546	936
546	939
547	106
547	727
547	744
547	860
547	961
547	974
547	990
548	180
548	604
548	616
548	891
548	897
548	902
548	923
548	963
548	999
549	348
549	663
549	837
549	876
549	906
549	990
549	993
550	924
550	953
550	960
550	968
550	986
550	990
550	998
551	610
551	700
551	704
551	711
551	827
551	981
551	1000
552	426
552	470
552	729
552	954
552	990
553	417
553	689
553	697
553	787
553	814
553	864
553	983
554	578
554	760
554	873
554	899
554	929
554	966
554	981
555	369
555	409
555	710
555	781
555	832
555	996
556	253
556	279
556	290
556	321
556	679
556	854
556	962
557	503
557	571
557	694
557	741
557	778
557	828
557	839
558	373
558	728
558	819
558	869
558	921
558	936
558	956
558	983
558	991
558	1000
559	359
559	432
559	567
559	613
559	648
559	785
559	975
560	814
560	842
560	871
560	878
560	887
560	923
560	932
560	989
561	6
561	320
561	434
561	512
561	655
561	768
561	927
561	958
562	74
562	217
562	238
562	662
562	759
562	821
562	978
562	987
563	185
563	316
563	435
563	544
563	685
563	686
563	852
563	983
564	187
564	386
564	506
564	546
564	667
564	936
564	952
564	965
565	10
565	691
565	694
565	728
565	776
565	875
565	917
565	936
565	979
565	983
565	989
566	770
566	820
566	943
566	953
566	960
566	968
566	986
566	994
567	27
567	63
567	295
567	510
567	522
567	559
567	596
567	673
568	812
568	873
568	893
568	914
568	973
568	976
568	989
568	1000
569	176
569	271
569	447
569	524
569	737
569	831
569	929
569	978
570	690
570	709
570	746
570	849
570	877
570	897
570	936
570	979
571	430
571	496
571	557
571	694
571	741
571	778
571	953
571	990
572	175
572	255
572	320
572	512
572	538
572	865
572	896
572	987
573	44
573	604
573	636
573	815
573	922
573	967
573	970
573	976
574	328
574	387
574	403
574	540
574	753
574	787
574	794
574	880
575	464
575	697
575	722
575	792
575	810
575	864
575	925
575	983
576	388
576	584
576	669
576	757
576	791
576	884
576	938
576	946
577	41
577	299
577	588
577	653
577	838
577	898
577	942
577	993
578	554
578	671
578	701
578	735
578	850
578	929
578	966
578	981
579	41
579	289
579	521
579	634
579	643
579	787
579	794
579	985
580	210
580	731
580	811
580	837
580	840
580	876
580	909
580	993
581	457
581	613
581	678
581	820
581	916
581	953
581	968
581	986
582	32
582	828
582	881
582	889
582	891
582	933
582	950
582	958
583	301
583	456
583	477
583	714
583	760
583	949
583	992
583	999
584	443
584	576
584	657
584	679
584	807
584	941
584	959
584	980
585	608
585	865
585	880
585	954
585	970
585	974
585	994
585	995
586	119
586	543
586	762
586	774
586	776
586	862
586	886
586	891
587	480
587	510
587	691
587	806
587	817
587	947
587	971
587	991
588	577
588	834
588	837
588	916
588	924
588	953
588	968
588	986
589	153
589	510
589	640
589	705
589	817
589	969
589	971
589	991
590	293
590	654
590	755
590	785
590	789
590	870
590	875
591	773
591	805
591	818
591	863
591	949
591	968
591	973
591	999
592	75
592	183
592	402
592	720
592	761
592	800
592	856
592	884
593	17
593	625
593	669
593	757
593	782
593	791
593	938
593	946
594	622
594	720
594	729
594	746
594	936
594	945
594	949
594	983
594	994
594	1000
595	392
595	652
595	723
595	808
595	826
595	921
595	924
596	27
596	127
596	395
596	432
596	544
596	567
596	639
596	697
597	421
597	477
597	714
597	760
597	848
597	854
597	949
597	999
598	98
598	172
598	202
598	225
598	677
598	748
598	860
598	961
599	614
599	698
599	719
599	902
599	963
599	984
599	989
599	996
600	258
600	354
600	526
600	805
600	902
600	910
600	949
600	999
601	702
601	837
601	916
601	924
601	950
601	953
601	960
601	986
602	724
602	731
602	756
602	840
602	876
602	950
602	981
602	993
603	414
603	518
603	661
603	668
603	682
603	784
603	796
603	961
604	394
604	425
604	496
604	533
604	548
604	573
604	788
604	826
605	793
605	829
605	879
605	910
605	965
605	984
605	987
605	995
606	159
606	382
606	677
606	725
606	866
606	943
606	948
606	990
607	3
607	709
607	746
607	795
607	849
607	877
607	897
607	979
608	73
608	106
608	164
608	310
608	396
608	473
608	585
608	747
609	394
609	717
609	778
609	866
609	867
609	900
609	924
609	966
609	970
609	983
610	230
610	408
610	535
610	551
610	704
610	711
610	830
610	861
611	58
611	104
611	249
611	253
611	718
611	769
611	931
611	990
612	325
612	451
612	701
612	844
612	860
612	906
612	961
612	986
613	84
613	374
613	483
613	559
613	581
613	639
613	725
613	994
614	599
614	640
614	678
614	763
614	817
614	901
614	971
614	991
615	467
615	537
615	619
615	879
615	935
615	982
615	984
615	995
616	383
616	548
616	651
616	700
616	825
616	901
616	985
616	988
617	54
617	93
617	316
617	475
617	517
617	682
617	738
617	770
618	66
618	290
618	381
618	691
618	733
618	806
618	990
618	991
619	615
619	801
619	829
619	879
619	909
619	935
619	984
619	995
620	348
620	735
620	806
620	899
620	929
620	966
620	981
620	996
621	65
621	330
621	535
621	543
621	711
621	830
621	921
621	975
622	594
622	739
622	822
622	837
622	883
622	947
622	963
623	283
623	442
623	630
623	673
623	836
623	849
623	917
623	996
624	666
624	723
624	904
624	912
624	914
624	973
624	976
624	989
624	1000
625	54
625	103
625	369
625	593
625	708
625	757
625	938
625	946
625	978
626	727
626	782
626	800
626	819
626	838
626	877
626	931
626	946
626	988
626	993
627	370
627	397
627	427
627	522
627	736
627	797
627	871
627	892
627	957
628	6
628	174
628	781
628	861
628	895
628	903
628	911
628	934
628	962
629	105
629	116
629	264
629	440
629	495
629	688
629	721
629	887
629	900
630	139
630	283
630	468
630	623
630	836
630	861
630	917
630	972
630	996
631	523
631	538
631	718
631	736
631	763
631	936
631	945
631	960
631	985
631	994
631	998
632	384
632	478
632	481
632	727
632	732
632	868
632	905
632	913
632	973
633	420
633	693
633	702
633	713
633	764
633	789
633	846
633	858
633	945
634	521
634	579
634	643
634	658
634	753
634	787
634	794
634	952
634	990
635	166
635	358
635	487
635	489
635	660
635	769
635	869
635	875
635	888
636	573
636	699
636	800
636	815
636	826
636	835
636	894
636	922
636	997
637	81
637	188
637	224
637	714
637	760
637	854
637	949
637	953
637	999
638	14
638	138
638	793
638	802
638	829
638	856
638	935
638	984
638	995
639	63
639	223
639	483
639	596
639	613
639	661
639	673
639	896
639	994
640	157
640	589
640	614
640	806
640	879
640	924
640	955
640	971
640	991
641	57
641	240
641	510
641	531
641	675
641	845
641	915
641	987
641	993
642	174
642	218
642	379
642	422
642	501
642	735
642	743
642	853
642	997
643	124
643	293
643	579
643	634
643	753
643	794
643	894
643	971
643	982
644	765
644	861
644	895
644	903
644	911
644	934
644	962
644	982
644	996
645	72
645	360
645	754
645	780
645	804
645	942
645	947
645	956
645	1000
646	709
646	768
646	801
646	820
646	907
646	908
646	912
647	775
647	878
647	904
647	911
647	914
647	973
647	976
647	989
647	1000
648	18
648	282
648	367
648	559
648	704
648	749
648	765
648	922
648	967
649	170
649	246
649	264
649	368
649	431
649	671
649	971
649	975
649	978
650	256
650	693
650	702
650	749
650	764
650	788
650	858
650	860
650	945
651	225
651	380
651	513
651	541
651	616
651	656
651	748
651	864
651	961
652	116
652	292
652	311
652	390
652	392
652	595
652	723
652	808
652	921
653	1
653	332
653	577
653	838
653	884
653	898
653	978
653	980
653	987
654	424
654	506
654	590
654	755
654	785
654	789
654	870
654	893
654	966
655	119
655	128
655	176
655	320
655	413
655	561
655	821
655	896
655	983
656	46
656	651
656	701
656	744
656	844
656	860
656	924
656	937
656	961
657	173
657	584
657	807
657	859
657	890
657	931
657	941
657	960
657	980
658	634
658	676
658	818
658	851
658	931
658	934
658	977
658	982
658	992
659	80
659	291
659	437
659	484
659	726
659	738
659	752
659	772
659	964
660	76
660	358
660	489
660	635
660	780
660	868
660	875
660	888
660	972
661	261
661	403
661	470
661	603
661	639
661	803
661	832
661	882
661	895
661	958
661	998
662	6
662	175
662	217
662	299
662	512
662	562
662	821
662	852
662	974
663	549
663	876
663	885
663	928
663	930
663	954
663	959
663	974
663	994
664	232
664	536
664	807
664	833
664	890
664	927
664	931
664	941
664	980
665	418
665	534
665	670
665	673
665	767
665	923
665	960
665	969
665	977
665	985
665	989
666	262
666	418
666	528
666	624
666	714
666	854
666	876
666	949
666	999
667	179
667	491
667	546
667	564
667	824
667	842
667	936
667	947
667	996
668	281
668	328
668	377
668	414
668	518
668	603
668	796
668	851
668	995
668	996
669	388
669	576
669	593
669	757
669	791
669	877
669	923
669	932
669	938
669	946
670	150
670	224
670	232
670	353
670	444
670	453
670	665
670	739
670	819
670	980
671	123
671	170
671	431
671	578
671	649
671	681
671	901
671	916
671	975
671	978
672	9
672	222
672	507
672	872
672	944
672	951
672	964
672	972
672	997
672	998
673	239
673	265
673	359
673	567
673	623
673	639
673	665
673	725
673	846
673	975
674	91
674	128
674	541
674	717
674	740
674	794
674	848
674	867
674	874
674	918
675	96
675	240
675	296
675	531
675	641
675	845
675	863
675	930
675	938
675	945
676	238
676	542
676	658
676	818
676	851
676	911
676	977
676	982
676	986
676	992
677	598
677	606
677	696
677	701
677	744
677	844
677	953
677	961
677	968
677	990
678	289
678	420
678	494
678	581
678	614
678	707
678	806
678	971
678	987
678	991
679	120
679	243
679	279
679	290
679	321
679	556
679	584
679	800
679	816
679	940
680	120
680	682
680	872
680	944
680	951
680	964
680	972
680	990
680	997
680	998
681	671
681	724
681	733
681	755
681	798
681	846
681	943
681	979
681	988
681	998
681	999
682	603
682	617
682	680
682	814
682	843
682	870
682	934
682	938
682	953
682	980
682	983
682	995
683	284
683	398
683	407
683	763
683	797
683	811
683	840
683	906
683	925
683	990
684	21
684	45
684	62
684	217
684	243
684	255
684	286
684	320
684	896
684	942
685	108
685	126
685	245
685	435
685	563
685	686
685	695
685	820
685	850
685	852
686	126
686	133
686	341
686	390
686	563
686	685
686	695
686	726
686	748
686	852
687	530
687	754
687	765
687	833
687	861
687	895
687	903
687	911
687	934
687	962
688	89
688	300
688	484
688	629
688	721
688	866
688	900
688	910
688	933
688	941
689	56
689	270
689	382
689	417
689	553
689	722
689	864
689	941
689	981
689	983
690	383
690	486
690	570
690	700
690	808
690	825
690	882
690	901
690	985
690	988
691	109
691	252
691	565
691	587
691	618
691	707
691	881
691	944
691	971
691	991
692	334
692	804
692	877
692	912
692	936
692	961
692	967
692	968
692	976
692	992
692	995
693	633
693	650
693	702
693	713
693	764
693	791
693	858
693	877
693	945
693	981
694	399
694	557
694	565
694	571
694	741
694	778
694	839
694	901
694	952
694	955
695	126
695	390
695	435
695	544
695	685
695	686
695	852
695	905
695	913
695	994
696	332
696	380
696	677
696	748
696	750
696	770
696	860
696	951
696	961
696	978
697	444
697	553
697	575
697	596
697	722
697	779
697	792
697	864
697	955
697	983
698	122
698	193
698	223
698	316
698	475
698	599
698	770
698	788
698	879
698	917
699	271
699	636
699	878
699	904
699	914
699	970
699	973
699	976
699	989
699	1000
700	551
700	616
700	690
700	717
700	825
700	901
700	949
700	985
700	987
700	988
701	578
701	612
701	656
701	677
701	744
701	844
701	956
701	961
701	964
701	990
702	329
702	420
702	601
702	633
702	650
702	693
702	764
702	858
702	945
702	968
703	269
703	399
703	482
703	741
703	778
703	839
703	847
703	944
703	990
703	996
704	197
704	303
704	408
704	551
704	610
704	648
704	827
704	830
704	841
704	952
705	74
705	589
705	718
705	804
705	854
705	960
705	981
705	992
705	993
705	995
706	101
706	266
706	370
706	846
706	856
706	862
706	926
706	969
706	987
706	996
707	252
707	289
707	678
707	691
707	777
707	952
707	956
707	971
707	991
707	995
708	127
708	294
708	315
708	504
708	625
708	735
708	757
708	791
708	938
708	946
709	301
709	570
709	607
709	646
709	746
709	849
709	877
709	897
709	937
709	979
710	261
710	555
710	772
710	791
710	831
710	888
710	936
710	958
710	965
710	979
710	992
711	65
711	284
711	305
711	330
711	408
711	486
711	551
711	610
711	621
711	827
711	910
712	766
712	816
712	817
712	858
712	865
712	882
712	937
712	940
712	957
712	959
713	34
713	171
713	329
713	420
713	633
713	693
713	764
713	858
713	922
713	945
713	959
714	234
714	269
714	583
714	597
714	637
714	666
714	760
714	805
714	848
714	915
714	949
715	394
715	438
715	462
715	545
715	743
715	838
715	846
715	856
715	889
715	926
715	969
716	278
716	385
716	525
716	769
716	798
716	836
716	928
716	942
716	946
716	949
716	979
717	89
717	338
717	541
717	609
717	674
717	700
717	740
717	848
717	867
717	874
717	998
718	104
718	249
718	542
718	611
718	631
718	705
718	759
718	769
718	797
718	873
718	990
719	83
719	102
719	189
719	375
719	416
719	599
719	736
719	843
719	940
719	989
720	17
720	75
720	172
720	402
720	592
720	594
720	761
720	791
720	853
720	920
720	956
721	365
721	440
721	484
721	495
721	629
721	688
721	900
721	916
721	940
721	958
721	987
722	395
722	575
722	689
722	697
722	779
722	792
722	824
722	864
722	917
722	983
722	993
723	53
723	292
723	311
723	392
723	595
723	624
723	652
723	808
723	921
723	942
723	970
724	361
724	429
724	602
724	681
724	731
724	876
724	884
724	906
724	909
724	922
724	993
725	27
725	127
725	359
725	432
725	483
725	606
725	613
725	673
725	848
725	967
725	977
726	9
726	33
726	35
726	80
726	437
726	659
726	686
726	752
726	772
726	805
726	953
727	322
727	481
727	547
727	626
727	632
727	732
727	860
727	868
727	905
727	913
727	959
728	74
728	115
728	125
728	470
728	512
728	538
728	558
728	565
728	927
728	932
728	933
729	81
729	213
729	340
729	426
729	470
729	552
729	594
729	769
729	776
729	793
729	939
730	23
730	842
730	887
730	892
730	896
730	898
730	911
730	950
730	983
730	995
730	998
731	448
731	580
731	602
731	724
731	763
731	771
731	813
731	840
731	906
731	989
731	993
732	105
732	457
732	632
732	727
732	752
732	868
732	888
732	905
732	913
732	987
732	993
733	288
733	510
733	618
733	681
733	806
733	817
733	863
733	894
733	971
733	987
733	991
734	231
734	400
734	855
734	885
734	893
734	910
734	928
734	954
734	970
734	974
734	994
735	346
735	503
735	578
735	620
735	642
735	708
735	899
735	929
735	966
735	981
735	991
736	102
736	375
736	416
736	497
736	627
736	631
736	719
736	814
736	843
737	16
737	367
737	487
737	569
737	767
737	833
737	859
737	884
737	931
737	941
737	980
738	189
738	429
738	617
738	659
738	747
738	756
738	953
738	981
738	983
738	985
738	997
739	200
739	462
739	471
739	622
739	670
739	822
739	883
739	947
739	963
740	339
740	415
740	541
740	674
740	717
740	801
740	848
740	862
740	867
740	874
740	979
741	91
741	482
741	512
741	542
741	557
741	571
741	694
741	703
741	778
741	839
741	914
742	2
742	4
742	163
742	173
742	260
742	354
742	527
742	869
742	883
742	965
742	989
743	545
743	642
743	715
743	745
743	846
743	856
743	902
743	907
743	926
743	962
743	969
744	4
744	25
744	146
744	513
744	547
744	656
744	677
744	701
744	844
744	906
744	978
745	743
745	775
745	847
745	872
745	944
745	951
745	964
745	972
745	988
745	993
745	997
745	998
746	319
746	508
746	570
746	594
746	607
746	709
746	751
746	849
746	877
746	897
746	979
747	73
747	78
747	164
747	331
747	396
747	473
747	608
747	738
747	899
747	934
747	948
747	966
748	145
748	243
748	451
748	513
748	538
748	598
748	651
748	686
748	696
748	796
748	936
748	961
749	177
749	191
749	309
749	439
749	648
749	650
749	756
749	835
749	919
749	920
749	922
749	925
750	281
750	307
750	465
750	696
750	808
750	819
750	877
750	898
750	943
750	983
750	992
750	994
751	746
751	783
751	820
751	837
751	874
751	916
751	924
751	937
751	953
751	960
751	968
751	986
752	35
752	80
752	107
752	243
752	366
752	437
752	659
752	726
752	732
752	772
752	929
752	990
753	386
753	403
753	543
753	574
753	634
753	643
753	776
753	787
753	898
753	952
753	968
753	970
754	114
754	134
754	295
754	511
754	645
754	687
754	780
754	803
754	804
754	902
754	942
754	956
755	151
755	193
755	424
755	508
755	590
755	654
755	681
755	785
755	789
755	870
755	910
755	989
756	361
756	602
756	738
756	749
756	811
756	840
756	876
756	909
756	961
756	982
756	986
756	993
757	92
757	521
757	576
757	593
757	625
757	669
757	708
757	784
757	791
757	863
757	938
757	946
758	111
758	211
758	277
758	442
758	448
758	509
758	511
758	766
758	841
758	873
758	920
758	980
759	562
759	718
759	815
759	872
759	873
759	904
759	936
759	945
759	947
759	961
759	980
759	992
760	327
760	514
760	554
760	583
760	597
760	637
760	714
760	805
760	880
760	949
760	981
760	999
761	75
761	172
761	233
761	312
761	378
761	402
761	592
761	720
761	802
761	853
761	884
761	997
762	103
762	268
762	385
762	393
762	534
762	586
762	839
762	862
762	866
762	870
762	910
762	919
763	455
763	614
763	631
763	683
763	731
763	811
763	813
763	816
763	876
763	891
763	909
763	993
764	201
764	272
764	633
764	650
764	693
764	702
764	713
764	811
764	858
764	872
764	945
764	984
765	76
765	644
765	648
765	687
765	861
765	881
765	895
765	903
765	911
765	934
765	957
765	962
766	277
766	412
766	442
766	479
766	509
766	712
766	758
766	782
766	841
766	873
766	947
766	995
767	413
767	452
767	468
767	665
767	737
767	774
767	890
767	898
767	926
767	931
767	980
767	993
768	351
768	373
768	407
768	561
768	646
768	801
768	859
768	907
768	908
768	912
768	971
769	104
769	249
769	305
769	406
769	540
769	611
769	635
769	716
769	718
769	729
769	771
769	990
770	54
770	122
770	193
770	223
770	316
770	475
770	536
770	566
770	617
770	696
770	698
770	997
771	731
771	769
771	775
771	825
771	847
771	872
771	944
771	951
771	964
771	972
771	997
771	998
772	9
772	35
772	278
772	310
772	366
772	437
772	659
772	710
772	726
772	752
772	859
772	967
773	38
773	186
773	235
773	301
773	526
773	591
773	854
773	882
773	910
773	949
773	978
773	992
773	999
774	87
774	110
774	143
774	398
774	586
774	767
774	807
774	833
774	859
774	890
774	931
774	980
774	994
775	452
775	647
775	745
775	771
775	847
775	872
775	944
775	945
775	951
775	964
775	972
775	997
775	998
776	496
776	565
776	586
776	729
776	753
776	832
776	834
776	868
776	905
776	912
776	958
776	991
776	999
777	14
777	186
777	231
777	288
777	404
777	707
777	782
777	790
777	798
777	857
777	913
777	955
777	986
778	292
778	365
778	399
778	557
778	571
778	609
778	694
778	703
778	741
778	839
778	978
778	991
778	998
779	233
779	270
779	324
779	340
779	464
779	697
779	722
779	792
779	864
779	942
779	952
779	975
779	983
780	58
780	144
780	645
780	660
780	754
780	803
780	804
780	858
780	878
780	902
780	942
780	956
781	340
781	409
781	521
781	555
781	628
781	824
781	832
781	915
781	996
782	14
782	186
782	231
782	255
782	386
782	404
782	593
782	626
782	766
782	777
782	790
782	798
782	955
783	260
783	427
783	751
783	795
783	825
783	878
783	904
783	914
783	973
783	976
783	989
783	1000
784	167
784	603
784	757
784	830
784	874
784	917
784	945
784	969
784	970
784	973
784	980
784	983
784	997
784	998
785	100
785	290
785	326
785	424
785	508
785	559
785	590
785	654
785	755
785	789
785	844
785	870
785	988
786	154
786	295
786	300
786	307
786	357
786	411
786	459
786	461
786	496
786	824
786	921
786	967
786	975
787	124
787	217
787	387
787	521
787	553
787	574
787	579
787	634
787	753
787	794
787	922
787	965
787	967
788	477
788	604
788	650
788	698
788	828
788	834
788	881
788	889
788	891
788	950
788	958
789	100
789	326
789	424
789	478
789	508
789	590
789	633
789	654
789	755
789	785
789	870
789	963
789	995
790	118
790	404
790	437
790	777
790	782
790	798
790	941
790	1000
791	178
791	383
791	576
791	593
791	669
791	693
791	708
791	710
791	720
791	757
791	938
791	946
791	984
792	20
792	204
792	485
792	575
792	697
792	722
792	779
792	852
792	864
792	897
792	961
792	982
792	983
793	219
793	605
793	638
793	729
793	802
793	829
793	879
793	935
793	937
793	966
793	973
793	984
793	995
794	281
794	323
794	387
794	403
794	439
794	520
794	574
794	579
794	634
794	643
794	674
794	787
794	826
795	607
795	783
795	878
795	904
795	914
795	933
795	973
795	976
795	989
795	1000
796	169
796	281
796	328
796	377
796	414
796	458
796	518
796	603
796	668
796	748
796	800
796	919
796	966
797	25
797	247
797	339
797	348
797	370
797	397
797	427
797	429
797	627
797	683
797	718
797	892
797	963
798	43
798	186
798	231
798	404
798	681
798	716
798	777
798	782
798	790
798	934
798	955
798	994
798	997
799	154
799	182
799	471
799	810
799	815
799	855
799	886
799	894
799	911
799	919
799	920
799	925
799	939
800	323
800	592
800	626
800	636
800	679
800	796
800	810
800	874
800	921
800	959
800	989
800	997
800	998
801	619
801	646
801	740
801	768
801	907
801	908
801	912
801	986
801	991
802	48
802	204
802	504
802	638
802	761
802	793
802	829
802	879
802	935
802	943
802	978
802	984
802	995
803	124
803	661
803	754
803	780
803	804
803	902
803	942
803	956
803	984
803	995
804	267
804	337
804	511
804	645
804	692
804	705
804	754
804	780
804	803
804	895
804	902
804	942
804	956
804	992
805	245
805	297
805	526
805	591
805	600
805	714
805	726
805	760
805	854
805	949
805	955
805	987
805	992
805	999
806	157
806	313
806	587
806	618
806	620
806	640
806	678
806	733
806	817
806	847
806	857
806	962
806	971
806	991
807	122
807	179
807	452
807	468
807	584
807	657
807	664
807	774
807	833
807	923
807	931
807	941
807	980
807	991
808	53
808	210
808	306
808	311
808	518
808	595
808	652
808	690
808	723
808	750
808	839
808	900
808	915
808	921
809	520
809	812
809	831
809	857
809	861
809	880
809	885
809	889
809	928
809	930
809	954
809	970
809	974
809	994
810	302
810	340
810	356
810	476
810	575
810	799
810	800
810	815
810	835
810	894
810	920
810	922
810	925
810	967
811	170
811	244
811	245
811	261
811	364
811	452
811	580
811	683
811	756
811	763
811	764
811	906
811	909
811	993
812	163
812	352
812	568
812	809
812	834
812	855
812	880
812	893
812	928
812	930
812	954
812	970
812	974
812	994
813	42
813	59
813	99
813	287
813	308
813	446
813	455
813	731
813	763
813	909
813	939
813	960
813	968
813	993
814	553
814	560
814	682
814	736
814	842
814	871
814	887
814	923
814	932
814	948
815	20
815	367
815	419
815	573
815	636
815	759
815	799
815	810
815	835
815	918
815	922
815	925
815	956
815	967
816	241
816	679
816	712
816	763
816	865
816	882
816	937
816	940
816	957
816	959
816	999
817	138
817	309
817	312
817	381
817	424
817	546
817	587
817	589
817	614
817	712
817	733
817	806
817	971
817	991
818	46
818	141
818	349
818	363
818	492
818	500
818	518
818	542
818	591
818	658
818	676
818	851
818	977
818	982
818	992
819	107
819	150
819	210
819	224
819	232
819	259
819	353
819	444
819	445
819	558
819	626
819	670
819	750
819	927
819	971
820	141
820	419
820	432
820	566
820	581
820	646
820	685
820	751
820	837
820	916
820	924
820	953
820	960
820	968
820	986
821	70
821	128
821	156
821	286
821	300
821	405
821	418
821	434
821	504
821	562
821	655
821	662
821	866
821	896
821	939
822	142
822	622
822	739
822	852
822	883
822	885
822	910
822	947
822	949
822	963
823	401
823	418
823	514
823	830
823	876
823	877
823	902
823	917
823	932
823	954
823	956
823	959
823	977
823	979
823	994
824	64
824	366
824	667
824	722
824	781
824	786
824	832
824	911
824	912
824	935
824	982
824	985
824	992
824	997
824	1000
825	160
825	355
825	360
825	474
825	515
825	616
825	690
825	700
825	771
825	783
825	901
825	975
825	978
825	985
825	988
826	36
826	372
826	505
826	595
826	604
826	636
826	794
826	919
826	932
826	941
826	957
826	973
826	997
826	998
826	1000
827	55
827	277
827	305
827	330
827	535
827	551
827	704
827	711
827	835
827	851
827	884
827	927
827	934
827	952
827	975
828	66
828	314
828	557
828	582
828	788
828	834
828	881
828	889
828	891
828	908
828	950
828	958
829	110
829	397
829	529
829	605
829	619
829	638
829	793
829	802
829	879
829	918
829	935
829	942
829	946
829	984
829	995
830	192
830	330
830	356
830	371
830	408
830	535
830	610
830	621
830	704
830	784
830	823
830	835
830	946
830	957
830	975
831	176
831	228
831	271
831	458
831	463
831	507
831	524
831	569
831	710
831	809
831	874
831	939
831	965
831	978
831	988
832	82
832	87
832	238
832	265
832	409
832	555
832	661
832	776
832	781
832	824
832	883
832	889
832	915
832	996
832	999
833	443
833	461
833	468
833	664
833	687
833	737
833	774
833	807
833	859
833	931
833	941
833	979
833	980
833	989
833	999
834	29
834	437
834	588
834	776
834	788
834	812
834	828
834	881
834	889
834	891
834	950
834	958
835	52
835	82
835	182
835	516
835	636
835	749
835	810
835	815
835	827
835	830
835	894
835	919
835	920
835	925
835	926
835	965
836	56
836	139
836	283
836	623
836	630
836	716
836	908
836	917
836	949
836	978
836	985
836	996
837	347
837	524
837	549
837	580
837	588
837	601
837	622
837	751
837	820
837	916
837	924
837	940
837	953
837	960
837	968
837	986
838	41
838	48
838	162
838	299
838	335
838	577
838	626
838	653
838	715
838	898
838	944
838	972
838	976
838	978
838	987
838	996
839	91
839	269
839	399
839	482
839	505
839	517
839	557
839	694
839	703
839	741
839	762
839	778
839	808
839	916
839	978
839	990
840	50
840	60
840	197
840	220
840	580
840	602
840	683
840	731
840	756
840	876
840	906
840	909
840	914
840	932
840	969
840	993
841	34
841	49
841	77
841	150
841	211
841	277
841	442
841	448
841	479
841	509
841	704
841	758
841	766
841	873
841	944
841	990
842	324
842	497
842	539
842	560
842	667
842	730
842	814
842	871
842	887
842	923
842	932
842	934
842	969
843	11
843	70
843	102
843	237
843	253
843	298
843	304
843	375
843	416
843	507
843	682
843	719
843	736
843	935
843	984
843	995
844	46
844	262
844	325
844	451
844	612
844	656
844	677
844	701
844	744
844	785
844	860
844	868
844	920
844	961
844	978
844	991
844	993
845	57
845	96
845	111
845	240
845	296
845	298
845	378
845	531
845	641
845	675
845	863
845	918
845	919
845	926
845	965
845	974
845	987
846	152
846	247
846	438
846	460
846	462
846	476
846	633
846	673
846	681
846	706
846	715
846	743
846	856
846	915
846	926
846	969
846	996
847	274
847	520
847	703
847	745
847	771
847	775
847	806
847	872
847	929
847	944
847	951
847	964
847	972
847	997
847	998
848	87
848	195
848	239
848	310
848	338
848	339
848	411
848	415
848	597
848	674
848	714
848	717
848	725
848	740
848	867
848	874
848	954
849	24
849	97
849	257
849	274
849	331
849	357
849	570
849	607
849	623
849	709
849	746
849	877
849	897
849	898
849	949
849	979
849	996
850	88
850	406
850	503
850	519
850	537
850	578
850	685
850	899
850	910
850	921
850	929
850	934
850	939
850	966
850	981
850	987
850	990
851	12
851	230
851	304
851	342
851	472
851	492
851	500
851	535
851	658
851	668
851	676
851	818
851	827
851	916
851	977
851	982
851	992
852	108
852	213
852	278
852	341
852	390
852	405
852	435
852	544
852	563
852	662
852	685
852	686
852	695
852	792
852	822
852	874
852	890
853	42
853	415
853	422
853	642
853	720
853	761
853	900
853	911
853	917
853	932
853	946
853	962
853	971
853	973
853	979
853	985
853	991
854	26
854	198
854	265
854	514
854	528
854	556
854	597
854	637
854	666
854	705
854	773
854	805
854	904
854	949
854	977
854	997
854	999
855	10
855	118
855	305
855	479
855	734
855	799
855	812
855	880
855	885
855	893
855	895
855	928
855	930
855	954
855	970
855	974
855	994
856	101
856	314
856	438
856	460
856	476
856	545
856	592
856	638
856	706
856	715
856	743
856	846
856	909
856	926
856	942
856	962
856	969
857	181
857	197
857	777
857	806
857	809
857	869
857	905
857	909
857	913
857	921
857	946
857	966
857	971
857	982
857	989
857	993
857	1000
858	37
858	132
858	171
858	201
858	256
858	633
858	650
858	693
858	702
858	712
858	713
858	764
858	780
858	891
858	945
858	957
858	986
859	227
859	306
859	359
859	461
859	487
859	657
859	737
859	768
859	772
859	774
859	833
859	890
859	920
859	922
859	931
859	941
859	980
860	106
860	145
860	262
860	380
860	513
860	526
860	547
860	598
860	612
860	650
860	656
860	696
860	727
860	844
860	896
860	961
860	985
861	100
861	200
861	519
861	520
861	610
861	628
861	630
861	644
861	687
861	765
861	809
861	895
861	903
861	911
861	927
861	934
861	962
861	975
862	3
862	119
862	132
862	280
862	393
862	505
862	529
862	534
862	543
862	586
862	706
862	740
862	762
862	886
862	915
862	927
862	933
862	990
863	591
863	675
863	733
863	757
863	845
863	868
863	883
863	886
863	887
863	888
863	909
863	913
863	927
863	976
863	979
863	986
863	993
863	999
864	90
864	317
864	324
864	377
864	417
864	485
864	553
864	575
864	651
864	689
864	697
864	722
864	779
864	792
864	935
864	965
864	983
864	987
865	16
865	250
865	572
865	585
865	712
865	816
865	882
865	937
865	940
865	945
865	957
865	959
865	977
866	69
866	90
866	194
866	209
866	229
866	236
866	251
866	446
866	606
866	609
866	688
866	762
866	821
866	943
866	948
866	990
866	996
866	998
867	239
867	338
867	339
867	415
867	522
867	541
867	609
867	674
867	717
867	740
867	848
867	874
867	876
867	905
867	906
867	935
867	954
867	993
868	64
868	322
868	343
868	423
868	457
868	481
868	632
868	660
868	727
868	732
868	776
868	844
868	863
868	883
868	905
868	913
868	926
868	979
869	2
869	4
869	103
869	173
869	260
869	354
869	478
869	527
869	558
869	635
869	742
869	857
869	885
869	907
869	909
869	927
869	965
869	972
870	11
870	100
870	274
870	291
870	295
870	326
870	329
870	424
870	508
870	590
870	654
870	682
870	755
870	762
870	785
870	789
870	910
870	979
870	991
871	130
871	133
871	214
871	259
871	271
871	469
871	497
871	539
871	560
871	627
871	814
871	842
871	887
871	923
871	932
871	945
872	533
872	672
872	680
872	745
872	759
872	764
872	771
872	775
872	847
872	903
872	922
872	944
872	951
872	964
872	972
872	997
872	998
872	999
873	34
873	49
873	77
873	211
873	277
873	412
873	448
873	479
873	509
873	545
873	554
873	568
873	718
873	758
873	759
873	766
873	841
873	916
873	974
874	120
874	239
874	339
874	406
874	415
874	541
874	674
874	717
874	740
874	751
874	784
874	800
874	831
874	848
874	852
874	867
874	893
874	918
874	996
875	76
875	166
875	358
875	426
875	489
875	565
875	590
875	635
875	660
875	888
875	925
875	933
875	936
875	947
876	42
876	422
876	445
876	455
876	549
876	580
876	602
876	663
876	666
876	724
876	756
876	763
876	823
876	840
876	867
876	906
876	909
876	983
876	993
877	24
877	187
877	257
877	570
877	607
877	626
877	669
877	692
877	693
877	709
877	746
877	750
877	823
877	849
877	897
877	902
877	979
877	996
877	1000
878	492
878	560
878	647
878	699
878	780
878	783
878	795
878	904
878	914
878	935
878	954
878	960
878	973
878	976
878	989
878	1000
879	221
879	239
879	258
879	466
879	472
879	605
879	615
879	619
879	640
879	698
879	793
879	802
879	829
879	929
879	935
879	975
879	984
879	995
879	1000
880	94
880	254
880	519
880	574
880	585
880	760
880	809
880	812
880	855
880	885
880	893
880	921
880	928
880	930
880	954
880	970
880	974
880	986
880	994
881	117
881	317
881	336
881	454
881	458
881	523
881	582
881	691
881	765
881	788
881	828
881	834
881	889
881	891
881	900
881	948
881	950
881	958
881	961
882	428
882	661
882	690
882	712
882	773
882	816
882	865
882	937
882	940
882	941
882	957
882	959
882	963
882	983
883	23
883	130
883	334
883	346
883	545
883	622
883	739
883	742
883	822
883	832
883	863
883	868
883	900
883	947
883	963
883	965
883	975
884	211
884	532
884	576
884	592
884	653
884	724
884	737
884	761
884	827
884	898
884	928
884	942
884	956
884	958
884	960
884	984
884	986
884	988
884	995
885	417
885	493
885	494
885	663
885	734
885	809
885	822
885	855
885	869
885	880
885	889
885	893
885	928
885	930
885	954
885	956
885	970
885	974
885	994
886	3
886	246
886	259
886	268
886	280
886	391
886	393
886	396
886	421
886	490
886	505
886	534
886	586
886	799
886	862
886	863
886	918
886	929
886	970
886	990
887	1
887	133
887	469
887	497
887	520
887	539
887	560
887	629
887	730
887	814
887	842
887	863
887	871
887	907
887	910
887	923
887	932
887	951
887	988
887	997
888	15
888	76
888	166
888	240
888	265
888	322
888	340
888	358
888	489
888	517
888	540
888	635
888	660
888	710
888	732
888	863
888	875
888	933
888	958
888	994
889	285
889	317
889	336
889	352
889	454
889	523
889	582
889	715
889	788
889	809
889	828
889	832
889	834
889	881
889	885
889	891
889	919
889	950
889	958
889	984
890	16
890	88
890	143
890	227
890	380
890	425
890	461
890	468
890	657
890	664
890	767
890	774
890	852
890	859
890	925
890	931
890	941
890	956
890	969
890	980
891	244
891	352
891	454
891	507
891	523
891	548
891	582
891	586
891	763
891	788
891	828
891	834
891	858
891	881
891	889
891	903
891	929
891	950
891	958
891	968
892	25
892	30
892	140
892	247
892	294
892	295
892	300
892	348
892	370
892	397
892	427
892	429
892	627
892	730
892	797
892	902
892	927
892	933
892	964
892	997
893	5
893	252
893	539
893	568
893	654
893	734
893	812
893	855
893	874
893	880
893	885
893	928
893	930
893	939
893	952
893	954
893	962
893	970
893	974
893	994
894	5
894	13
894	36
894	167
894	302
894	309
894	471
894	636
894	643
894	733
894	799
894	810
894	835
894	918
894	919
894	920
894	922
894	925
894	930
894	967
895	242
895	279
895	391
895	432
895	458
895	488
895	519
895	628
895	644
895	661
895	687
895	765
895	804
895	855
895	861
895	903
895	911
895	920
895	934
895	962
896	25
896	36
896	44
896	62
896	125
896	185
896	318
896	413
896	434
896	453
896	529
896	538
896	572
896	639
896	655
896	684
896	730
896	821
896	860
896	931
897	97
897	115
897	134
897	156
897	257
897	274
897	306
897	483
897	548
897	570
897	607
897	709
897	746
897	792
897	849
897	877
897	937
897	939
897	955
897	979
897	996
898	41
898	48
898	162
898	222
898	288
898	299
898	332
898	577
898	653
898	730
898	750
898	753
898	767
898	838
898	849
898	884
898	978
898	981
898	987
898	996
898	998
899	11
899	234
899	266
899	308
899	467
899	537
899	554
899	620
899	735
899	747
899	850
899	918
899	929
899	955
899	966
899	974
899	981
899	984
899	987
899	996
899	998
900	89
900	116
900	362
900	365
900	440
900	459
900	484
900	490
900	495
900	507
900	609
900	629
900	688
900	721
900	808
900	853
900	881
900	883
900	910
900	968
900	987
901	51
901	148
901	191
901	273
901	355
901	410
901	474
901	486
901	515
901	614
901	616
901	671
901	690
901	694
901	700
901	825
901	946
901	955
901	985
901	987
901	988
902	58
902	169
902	208
902	337
902	414
902	511
902	548
902	599
902	600
902	743
902	754
902	780
902	803
902	804
902	823
902	877
902	892
902	912
902	942
902	956
902	986
903	190
903	242
903	270
903	275
903	360
903	391
903	453
903	455
903	519
903	628
903	644
903	687
903	765
903	861
903	872
903	891
903	895
903	911
903	934
903	962
903	972
904	387
904	425
904	624
904	647
904	699
904	759
904	783
904	795
904	854
904	878
904	914
904	925
904	964
904	973
904	976
904	989
904	1000
905	64
905	105
905	296
905	322
905	384
905	423
905	457
905	517
905	632
905	695
905	727
905	732
905	776
905	857
905	867
905	868
905	910
905	913
905	926
905	958
905	975
905	987
906	60
906	177
906	197
906	229
906	361
906	364
906	466
906	549
906	612
906	683
906	724
906	731
906	744
906	811
906	840
906	867
906	876
906	909
906	918
906	990
906	993
906	996
907	8
907	132
907	226
907	351
907	373
907	407
907	646
907	743
907	768
907	801
907	869
907	887
907	908
907	912
907	933
907	960
907	965
908	351
908	353
908	373
908	407
908	646
908	768
908	801
908	828
908	836
908	907
908	912
908	932
908	933
908	951
908	956
908	965
909	99
909	287
909	344
909	389
909	445
909	455
909	580
909	619
909	724
909	756
909	763
909	811
909	813
909	840
909	856
909	857
909	863
909	869
909	876
909	906
909	915
909	976
909	993
910	121
910	490
910	527
910	600
910	605
910	688
910	711
910	734
910	755
910	762
910	773
910	822
910	850
910	870
910	887
910	900
910	905
910	925
910	932
910	937
910	950
910	958
910	981
911	242
911	321
911	391
911	447
911	453
911	514
911	628
911	644
911	647
911	676
911	687
911	730
911	765
911	799
911	824
911	853
911	861
911	895
911	903
911	934
911	962
911	975
911	978
912	26
912	120
912	206
912	253
912	351
912	373
912	407
912	528
912	624
912	646
912	692
912	768
912	776
912	801
912	824
912	902
912	907
912	908
912	927
912	933
912	935
912	965
912	967
913	59
913	64
913	70
913	105
913	322
913	350
913	384
913	423
913	457
913	530
913	632
913	695
913	727
913	732
913	777
913	857
913	863
913	868
913	905
913	933
913	975
913	979
913	987
914	96
914	454
914	502
914	513
914	568
914	624
914	647
914	699
914	741
914	783
914	795
914	840
914	878
914	904
914	950
914	959
914	973
914	976
914	989
914	1000
915	112
915	175
915	641
915	714
915	781
915	808
915	832
915	846
915	862
915	909
915	921
915	935
915	941
915	964
915	966
915	973
915	974
915	980
915	981
915	994
915	997
915	999
915	1000
916	98
916	141
916	313
916	430
916	498
916	581
916	588
916	601
916	671
916	721
916	751
916	820
916	837
916	839
916	851
916	873
916	924
916	953
916	960
916	964
916	966
916	968
916	986
917	139
917	193
917	253
917	283
917	406
917	411
917	444
917	463
917	516
917	536
917	565
917	623
917	630
917	698
917	722
917	784
917	823
917	836
917	853
917	967
917	975
917	985
917	996
918	228
918	284
918	674
918	815
918	829
918	845
918	874
918	886
918	894
918	899
918	906
918	926
918	927
918	968
918	969
918	980
918	981
918	982
918	984
918	986
918	989
918	992
918	993
919	22
919	117
919	167
919	199
919	233
919	282
919	309
919	317
919	522
919	749
919	762
919	796
919	799
919	826
919	835
919	845
919	889
919	894
919	920
919	922
919	925
919	967
919	992
920	44
920	82
920	177
920	182
920	203
920	343
920	520
920	720
920	749
920	758
920	799
920	810
920	835
920	844
920	859
920	894
920	895
920	919
920	922
920	925
920	967
920	969
920	971
920	986
921	53
921	67
921	88
921	193
921	195
921	210
921	243
921	292
921	311
921	392
921	507
921	558
921	595
921	621
921	652
921	723
921	786
921	800
921	808
921	850
921	857
921	880
921	915
921	997
922	177
922	282
922	314
922	439
922	471
922	573
922	636
922	648
922	713
922	724
922	749
922	787
922	810
922	815
922	859
922	872
922	894
922	919
922	920
922	925
922	939
922	965
922	967
922	998
923	1
923	133
923	161
923	185
923	203
923	214
923	216
923	238
923	469
923	497
923	539
923	548
923	560
923	665
923	669
923	807
923	814
923	842
923	871
923	887
923	929
923	932
923	948
923	952
924	28
924	47
924	71
924	345
924	401
924	440
924	493
924	498
924	550
924	588
924	595
924	601
924	609
924	640
924	656
924	751
924	820
924	837
924	916
924	940
924	953
924	960
924	968
924	986
924	989
925	18
925	22
925	167
925	195
925	265
925	410
925	439
925	501
925	575
925	683
925	749
925	799
925	810
925	815
925	835
925	875
925	890
925	894
925	904
925	910
925	919
925	920
925	922
925	967
925	995
926	152
926	163
926	189
926	212
926	314
926	376
926	438
926	460
926	462
926	534
926	545
926	706
926	715
926	743
926	767
926	835
926	845
926	846
926	856
926	868
926	905
926	918
926	928
926	969
926	987
926	996
927	55
927	156
927	353
927	498
927	561
927	664
927	728
927	819
927	827
927	861
927	862
927	863
927	869
927	892
927	912
927	918
927	935
927	950
927	962
927	972
927	980
927	984
927	995
927	997
927	998
928	79
928	254
928	386
928	389
928	450
928	507
928	663
928	716
928	734
928	809
928	812
928	855
928	880
928	884
928	885
928	893
928	926
928	930
928	954
928	965
928	970
928	973
928	974
928	984
928	987
928	994
929	180
929	196
929	234
929	266
929	368
929	447
929	467
929	503
929	537
929	554
929	569
929	578
929	620
929	735
929	752
929	847
929	850
929	879
929	886
929	891
929	899
929	923
929	939
929	966
929	981
929	990
929	996
930	5
930	7
930	12
930	184
930	379
930	450
930	499
930	533
930	663
930	675
930	809
930	812
930	855
930	880
930	885
930	893
930	894
930	928
930	936
930	939
930	943
930	954
930	955
930	970
930	974
930	994
930	1000
931	31
931	120
931	143
931	399
931	452
931	458
931	482
931	487
931	515
931	611
931	626
931	657
931	658
931	664
931	737
931	767
931	774
931	807
931	833
931	859
931	890
931	896
931	933
931	938
931	941
931	980
931	1000
932	1
932	40
932	87
932	161
932	195
932	206
932	214
932	409
932	469
932	497
932	539
932	560
932	669
932	728
932	814
932	823
932	826
932	840
932	842
932	853
932	871
932	887
932	908
932	910
932	923
932	955
932	970
933	21
933	30
933	413
933	487
933	501
933	582
933	688
933	728
933	795
933	862
933	875
933	888
933	892
933	907
933	908
933	912
933	913
933	931
933	935
933	938
933	946
933	962
933	966
933	980
933	981
933	987
933	991
934	43
934	136
934	190
934	206
934	227
934	291
934	302
934	360
934	386
934	391
934	453
934	519
934	628
934	644
934	658
934	682
934	687
934	747
934	765
934	798
934	827
934	842
934	850
934	861
934	895
934	903
934	911
934	962
935	61
935	155
935	184
935	327
935	466
935	472
935	504
935	615
935	619
935	638
935	793
935	802
935	824
935	829
935	843
935	864
935	867
935	878
935	879
935	912
935	915
935	927
935	933
935	975
935	978
935	984
935	990
935	995
936	32
936	140
936	179
936	187
936	218
936	250
936	300
936	491
936	506
936	546
936	558
936	564
936	565
936	570
936	594
936	631
936	667
936	692
936	710
936	748
936	759
936	875
936	930
936	939
936	952
936	976
936	982
936	996
937	235
937	267
937	276
937	302
937	419
937	428
937	469
937	656
937	709
937	712
937	751
937	793
937	816
937	865
937	882
937	897
937	910
937	940
937	957
937	959
938	17
938	92
938	134
938	135
938	178
938	216
938	293
938	294
938	315
938	369
938	388
938	489
938	576
938	593
938	625
938	669
938	675
938	682
938	708
938	757
938	791
938	931
938	933
938	946
938	952
938	976
938	990
938	996
939	206
939	250
939	377
939	470
939	524
939	546
939	729
939	799
939	813
939	821
939	831
939	850
939	893
939	897
939	922
939	929
939	930
939	936
939	957
939	959
939	963
939	967
939	981
939	985
939	988
939	992
939	994
939	998
940	85
940	112
940	125
940	151
940	208
940	215
940	220
940	235
940	267
940	276
940	419
940	428
940	679
940	712
940	719
940	721
940	816
940	837
940	865
940	882
940	924
940	937
940	952
940	957
940	959
941	31
941	70
941	110
941	291
941	298
941	406
941	409
941	443
941	452
941	461
941	584
941	657
941	664
941	688
941	689
941	737
941	790
941	807
941	826
941	833
941	859
941	882
941	890
941	915
941	931
941	958
941	960
941	980
942	50
942	52
942	83
942	114
942	142
942	169
942	206
942	208
942	262
942	337
942	447
942	511
942	525
942	577
942	645
942	684
942	716
942	723
942	754
942	779
942	780
942	803
942	804
942	829
942	856
942	884
942	902
942	956
942	997
943	24
943	69
943	90
943	159
943	194
943	209
943	229
943	236
943	251
943	319
943	382
943	413
943	443
943	446
943	516
943	520
943	522
943	540
943	566
943	606
943	681
943	750
943	802
943	866
943	930
943	948
943	970
943	990
943	992
944	33
944	203
944	207
944	517
944	672
944	680
944	691
944	703
944	745
944	771
944	775
944	838
944	841
944	847
944	872
944	951
944	963
944	964
944	972
944	997
944	998
945	37
945	132
945	171
945	201
945	256
945	270
945	329
945	386
945	420
945	464
945	507
945	522
945	594
945	631
945	633
945	650
945	675
945	693
945	702
945	713
945	759
945	764
945	775
945	784
945	858
945	865
945	871
945	982
945	987
946	92
946	135
946	178
946	216
946	219
946	284
946	294
946	315
946	369
946	388
946	576
946	593
946	625
946	626
946	669
946	708
946	716
946	757
946	791
946	829
946	830
946	853
946	857
946	901
946	933
946	938
946	952
946	958
946	986
946	992
947	23
947	126
947	130
947	285
947	320
947	334
947	346
947	587
947	622
947	645
947	667
947	739
947	759
947	766
947	822
947	875
947	883
947	963
947	965
947	975
947	979
947	995
948	69
948	90
948	159
948	194
948	209
948	229
948	236
948	237
948	251
948	258
948	291
948	293
948	319
948	382
948	406
948	433
948	446
948	458
948	536
948	606
948	747
948	814
948	866
948	881
948	923
948	943
948	961
948	965
948	975
948	990
948	1000
949	101
949	145
949	160
949	245
949	263
949	297
949	388
949	418
949	457
949	477
949	514
949	528
949	583
949	591
949	594
949	597
949	600
949	637
949	666
949	700
949	714
949	716
949	760
949	773
949	805
949	822
949	836
949	849
949	854
949	978
949	999
950	40
950	117
950	131
950	193
950	200
950	202
950	244
950	276
950	291
950	317
950	336
950	349
950	352
950	454
950	523
950	582
950	601
950	602
950	730
950	788
950	828
950	834
950	881
950	889
950	891
950	910
950	914
950	927
950	958
950	991
950	994
951	263
951	422
951	445
951	481
951	672
951	680
951	696
951	745
951	771
951	775
951	847
951	872
951	887
951	908
951	944
951	960
951	964
951	972
951	978
951	997
951	998
952	37
952	174
952	303
952	410
952	415
952	502
952	521
952	564
952	634
952	694
952	704
952	707
952	753
952	779
952	827
952	893
952	923
952	936
952	938
952	940
952	946
952	954
952	957
952	959
952	969
952	971
952	974
952	980
952	991
952	996
952	997
953	188
953	241
953	313
953	345
953	401
953	430
953	493
953	498
953	540
953	550
953	566
953	571
953	581
953	588
953	601
953	637
953	677
953	682
953	726
953	738
953	751
953	820
953	837
953	916
953	924
953	956
953	960
953	967
953	968
953	977
953	986
953	988
954	12
954	79
954	389
954	456
954	459
954	494
954	499
954	552
954	585
954	663
954	734
954	809
954	812
954	823
954	848
954	855
954	867
954	878
954	880
954	885
954	893
954	928
954	930
954	952
954	957
954	965
954	966
954	970
954	974
954	980
954	994
954	998
955	282
955	385
955	434
955	486
955	489
955	500
955	526
955	640
955	694
955	697
955	777
955	782
955	798
955	805
955	897
955	899
955	901
955	930
955	932
955	966
955	968
955	970
955	971
955	972
955	979
955	981
955	986
955	991
955	994
955	997
955	998
955	999
956	50
956	52
956	58
956	114
956	142
956	169
956	183
956	208
956	258
956	337
956	343
956	406
956	511
956	558
956	645
956	701
956	707
956	720
956	754
956	780
956	803
956	804
956	815
956	823
956	884
956	885
956	890
956	902
956	908
956	942
956	953
956	979
957	85
957	112
957	151
957	153
957	215
957	235
957	267
957	276
957	419
957	428
957	495
957	627
957	712
957	765
957	816
957	826
957	830
957	858
957	865
957	882
957	937
957	939
957	940
957	952
957	954
957	959
957	973
958	40
958	107
958	117
958	183
958	200
958	213
958	244
958	336
958	352
958	454
958	523
958	561
958	582
958	661
958	710
958	721
958	776
958	788
958	828
958	834
958	881
958	884
958	888
958	889
958	891
958	905
958	910
958	941
958	946
958	950
958	974
958	992
959	85
959	112
959	139
959	151
959	215
959	235
959	267
959	276
959	278
959	419
959	428
959	496
959	517
959	584
959	663
959	712
959	713
959	727
959	800
959	816
959	823
959	865
959	882
959	914
959	937
959	939
959	940
959	952
959	957
959	964
959	970
959	972
959	997
960	8
960	27
960	47
960	141
960	205
960	241
960	345
960	347
960	447
960	483
960	493
960	498
960	550
960	566
960	601
960	631
960	657
960	665
960	705
960	751
960	813
960	820
960	837
960	878
960	884
960	907
960	916
960	924
960	941
960	951
960	953
960	968
960	986
961	46
961	106
961	225
961	262
961	306
961	325
961	380
961	401
961	405
961	451
961	513
961	540
961	547
961	598
961	603
961	612
961	651
961	656
961	677
961	692
961	696
961	701
961	748
961	756
961	759
961	792
961	844
961	860
961	881
961	948
961	974
961	982
961	989
962	43
962	190
962	199
962	203
962	226
962	242
962	293
962	313
962	340
962	360
962	405
962	453
962	496
962	519
962	556
962	628
962	644
962	687
962	743
962	765
962	806
962	853
962	856
962	861
962	893
962	895
962	903
962	911
962	927
962	933
962	934
962	983
962	996
963	23
963	39
963	67
963	83
963	87
963	130
963	202
963	226
963	291
963	293
963	334
963	346
963	371
963	375
963	386
963	447
963	516
963	548
963	599
963	622
963	739
963	789
963	797
963	822
963	882
963	883
963	939
963	944
963	947
963	965
963	975
963	976
963	1000
964	28
964	39
964	165
964	192
964	196
964	272
964	333
964	362
964	436
964	449
964	659
964	672
964	680
964	701
964	745
964	771
964	775
964	847
964	872
964	892
964	904
964	915
964	916
964	944
964	951
964	959
964	972
964	977
964	984
964	997
964	998
965	157
965	384
965	387
965	478
965	485
965	515
965	564
965	605
965	710
965	742
965	787
965	831
965	835
965	845
965	864
965	869
965	883
965	907
965	908
965	912
965	922
965	928
965	947
965	948
965	954
965	963
965	971
965	972
965	983
965	985
965	988
965	991
965	997
965	998
966	47
966	67
966	84
966	180
966	196
966	234
966	266
966	368
966	467
966	482
966	496
966	503
966	537
966	554
966	578
966	609
966	620
966	654
966	735
966	747
966	793
966	796
966	850
966	857
966	899
966	915
966	916
966	929
966	933
966	954
966	955
966	967
966	981
966	990
967	11
967	13
967	22
967	44
967	81
967	82
967	121
967	199
967	212
967	282
967	309
967	367
967	406
967	439
967	471
967	573
967	648
967	692
967	725
967	772
967	786
967	787
967	810
967	815
967	894
967	912
967	917
967	919
967	920
967	922
967	925
967	939
967	953
967	966
968	8
968	71
968	98
968	115
968	241
968	313
968	345
968	401
968	421
968	430
968	493
968	550
968	566
968	581
968	588
968	591
968	677
968	692
968	702
968	751
968	753
968	813
968	820
968	837
968	891
968	900
968	916
968	918
968	924
968	953
968	955
968	960
968	980
968	986
969	49
969	101
969	152
969	163
969	189
969	212
969	314
969	318
969	343
969	358
969	438
969	460
969	462
969	476
969	495
969	520
969	545
969	589
969	665
969	706
969	715
969	743
969	784
969	840
969	842
969	846
969	856
969	890
969	918
969	920
969	926
969	952
969	987
969	996
969	1000
970	7
970	38
970	94
970	118
970	248
970	286
970	293
970	450
970	456
970	494
970	499
970	573
970	585
970	609
970	699
970	723
970	734
970	753
970	784
970	809
970	812
970	855
970	880
970	885
970	886
970	893
970	928
970	930
970	932
970	943
970	954
970	955
970	959
970	974
970	994
971	66
971	109
971	153
971	182
971	207
971	300
971	312
971	381
971	469
971	485
971	499
971	510
971	523
971	587
971	589
971	614
971	640
971	643
971	649
971	678
971	691
971	707
971	733
971	768
971	806
971	817
971	819
971	853
971	857
971	920
971	952
971	955
971	965
971	987
971	991
972	26
972	39
972	87
972	94
972	98
972	131
972	158
972	181
972	226
972	272
972	390
972	436
972	443
972	449
972	536
972	630
972	660
972	672
972	680
972	745
972	771
972	775
972	838
972	847
972	869
972	872
972	903
972	927
972	944
972	951
972	955
972	959
972	964
972	965
972	997
972	998
973	99
973	376
973	391
973	400
973	406
973	420
973	433
973	441
973	465
973	502
973	568
973	591
973	624
973	632
973	647
973	699
973	783
973	784
973	793
973	795
973	826
973	853
973	878
973	904
973	914
973	915
973	928
973	957
973	976
973	979
973	989
973	998
973	1000
974	7
974	12
974	69
974	72
974	118
974	248
974	254
974	319
974	356
974	389
974	456
974	494
974	499
974	547
974	585
974	662
974	663
974	734
974	809
974	812
974	845
974	855
974	873
974	880
974	885
974	893
974	899
974	915
974	928
974	930
974	952
974	954
974	958
974	961
974	970
974	992
974	994
975	21
975	146
975	162
975	264
975	350
975	476
975	481
975	488
975	526
975	532
975	559
975	621
975	649
975	671
975	673
975	779
975	786
975	825
975	827
975	830
975	861
975	879
975	883
975	905
975	911
975	913
975	917
975	935
975	947
975	948
975	963
975	980
975	984
975	985
975	988
975	990
975	995
975	999
976	19
976	50
976	68
976	73
976	129
976	136
976	137
976	149
976	160
976	195
976	376
976	400
976	433
976	441
976	465
976	502
976	522
976	540
976	568
976	573
976	624
976	647
976	692
976	699
976	783
976	795
976	838
976	863
976	878
976	904
976	909
976	914
976	936
976	938
976	963
976	973
976	985
976	989
976	1000
977	86
977	95
977	147
977	168
977	230
977	253
977	275
977	298
977	304
977	342
977	349
977	363
977	480
977	492
977	500
977	542
977	658
977	665
977	676
977	725
977	818
977	823
977	851
977	854
977	865
977	953
977	964
977	978
977	981
977	982
977	985
977	992
978	14
978	238
978	263
978	269
978	271
978	379
978	431
978	438
978	562
978	569
978	625
978	649
978	653
978	671
978	696
978	744
978	773
978	778
978	802
978	825
978	831
978	836
978	838
978	839
978	844
978	898
978	911
978	935
978	949
978	951
978	977
978	981
978	983
978	984
978	985
978	988
978	990
978	995
978	999
979	11
979	24
979	25
979	26
979	91
979	97
979	134
979	233
979	238
979	257
979	274
979	340
979	405
979	540
979	565
979	570
979	607
979	681
979	709
979	710
979	716
979	740
979	746
979	823
979	833
979	849
979	853
979	863
979	868
979	870
979	877
979	897
979	913
979	947
979	955
979	956
979	973
979	994
979	996
980	11
980	16
980	31
980	110
980	206
980	227
980	273
980	278
980	443
980	468
980	484
980	487
980	540
980	584
980	653
980	657
980	664
980	670
980	682
980	737
980	758
980	759
980	767
980	774
980	784
980	807
980	833
980	859
980	890
980	915
980	918
980	927
980	931
980	933
980	941
980	952
980	954
980	968
980	975
980	999
981	7
981	84
981	180
981	196
981	202
981	225
981	234
981	266
981	368
981	428
981	467
981	503
981	537
981	551
981	554
981	578
981	602
981	620
981	689
981	693
981	705
981	735
981	738
981	760
981	850
981	898
981	899
981	910
981	915
981	918
981	929
981	933
981	939
981	955
981	966
981	977
981	978
981	983
981	987
981	990
981	996
982	78
982	86
982	95
982	113
982	115
982	147
982	168
982	230
982	244
982	265
982	275
982	279
982	304
982	342
982	349
982	363
982	480
982	492
982	500
982	542
982	615
982	643
982	644
982	658
982	676
982	756
982	792
982	818
982	824
982	851
982	857
982	918
982	936
982	945
982	961
982	977
982	992
983	20
983	56
983	138
983	202
983	204
983	205
983	270
983	306
983	318
983	324
983	395
983	411
983	417
983	464
983	485
983	553
983	558
983	563
983	565
983	575
983	594
983	609
983	655
983	682
983	689
983	697
983	722
983	730
983	738
983	750
983	779
983	784
983	792
983	864
983	876
983	882
983	962
983	965
983	978
983	981
983	1000
984	11
984	61
984	83
984	85
984	155
984	184
984	185
984	187
984	219
984	221
984	269
984	327
984	386
984	388
984	411
984	466
984	472
984	504
984	599
984	605
984	615
984	619
984	638
984	764
984	791
984	793
984	802
984	803
984	829
984	843
984	879
984	884
984	889
984	899
984	918
984	927
984	928
984	935
984	964
984	975
984	978
984	995
985	29
985	51
985	148
985	191
985	193
985	222
985	273
985	328
985	329
985	355
985	383
985	392
985	451
985	455
985	474
985	486
985	515
985	516
985	579
985	616
985	631
985	665
985	690
985	700
985	738
985	824
985	825
985	836
985	853
985	860
985	901
985	917
985	939
985	965
985	975
985	976
985	977
985	978
985	987
985	988
985	991
985	996
986	8
986	47
986	71
986	188
986	205
986	241
986	306
986	347
986	382
986	401
986	430
986	450
986	498
986	499
986	517
986	550
986	566
986	581
986	588
986	601
986	612
986	676
986	751
986	756
986	777
986	801
986	820
986	837
986	858
986	863
986	880
986	884
986	902
986	916
986	918
986	920
986	924
986	946
986	953
986	955
986	960
986	968
987	111
987	301
987	326
987	335
987	365
987	378
987	423
987	435
987	450
987	562
987	572
987	605
987	641
987	653
987	678
987	700
987	706
987	721
987	732
987	733
987	805
987	838
987	845
987	850
987	864
987	898
987	899
987	900
987	901
987	905
987	913
987	926
987	928
987	933
987	945
987	969
987	971
987	981
987	985
987	988
987	991
987	996
987	999
988	22
988	29
988	40
988	51
988	148
988	185
988	191
988	202
988	222
988	224
988	226
988	273
988	285
988	293
988	335
988	355
988	383
988	474
988	486
988	515
988	536
988	616
988	626
988	681
988	690
988	700
988	745
988	785
988	825
988	831
988	884
988	887
988	901
988	939
988	953
988	965
988	975
988	978
988	985
988	987
988	990
988	996
988	998
989	19
989	68
989	89
989	129
989	136
989	137
989	149
989	214
989	298
989	312
989	343
989	346
989	376
989	400
989	433
989	441
989	465
989	502
989	560
989	565
989	568
989	599
989	624
989	647
989	665
989	699
989	719
989	731
989	742
989	755
989	783
989	795
989	800
989	833
989	857
989	878
989	904
989	914
989	918
989	924
989	961
989	973
989	976
989	1000
990	60
990	93
990	249
990	268
990	344
990	385
990	389
990	473
990	482
990	530
990	547
990	549
990	550
990	552
990	571
990	606
990	611
990	618
990	634
990	677
990	680
990	683
990	701
990	703
990	718
990	752
990	769
990	839
990	841
990	850
990	862
990	866
990	886
990	906
990	929
990	935
990	938
990	943
990	948
990	966
990	975
990	978
990	981
990	988
990	992
991	66
991	88
991	109
991	138
991	153
991	161
991	203
991	207
991	252
991	289
991	312
991	381
991	386
991	458
991	463
991	510
991	558
991	587
991	589
991	614
991	618
991	640
991	678
991	691
991	707
991	733
991	735
991	776
991	778
991	801
991	806
991	807
991	817
991	844
991	853
991	870
991	933
991	950
991	952
991	955
991	965
991	971
991	985
991	987
991	995
992	67
992	86
992	95
992	147
992	152
992	160
992	168
992	198
992	230
992	237
992	275
992	304
992	306
992	342
992	349
992	363
992	463
992	480
992	492
992	500
992	542
992	583
992	658
992	676
992	692
992	705
992	710
992	750
992	759
992	773
992	804
992	805
992	818
992	824
992	851
992	918
992	919
992	939
992	943
992	946
992	958
992	974
992	977
992	982
992	990
993	42
993	59
993	99
993	109
993	206
993	220
993	261
993	284
993	287
993	308
993	361
993	364
993	383
993	398
993	445
993	516
993	549
993	577
993	580
993	602
993	626
993	641
993	705
993	722
993	724
993	731
993	732
993	745
993	756
993	763
993	767
993	811
993	813
993	840
993	844
993	857
993	863
993	867
993	876
993	906
993	909
993	918
993	994
993	996
993	997
994	5
994	72
994	79
994	94
994	248
994	254
994	292
994	306
994	389
994	441
994	450
994	456
994	465
994	494
994	499
994	566
994	585
994	594
994	613
994	631
994	639
994	663
994	695
994	734
994	750
994	774
994	798
994	809
994	812
994	823
994	855
994	880
994	885
994	888
994	893
994	915
994	928
994	930
994	939
994	950
994	954
994	955
994	970
994	974
994	979
994	993
995	61
995	121
995	129
995	155
995	160
995	183
995	184
995	206
995	219
995	221
995	278
995	298
995	327
995	466
995	472
995	493
995	504
995	525
995	536
995	585
995	605
995	615
995	619
995	638
995	668
995	682
995	692
995	705
995	707
995	730
995	766
995	789
995	793
995	802
995	803
995	829
995	843
995	879
995	884
995	925
995	927
995	935
995	947
995	975
995	978
995	984
995	991
996	59
996	179
996	288
996	335
996	409
996	423
996	445
996	461
996	479
996	528
996	555
996	599
996	620
996	623
996	630
996	644
996	667
996	668
996	703
996	706
996	781
996	832
996	836
996	838
996	846
996	849
996	866
996	874
996	877
996	897
996	898
996	899
996	906
996	917
996	926
996	929
996	936
996	938
996	952
996	962
996	969
996	979
996	981
996	985
996	987
996	988
996	993
997	28
997	113
997	131
997	158
997	165
997	181
997	192
997	272
997	318
997	402
997	405
997	436
997	447
997	449
997	488
997	636
997	642
997	672
997	680
997	738
997	745
997	761
997	770
997	771
997	775
997	784
997	798
997	800
997	824
997	826
997	847
997	854
997	872
997	887
997	892
997	915
997	921
997	927
997	942
997	944
997	951
997	952
997	955
997	959
997	964
997	965
997	972
997	993
997	998
998	28
998	39
998	131
998	158
998	165
998	181
998	192
998	215
998	233
998	258
998	272
998	340
998	350
998	364
998	436
998	449
998	550
998	631
998	661
998	672
998	680
998	681
998	717
998	730
998	745
998	771
998	775
998	778
998	784
998	800
998	826
998	847
998	866
998	872
998	898
998	899
998	922
998	927
998	939
998	944
998	951
998	954
998	955
998	964
998	965
998	972
998	973
998	988
998	997
999	38
999	57
999	68
999	83
999	97
999	135
999	193
999	198
999	226
999	245
999	248
999	263
999	285
999	293
999	297
999	301
999	338
999	418
999	475
999	477
999	514
999	526
999	528
999	548
999	583
999	591
999	597
999	600
999	637
999	666
999	681
999	760
999	773
999	776
999	805
999	816
999	832
999	833
999	854
999	863
999	872
999	915
999	949
999	955
999	975
999	978
999	980
999	987
999	1000
1000	19
1000	68
1000	129
1000	136
1000	137
1000	149
1000	203
1000	237
1000	278
1000	337
1000	376
1000	400
1000	411
1000	433
1000	441
1000	463
1000	465
1000	479
1000	502
1000	544
1000	551
1000	558
1000	568
1000	594
1000	624
1000	645
1000	647
1000	699
1000	783
1000	790
1000	795
1000	824
1000	826
1000	857
1000	877
1000	878
1000	879
1000	904
1000	914
1000	915
1000	930
1000	931
1000	948
1000	963
1000	969
1000	973
1000	976
1000	983
1000	989
1000	999
