145 163 177 182 192 2 225 235 253 261 305 316 344 345 390 406 447 456 46 547 603 622 709 732 751 778 800 858 882 915 925 941 949 969 973 988 
114 139 191 193 203 222 236 31 311 315 338 367 426 592 703 718 754 759 766 771 789 865 924 986
169 17 178 19 237 268 281 360 402 458 492 516 541 643 757 761 77 833 837 861 887 889 900 911 928
189 266 280 467 471 610 656 677 7 737 769 772 824 840 842 913 988
142 154 159 20 23 561 617 641 705 756 770 84
147 184 210 218 22 227 237 260 32 320 324 330 347 361 370 39 445 468 487 496 5 613 640 652 665 666 696 699 780 793 809 844 864 885 89 902 903 906 908 920 932 952 96 965 978 982 989
103 115 117 119 134 140 141 187 213 219 244 247 343 349 387 394 398 403 422 430 441 498 508 521 549 555 582 600 642 657 659 679 688 712 76 797 801 807 828 853 856 862 894 895 91 935
215 229 368 397 473 517 528 567 57 604 633 64 680
205 248 249 257 344 364 425 432 442 443 584 586 650 661 713 739 741 808 822 843
10 270 357 411 415 42 433 464 648 678 68 682 794
112 135 161 180 194 196 226 252 34 366 412 474 507 51 514 537 620 694 708 738 744 748 78 796 863 87 90 951 985 995
131 136 228 284 314 388 393 418 419 431 45 461 462 490 500 512 520 524 534 570 580 618 624 636 66 71 719 72 743 75 750 776 792 836 846 901 942 945 958 980 987 991 994 996 997 998
144 250 30 306 401 489 491 531 632 669 679 777 913
153 181 199 20 230 241 256 265 273 276 298 312 328 333 371 404 421 479 533 539 542 562 566 568 590 647 653 664 733 767 781 811 815 821 829 867 886 889 926 933 939 950 959 963
1000 109 134 148 152 18 188 207 232 246 295 301 31 326 336 352 356 369 380 408 454 463 484 553 556 559 578 596 638 660 676 710 721 726 775 787 802 832 869 891 910 948 955 970 977 990
253 301 319 358 396 495 58 615 690 691 717 735 755 765 786
100 234 251 280 297 310 351 362 41 563 628 637 69 737 74 816 823
125 197 239 242 255 264 275 293 296 317 350 378 384 395 400 410 513 529 538 62 670 674 686 707 716 720 749 754 757 763 806 825 834 845 857 877 878 896 912 929 937 940 946 95 956 97 985 999
120 126 259 303 308 309 327 33 334 385 4 481 506 507 518 56 575 593 598 623 725 727 745 791 875 897 899 902 907 92 98
102 146 198 339 453 463 484 49 523 53 543 673 784 788 798 842 873 950
110 138 151 16 165 170 202 24 258 28 284 341 353 354 362 389 435 48 536 545 548 559 6 602 630 722 730 746 748 799 804 810 847 876 890 9 918 920 953 960 967
101 111 149 167 204 231 29 292 325 399 409 450 519 535 54 628 631 667 711 768 779 783 795 812 827 830
15 157 166 178 263 269 27 286 381 407 458 482 525 578 672 728 839 879 904
13 438 449 522 530 548 608 616 65 658 833 887
12 132 174 214 217 221 224 262 331 376 414 439 450 455 475 494 527 626 635 646 654 683 687 724 817 819 904 905 909 93 943 944 947 964 972 974
107 11 164 172 185 190 206 274 277 290 300 322 332 343 392 423 448 470 477 481 483 513 663 697 715 723 729 73 760 790 843 850 911 921 922 961 963 976
129 25 383 444 469 472 497 499 532 572 585 605
113 173 240 304 307 313 315 318 335 355 375 407 434 44 457 485 504 505 509 511 52 557 560 587 589 599 601 611 689 714 762 803 914 952 966 968 99
1 105 124 133 156 168 195 223 289 320 342 35 359 370 38 40 416 499 569 571 612 635 681 685 706 804 805 841 881 892 924 954 993
466 594 607 634 639 657 662 67 82 83
108 183 194 220 271 287 291 323 405 452 47 488 524 579 60 698 700 736 8 805 838 906 931 936 94 97 986
127 143 186 211 216 337 340 424 546 588 655 818 820 846 85 859 880 888 999
104 130 175 200 208 21 233 279 282 302 346 348 372 381 403 417 422 427 451 465 502 510 515 554 558 564 581 583 613 663 684 744 758 79 813 851 893 919 927 957 979 983
103 150 160 3 372 420 459 480 540 573 581 590 61 619 645 675 68 692 695 70 701 702 747 753 764 814 819 855 86 88 882 883 884 923 934 938 971 975 995
116 118 14 19 238 243 267 285 386 476 541 576 597 627 693 731 782 848 854 901 916 917
162 215 288 526 591 641 668 755 788 81
123 139 155 171 179 201 242 245 254 265 318 329 36 373 374 377 379 428 446 460 478 50 501 550 551 571 577 595 614 621 63 649 671 734 742 773 785 838 849 870 872 930 962 981 984 992
106 122 158 209 283 299 363 429 440 544 552 644 740 774 831 835 871 874 898 903 976
111 128 211 37 382 436 565 59 606 651 67 704 80 856 860 866 868 993
167 176 212 26 272 294 354 365 391 437 486 493 543 55 625 629 826 852
121 137 153 278 321 360 413 43 503 574 609 752 877
