110 18 194 26 271 339 344 360 368 374 436 49 520 589 613 632 652 707 729 768 778 782 8 82 841 858 866 867 899 908 910 912 941 948 962 980 
145 148 154 275 312 34 347 348 364 382 393 428 480 52 552 590 591 67 702 771 788 793 794 828
169 170 200 315 33 341 365 498 559 602 614 619 65 687 747 760 762 857 860 865 907 917 937 950 973
126 146 270 326 338 495 515 663 676 76 776 790 804 854 863 96 980
10 121 122 299 357 607 615 660 705 767 808 85
163 198 20 207 236 24 244 250 267 305 309 32 327 329 356 379 4 40 437 441 470 476 477 533 539 55 550 604 626 687 708 712 75 770 774 820 821 856 882 897 931 940 949 960 970 974 978
129 150 153 195 197 214 223 229 230 253 29 317 336 372 415 43 431 447 475 494 50 551 556 566 575 59 605 640 642 686 699 722 732 798 803 842 846 886 926 928 933 936 954 966 993 995
143 2 349 353 438 442 460 467 677 694 695 748 829
15 187 192 316 320 332 350 427 444 446 451 472 692 710 714 718 723 725 782 83
117 174 206 249 260 313 455 501 514 549 570 600 644
102 12 173 182 231 37 407 424 434 459 464 473 521 582 630 635 657 678 688 735 769 773 784 795 811 918 935 938 971 982
104 112 177 183 242 246 258 262 273 274 282 331 36 362 387 418 452 458 47 504 536 56 583 62 631 638 645 653 698 743 749 797 809 814 815 817 834 859 90 924 942 944 95 956 959 997
107 119 125 176 22 277 405 42 448 722 76 869 92
108 121 131 186 188 215 222 23 31 402 425 461 465 469 471 529 537 544 569 576 578 585 668 674 720 753 777 79 806 827 836 848 853 876 88 893 895 906 915 929 953 973 984 994
1000 11 151 161 164 168 175 193 213 235 237 252 308 319 334 359 377 382 397 404 423 449 46 478 493 51 512 540 563 575 617 648 650 667 721 756 781 792 801 833 877 889 898 900 989 996
124 201 251 255 337 410 525 562 588 617 666 711 728 730 858
290 291 326 328 408 505 515 661 696 761 810 825 850 902 913 920 93
105 156 263 27 296 301 307 311 318 325 333 341 352 358 401 403 413 426 439 499 507 553 560 591 598 60 61 624 627 678 689 69 703 763 785 822 831 843 851 874 894 904 921 947 965 968 98 998
106 109 139 160 181 184 212 241 245 261 288 441 45 473 488 509 535 543 557 579 6 616 716 737 752 754 84 879 885 890 955
100 116 144 151 221 3 338 38 386 44 485 489 491 493 532 592 621 836
113 134 135 158 175 180 182 216 239 259 321 343 346 369 371 389 40 453 502 511 530 546 547 609 62 629 647 701 73 746 775 780 791 80 884 913 930 934 985 990 999
1 166 209 257 304 363 367 375 394 406 409 486 496 505 518 568 606 623 659 66 691 796 875 905 939 972
128 133 172 200 268 293 294 315 384 398 512 522 561 57 63 709 77 81 868
208 286 457 497 498 53 534 547 685 72 772 917
101 130 152 157 217 238 279 280 294 330 354 394 417 420 433 454 503 510 571 584 597 697 738 741 751 755 757 78 813 861 864 878 927 967 97 976
118 120 159 179 211 232 261 269 281 283 289 295 297 395 400 412 429 446 475 513 586 665 672 681 684 69 744 818 832 835 847 853 857 919 952 958 983 987
103 204 205 256 310 390 468 610 658 682 789 87
123 136 137 138 140 142 185 19 220 272 340 355 366 378 381 430 450 474 492 526 573 577 580 651 683 733 739 783 788 838 840 862 868 9 922 960 961
13 180 189 20 256 28 285 324 345 35 481 524 538 567 572 594 64 70 715 731 734 740 742 750 771 878 882 891 901 911 964 988 991
223 300 392 456 462 565 599 618 704 726
210 234 302 356 380 41 418 421 445 48 548 608 673 675 68 688 7 700 717 740 758 800 828 849 883 921 963
202 240 247 306 323 335 388 500 516 523 581 662 727 74 805 830 834 871 998
111 12 141 155 172 203 265 298 30 351 373 415 432 440 447 466 483 5 517 593 611 625 643 670 713 736 764 766 802 824 826 844 856 870 887 91 932 94 958 969 975 977
114 115 127 153 155 165 215 219 233 264 313 314 39 435 443 463 490 574 595 622 633 656 664 679 71 719 736 757 778 784 786 816 86 914 923 945 957 981 986
149 162 171 21 228 278 322 411 482 554 612 645 646 669 690 724 759 787 807 837 865 937
190 2 221 251 266 299 399 419 628 765
14 154 16 178 191 224 225 226 248 254 284 292 342 361 370 383 479 506 528 54 542 564 569 603 634 637 639 641 654 655 680 689 7 739 845 855 881 896 916 925 946 951 979 99 991 992
167 17 196 199 232 25 303 376 385 416 487 519 533 541 555 799 819 880 888 89 943
132 306 414 422 462 58 587 601 636 649 671 691 745 798 872 903 909 988
116 147 218 227 243 276 304 396 484 508 511 558 693 706 823 852 873 892
287 391 527 531 545 596 620 779 812 822 839 860 893
