1	655
1	888
1	988
1	997
2	854
2	933
2	935
2	988
3	711
3	871
3	937
3	995
4	862
4	884
4	890
4	941
5	208
5	420
5	647
5	835
6	205
6	529
6	786
6	948
7	19
7	159
7	682
7	832
8	173
8	256
8	950
8	960
9	388
9	632
9	849
9	966
10	245
10	471
10	486
10	985
11	750
11	887
11	912
11	987
12	196
12	839
12	956
12	986
13	267
13	567
13	744
13	991
14	440
14	824
14	924
14	975
15	340
15	679
15	774
15	842
16	245
16	623
16	693
16	985
17	515
17	808
17	841
17	927
18	695
18	758
18	965
18	976
19	7
19	287
19	914
19	925
20	622
20	753
20	960
20	976
21	600
21	777
21	813
21	943
22	555
22	810
22	817
22	860
23	540
23	786
23	832
23	992
24	679
24	746
24	953
24	998
25	476
25	853
25	894
25	954
26	712
26	744
26	912
26	986
27	548
27	737
27	901
27	999
28	80
28	222
28	785
28	960
29	288
29	749
29	802
29	827
30	522
30	566
30	787
30	893
31	304
31	533
31	568
31	914
32	276
32	824
32	931
32	947
33	177
33	378
33	629
33	903
34	42
34	666
34	894
34	985
35	47
35	365
35	834
35	874
36	199
36	345
36	817
36	961
37	161
37	208
37	400
37	863
38	255
38	648
38	800
38	937
39	768
39	777
39	985
39	990
40	318
40	830
40	938
40	951
41	793
41	860
41	968
41	982
42	34
42	632
42	820
42	974
43	106
43	582
43	641
43	797
44	385
44	916
44	944
44	984
45	185
45	752
45	905
45	979
46	389
46	474
46	675
46	829
47	35
47	312
47	860
47	984
48	271
48	674
48	716
48	980
49	668
49	875
49	958
49	974
50	558
50	913
50	990
50	993
51	198
51	605
51	896
51	899
52	632
52	641
52	842
52	914
53	473
53	505
53	692
53	981
54	808
54	836
54	911
54	970
55	131
55	442
55	535
55	848
56	483
56	845
56	870
56	915
57	711
57	939
57	940
57	951
58	464
58	705
58	764
58	914
59	778
59	874
59	882
59	886
60	373
60	779
60	968
60	997
61	723
61	935
61	957
61	959
62	147
62	289
62	382
62	700
63	220
63	620
63	711
63	977
64	237
64	477
64	636
64	845
65	673
65	728
65	934
65	961
66	837
66	911
66	931
66	995
67	477
67	940
67	984
67	995
68	353
68	774
68	874
68	993
69	595
69	822
69	902
69	980
70	389
70	873
70	948
70	959
71	613
71	860
71	902
71	939
72	262
72	913
72	987
72	999
73	153
73	531
73	934
73	966
74	843
74	861
74	992
74	993
75	509
75	917
75	949
75	965
76	585
76	599
76	880
76	981
77	642
77	759
77	884
77	999
78	81
78	481
78	549
78	729
79	342
79	454
79	897
79	998
80	28
80	212
80	621
80	814
81	78
81	386
81	808
81	953
82	641
82	643
82	924
82	985
83	461
83	497
83	597
83	909
84	414
84	856
84	958
84	996
85	319
85	793
85	963
85	985
86	411
86	638
86	882
86	954
87	346
87	358
87	584
87	840
88	663
88	773
88	832
88	992
89	201
89	613
89	955
89	984
90	668
90	872
90	883
90	942
91	399
91	503
91	921
91	926
92	402
92	822
92	884
92	995
93	508
93	897
93	943
93	977
94	314
94	425
94	760
94	872
95	587
95	938
95	969
95	991
96	588
96	770
96	871
96	999
97	265
97	419
97	751
97	1000
98	739
98	841
98	869
98	944
99	137
99	709
99	732
99	974
100	828
100	945
100	948
100	998
101	203
101	501
101	970
101	980
102	664
102	807
102	965
102	987
103	110
103	532
103	556
103	902
104	315
104	459
104	950
104	952
105	782
105	933
105	935
105	959
106	43
106	273
106	939
106	975
107	256
107	792
107	814
107	833
108	755
108	853
108	914
108	985
109	645
109	691
109	703
109	983
110	103
110	652
110	904
110	982
111	359
111	360
111	581
111	730
112	349
112	719
112	954
112	968
113	515
113	756
113	913
113	989
114	403
114	841
114	894
114	942
115	530
115	769
115	833
115	969
116	320
116	495
116	768
116	930
117	515
117	532
117	598
117	975
118	663
118	922
118	923
118	992
119	618
119	863
119	951
119	977
120	500
120	520
120	681
120	928
121	424
121	946
121	961
121	988
122	521
122	748
122	883
122	961
123	721
123	856
123	959
123	1000
124	180
124	791
124	821
124	841
125	686
125	786
125	965
125	997
126	610
126	920
126	936
126	974
127	333
127	354
127	564
127	947
128	338
128	773
128	970
128	993
129	289
129	325
129	952
129	993
130	543
130	799
130	812
130	989
131	55
131	488
131	799
131	821
132	313
132	567
132	879
132	886
133	652
133	811
133	935
133	1000
134	718
134	780
134	830
134	974
135	663
135	929
135	937
135	986
136	641
136	674
136	898
136	928
137	99
137	646
137	963
137	966
138	548
138	906
138	978
138	989
139	341
139	388
139	458
139	620
140	257
140	895
140	906
140	991
141	335
141	649
141	760
141	949
142	458
142	660
142	872
142	979
143	266
143	621
143	922
143	977
144	661
144	683
144	978
144	992
145	361
145	883
145	891
145	946
146	168
146	679
146	694
146	906
147	62
147	413
147	823
147	914
148	313
148	886
148	943
148	992
149	454
149	942
149	953
149	963
150	617
150	622
150	774
150	988
151	355
151	765
151	902
151	909
152	545
152	948
152	960
152	981
153	73
153	393
153	748
153	890
154	204
154	429
154	745
154	948
155	780
155	787
155	870
155	984
156	286
156	581
156	992
156	993
157	397
157	569
157	700
157	863
158	478
158	812
158	959
158	999
159	7
159	553
159	954
159	992
160	670
160	819
160	843
160	995
161	37
161	364
161	374
161	754
162	427
162	639
162	660
162	772
163	927
163	959
163	972
163	974
164	230
164	583
164	712
164	982
165	230
165	937
165	947
165	999
166	483
166	563
166	644
166	974
167	555
167	645
167	983
167	991
168	146
168	887
168	907
168	958
169	201
169	796
169	863
169	872
170	517
170	895
170	960
170	997
171	273
171	674
171	767
171	952
172	761
172	864
172	992
172	997
173	8
173	334
173	512
173	668
174	525
174	878
174	969
174	979
175	467
175	631
175	747
175	970
176	923
176	932
176	979
176	984
177	33
177	784
177	948
177	983
178	485
178	812
178	955
178	986
179	259
179	260
179	741
179	810
180	124
180	474
180	902
180	928
181	405
181	501
181	770
181	991
182	661
182	693
182	738
182	979
183	460
183	702
183	940
183	998
184	554
184	820
184	970
184	971
185	45
185	881
185	900
185	915
186	637
186	793
186	913
186	963
187	314
187	356
187	636
187	983
188	631
188	764
188	970
188	976
189	673
189	858
189	930
189	945
190	476
190	586
190	690
190	912
191	607
191	693
191	832
191	992
192	246
192	633
192	745
192	991
193	501
193	871
193	948
193	972
194	256
194	905
194	967
194	983
195	540
195	959
195	993
195	1000
196	12
196	725
196	924
196	983
197	614
197	830
197	895
197	958
198	51
198	501
198	510
198	701
199	36
199	615
199	933
199	1000
200	697
200	806
200	859
200	919
201	89
201	169
201	717
201	983
202	697
202	828
202	883
202	913
203	101
203	210
203	563
203	800
204	154
204	768
204	907
204	974
205	6
205	881
205	899
205	912
206	514
206	932
206	987
206	994
207	212
207	929
207	973
207	994
208	5
208	37
208	635
208	921
209	872
209	953
209	964
209	970
210	203
210	514
210	518
210	976
211	590
211	811
211	907
211	953
212	80
212	207
212	265
212	740
213	240
213	379
213	852
213	978
214	485
214	861
214	884
214	948
215	633
215	933
215	939
215	968
216	553
216	589
216	621
216	771
217	745
217	815
217	875
217	931
218	579
218	773
218	907
218	992
219	658
219	810
219	901
219	962
220	63
220	302
220	407
220	975
221	360
221	397
221	961
221	997
222	28
222	574
222	624
222	846
223	731
223	808
223	874
223	989
224	801
224	920
224	925
224	984
225	892
225	926
225	928
225	974
226	556
226	937
226	985
226	986
227	623
227	866
227	938
227	998
228	714
228	950
228	958
228	989
229	240
229	971
229	974
229	992
230	164
230	165
230	354
230	925
230	929
231	309
231	774
231	943
231	968
231	994
232	583
232	665
232	860
232	958
232	970
233	387
233	611
233	905
233	961
233	988
234	273
234	795
234	944
234	959
234	1000
235	626
235	730
235	873
235	917
235	949
236	270
236	474
236	850
236	936
236	994
237	64
237	497
237	776
237	780
237	806
238	862
238	866
238	884
238	894
238	943
239	257
239	486
239	511
239	842
239	985
240	213
240	229
240	806
240	934
240	954
241	338
241	534
241	911
241	972
241	997
242	612
242	873
242	937
242	947
242	986
243	390
243	930
243	976
243	987
243	996
244	783
244	864
244	933
244	959
244	997
245	10
245	16
245	698
245	880
245	961
246	192
246	317
246	715
246	778
246	910
247	315
247	425
247	479
247	726
247	934
248	526
248	540
248	556
248	958
248	970
249	508
249	737
249	799
249	947
249	995
250	672
250	825
250	840
250	929
250	939
251	522
251	924
251	930
251	938
251	971
252	508
252	851
252	906
252	978
252	989
253	499
253	802
253	919
253	954
253	982
254	634
254	736
254	778
254	923
254	940
255	38
255	598
255	667
255	866
255	943
256	8
256	107
256	194
256	785
256	978
257	140
257	239
257	633
257	797
257	806
258	396
258	856
258	885
258	973
258	980
259	179
259	812
259	900
259	980
259	999
260	179
260	691
260	702
260	921
260	982
261	470
261	492
261	597
261	864
261	917
262	72
262	355
262	385
262	710
262	781
263	462
263	939
263	988
263	995
263	998
264	338
264	395
264	842
264	851
264	863
265	97
265	212
265	377
265	411
265	807
266	143
266	393
266	522
266	933
266	935
267	13
267	694
267	767
267	848
267	952
268	752
268	765
268	837
268	938
268	955
269	869
269	909
269	939
269	941
269	984
270	236
270	773
270	832
270	968
270	1000
271	48
271	396
271	950
271	975
271	981
272	723
272	888
272	893
272	925
272	979
273	106
273	171
273	234
273	976
273	991
274	497
274	872
274	898
274	911
274	975
275	639
275	732
275	828
275	971
275	997
276	32
276	365
276	650
276	841
276	995
277	816
277	839
277	840
277	893
277	967
278	585
278	628
278	670
278	776
278	852
279	429
279	655
279	700
279	918
279	999
280	363
280	475
280	887
280	907
280	937
281	368
281	439
281	759
281	951
281	996
282	594
282	675
282	833
282	978
282	994
283	634
283	861
283	927
283	929
283	998
284	505
284	886
284	939
284	975
284	999
285	885
285	944
285	988
285	993
285	999
286	156
286	580
286	748
286	886
286	990
287	19
287	360
287	583
287	714
287	779
288	29
288	344
288	752
288	815
288	943
289	62
289	129
289	645
289	894
289	941
290	591
290	796
290	936
290	939
290	941
291	530
291	688
291	884
291	949
291	983
292	599
292	695
292	818
292	908
292	940
293	560
293	606
293	740
293	781
293	939
294	391
294	606
294	740
294	962
294	972
295	899
295	911
295	967
295	970
295	986
296	605
296	709
296	834
296	914
296	1000
297	697
297	827
297	911
297	961
297	978
298	488
298	724
298	774
298	874
298	906
299	577
299	664
299	739
299	747
299	970
300	742
300	887
300	907
300	959
300	968
301	804
301	893
301	960
301	981
301	983
302	220
302	460
302	975
302	981
302	984
303	324
303	406
303	648
303	864
303	952
304	31
304	348
304	659
304	760
304	859
305	670
305	953
305	993
305	996
305	997
306	389
306	686
306	696
306	871
306	940
307	921
307	934
307	947
307	966
307	998
308	420
308	892
308	916
308	947
308	990
309	231
309	443
309	609
309	823
309	833
310	461
310	759
310	814
310	892
310	912
311	339
311	774
311	834
311	987
311	990
312	47
312	691
312	868
312	872
312	990
313	132
313	148
313	935
313	953
313	1000
314	94
314	187
314	839
314	877
314	895
315	104
315	247
315	401
315	619
315	984
316	336
316	558
316	889
316	891
316	918
317	246
317	709
317	720
317	730
317	1000
318	40
318	541
318	948
318	952
318	980
319	85
319	351
319	535
319	802
319	863
320	116
320	570
320	891
320	932
320	957
321	449
321	712
321	850
321	892
321	928
322	381
322	694
322	976
322	991
322	994
323	655
323	734
323	799
323	969
323	979
324	303
324	423
324	536
324	538
324	592
325	129
325	441
325	830
325	893
325	997
326	577
326	674
326	725
326	797
326	966
327	885
327	926
327	927
327	949
327	992
328	461
328	466
328	540
328	569
328	894
329	659
329	936
329	976
329	983
329	984
330	769
330	949
330	952
330	990
330	998
331	792
331	848
331	901
331	973
331	994
332	712
332	725
332	920
332	934
332	977
333	127
333	391
333	482
333	972
333	999
334	173
334	492
334	513
334	851
334	973
335	141
335	507
335	538
335	597
335	949
336	316
336	466
336	845
336	918
336	959
337	456
337	517
337	651
337	958
337	968
338	128
338	241
338	264
338	891
338	961
339	311
339	620
339	714
339	919
339	980
340	15
340	442
340	779
340	978
340	979
341	139
341	607
341	760
341	892
341	947
342	79
342	627
342	964
342	976
342	982
343	412
343	661
343	760
343	835
343	917
344	288
344	599
344	618
344	972
344	992
345	36
345	514
345	668
345	821
345	831
346	87
346	908
346	957
346	970
346	992
347	494
347	652
347	664
347	978
347	982
348	304
348	561
348	591
348	938
348	1000
349	112
349	642
349	781
349	930
349	976
350	782
350	902
350	936
350	952
350	985
351	319
351	550
351	586
351	861
351	943
352	687
352	779
352	800
352	887
352	956
353	68
353	516
353	628
353	948
353	998
354	127
354	230
354	459
354	716
354	973
355	151
355	262
355	615
355	812
355	898
356	187
356	694
356	783
356	848
356	952
357	456
357	847
357	940
357	990
357	996
358	87
358	770
358	896
358	972
358	982
359	111
359	506
359	789
359	930
359	984
360	111
360	221
360	287
360	551
360	870
361	145
361	650
361	896
361	916
361	989
362	602
362	671
362	838
362	906
362	927
363	280
363	767
363	914
363	950
363	974
364	161
364	493
364	644
364	798
364	804
365	35
365	276
365	769
365	812
365	843
366	489
366	666
366	668
366	776
366	815
367	456
367	790
367	821
367	893
367	919
368	281
368	743
368	773
368	926
368	941
369	478
369	541
369	559
369	577
369	971
370	646
370	660
370	759
370	926
370	952
371	448
371	683
371	759
371	902
371	962
372	828
372	862
372	871
372	905
372	943
373	60
373	793
373	907
373	910
373	968
374	161
374	520
374	775
374	924
374	966
375	383
375	738
375	855
375	915
375	964
376	581
376	794
376	803
376	842
376	943
377	265
377	769
377	829
377	838
377	986
378	33
378	464
378	742
378	834
378	885
379	213
379	810
379	842
379	938
379	981
380	384
380	665
380	691
380	938
380	1000
381	322
381	533
381	820
381	983
381	994
382	62
382	608
382	733
382	858
382	928
383	375
383	723
383	768
383	839
383	919
383	921
384	380
384	513
384	912
384	949
384	952
384	970
385	44
385	262
385	533
385	714
385	980
385	1000
386	81
386	538
386	835
386	869
386	917
386	949
387	233
387	412
387	778
387	880
387	940
387	950
388	9
388	139
388	674
388	744
388	747
388	899
389	46
389	70
389	306
389	946
389	963
389	995
390	243
390	400
390	487
390	520
390	665
390	982
391	294
391	333
391	684
391	686
391	917
391	999
392	643
392	737
392	839
392	911
392	986
392	1000
393	153
393	266
393	570
393	809
393	859
393	988
394	521
394	736
394	780
394	824
394	979
394	981
395	264
395	463
395	758
395	784
395	861
395	980
396	258
396	271
396	399
396	648
396	738
396	972
397	157
397	221
397	488
397	937
397	977
397	992
398	524
398	578
398	699
398	747
398	944
398	973
399	91
399	396
399	633
399	666
399	948
399	989
400	37
400	390
400	695
400	858
400	938
400	987
401	315
401	476
401	785
401	843
401	944
401	979
402	92
402	696
402	707
402	848
402	895
402	924
403	114
403	435
403	438
403	657
403	957
403	974
404	461
404	710
404	812
404	872
404	960
404	980
405	181
405	485
405	540
405	628
405	965
405	986
406	303
406	481
406	572
406	680
406	937
406	986
407	220
407	528
407	576
407	692
407	929
407	986
408	423
408	736
408	836
408	950
408	978
408	989
409	568
409	690
409	768
409	809
409	972
409	999
410	784
410	788
410	870
410	886
410	940
410	951
411	86
411	265
411	757
411	844
411	864
411	917
412	343
412	387
412	578
412	689
412	972
412	978
413	147
413	503
413	670
413	816
413	946
413	988
414	84
414	485
414	826
414	901
414	988
414	992
415	719
415	867
415	894
415	963
415	970
415	993
416	588
416	775
416	902
416	927
416	964
416	966
417	433
417	699
417	727
417	764
417	804
417	970
418	552
418	731
418	819
418	851
418	894
418	962
419	97
419	776
419	806
419	845
419	983
419	994
420	5
420	308
420	576
420	739
420	956
420	977
421	493
421	702
421	887
421	938
421	968
421	996
422	676
422	677
422	807
422	874
422	948
422	988
423	324
423	408
423	560
423	877
423	939
423	986
424	121
424	575
424	734
424	873
424	964
424	972
425	94
425	247
425	642
425	665
425	855
425	991
426	608
426	754
426	946
426	956
426	987
426	996
427	162
427	552
427	706
427	824
427	979
427	990
428	593
428	634
428	898
428	983
428	984
428	991
429	154
429	279
429	697
429	886
429	889
429	958
430	595
430	675
430	759
430	804
430	822
430	878
431	659
431	815
431	876
431	986
431	992
431	994
432	670
432	696
432	896
432	946
432	957
432	989
433	417
433	688
433	704
433	931
433	947
433	972
434	465
434	698
434	914
434	976
434	982
434	988
435	403
435	473
435	823
435	855
435	916
435	921
436	713
436	848
436	875
436	882
436	950
436	981
437	746
437	783
437	855
437	859
437	933
437	954
438	403
438	596
438	683
438	825
438	926
438	997
439	281
439	611
439	864
439	894
439	975
439	993
440	14
440	462
440	505
440	733
440	926
440	996
441	325
441	525
441	785
441	927
441	953
441	969
442	55
442	340
442	816
442	944
442	952
442	978
443	309
443	924
443	930
443	965
443	969
443	991
444	524
444	940
444	943
444	978
444	981
444	995
445	601
445	662
445	786
445	878
445	958
445	991
446	700
446	734
446	749
446	819
446	841
446	972
447	451
447	797
447	861
447	915
447	982
447	999
448	371
448	596
448	612
448	707
448	722
448	852
449	321
449	646
449	656
449	734
449	926
449	951
450	758
450	854
450	898
450	931
450	947
450	985
451	447
451	589
451	629
451	810
451	820
451	982
452	579
452	641
452	662
452	726
452	936
452	959
453	527
453	709
453	719
453	901
453	972
453	992
454	79
454	149
454	472
454	493
454	924
454	964
455	890
455	894
455	946
455	969
455	981
455	982
456	337
456	357
456	367
456	770
456	889
456	907
457	545
457	559
457	791
457	967
457	975
457	981
458	139
458	142
458	533
458	804
458	836
458	999
459	104
459	354
459	643
459	740
459	747
459	873
460	183
460	302
460	498
460	804
460	875
460	958
461	83
461	310
461	328
461	404
461	498
461	830
462	263
462	440
462	542
462	730
462	750
462	989
463	395
463	684
463	698
463	822
463	885
463	899
464	58
464	378
464	726
464	849
464	853
464	909
465	434
465	715
465	868
465	976
465	987
465	988
466	328
466	336
466	476
466	682
466	696
466	851
467	175
467	611
467	872
467	881
467	970
467	999
468	559
468	816
468	824
468	885
468	932
468	971
469	508
469	854
469	862
469	881
469	918
469	943
470	261
470	602
470	847
470	931
470	949
470	982
471	10
471	567
471	783
471	849
471	906
471	996
472	454
472	557
472	640
472	768
472	868
472	925
473	53
473	435
473	746
473	767
473	921
473	933
474	46
474	180
474	236
474	732
474	926
474	927
475	280
475	678
475	746
475	754
475	848
475	876
476	25
476	190
476	401
476	466
476	941
476	981
477	64
477	67
477	762
477	795
477	910
477	982
478	158
478	369
478	842
478	882
478	975
478	989
479	247
479	557
479	748
479	829
479	893
479	966
480	664
480	778
480	969
480	987
480	988
480	991
481	78
481	406
481	600
481	702
481	821
481	952
482	333
482	600
482	694
482	777
482	950
482	952
483	56
483	166
483	688
483	836
483	931
483	990
484	640
484	729
484	889
484	921
484	937
484	939
485	178
485	214
485	405
485	414
485	766
485	821
486	10
486	239
486	703
486	900
486	908
486	992
487	390
487	808
487	860
487	907
487	965
487	968
487	970
488	131
488	298
488	397
488	584
488	625
488	906
488	982
489	366
489	504
489	673
489	792
489	860
489	941
489	946
490	505
490	518
490	919
490	923
490	962
490	982
490	996
491	756
491	954
491	964
491	973
491	975
491	995
491	998
492	261
492	334
492	756
492	853
492	899
492	963
492	975
493	364
493	421
493	454
493	841
493	923
493	941
493	964
494	347
494	685
494	842
494	955
494	957
494	964
494	990
495	116
495	526
495	686
495	703
495	806
495	990
495	994
496	512
496	687
496	755
496	769
496	856
496	926
496	959
497	83
497	237
497	274
497	642
497	821
497	883
497	909
498	460
498	461
498	555
498	651
498	820
498	880
498	1000
499	253
499	796
499	853
499	882
499	890
499	899
499	981
500	120
500	786
500	929
500	933
500	959
500	971
500	1000
501	101
501	181
501	193
501	198
501	928
501	980
501	983
502	781
502	830
502	907
502	938
502	956
502	968
502	980
503	91
503	413
503	712
503	887
503	907
503	920
503	929
504	489
504	507
504	843
504	857
504	946
504	957
504	999
505	53
505	284
505	440
505	490
505	733
505	772
505	814
506	359
506	528
506	825
506	895
506	925
506	941
506	968
507	335
507	504
507	826
507	970
507	972
507	981
507	998
508	93
508	249
508	252
508	469
508	779
508	968
508	973
509	75
509	802
509	818
509	867
509	927
509	949
509	994
510	198
510	848
510	886
510	946
510	952
510	989
510	995
511	239
511	728
511	748
511	790
511	828
511	945
511	962
512	173
512	496
512	656
512	756
512	895
512	903
512	970
513	334
513	384
513	715
513	879
513	897
513	948
513	983
514	206
514	210
514	345
514	829
514	912
514	946
514	994
515	17
515	113
515	117
515	723
515	894
515	985
515	989
516	353
516	533
516	794
516	821
516	908
516	948
516	982
517	170
517	337
517	639
517	904
517	907
517	931
517	960
518	210
518	490
518	676
518	748
518	788
518	790
518	814
519	580
519	607
519	709
519	870
519	903
519	947
519	995
520	120
520	374
520	390
520	704
520	861
520	888
520	962
521	122
521	394
521	738
521	932
521	960
521	981
521	984
522	30
522	251
522	266
522	742
522	891
522	916
522	974
523	784
523	795
523	935
523	944
523	959
523	989
523	996
524	398
524	444
524	653
524	846
524	974
524	980
524	1000
525	174
525	441
525	751
525	808
525	850
525	963
525	991
526	248
526	495
526	934
526	940
526	949
526	952
526	991
527	453
527	697
527	756
527	781
527	792
527	967
527	989
528	407
528	506
528	799
528	838
528	877
528	937
528	986
529	6
529	552
529	655
529	746
529	948
529	993
529	999
530	115
530	291
530	564
530	741
530	821
530	833
530	884
531	73
531	594
531	865
531	913
531	987
531	990
531	994
532	103
532	117
532	729
532	813
532	899
532	936
532	945
533	31
533	381
533	385
533	458
533	516
533	653
533	714
534	241
534	779
534	864
534	907
534	912
534	925
534	949
535	55
535	319
535	574
535	867
535	882
535	967
535	998
536	324
536	601
536	758
536	854
536	857
536	886
536	993
537	586
537	836
537	876
537	885
537	919
537	923
537	996
538	324
538	335
538	386
538	868
538	871
538	949
538	952
539	542
539	607
539	645
539	858
539	923
539	931
539	996
540	23
540	195
540	248
540	328
540	405
540	827
540	832
541	318
541	369
541	770
541	808
541	898
541	953
541	999
542	462
542	539
542	616
542	727
542	826
542	919
542	963
543	130
543	738
543	773
543	774
543	838
543	900
543	992
544	626
544	645
544	667
544	771
544	822
544	914
544	944
545	152
545	457
545	569
545	618
545	693
545	713
545	985
546	594
546	641
546	705
546	787
546	867
546	910
546	994
547	643
547	664
547	699
547	808
547	911
547	966
547	970
548	27
548	138
548	725
548	740
548	743
548	922
548	980
549	78
549	583
549	692
549	955
549	959
549	987
549	1000
550	351
550	823
550	832
550	833
550	884
550	943
550	988
551	360
551	584
551	854
551	861
551	947
551	977
551	980
552	418
552	427
552	529
552	688
552	834
552	908
552	994
553	159
553	216
553	621
553	708
553	771
553	773
553	922
554	184
554	630
554	718
554	874
554	929
554	932
554	986
555	22
555	167
555	498
555	793
555	913
555	968
555	994
556	103
556	226
556	248
556	703
556	849
556	983
556	991
557	472
557	479
557	855
557	947
557	966
557	998
557	999
558	50
558	316
558	655
558	950
558	983
558	989
558	994
559	369
559	457
559	468
559	563
559	732
559	886
559	974
560	293
560	423
560	839
560	895
560	923
560	939
560	941
560	964
561	348
561	908
561	960
561	965
561	969
561	984
561	991
561	994
562	624
562	921
562	922
562	928
562	930
562	940
562	966
562	983
563	166
563	203
563	559
563	714
563	766
563	875
563	974
563	987
564	127
564	530
564	667
564	787
564	917
564	943
564	979
564	987
565	576
565	736
565	755
565	925
565	929
565	932
565	956
565	986
566	30
566	616
566	761
566	843
566	904
566	931
566	942
566	947
567	13
567	132
567	471
567	776
567	914
567	964
567	986
567	990
568	31
568	409
568	771
568	787
568	971
568	973
568	977
568	999
569	157
569	328
569	545
569	940
569	960
569	967
569	978
569	995
570	320
570	393
570	728
570	860
570	885
570	907
570	921
570	968
571	893
571	905
571	943
571	944
571	971
571	978
571	979
571	981
572	406
572	621
572	651
572	700
572	708
572	771
572	964
572	973
573	763
573	778
573	933
573	935
573	956
573	959
573	989
573	996
574	222
574	535
574	845
574	884
574	889
574	899
574	946
574	986
575	424
575	708
575	753
575	795
575	823
575	922
575	973
575	980
576	407
576	420
576	565
576	728
576	815
576	929
576	945
576	956
577	299
577	326
577	369
577	720
577	789
577	924
577	941
577	983
578	398
578	412
578	799
578	880
578	950
578	967
578	978
578	989
579	218
579	452
579	666
579	834
579	855
579	859
579	916
579	923
580	286
580	519
580	697
580	871
580	910
580	951
580	967
580	995
581	111
581	156
581	376
581	833
581	901
581	939
581	974
581	975
582	43
582	702
582	829
582	913
582	946
582	957
582	990
582	994
583	164
583	232
583	287
583	549
583	793
583	907
583	958
583	968
584	87
584	488
584	551
584	695
584	846
584	982
584	992
584	997
585	76
585	278
585	760
585	832
585	852
585	900
585	944
585	967
586	190
586	351
586	537
586	809
586	879
586	915
586	962
586	972
587	95
587	617
587	670
587	792
587	866
587	920
587	942
587	962
588	96
588	416
588	717
588	738
588	800
588	881
588	945
588	957
589	216
589	451
589	846
589	938
589	955
589	976
589	982
589	990
590	211
590	624
590	654
590	759
590	829
590	904
590	934
590	953
591	290
591	348
591	630
591	877
591	907
591	925
591	929
591	986
592	324
592	744
592	804
592	810
592	844
592	956
592	969
592	982
593	428
593	621
593	628
593	789
593	831
593	911
593	912
593	984
594	282
594	531
594	546
594	745
594	766
594	815
594	972
594	983
595	69
595	430
595	678
595	757
595	847
595	936
595	940
595	999
596	438
596	448
596	677
596	683
596	816
596	848
596	951
596	977
597	83
597	261
597	335
597	691
597	864
597	927
597	948
597	949
598	117
598	255
598	643
598	749
598	813
598	928
598	953
598	961
599	76
599	292
599	344
599	762
599	763
599	815
599	832
599	938
600	21
600	481
600	482
600	611
600	768
600	848
600	950
600	952
601	445
601	536
601	610
601	673
601	899
601	934
601	942
601	957
602	362
602	470
602	629
602	674
602	818
602	864
602	917
602	927
603	604
603	702
603	724
603	899
603	963
603	967
603	989
603	993
604	603
604	796
604	825
604	861
604	877
604	915
604	988
604	997
605	51
605	296
605	705
605	956
605	965
605	970
605	991
605	993
606	293
606	294
606	737
606	918
606	920
606	922
606	944
606	973
607	191
607	341
607	519
607	539
607	834
607	919
607	931
607	951
608	382
608	426
608	811
608	825
608	919
608	923
608	982
608	988
609	309
609	623
609	650
609	699
609	809
609	884
609	958
609	970
610	126
610	601
610	755
610	794
610	882
610	890
610	942
610	978
611	233
611	439
611	467
611	600
611	790
611	876
611	888
611	997
612	242
612	448
612	746
612	767
612	822
612	843
612	858
612	953
613	71
613	89
613	672
613	744
613	844
613	901
613	945
613	993
614	197
614	811
614	844
614	851
614	886
614	954
614	993
614	997
615	199
615	355
615	626
615	761
615	837
615	890
615	985
615	991
616	542
616	566
616	686
616	823
616	840
616	923
616	972
616	993
617	150
617	587
617	671
617	716
617	852
617	870
617	930
617	974
618	119
618	344
618	545
618	739
618	807
618	956
618	969
618	994
619	315
619	765
619	783
619	880
619	954
619	960
619	979
619	1000
620	63
620	139
620	339
620	885
620	901
620	915
620	931
620	947
621	80
621	143
621	216
621	553
621	572
621	593
621	973
621	1000
622	20
622	150
622	824
622	865
622	960
622	967
622	979
622	981
622	984
623	16
623	227
623	609
623	697
623	756
623	836
623	857
623	943
623	948
624	222
624	562
624	590
624	853
624	901
624	916
624	957
624	964
624	998
625	488
625	787
625	854
625	916
625	932
625	944
625	951
625	979
625	984
626	235
626	544
626	615
626	896
626	919
626	932
626	979
626	980
626	985
627	342
627	678
627	818
627	889
627	925
627	946
627	957
627	972
627	998
628	278
628	353
628	405
628	593
628	896
628	910
628	948
628	960
628	998
629	33
629	451
629	602
629	782
629	882
629	917
629	925
629	938
629	987
630	554
630	591
630	654
630	680
630	839
630	877
630	925
630	967
630	986
631	175
631	188
631	718
631	721
631	866
631	870
631	886
631	951
631	962
632	9
632	42
632	52
632	804
632	858
632	936
632	958
632	971
632	974
633	192
633	215
633	257
633	399
633	643
633	789
633	797
633	939
633	941
634	254
634	283
634	428
634	682
634	839
634	929
634	937
634	986
634	995
635	208
635	640
635	713
635	819
635	892
635	937
635	961
635	986
635	995
636	64
636	187
636	734
636	815
636	969
636	977
636	991
636	992
636	995
637	186
637	693
637	705
637	719
637	751
637	829
637	895
637	954
637	985
638	86
638	713
638	715
638	731
638	851
638	867
638	898
638	942
638	989
639	162
639	275
639	517
639	873
639	877
639	880
639	893
639	960
639	978
640	472
640	484
640	635
640	676
640	767
640	838
640	869
640	897
640	986
641	43
641	52
641	82
641	136
641	452
641	546
641	730
641	794
641	842
642	77
642	349
642	425
642	497
642	710
642	757
642	762
642	879
642	888
643	82
643	392
643	459
643	547
643	598
643	633
643	962
643	984
643	992
644	166
644	364
644	751
644	798
644	846
644	879
644	936
644	974
644	991
645	109
645	167
645	289
645	539
645	544
645	721
645	745
645	971
645	983
646	137
646	370
646	449
646	869
646	920
646	926
646	927
646	964
646	987
647	5
647	707
647	801
647	824
647	850
647	894
647	902
647	910
647	926
648	38
648	303
648	396
648	675
648	772
648	871
648	949
648	952
648	999
649	141
649	805
649	815
649	865
649	890
649	913
649	987
649	990
649	994
650	276
650	361
650	609
650	781
650	869
650	897
650	909
650	998
650	999
651	337
651	498
651	572
651	870
651	876
651	901
651	920
651	980
651	994
652	110
652	133
652	347
652	715
652	846
652	875
652	943
652	976
652	987
653	524
653	533
653	689
653	858
653	945
653	971
653	974
653	985
653	996
654	590
654	630
654	720
654	869
654	870
654	932
654	962
654	963
654	976
655	1
655	279
655	323
655	529
655	558
655	821
655	830
655	898
655	918
656	449
656	512
656	745
656	774
656	776
656	808
656	898
656	970
656	990
657	403
657	711
657	756
657	905
657	963
657	973
657	985
657	991
657	999
658	219
658	817
658	829
658	922
658	933
658	945
658	959
658	993
658	996
659	304
659	329
659	431
659	933
659	935
659	969
659	995
659	996
659	998
660	142
660	162
660	370
660	751
660	752
660	846
660	886
660	938
660	976
661	144
661	182
661	343
661	732
661	898
661	950
661	960
661	978
661	989
662	445
662	452
662	726
662	751
662	839
662	877
662	929
662	950
662	985
663	88
663	118
663	135
663	773
663	832
663	852
663	887
663	900
663	996
664	102
664	299
664	347
664	480
664	547
664	725
664	806
664	836
664	970
665	232
665	380
665	390
665	425
665	775
665	855
665	912
665	958
665	968
666	34
666	366
666	399
666	579
666	706
666	812
666	964
666	966
666	998
667	255
667	544
667	564
667	780
667	816
667	838
667	936
667	944
667	960
668	49
668	90
668	173
668	345
668	366
668	714
668	845
668	881
668	896
668	966
669	685
669	768
669	800
669	915
669	934
669	944
669	957
669	961
669	963
669	966
670	160
670	278
670	305
670	413
670	432
670	587
670	790
670	915
670	977
670	997
671	362
671	617
671	679
671	774
671	838
671	850
671	906
671	919
671	921
671	955
672	250
672	613
672	809
672	898
672	932
672	942
672	962
672	968
672	988
672	993
673	65
673	189
673	489
673	601
673	881
673	927
673	964
673	966
673	968
673	998
674	48
674	136
674	171
674	326
674	388
674	602
674	729
674	825
674	936
674	975
675	46
675	282
675	430
675	648
675	799
675	860
675	862
675	889
675	943
675	998
676	422
676	518
676	640
676	689
676	752
676	827
676	950
676	978
676	989
676	1000
677	422
677	596
677	731
677	882
677	898
677	926
677	928
677	951
677	969
677	985
678	475
678	595
678	627
678	812
678	889
678	893
678	897
678	946
678	965
678	998
679	15
679	24
679	146
679	671
679	722
679	841
679	842
679	906
679	909
679	978
680	406
680	630
680	701
680	770
680	872
680	914
680	950
680	976
680	983
680	999
681	120
681	726
681	827
681	876
681	927
681	962
681	975
681	983
681	997
681	998
682	7
682	466
682	634
682	736
682	792
682	865
682	877
682	929
682	987
682	994
683	144
683	371
683	438
683	596
683	707
683	759
683	834
683	926
683	951
683	990
684	391
684	463
684	741
684	922
684	958
684	973
684	974
684	975
684	991
684	1000
685	494
685	669
685	768
685	775
685	785
685	916
685	942
685	963
685	972
685	998
686	125
686	306
686	391
686	495
686	616
686	696
686	769
686	772
686	834
686	946
687	352
687	496
687	782
687	849
687	878
687	881
687	915
687	947
687	981
687	998
688	291
688	433
688	483
688	552
688	830
688	867
688	879
688	898
688	980
688	983
689	412
689	653
689	676
689	772
689	784
689	873
689	936
689	964
689	973
689	995
690	190
690	409
690	913
690	940
690	944
690	946
690	955
690	973
690	987
690	990
691	109
691	260
691	312
691	380
691	597
691	818
691	864
691	912
691	917
691	927
692	53
692	407
692	549
692	742
692	887
692	891
692	928
692	930
692	953
692	963
693	16
693	182
693	191
693	545
693	637
693	713
693	835
693	853
693	963
693	970
694	146
694	267
694	322
694	356
694	482
694	821
694	902
694	906
694	923
694	955
695	18
695	292
695	400
695	584
695	741
695	920
695	932
695	965
695	987
695	997
696	306
696	402
696	432
696	466
696	686
696	799
696	941
696	946
696	954
696	997
697	200
697	202
697	297
697	429
697	527
697	580
697	623
697	710
697	889
697	940
698	245
698	434
698	463
698	803
698	835
698	837
698	938
698	976
698	982
698	989
699	398
699	417
699	547
699	609
699	747
699	808
699	816
699	911
699	950
699	955
700	62
700	157
700	279
700	446
700	572
700	725
700	795
700	800
700	904
700	944
701	198
701	680
701	811
701	890
701	922
701	944
701	950
701	958
701	972
701	997
702	183
702	260
702	421
702	481
702	582
702	603
702	713
702	927
702	960
702	985
703	109
703	486
703	495
703	556
703	721
703	833
703	884
703	912
703	943
703	962
704	433
704	520
704	735
704	739
704	863
704	881
704	975
704	977
704	996
704	997
705	58
705	546
705	605
705	637
705	766
705	833
705	884
705	891
705	943
705	945
706	427
706	666
706	856
706	876
706	905
706	933
706	952
706	980
706	996
706	1000
707	402
707	448
707	647
707	683
707	732
707	798
707	831
707	840
707	926
707	1000
708	553
708	572
708	575
708	905
708	922
708	949
708	973
708	977
708	978
708	998
709	99
709	296
709	317
709	453
709	519
709	805
709	849
709	954
709	956
709	1000
710	262
710	404
710	642
710	697
710	738
710	765
710	909
710	915
710	948
710	976
711	3
711	57
711	63
711	657
711	791
711	822
711	850
711	927
711	931
711	947
711	951
712	26
712	164
712	321
712	332
712	503
712	766
712	835
712	839
712	849
712	929
712	986
713	436
713	545
713	635
713	638
713	693
713	702
713	731
713	756
713	925
713	942
713	953
714	228
714	287
714	339
714	385
714	533
714	563
714	668
714	807
714	817
714	958
714	980
715	246
715	465
715	513
715	638
715	652
715	750
715	761
715	937
715	946
715	965
715	977
716	48
716	354
716	617
716	766
716	800
716	866
716	868
716	913
716	953
716	988
716	997
717	201
717	588
717	726
717	752
717	764
717	845
717	858
717	859
717	919
717	984
717	996
718	134
718	554
718	631
718	721
718	902
718	939
718	951
718	964
718	975
718	979
718	984
719	112
719	415
719	453
719	637
719	773
719	800
719	832
719	852
719	971
719	989
719	992
720	317
720	577
720	654
720	843
720	846
720	870
720	875
720	931
720	947
720	978
720	980
721	123
721	631
721	645
721	703
721	718
721	745
721	806
721	849
721	867
721	898
721	994
722	448
722	679
722	774
722	803
722	841
722	842
722	852
722	906
722	950
722	963
722	967
723	61
723	272
723	383
723	515
723	876
723	899
723	957
723	975
723	989
723	993
723	997
724	298
724	603
724	763
724	791
724	803
724	841
724	924
724	937
724	955
724	967
724	996
725	196
725	326
725	332
725	548
725	664
725	700
725	771
725	776
725	806
725	820
725	908
726	247
726	452
726	464
726	662
726	681
726	717
726	834
726	858
726	919
726	945
726	961
727	417
727	542
727	739
727	747
727	761
727	792
727	884
727	911
727	945
727	947
727	997
728	65
728	511
728	570
728	576
728	794
728	876
728	910
728	934
728	962
728	963
728	997
729	78
729	484
729	532
729	674
729	751
729	781
729	803
729	813
729	936
729	941
729	975
730	111
730	235
730	317
730	462
730	641
730	781
730	789
730	812
730	872
730	968
730	989
731	223
731	418
731	638
731	677
731	713
731	801
731	810
731	909
731	942
731	973
731	975
732	99
732	275
732	474
732	559
732	661
732	707
732	846
732	933
732	956
732	963
732	971
733	382
733	440
733	505
733	826
733	859
733	890
733	919
733	923
733	924
733	969
733	988
734	323
734	424
734	446
734	449
734	636
734	753
734	796
734	895
734	926
734	969
734	977
735	704
735	739
735	750
735	837
735	851
735	917
735	934
735	956
735	974
735	977
735	978
736	254
736	394
736	408
736	565
736	682
736	794
736	839
736	895
736	904
736	986
736	994
737	27
737	249
737	392
737	606
737	753
737	816
737	916
737	922
737	977
737	988
737	999
738	182
738	375
738	396
738	521
738	543
738	588
738	710
738	765
738	859
738	992
738	999
739	98
739	299
739	420
739	618
739	704
739	727
739	735
739	837
739	970
739	976
739	979
740	212
740	293
740	294
740	459
740	548
740	906
740	909
740	967
740	972
740	973
740	977
741	179
741	530
741	684
741	695
741	838
741	908
741	930
741	955
741	982
741	987
741	991
742	300
742	378
742	522
742	692
742	772
742	854
742	859
742	869
742	923
742	963
742	991
743	368
743	548
743	868
743	896
743	912
743	918
743	941
743	946
743	966
743	981
743	990
744	13
744	26
744	388
744	592
744	613
744	782
744	789
744	796
744	813
744	815
744	994
745	154
745	192
745	217
745	594
745	645
745	656
745	721
745	766
745	796
745	839
745	939
745	985
746	24
746	437
746	473
746	475
746	529
746	612
746	921
746	924
746	930
746	934
746	953
746	957
747	175
747	299
747	388
747	398
747	459
747	699
747	727
747	808
747	841
747	861
747	911
747	970
748	122
748	153
748	286
748	479
748	511
748	518
748	855
748	919
748	923
748	950
748	988
748	996
749	29
749	446
749	598
749	752
749	819
749	825
749	898
749	923
749	932
749	942
749	961
749	988
750	11
750	462
750	715
750	735
750	800
750	863
750	882
750	908
750	910
750	934
750	956
750	977
751	97
751	525
751	637
751	644
751	660
751	662
751	729
751	754
751	755
751	784
751	942
751	971
752	45
752	268
752	288
752	660
752	676
752	717
752	749
752	758
752	847
752	850
752	886
752	955
753	20
753	575
753	734
753	737
753	771
753	825
753	905
753	922
753	957
753	973
753	985
753	999
754	161
754	426
754	475
754	751
754	778
754	854
754	883
754	910
754	934
754	937
754	940
754	995
755	108
755	496
755	565
755	610
755	751
755	843
755	894
755	903
755	931
755	976
755	989
755	996
756	113
756	491
756	492
756	512
756	527
756	623
756	657
756	713
756	782
756	875
756	890
756	924
757	411
757	595
757	642
757	850
757	854
757	881
757	889
757	896
757	910
757	918
757	941
757	978
758	18
758	395
758	450
758	536
758	752
758	818
758	872
758	931
758	944
758	977
758	995
758	999
759	77
759	281
759	310
759	370
759	371
759	430
759	590
759	683
759	822
759	892
759	928
759	951
760	94
760	141
760	304
760	341
760	343
760	585
760	782
760	818
760	835
760	911
760	949
760	952
761	172
761	566
761	615
761	715
761	727
761	772
761	910
761	932
761	949
761	956
761	977
761	997
762	477
762	599
762	642
762	781
762	801
762	847
762	863
762	883
762	938
762	969
762	982
762	991
763	573
763	599
763	724
763	856
763	857
763	873
763	909
763	933
763	935
763	959
763	996
763	1000
764	58
764	188
764	417
764	717
764	807
764	808
764	832
764	858
764	859
764	959
764	970
764	988
765	151
765	268
765	619
765	710
765	738
765	810
765	828
765	858
765	922
765	930
765	976
765	993
766	485
766	563
766	594
766	705
766	712
766	716
766	745
766	865
766	913
766	990
766	991
766	994
767	171
767	267
767	363
767	473
767	612
767	640
767	872
767	936
767	950
767	997
767	998
767	1000
768	39
768	116
768	204
768	383
768	409
768	472
768	600
768	669
768	685
768	921
768	963
768	966
769	115
769	330
769	365
769	377
769	496
769	686
769	803
769	845
769	878
769	965
769	975
769	995
770	96
770	181
770	358
770	456
770	541
770	680
770	830
770	898
770	948
770	967
770	977
770	980
771	216
771	544
771	553
771	568
771	572
771	725
771	753
771	859
771	873
771	905
771	962
771	977
772	162
772	505
772	648
772	686
772	689
772	742
772	761
772	778
772	780
772	784
772	940
772	996
773	88
773	128
773	218
773	270
773	368
773	543
773	553
773	663
773	719
773	900
773	947
773	981
773	992
774	15
774	68
774	150
774	231
774	298
774	311
774	543
774	656
774	671
774	722
774	852
774	906
774	955
775	374
775	416
775	665
775	685
775	855
775	891
775	909
775	916
775	921
775	928
775	963
775	980
775	998
776	237
776	278
776	366
776	419
776	567
776	656
776	725
776	802
776	836
776	867
776	888
776	914
776	983
777	21
777	39
777	482
777	811
777	821
777	867
777	882
777	935
777	952
777	969
777	974
777	985
777	987
778	59
778	246
778	254
778	387
778	480
778	573
778	754
778	772
778	847
778	871
778	918
778	932
778	978
779	60
779	287
779	340
779	352
779	508
779	534
779	793
779	843
779	860
779	862
779	887
779	941
779	968
780	134
780	155
780	237
780	394
780	667
780	772
780	851
780	893
780	932
780	960
780	979
780	981
780	984
781	262
781	293
781	349
781	502
781	527
781	650
781	729
781	730
781	762
781	813
781	869
781	936
781	983
782	105
782	350
782	629
782	687
782	744
782	756
782	760
782	813
782	864
782	917
782	927
782	941
782	984
783	244
783	356
783	437
783	471
783	619
783	786
783	856
783	909
783	935
783	959
783	987
783	996
783	1000
784	177
784	395
784	410
784	523
784	689
784	751
784	772
784	822
784	849
784	871
784	947
784	974
784	990
785	28
785	256
785	401
785	441
785	685
785	813
785	840
785	928
785	932
785	960
785	979
785	981
785	984
786	6
786	23
786	125
786	445
786	500
786	783
786	817
786	849
786	866
786	875
786	971
786	974
786	1000
787	30
787	155
787	546
787	564
787	568
787	625
787	824
787	833
787	960
787	978
787	979
787	981
787	989
788	410
788	518
788	851
788	857
788	859
788	860
788	868
788	883
788	900
788	919
788	934
788	938
788	988
789	359
789	577
789	593
789	633
789	730
789	744
789	813
789	896
789	931
789	936
789	941
789	963
789	966
790	367
790	511
790	518
790	611
790	670
790	819
790	862
790	888
790	911
790	962
790	979
790	993
790	997
791	124
791	457
791	711
791	724
791	805
791	853
791	922
791	942
791	954
791	967
791	971
791	975
791	985
792	107
792	331
792	489
792	527
792	587
792	682
792	727
792	901
792	911
792	928
792	962
792	984
792	997
793	41
793	85
793	186
793	373
793	555
793	583
793	779
793	852
793	860
793	877
793	887
793	958
793	968
794	376
794	516
794	610
794	641
794	728
794	736
794	840
794	895
794	916
794	937
794	985
794	986
794	989
795	234
795	477
795	523
795	575
795	700
795	816
795	849
795	944
795	964
795	972
795	973
795	977
795	985
796	169
796	290
796	499
796	604
796	734
796	744
796	745
796	849
796	879
796	915
796	954
796	991
796	992
797	43
797	257
797	326
797	447
797	633
797	856
797	921
797	934
797	935
797	959
797	961
797	984
797	996
798	364
798	644
798	707
798	820
798	844
798	878
798	893
798	914
798	954
798	969
798	971
798	982
798	992
799	130
799	131
799	249
799	323
799	528
799	578
799	675
799	696
799	827
799	857
799	878
799	891
799	989
800	38
800	203
800	352
800	588
800	669
800	700
800	716
800	719
800	750
800	814
800	937
800	953
800	973
801	224
801	647
801	731
801	762
801	837
801	853
801	866
801	899
801	908
801	938
801	943
801	967
801	979
802	29
802	253
802	319
802	509
802	776
802	899
802	911
802	912
802	917
802	941
802	949
802	985
802	1000
803	376
803	698
803	722
803	724
803	729
803	769
803	841
803	863
803	878
803	955
803	969
803	976
803	982
804	301
804	364
804	417
804	430
804	458
804	460
804	592
804	632
804	853
804	936
804	956
804	971
804	982
804	987
805	649
805	709
805	791
805	865
805	886
805	904
805	913
805	962
805	987
805	990
805	994
806	200
806	237
806	240
806	257
806	419
806	495
806	664
806	721
806	725
806	815
806	867
806	964
806	983
806	994
807	102
807	265
807	422
807	618
807	714
807	764
807	849
807	865
807	913
807	920
807	980
807	987
807	990
807	994
808	17
808	54
808	81
808	223
808	487
808	525
808	541
808	547
808	656
808	699
808	747
808	764
808	835
808	970
809	393
809	409
809	586
809	609
809	672
809	814
809	862
809	866
809	888
809	889
809	932
809	983
809	992
809	997
810	22
810	179
810	219
810	379
810	451
810	592
810	731
810	765
810	897
810	908
810	955
810	961
810	976
810	991
811	133
811	211
811	608
811	614
811	701
811	777
811	819
811	879
811	892
811	919
811	950
811	952
811	960
811	996
812	130
812	158
812	178
812	259
812	355
812	365
812	404
812	666
812	678
812	730
812	871
812	872
812	909
812	983
813	21
813	532
813	598
813	729
813	744
813	781
813	782
813	785
813	789
813	902
813	939
813	945
813	950
813	984
814	80
814	107
814	310
814	505
814	518
814	800
814	809
814	858
814	901
814	973
814	988
814	989
814	993
814	996
815	217
815	288
815	366
815	431
815	576
815	594
815	599
815	636
815	649
815	744
815	806
815	865
815	914
815	983
816	277
816	413
816	442
816	468
816	596
816	667
816	699
816	737
816	795
816	922
816	967
816	969
816	973
816	999
817	22
817	36
817	658
817	714
817	786
817	828
817	880
817	887
817	907
817	910
817	958
817	966
817	968
817	980
818	292
818	509
818	602
818	627
818	691
818	758
818	760
818	864
818	873
818	922
818	932
818	936
818	951
818	973
818	999
819	160
819	418
819	446
819	635
819	749
819	790
819	811
819	833
819	903
819	931
819	938
819	942
819	988
819	990
819	996
820	42
820	184
820	381
820	451
820	498
820	725
820	798
820	831
820	898
820	969
820	974
820	982
820	991
820	992
820	994
821	124
821	131
821	345
821	367
821	481
821	485
821	497
821	516
821	530
821	655
821	694
821	777
821	864
821	939
821	950
822	69
822	92
822	430
822	463
822	544
822	612
822	711
822	759
822	784
822	855
822	857
822	900
822	945
822	971
822	990
823	147
823	309
823	435
823	550
823	575
823	616
823	862
823	884
823	888
823	901
823	943
823	961
823	965
823	993
823	997
824	14
824	32
824	394
824	427
824	468
824	622
824	647
824	787
824	868
824	905
824	916
824	960
824	961
824	978
824	979
825	250
825	438
825	506
825	604
825	608
825	674
825	749
825	753
825	939
825	966
825	975
825	981
825	984
825	988
825	997
826	414
826	507
826	542
826	733
826	855
826	860
826	888
826	900
826	923
826	928
826	930
826	942
826	961
826	993
826	996
827	29
827	297
827	540
827	676
827	681
827	799
827	891
827	893
827	921
827	931
827	957
827	966
827	974
827	978
827	998
828	100
828	202
828	275
828	372
828	511
828	765
828	817
828	830
828	948
828	954
828	964
828	980
828	985
828	999
828	1000
829	46
829	377
829	479
829	514
829	582
829	590
829	637
829	658
829	869
829	878
829	902
829	912
829	930
829	936
829	957
830	40
830	134
830	197
830	325
830	461
830	502
830	655
830	688
830	770
830	828
830	838
830	850
830	872
830	874
830	983
831	345
831	593
831	707
831	820
831	883
831	892
831	900
831	904
831	912
831	918
831	941
831	961
831	965
831	973
831	998
832	7
832	23
832	88
832	191
832	270
832	540
832	550
832	585
832	599
832	663
832	719
832	764
832	912
832	971
832	992
833	107
833	115
833	282
833	309
833	530
833	550
833	581
833	703
833	705
833	787
833	819
833	866
833	884
833	906
833	943
834	35
834	296
834	311
834	378
834	552
834	579
834	607
834	683
834	686
834	726
834	887
834	919
834	923
834	933
834	945
834	996
835	5
835	343
835	386
835	693
835	698
835	712
835	760
835	808
835	838
835	869
835	877
835	917
835	929
835	973
835	979
835	986
836	54
836	408
836	458
836	483
836	537
836	623
836	664
836	776
836	860
836	878
836	896
836	925
836	967
836	981
836	990
836	998
837	66
837	268
837	615
837	698
837	735
837	739
837	801
837	840
837	879
837	908
837	938
837	965
837	969
837	976
837	987
837	991
838	362
838	377
838	528
838	543
838	640
838	667
838	671
838	741
838	830
838	835
838	884
838	906
838	917
838	920
838	955
838	986
839	12
839	277
839	314
839	383
839	392
839	560
839	630
839	634
839	662
839	712
839	736
839	745
839	840
839	855
839	877
839	929
840	87
840	250
840	277
840	616
840	707
840	785
840	794
840	837
840	839
840	925
840	929
840	960
840	967
840	971
840	979
840	986
841	17
841	98
841	114
841	124
841	276
841	446
841	493
841	679
841	722
841	724
841	747
841	803
841	892
841	903
841	906
841	995
842	15
842	52
842	239
842	264
842	376
842	379
842	478
842	494
842	641
842	679
842	722
842	846
842	863
842	910
842	955
842	977
843	74
843	160
843	365
843	401
843	504
843	566
843	612
843	720
843	755
843	779
843	885
843	892
843	903
843	925
843	931
843	990
844	411
844	592
844	613
844	614
844	798
844	876
844	881
844	913
844	932
844	962
844	980
844	982
844	993
844	995
844	997
844	999
844	1000
845	56
845	64
845	336
845	419
845	574
845	668
845	717
845	769
845	868
845	878
845	889
845	896
845	918
845	946
845	972
845	973
845	998
846	222
846	524
846	584
846	589
846	644
846	652
846	660
846	720
846	732
846	842
846	865
846	876
846	899
846	936
846	954
846	976
846	985
847	357
847	470
847	595
847	752
847	762
847	778
847	887
847	897
847	914
847	940
847	965
847	969
847	976
847	983
847	988
847	995
847	996
848	55
848	267
848	331
848	356
848	402
848	436
848	475
848	510
848	596
848	600
848	896
848	946
848	969
848	981
848	985
848	989
848	998
849	9
849	464
849	471
849	556
849	687
849	709
849	712
849	721
849	784
849	786
849	795
849	796
849	807
849	926
849	956
849	969
849	974
850	236
850	321
850	525
850	647
850	671
850	711
850	752
850	757
850	830
850	874
850	922
850	926
850	928
850	934
850	951
850	995
850	997
851	252
851	264
851	334
851	418
851	466
851	614
851	638
851	735
851	780
851	788
851	857
851	863
851	883
851	918
851	934
851	935
851	937
852	213
852	278
852	448
852	585
852	617
852	663
852	719
852	722
852	774
852	793
852	900
852	906
852	955
852	956
852	968
852	992
852	998
853	25
853	108
853	464
853	492
853	499
853	624
853	693
853	791
853	801
853	804
853	880
853	882
853	890
853	894
853	985
853	989
853	997
854	2
854	450
854	469
854	536
854	551
854	625
854	742
854	754
854	757
854	885
854	886
854	906
854	922
854	940
854	941
854	947
854	995
855	375
855	425
855	435
855	437
855	557
855	579
855	665
855	748
855	775
855	822
855	826
855	839
855	858
855	900
855	957
855	963
855	966
856	84
856	123
856	258
856	496
856	706
856	763
856	783
856	797
856	909
856	933
856	935
856	955
856	959
856	987
856	996
856	999
856	1000
857	504
857	536
857	623
857	763
857	788
857	799
857	822
857	851
857	866
857	889
857	896
857	900
857	918
857	942
857	981
857	997
857	998
858	189
858	382
858	400
858	539
858	612
858	632
858	653
858	717
858	726
858	764
858	765
858	814
858	855
858	923
858	945
858	946
858	988
859	200
859	304
859	393
859	437
859	579
859	717
859	733
859	738
859	742
859	764
859	771
859	788
859	875
859	879
859	939
859	961
859	988
860	22
860	41
860	47
860	71
860	232
860	487
860	489
860	570
860	675
860	779
860	788
860	793
860	826
860	836
860	887
860	958
860	968
861	74
861	214
861	283
861	351
861	395
861	447
861	520
861	551
861	604
861	747
861	885
861	904
861	931
861	962
861	964
861	972
861	973
861	1000
862	4
862	238
862	372
862	469
862	675
862	779
862	790
862	809
862	823
862	876
862	914
862	932
862	962
862	978
862	991
862	993
862	995
862	997
863	37
863	119
863	157
863	169
863	264
863	319
863	704
863	750
863	762
863	803
863	842
863	851
863	892
863	894
863	910
863	932
863	934
863	977
864	172
864	244
864	261
864	303
864	411
864	439
864	534
864	597
864	602
864	691
864	782
864	818
864	821
864	917
864	921
864	924
864	949
864	952
865	531
865	622
865	649
865	682
865	766
865	805
865	807
865	815
865	846
865	871
865	899
865	904
865	913
865	966
865	987
865	990
865	994
866	227
866	238
866	255
866	587
866	631
866	716
866	786
866	801
866	809
866	833
866	857
866	876
866	884
866	943
866	944
866	945
866	972
866	998
867	415
867	509
867	535
867	546
867	638
867	688
867	721
867	776
867	777
867	806
867	896
867	898
867	902
867	924
867	944
867	964
867	975
867	994
868	312
868	465
868	472
868	538
868	716
868	743
868	788
868	824
868	845
868	881
868	891
868	921
868	930
868	941
868	949
868	963
868	977
868	981
869	98
869	269
869	386
869	640
869	646
869	650
869	654
869	742
869	781
869	829
869	835
869	877
869	920
869	925
869	928
869	977
869	981
869	986
870	56
870	155
870	360
870	410
870	519
870	617
870	631
870	651
870	654
870	720
870	888
870	903
870	911
870	947
870	954
870	969
870	989
870	990
870	993
871	3
871	96
871	193
871	306
871	372
871	538
871	580
871	648
871	778
871	784
871	812
871	865
871	878
871	879
871	951
871	961
871	968
871	995
871	999
872	90
872	94
872	142
872	169
872	209
872	274
872	312
872	404
872	467
872	680
872	730
872	758
872	767
872	812
872	830
872	874
872	948
872	980
872	998
873	70
873	235
873	242
873	424
873	459
873	639
873	689
873	763
873	771
873	818
873	903
873	933
873	935
873	948
873	959
873	973
873	990
873	996
873	1000
874	35
874	59
874	68
874	223
874	298
874	422
874	554
874	830
874	850
874	872
874	877
874	910
874	938
874	948
874	951
874	965
874	993
874	995
874	999
875	49
875	217
875	436
875	460
875	563
875	652
875	720
875	756
875	786
875	859
875	893
875	914
875	936
875	954
875	956
875	958
875	971
875	974
875	1000
876	431
876	475
876	537
876	611
876	651
876	681
876	706
876	723
876	728
876	844
876	846
876	862
876	866
876	888
876	916
876	953
876	962
876	972
876	993
877	314
877	423
877	528
877	591
877	604
877	630
877	639
877	662
877	682
877	793
877	835
877	839
877	869
877	874
877	895
877	920
877	947
877	977
877	986
878	174
878	430
878	445
878	687
878	769
878	798
878	799
878	803
878	829
878	836
878	845
878	871
878	903
878	914
878	920
878	926
878	961
878	970
878	971
879	132
879	513
879	586
879	642
879	644
879	688
879	796
879	811
879	837
879	859
879	871
879	880
879	881
879	932
879	942
879	948
879	993
879	997
879	999
880	76
880	245
880	387
880	498
880	578
880	619
880	639
880	817
880	853
880	879
880	882
880	891
880	950
880	956
880	974
880	975
880	978
880	989
880	1000
881	185
881	205
881	467
881	469
881	588
881	668
881	673
881	687
881	704
881	757
881	844
881	868
881	879
881	883
881	889
881	918
881	941
881	965
881	980
882	59
882	86
882	436
882	478
882	499
882	535
882	610
882	629
882	677
882	750
882	777
882	853
882	880
882	890
882	894
882	922
882	936
882	963
882	967
883	90
883	122
883	145
883	202
883	497
883	754
883	762
883	788
883	831
883	851
883	881
883	889
883	896
883	897
883	900
883	961
883	982
883	996
883	998
884	4
884	77
884	92
884	214
884	238
884	291
884	530
884	550
884	574
884	609
884	703
884	705
884	727
884	823
884	833
884	838
884	866
884	975
884	986
885	258
885	285
885	327
885	378
885	463
885	468
885	537
885	570
885	620
885	843
885	854
885	861
885	903
885	904
885	925
885	930
885	931
885	970
885	990
886	59
886	132
886	148
886	284
886	286
886	410
886	429
886	510
886	536
886	559
886	614
886	631
886	660
886	752
886	805
886	854
886	910
886	940
886	951
886	995
887	11
887	168
887	280
887	300
887	352
887	421
887	503
887	663
887	692
887	779
887	793
887	817
887	834
887	847
887	860
887	907
887	958
887	962
887	968
887	1000
888	1
888	272
888	520
888	611
888	642
888	776
888	790
888	809
888	823
888	826
888	870
888	876
888	917
888	937
888	939
888	948
888	961
888	972
888	993
888	997
889	316
889	429
889	456
889	484
889	574
889	627
889	675
889	678
889	697
889	757
889	809
889	845
889	857
889	881
889	883
889	918
889	941
889	956
889	965
889	976
890	4
890	153
890	455
890	499
890	610
890	615
890	649
890	701
890	733
890	756
890	853
890	882
890	899
890	924
890	931
890	942
890	963
890	967
890	975
890	989
891	145
891	316
891	320
891	338
891	522
891	692
891	705
891	775
891	799
891	827
891	868
891	880
891	927
891	950
891	966
891	967
891	971
891	978
891	989
891	997
892	225
892	308
892	310
892	321
892	341
892	635
892	759
892	811
892	831
892	841
892	843
892	863
892	895
892	902
892	923
892	926
892	934
892	951
892	962
892	995
893	30
893	272
893	277
893	301
893	325
893	367
893	479
893	571
893	639
893	678
893	780
893	798
893	827
893	875
893	934
893	960
893	967
893	978
893	979
893	984
894	25
894	34
894	114
894	238
894	289
894	328
894	415
894	418
894	439
894	455
894	515
894	647
894	755
894	853
894	863
894	882
894	957
894	958
894	963
894	985
895	140
895	170
895	197
895	314
895	402
895	506
895	512
895	560
895	637
895	734
895	736
895	794
895	877
895	892
895	903
895	925
895	947
895	986
895	990
895	999
896	51
896	358
896	361
896	432
896	626
896	628
896	668
896	743
896	757
896	789
896	836
896	845
896	848
896	857
896	867
896	883
896	937
896	946
896	957
896	966
897	79
897	93
897	513
897	640
897	650
897	678
897	810
897	847
897	883
897	908
897	918
897	929
897	930
897	935
897	946
897	961
897	965
897	976
897	979
897	982
897	990
898	136
898	274
898	355
898	428
898	450
898	541
898	638
898	655
898	656
898	661
898	672
898	677
898	688
898	721
898	749
898	770
898	820
898	867
898	948
898	969
898	994
899	51
899	205
899	295
899	388
899	463
899	492
899	499
899	532
899	574
899	601
899	603
899	723
899	801
899	802
899	846
899	865
899	890
899	924
899	954
899	975
899	987
900	185
900	259
900	486
900	543
900	585
900	663
900	773
900	788
900	822
900	826
900	831
900	852
900	855
900	857
900	883
900	957
900	965
900	981
900	991
900	992
900	995
901	27
901	219
901	331
901	414
901	453
901	581
901	613
901	620
901	624
901	651
901	792
901	814
901	823
901	903
901	911
901	915
901	943
901	945
901	962
901	988
901	993
902	69
902	71
902	103
902	151
902	180
902	350
902	371
902	416
902	647
902	694
902	718
902	813
902	829
902	867
902	892
902	905
902	926
902	928
902	939
902	951
902	975
903	33
903	512
903	519
903	755
903	819
903	841
903	843
903	870
903	873
903	878
903	885
903	895
903	901
903	904
903	915
903	942
903	947
903	956
903	976
903	990
903	995
904	110
904	517
904	566
904	590
904	700
904	736
904	805
904	831
904	861
904	865
904	885
904	903
904	913
904	915
904	947
904	987
904	990
904	994
904	995
904	999
905	45
905	194
905	233
905	372
905	571
905	657
905	706
905	708
905	753
905	771
905	824
905	902
905	919
905	922
905	944
905	959
905	964
905	967
905	977
905	979
905	984
905	999
906	138
906	140
906	146
906	252
906	298
906	362
906	471
906	488
906	671
906	679
906	694
906	722
906	740
906	774
906	833
906	838
906	841
906	852
906	854
906	945
906	955
906	982
907	168
907	204
907	211
907	218
907	280
907	300
907	373
907	456
907	487
907	502
907	503
907	517
907	534
907	570
907	583
907	591
907	817
907	887
907	912
907	954
907	958
907	968
908	292
908	346
908	486
908	516
908	552
908	561
908	725
908	741
908	750
908	801
908	810
908	837
908	897
908	930
908	937
908	955
908	965
908	969
908	976
908	982
908	987
908	1000
909	83
909	151
909	269
909	464
909	497
909	650
909	679
909	710
909	731
909	740
909	763
909	775
909	783
909	812
909	856
909	933
909	935
909	959
909	980
909	983
909	984
909	996
909	1000
910	246
910	373
910	477
910	546
910	580
910	628
910	647
910	728
910	750
910	754
910	757
910	761
910	817
910	842
910	863
910	874
910	886
910	920
910	940
910	944
910	956
910	977
910	995
911	54
911	66
911	241
911	274
911	295
911	297
911	392
911	547
911	593
911	699
911	727
911	747
911	760
911	790
911	792
911	802
911	870
911	901
911	945
911	957
911	963
911	970
911	992
912	11
912	26
912	190
912	205
912	310
912	384
912	514
912	534
912	593
912	665
912	691
912	703
912	743
912	802
912	829
912	831
912	832
912	907
912	917
912	918
912	949
912	952
912	989
913	50
913	72
913	113
913	186
913	202
913	531
913	555
913	582
913	649
913	690
913	716
913	766
913	805
913	807
913	844
913	865
913	904
913	978
913	987
913	990
913	991
913	992
913	994
914	19
914	31
914	52
914	58
914	108
914	147
914	296
914	363
914	434
914	544
914	567
914	680
914	776
914	798
914	815
914	847
914	862
914	875
914	878
914	938
914	969
914	971
914	974
915	56
915	185
915	375
915	447
915	586
915	604
915	620
915	669
915	670
915	687
915	710
915	796
915	901
915	903
915	904
915	925
915	926
915	947
915	953
915	955
915	961
915	984
915	997
916	44
916	308
916	361
916	435
916	522
916	579
916	624
916	625
916	685
916	737
916	775
916	794
916	824
916	876
916	953
916	960
916	966
916	967
916	977
916	978
916	979
916	984
916	985
917	75
917	235
917	261
917	343
917	386
917	391
917	411
917	564
917	602
917	629
917	691
917	735
917	782
917	802
917	835
917	838
917	864
917	888
917	912
917	927
917	949
917	951
917	958
918	279
918	316
918	336
918	469
918	606
918	655
918	743
918	757
918	778
918	831
918	845
918	851
918	857
918	881
918	889
918	897
918	912
918	923
918	946
918	961
918	963
918	986
918	998
919	200
919	253
919	339
919	367
919	383
919	490
919	537
919	542
919	607
919	608
919	626
919	671
919	717
919	726
919	733
919	748
919	788
919	811
919	834
919	905
919	987
919	992
919	996
920	126
920	224
920	332
920	503
920	587
920	606
920	646
920	651
920	695
920	807
920	838
920	869
920	877
920	878
920	910
920	929
920	952
920	954
920	956
920	971
920	974
920	986
920	987
920	999
921	91
921	208
921	260
921	307
921	383
921	435
921	473
921	484
921	562
921	570
921	671
921	746
921	768
921	775
921	797
921	827
921	864
921	868
921	924
921	953
921	960
921	966
921	968
921	984
922	118
922	143
922	548
922	553
922	562
922	575
922	606
922	658
922	684
922	701
922	708
922	737
922	753
922	765
922	791
922	816
922	818
922	850
922	854
922	882
922	905
922	964
922	973
922	977
923	118
923	176
923	254
923	490
923	493
923	537
923	539
923	560
923	579
923	608
923	616
923	694
923	733
923	742
923	748
923	749
923	826
923	834
923	858
923	892
923	918
923	933
923	945
923	988
924	14
924	82
924	196
924	251
924	374
924	402
924	443
924	454
924	577
924	724
924	733
924	746
924	756
924	864
924	867
924	890
924	899
924	921
924	927
924	954
924	957
924	966
924	974
924	985
924	998
925	19
925	224
925	230
925	272
925	472
925	506
925	534
925	565
925	591
925	627
925	629
925	630
925	713
925	836
925	840
925	843
925	869
925	885
925	895
925	915
925	931
925	936
925	977
925	986
925	990
926	91
926	225
926	327
926	368
926	370
926	438
926	440
926	449
926	474
926	496
926	646
926	647
926	677
926	683
926	707
926	734
926	849
926	850
926	878
926	892
926	902
926	915
926	928
926	951
926	958
926	989
927	17
927	163
927	283
927	327
927	362
927	416
927	441
927	474
927	509
927	597
927	602
927	646
927	673
927	681
927	691
927	702
927	711
927	782
927	891
927	917
927	924
927	949
927	952
927	953
927	982
927	997
928	120
928	136
928	180
928	225
928	321
928	382
928	501
928	562
928	598
928	677
928	692
928	759
928	775
928	785
928	792
928	826
928	850
928	869
928	902
928	926
928	930
928	951
928	953
928	966
928	983
928	993
929	135
929	207
929	230
929	250
929	283
929	407
929	500
929	503
929	554
929	565
929	576
929	591
929	634
929	662
929	682
929	712
929	835
929	839
929	840
929	897
929	920
929	937
929	939
929	949
929	965
929	984
929	989
930	116
930	189
930	243
930	251
930	349
930	359
930	443
930	562
930	617
930	692
930	741
930	746
930	765
930	826
930	829
930	868
930	885
930	897
930	908
930	928
930	934
930	950
930	953
930	957
930	986
930	987
930	995
931	32
931	66
931	217
931	433
931	450
931	470
931	483
931	517
931	539
931	566
931	607
931	620
931	711
931	720
931	755
931	758
931	789
931	819
931	827
931	843
931	861
931	885
931	890
931	925
931	933
931	954
931	995
932	176
932	206
932	320
932	468
932	521
932	554
932	565
932	625
932	626
932	654
932	672
932	695
932	749
932	761
932	778
932	780
932	785
932	809
932	818
932	844
932	862
932	863
932	879
932	944
932	961
932	967
932	979
933	2
933	105
933	199
933	215
933	244
933	266
933	437
933	473
933	500
933	573
933	658
933	659
933	706
933	732
933	763
933	834
933	856
933	873
933	909
933	923
933	931
933	935
933	956
933	959
933	987
933	996
933	1000
934	65
934	73
934	240
934	247
934	307
934	332
934	526
934	590
934	601
934	669
934	728
934	735
934	746
934	750
934	754
934	788
934	797
934	850
934	851
934	863
934	892
934	893
934	930
934	937
934	953
934	966
934	988
934	998
935	2
935	61
935	105
935	133
935	266
935	313
935	523
935	573
935	659
935	763
935	777
935	783
935	797
935	851
935	856
935	873
935	897
935	909
935	933
935	949
935	957
935	959
935	961
935	976
935	983
935	994
935	996
935	1000
936	126
936	236
936	290
936	329
936	350
936	452
936	532
936	595
936	632
936	644
936	667
936	674
936	689
936	729
936	767
936	781
936	789
936	804
936	818
936	829
936	846
936	875
936	882
936	925
936	945
936	971
936	975
936	984
937	3
937	38
937	135
937	165
937	226
937	242
937	280
937	397
937	406
937	484
937	528
937	634
937	635
937	715
937	724
937	754
937	794
937	800
937	851
937	888
937	896
937	908
937	929
937	934
937	955
937	956
937	976
937	977
938	40
938	95
938	227
938	251
938	268
938	348
938	379
938	380
938	400
938	421
938	502
938	589
938	599
938	629
938	660
938	698
938	762
938	788
938	801
938	819
938	837
938	874
938	914
938	955
938	969
938	976
938	979
938	991
939	57
939	71
939	106
939	215
939	250
939	263
939	269
939	284
939	290
939	293
939	423
939	484
939	560
939	581
939	633
939	718
939	745
939	813
939	821
939	825
939	859
939	888
939	902
939	929
939	941
939	953
939	975
939	984
940	57
940	67
940	183
940	254
940	292
940	306
940	357
940	387
940	410
940	444
940	526
940	562
940	569
940	595
940	690
940	697
940	754
940	772
940	847
940	854
940	886
940	910
940	950
940	951
940	955
940	960
940	992
940	995
941	4
941	269
941	289
941	290
941	368
941	476
941	489
941	493
941	506
941	560
941	577
941	633
941	696
941	729
941	743
941	757
941	779
941	782
941	789
941	802
941	831
941	854
941	868
941	881
941	889
941	939
941	974
941	981
942	90
942	114
942	149
942	566
942	587
942	601
942	610
942	638
942	672
942	685
942	713
942	731
942	749
942	751
942	791
942	819
942	826
942	857
942	879
942	890
942	903
942	955
942	962
942	965
942	984
942	985
942	988
942	993
942	997
943	21
943	93
943	148
943	231
943	238
943	255
943	288
943	351
943	372
943	376
943	444
943	469
943	550
943	564
943	571
943	623
943	652
943	675
943	703
943	705
943	801
943	823
943	833
943	866
943	901
943	947
943	954
943	976
943	998
944	44
944	98
944	234
944	285
944	398
944	401
944	442
944	523
944	544
944	571
944	585
944	606
944	625
944	667
944	669
944	690
944	700
944	701
944	758
944	795
944	866
944	867
944	905
944	910
944	932
944	953
944	972
944	986
944	991
945	100
945	189
945	511
945	532
945	576
945	588
945	613
945	653
945	658
945	705
945	726
945	727
945	813
945	822
945	834
945	858
945	866
945	901
945	906
945	911
945	923
945	936
945	962
945	972
945	986
945	988
945	992
945	996
945	997
946	121
946	145
946	389
946	413
946	426
946	432
946	455
946	489
946	504
946	510
946	514
946	574
946	582
946	627
946	678
946	686
946	690
946	696
946	715
946	743
946	845
946	848
946	858
946	896
946	897
946	918
946	948
946	956
946	961
946	998
947	32
947	127
947	165
947	242
947	249
947	307
947	308
947	341
947	433
947	450
947	519
947	551
947	557
947	566
947	620
947	687
947	711
947	720
947	727
947	773
947	784
947	854
947	870
947	877
947	895
947	903
947	904
947	915
947	943
947	1000
948	6
948	70
948	100
948	152
948	154
948	177
948	193
948	214
948	318
948	353
948	399
948	422
948	513
948	516
948	529
948	597
948	623
948	628
948	710
948	770
948	828
948	872
948	873
948	874
948	879
948	888
948	898
948	946
948	957
948	995
948	996
949	75
949	141
949	235
949	291
949	327
949	330
949	335
949	384
949	386
949	470
949	509
949	526
949	534
949	538
949	597
949	648
949	708
949	760
949	761
949	802
949	864
949	868
949	912
949	917
949	927
949	929
949	935
949	951
949	952
949	992
949	993
950	8
950	104
950	228
950	271
950	363
950	387
950	408
950	436
950	482
950	558
950	578
950	600
950	661
950	662
950	676
950	680
950	699
950	701
950	722
950	748
950	767
950	811
950	813
950	821
950	880
950	891
950	930
950	940
950	952
950	978
950	989
951	40
951	57
951	119
951	281
951	410
951	449
951	580
951	596
951	607
951	625
951	631
951	677
951	683
951	711
951	718
951	759
951	818
951	850
951	871
951	874
951	886
951	892
951	902
951	917
951	926
951	928
951	940
951	949
951	983
951	995
951	999
952	104
952	129
952	171
952	267
952	303
952	318
952	330
952	350
952	356
952	370
952	384
952	442
952	481
952	482
952	510
952	526
952	538
952	600
952	648
952	706
952	760
952	777
952	811
952	864
952	912
952	920
952	927
952	949
952	950
952	975
952	995
953	24
953	81
953	149
953	209
953	211
953	305
953	313
953	441
953	541
953	590
953	598
953	612
953	692
953	713
953	716
953	746
953	800
953	876
953	915
953	916
953	921
953	927
953	928
953	930
953	934
953	939
953	944
953	964
953	966
953	968
953	972
953	998
954	25
954	86
954	112
954	159
954	240
954	253
954	437
954	491
954	614
954	619
954	637
954	696
954	709
954	791
954	796
954	798
954	828
954	846
954	870
954	875
954	899
954	907
954	920
954	924
954	931
954	943
954	956
954	964
954	971
954	976
954	985
954	994
955	89
955	178
955	268
955	494
955	549
955	589
955	671
955	690
955	694
955	699
955	724
955	741
955	752
955	774
955	803
955	810
955	838
955	842
955	852
955	856
955	906
955	908
955	915
955	937
955	938
955	940
955	942
955	964
955	965
955	982
955	991
955	992
956	12
956	352
956	420
956	426
956	502
956	565
956	573
956	576
956	592
956	605
956	618
956	709
956	732
956	735
956	750
956	761
956	804
956	849
956	852
956	875
956	880
956	889
956	903
956	910
956	920
956	933
956	937
956	946
956	954
956	971
956	977
956	980
957	61
957	320
957	346
957	403
957	432
957	494
957	504
957	582
957	588
957	601
957	624
957	627
957	669
957	723
957	746
957	753
957	827
957	829
957	855
957	894
957	896
957	900
957	911
957	924
957	930
957	935
957	948
957	961
957	965
957	981
957	988
957	996
958	49
958	84
958	168
958	197
958	228
958	232
958	248
958	337
958	429
958	445
958	460
958	583
958	609
958	632
958	665
958	684
958	701
958	714
958	793
958	817
958	860
958	875
958	887
958	894
958	907
958	917
958	926
958	968
958	971
958	974
958	980
958	985
959	61
959	70
959	105
959	123
959	158
959	163
959	195
959	234
959	244
959	300
959	336
959	452
959	496
959	500
959	523
959	549
959	573
959	658
959	763
959	764
959	783
959	797
959	856
959	873
959	905
959	909
959	933
959	935
959	963
959	971
959	990
959	996
959	1000
960	8
960	20
960	28
960	152
960	170
960	301
960	404
960	517
960	521
960	561
960	569
960	619
960	622
960	628
960	639
960	661
960	667
960	702
960	780
960	785
960	787
960	811
960	824
960	840
960	893
960	916
960	921
960	940
960	979
960	981
960	984
960	993
960	1000
961	36
961	65
961	121
961	122
961	221
961	233
961	245
961	297
961	338
961	598
961	635
961	669
961	726
961	749
961	797
961	810
961	823
961	824
961	826
961	831
961	859
961	871
961	878
961	883
961	888
961	897
961	915
961	918
961	932
961	935
961	946
961	957
961	965
962	219
962	294
962	371
962	418
962	490
962	511
962	520
962	586
962	587
962	631
962	643
962	654
962	672
962	681
962	703
962	728
962	771
962	790
962	792
962	805
962	844
962	861
962	862
962	876
962	887
962	892
962	901
962	942
962	945
962	988
962	991
962	992
962	993
963	85
963	137
963	149
963	186
963	389
963	415
963	492
963	525
963	542
963	603
963	654
963	657
963	669
963	685
963	692
963	693
963	722
963	728
963	732
963	742
963	768
963	775
963	789
963	855
963	868
963	882
963	890
963	894
963	911
963	918
963	959
963	966
963	970
964	209
964	342
964	375
964	416
964	424
964	454
964	491
964	493
964	494
964	560
964	567
964	572
964	624
964	646
964	666
964	673
964	689
964	718
964	795
964	806
964	828
964	861
964	867
964	905
964	922
964	953
964	954
964	955
964	966
964	972
964	973
964	977
964	994
964	999
965	18
965	75
965	102
965	125
965	405
965	443
965	487
965	561
965	605
965	678
965	695
965	715
965	769
965	823
965	831
965	837
965	847
965	874
965	881
965	889
965	897
965	900
965	908
965	929
965	942
965	955
965	957
965	961
965	980
965	981
965	982
965	991
965	996
965	998
966	9
966	73
966	137
966	307
966	326
966	374
966	416
966	479
966	547
966	557
966	562
966	666
966	668
966	669
966	673
966	743
966	768
966	789
966	817
966	825
966	827
966	855
966	865
966	891
966	896
966	916
966	921
966	924
966	928
966	934
966	953
966	963
966	964
966	998
967	194
967	277
967	295
967	457
967	527
967	535
967	569
967	578
967	580
967	585
967	603
967	622
967	630
967	722
967	724
967	740
967	770
967	791
967	801
967	816
967	836
967	840
967	882
967	890
967	891
967	893
967	905
967	916
967	932
967	979
967	981
967	984
967	985
967	995
968	41
968	60
968	112
968	215
968	231
968	270
968	300
968	337
968	373
968	421
968	487
968	502
968	506
968	508
968	555
968	570
968	583
968	665
968	672
968	673
968	730
968	779
968	793
968	817
968	852
968	860
968	871
968	887
968	907
968	921
968	953
968	958
968	983
968	995
969	95
969	115
969	174
969	323
969	441
969	443
969	455
969	480
969	561
969	592
969	618
969	636
969	659
969	677
969	733
969	734
969	762
969	777
969	798
969	803
969	816
969	820
969	837
969	847
969	848
969	849
969	870
969	898
969	908
969	914
969	938
969	976
969	994
969	996
969	999
970	54
970	101
970	128
970	175
970	184
970	188
970	209
970	232
970	248
970	295
970	299
970	346
970	384
970	415
970	417
970	467
970	487
970	507
970	512
970	547
970	605
970	609
970	656
970	664
970	693
970	739
970	747
970	764
970	808
970	878
970	885
970	911
970	963
970	971
970	980
971	184
971	229
971	251
971	275
971	369
971	468
971	500
971	568
971	571
971	632
971	645
971	653
971	719
971	732
971	751
971	786
971	791
971	798
971	804
971	822
971	832
971	840
971	875
971	878
971	891
971	914
971	920
971	936
971	954
971	956
971	958
971	959
971	970
971	980
971	1000
972	163
972	193
972	241
972	294
972	333
972	344
972	358
972	396
972	409
972	412
972	424
972	433
972	446
972	453
972	507
972	586
972	594
972	616
972	627
972	685
972	701
972	740
972	795
972	845
972	861
972	866
972	876
972	888
972	944
972	945
972	953
972	964
972	975
972	992
972	993
972	999
973	207
973	258
973	331
973	334
973	354
973	398
973	491
973	508
973	568
973	572
973	575
973	606
973	621
973	657
973	684
973	689
973	690
973	708
973	731
973	740
973	753
973	795
973	800
973	814
973	816
973	818
973	831
973	835
973	845
973	861
973	873
973	922
973	964
973	979
973	986
973	999
974	42
974	49
974	99
974	126
974	134
974	163
974	166
974	204
974	225
974	229
974	363
974	403
974	522
974	524
974	559
974	563
974	581
974	617
974	632
974	644
974	653
974	684
974	735
974	777
974	784
974	786
974	820
974	827
974	849
974	875
974	880
974	914
974	920
974	924
974	941
974	958
974	1000
975	14
975	106
975	117
975	220
975	271
975	274
975	284
975	302
975	439
975	457
975	478
975	491
975	492
975	581
975	674
975	681
975	684
975	704
975	718
975	723
975	729
975	731
975	769
975	791
975	825
975	867
975	880
975	884
975	890
975	899
975	902
975	936
975	939
975	952
975	972
975	984
975	985
975	998
976	18
976	20
976	188
976	210
976	243
976	273
976	322
976	329
976	342
976	349
976	434
976	465
976	589
976	652
976	654
976	660
976	680
976	698
976	710
976	739
976	755
976	765
976	803
976	810
976	837
976	846
976	847
976	889
976	897
976	903
976	908
976	935
976	937
976	938
976	943
976	954
976	969
976	982
976	987
977	63
977	93
977	119
977	143
977	332
977	397
977	420
977	551
977	568
977	596
977	636
977	670
977	704
977	708
977	715
977	734
977	735
977	737
977	740
977	750
977	758
977	761
977	770
977	771
977	795
977	842
977	863
977	868
977	869
977	877
977	905
977	910
977	916
977	922
977	925
977	937
977	956
977	964
977	999
978	138
978	144
978	213
978	252
978	256
978	282
978	297
978	340
978	347
978	408
978	412
978	442
978	444
978	569
978	571
978	578
978	610
978	639
978	661
978	676
978	679
978	708
978	720
978	735
978	757
978	778
978	787
978	824
978	827
978	862
978	880
978	891
978	893
978	913
978	916
978	950
978	981
978	984
978	989
979	45
979	142
979	174
979	176
979	182
979	272
979	323
979	340
979	394
979	401
979	427
979	564
979	571
979	619
979	622
979	625
979	626
979	718
979	739
979	780
979	785
979	787
979	790
979	801
979	824
979	835
979	840
979	893
979	897
979	905
979	916
979	932
979	938
979	960
979	967
979	973
979	981
979	982
979	1000
980	48
980	69
980	101
980	258
980	259
980	318
980	339
980	385
980	395
980	404
980	501
980	502
980	524
980	548
980	551
980	575
980	626
980	651
980	688
980	706
980	714
980	720
980	770
980	775
980	807
980	817
980	828
980	844
980	872
980	881
980	909
980	956
980	958
980	965
980	970
980	971
980	983
980	985
980	988
980	993
981	53
981	76
981	152
981	271
981	301
981	302
981	379
981	394
981	436
981	444
981	455
981	457
981	476
981	499
981	507
981	521
981	571
981	622
981	687
981	743
981	773
981	780
981	785
981	787
981	825
981	836
981	848
981	857
981	868
981	869
981	900
981	941
981	957
981	960
981	965
981	967
981	978
981	979
981	990
981	993
981	994
982	41
982	110
982	164
982	253
982	260
982	342
982	347
982	358
982	390
982	434
982	447
982	451
982	455
982	470
982	477
982	488
982	490
982	516
982	584
982	589
982	592
982	608
982	698
982	741
982	762
982	798
982	803
982	804
982	820
982	844
982	883
982	897
982	906
982	908
982	927
982	955
982	965
982	976
982	979
982	987
982	991
983	109
983	167
983	177
983	187
983	194
983	196
983	201
983	291
983	301
983	329
983	381
983	419
983	428
983	501
983	513
983	556
983	558
983	562
983	577
983	594
983	645
983	680
983	681
983	688
983	776
983	781
983	806
983	809
983	812
983	815
983	830
983	847
983	909
983	928
983	935
983	951
983	968
983	980
983	991
983	995
983	999
984	44
984	47
984	67
984	89
984	155
984	176
984	224
984	269
984	302
984	315
984	329
984	359
984	428
984	521
984	561
984	593
984	622
984	625
984	643
984	717
984	718
984	780
984	782
984	785
984	792
984	797
984	813
984	825
984	893
984	905
984	909
984	915
984	916
984	921
984	929
984	936
984	939
984	942
984	960
984	967
984	975
984	978
985	10
985	16
985	34
985	39
985	82
985	85
985	108
985	226
985	239
985	350
985	450
985	515
985	545
985	615
985	626
985	637
985	653
985	657
985	662
985	677
985	702
985	745
985	753
985	777
985	791
985	794
985	795
985	802
985	828
985	846
985	848
985	853
985	894
985	916
985	924
985	942
985	954
985	958
985	967
985	975
985	980
985	989
986	12
986	26
986	135
986	178
986	226
986	242
986	295
986	377
986	392
986	405
986	406
986	407
986	423
986	431
986	528
986	554
986	565
986	567
986	574
986	591
986	630
986	634
986	635
986	640
986	712
986	736
986	794
986	835
986	838
986	840
986	869
986	877
986	884
986	895
986	918
986	920
986	925
986	930
986	944
986	945
986	973
986	990
987	11
987	72
987	102
987	206
987	243
987	311
987	400
987	426
987	465
987	480
987	531
987	549
987	563
987	564
987	629
987	646
987	649
987	652
987	682
987	690
987	695
987	741
987	777
987	783
987	804
987	805
987	807
987	837
987	856
987	865
987	899
987	904
987	908
987	913
987	919
987	920
987	930
987	933
987	976
987	982
987	990
987	991
987	994
988	1
988	2
988	121
988	150
988	233
988	263
988	285
988	393
988	413
988	414
988	422
988	434
988	465
988	480
988	550
988	604
988	608
988	672
988	716
988	733
988	737
988	748
988	749
988	764
988	788
988	814
988	819
988	825
988	847
988	858
988	859
988	901
988	923
988	934
988	942
988	945
988	957
988	962
988	980
988	991
988	993
988	994
988	997
989	113
989	130
989	138
989	223
989	228
989	252
989	361
989	399
989	408
989	432
989	462
989	478
989	510
989	515
989	523
989	527
989	558
989	573
989	578
989	603
989	638
989	661
989	676
989	698
989	719
989	723
989	730
989	755
989	787
989	794
989	799
989	814
989	848
989	853
989	870
989	880
989	890
989	891
989	912
989	926
989	929
989	950
989	978
989	985
990	39
990	50
990	286
990	308
990	311
990	312
990	330
990	357
990	427
990	483
990	494
990	495
990	531
990	567
990	582
990	589
990	649
990	656
990	683
990	690
990	743
990	766
990	784
990	805
990	807
990	819
990	822
990	836
990	843
990	865
990	870
990	873
990	885
990	895
990	897
990	903
990	904
990	913
990	925
990	959
990	981
990	986
990	987
990	994
990	995
991	13
991	95
991	140
991	167
991	181
991	192
991	273
991	322
991	425
991	428
991	443
991	445
991	480
991	525
991	526
991	556
991	561
991	605
991	615
991	636
991	644
991	657
991	684
991	741
991	742
991	762
991	766
991	796
991	810
991	820
991	837
991	862
991	900
991	913
991	938
991	944
991	955
991	962
991	965
991	982
991	983
991	987
991	988
991	994
991	997
992	23
992	74
992	88
992	118
992	144
992	148
992	156
992	159
992	172
992	191
992	218
992	229
992	327
992	344
992	346
992	397
992	414
992	431
992	453
992	486
992	543
992	584
992	636
992	643
992	719
992	738
992	773
992	796
992	798
992	809
992	820
992	832
992	852
992	900
992	911
992	913
992	919
992	940
992	945
992	949
992	955
992	962
992	972
992	993
992	997
993	50
993	68
993	74
993	128
993	129
993	156
993	195
993	285
993	305
993	415
993	439
993	529
993	536
993	603
993	605
993	613
993	614
993	616
993	658
993	672
993	723
993	765
993	790
993	814
993	823
993	826
993	844
993	862
993	870
993	874
993	876
993	879
993	888
993	901
993	928
993	942
993	949
993	960
993	962
993	972
993	980
993	981
993	988
993	992
993	997
994	206
994	207
994	231
994	236
994	282
994	322
994	331
994	381
994	419
994	431
994	495
994	509
994	514
994	531
994	546
994	552
994	555
994	558
994	561
994	582
994	618
994	649
994	651
994	682
994	721
994	736
994	744
994	766
994	805
994	806
994	807
994	820
994	865
994	867
994	898
994	904
994	913
994	935
994	954
994	964
994	969
994	981
994	987
994	988
994	990
994	991
995	3
995	66
995	67
995	92
995	160
995	249
995	263
995	276
995	389
995	444
995	491
995	510
995	519
995	569
995	580
995	634
995	635
995	636
995	659
995	689
995	754
995	758
995	769
995	841
995	844
995	847
995	850
995	854
995	862
995	871
995	874
995	886
995	892
995	900
995	903
995	904
995	910
995	930
995	931
995	940
995	948
995	951
995	952
995	967
995	968
995	983
995	990
996	84
996	243
996	281
996	305
996	357
996	421
996	426
996	440
996	471
996	490
996	523
996	537
996	539
996	573
996	653
996	658
996	659
996	663
996	704
996	706
996	717
996	724
996	748
996	755
996	763
996	772
996	783
996	797
996	811
996	814
996	819
996	826
996	834
996	847
996	856
996	873
996	883
996	909
996	919
996	933
996	935
996	945
996	948
996	957
996	959
996	965
996	969
996	1000
997	1
997	60
997	125
997	170
997	172
997	221
997	241
997	244
997	275
997	305
997	325
997	438
997	584
997	604
997	611
997	614
997	670
997	681
997	695
997	696
997	701
997	704
997	716
997	723
997	727
997	728
997	761
997	767
997	790
997	792
997	809
997	823
997	825
997	844
997	850
997	853
997	857
997	862
997	879
997	888
997	891
997	915
997	927
997	942
997	945
997	988
997	991
997	992
997	993
998	24
998	79
998	100
998	183
998	227
998	263
998	283
998	307
998	330
998	353
998	491
998	507
998	535
998	557
998	624
998	627
998	628
998	650
998	659
998	666
998	673
998	675
998	678
998	681
998	685
998	687
998	708
998	767
998	775
998	827
998	831
998	836
998	845
998	848
998	852
998	857
998	866
998	872
998	883
998	918
998	924
998	934
998	943
998	946
998	953
998	965
998	966
998	975
998	1000
999	27
999	72
999	77
999	96
999	158
999	165
999	259
999	279
999	284
999	285
999	333
999	391
999	409
999	447
999	458
999	467
999	504
999	529
999	541
999	557
999	568
999	595
999	648
999	650
999	657
999	680
999	737
999	738
999	753
999	758
999	816
999	818
999	828
999	844
999	856
999	871
999	874
999	879
999	895
999	904
999	905
999	920
999	951
999	964
999	969
999	972
999	973
999	977
999	983
1000	97
1000	123
1000	133
1000	195
1000	199
1000	234
1000	270
1000	296
1000	313
1000	317
1000	348
1000	380
1000	385
1000	392
1000	498
1000	500
1000	524
1000	549
1000	619
1000	621
1000	676
1000	684
1000	706
1000	707
1000	709
1000	763
1000	767
1000	783
1000	786
1000	802
1000	828
1000	844
1000	856
1000	861
1000	873
1000	875
1000	880
1000	887
1000	908
1000	909
1000	933
1000	935
1000	947
1000	959
1000	960
1000	971
1000	974
1000	979
1000	996
1000	998
