1	451
1	693
1	848
1	891
2	724
2	825
2	950
2	969
3	43
3	353
3	474
3	988
4	251
4	681
4	800
4	807
5	190
5	320
5	543
5	829
6	883
6	923
6	943
6	981
7	527
7	528
7	702
7	985
8	263
8	769
8	817
8	977
9	172
9	187
9	390
9	887
10	222
10	687
10	977
10	993
11	642
11	647
11	690
11	728
12	170
12	797
12	837
12	993
13	138
13	185
13	871
13	961
14	167
14	763
14	841
14	933
15	263
15	836
15	882
15	981
16	787
16	882
16	926
16	992
17	832
17	970
17	975
17	981
17	985
18	414
18	536
18	618
18	727
19	652
19	915
19	918
19	968
20	280
20	702
20	873
20	919
21	505
21	639
21	737
21	935
22	710
22	810
22	945
22	987
23	84
23	894
23	936
23	961
24	506
24	614
24	757
24	990
25	685
25	870
25	956
25	994
26	498
26	630
26	855
26	998
27	600
27	604
27	662
27	816
28	683
28	726
28	780
28	979
29	199
29	681
29	811
29	870
30	630
30	855
30	906
30	990
31	80
31	392
31	871
31	970
32	920
32	956
32	964
32	998
33	785
33	896
33	909
33	974
34	871
34	914
34	959
34	982
35	442
35	691
35	744
35	996
36	456
36	838
36	967
36	973
36	975
37	908
37	918
37	963
37	972
38	257
38	630
38	855
38	994
39	672
39	760
39	935
39	976
40	806
40	878
40	913
40	1000
41	704
41	889
41	933
41	953
42	528
42	840
42	952
42	992
43	3
43	419
43	444
43	708
44	629
44	697
44	896
44	996
45	234
45	369
45	924
45	959
46	507
46	641
46	733
46	991
47	455
47	510
47	575
47	797
48	86
48	728
48	810
48	966
49	774
49	872
49	880
49	912
50	381
50	712
50	950
50	955
51	658
51	674
51	917
51	944
52	619
52	816
52	948
52	956
53	389
53	462
53	712
53	993
54	680
54	822
54	962
54	989
55	549
55	815
55	858
55	964
56	337
56	688
56	930
56	957
57	303
57	744
57	758
57	943
58	322
58	579
58	771
58	993
59	399
59	711
59	762
59	913
60	181
60	719
60	968
60	983
61	774
61	816
61	892
61	913
61	975
62	307
62	938
62	985
62	996
63	733
63	918
63	926
63	961
64	425
64	515
64	845
64	858
65	584
65	610
65	661
65	693
66	480
66	725
66	762
66	837
67	527
67	618
67	760
67	874
68	298
68	441
68	620
68	991
69	342
69	945
69	963
69	994
70	307
70	653
70	686
70	997
71	656
71	752
71	956
71	983
72	538
72	885
72	920
72	987
73	546
73	777
73	845
73	951
74	426
74	696
74	846
74	971
75	508
75	866
75	959
75	993
76	442
76	585
76	943
76	950
77	164
77	733
77	918
77	926
78	495
78	579
78	760
78	905
78	977
79	520
79	669
79	936
79	959
79	981
80	31
80	547
80	878
80	907
81	708
81	893
81	962
81	976
82	802
82	849
82	911
82	927
83	258
83	501
83	867
83	968
84	23
84	175
84	691
84	834
85	513
85	837
85	922
85	997
86	48
86	733
86	918
86	926
87	747
87	762
87	768
87	797
88	358
88	388
88	445
88	984
89	184
89	783
89	890
89	992
90	322
90	809
90	908
90	972
91	469
91	670
91	743
91	872
92	308
92	480
92	529
92	733
92	975
93	703
93	881
93	930
93	951
94	188
94	711
94	880
94	980
95	108
95	502
95	947
95	979
96	499
96	952
96	963
96	997
97	325
97	782
97	794
97	991
98	778
98	896
98	945
98	947
99	129
99	931
99	964
99	970
100	504
100	863
100	980
100	984
101	667
101	704
101	778
101	943
102	104
102	765
102	975
102	999
103	355
103	515
103	593
103	986
104	102
104	779
104	874
104	968
105	491
105	673
105	873
105	950
106	885
106	895
106	947
106	966
107	587
107	629
107	887
107	969
108	95
108	685
108	799
108	885
109	240
109	248
109	898
109	949
110	860
110	931
110	992
110	993
111	152
111	623
111	634
111	985
112	248
112	252
112	391
112	794
113	218
113	770
113	985
113	993
113	994
114	174
114	424
114	450
114	970
115	553
115	984
115	993
115	998
116	831
116	906
116	923
116	943
117	180
117	613
117	929
117	948
117	987
118	351
118	616
118	694
118	992
119	917
119	918
119	934
119	946
120	290
120	485
120	678
120	962
120	965
121	827
121	911
121	952
121	966
122	318
122	473
122	839
122	952
123	215
123	470
123	913
123	985
124	462
124	943
124	981
124	998
125	587
125	671
125	772
125	981
126	602
126	813
126	942
126	1000
127	758
127	870
127	948
127	996
128	413
128	898
128	908
128	949
129	99
129	816
129	904
129	926
130	321
130	325
130	953
130	959
131	610
131	769
131	976
131	977
132	563
132	714
132	736
132	959
133	380
133	788
133	899
133	967
134	508
134	847
134	964
134	968
135	654
135	743
135	765
135	946
136	344
136	674
136	802
136	933
137	237
137	487
137	822
137	905
138	13
138	141
138	218
138	959
139	473
139	715
139	909
139	998
140	155
140	891
140	917
140	959
141	138
141	369
141	789
141	924
142	500
142	545
142	905
142	937
142	961
143	474
143	736
143	876
143	952
144	430
144	894
144	961
144	968
145	382
145	951
145	965
145	982
146	653
146	687
146	824
146	971
147	569
147	734
147	783
147	901
148	863
148	910
148	949
148	987
149	765
149	766
149	975
149	999
150	675
150	695
150	772
150	924
151	615
151	618
151	910
151	988
152	111
152	785
152	962
152	977
153	608
153	665
153	820
153	990
154	413
154	629
154	741
154	825
154	965
155	140
155	243
155	524
155	628
156	807
156	840
156	935
156	980
157	286
157	623
157	812
157	932
158	501
158	649
158	802
158	961
159	503
159	936
159	951
159	996
160	955
160	959
160	971
160	984
161	699
161	741
161	963
161	975
162	521
162	819
162	889
162	997
163	777
163	879
163	914
163	916
164	77
164	172
164	826
164	897
165	483
165	533
165	744
165	984
166	349
166	515
166	908
166	963
167	14
167	860
167	936
167	944
168	284
168	680
168	768
168	915
169	504
169	671
169	793
169	874
170	12
170	636
170	705
170	863
171	294
171	494
171	647
171	943
172	9
172	164
172	691
172	992
173	373
173	688
173	821
173	968
174	114
174	711
174	718
174	878
175	84
175	466
175	778
175	982
175	992
176	953
176	988
176	997
176	998
177	952
177	972
177	997
177	998
178	786
178	923
178	947
178	990
179	309
179	851
179	975
179	981
179	991
180	117
180	587
180	702
180	887
181	60
181	552
181	816
181	910
182	550
182	880
182	996
182	997
183	306
183	798
183	872
183	987
184	89
184	779
184	987
184	997
185	13
185	856
185	955
185	994
186	257
186	311
186	408
186	799
187	9
187	580
187	610
187	960
188	94
188	421
188	512
188	939
189	488
189	524
189	752
189	815
190	5
190	320
190	846
190	952
191	285
191	607
191	868
191	901
192	393
192	549
192	568
192	803
193	827
193	920
193	924
193	998
194	272
194	469
194	599
194	966
195	497
195	789
195	860
195	951
195	982
196	907
196	977
196	983
196	985
197	512
197	796
197	835
197	893
198	450
198	490
198	807
198	993
199	29
199	694
199	706
199	813
200	649
200	664
200	897
200	999
201	957
201	967
201	975
201	996
201	998
202	883
202	889
202	931
202	936
203	483
203	561
203	971
203	974
204	789
204	909
204	933
204	964
205	783
205	882
205	913
205	981
206	636
206	945
206	968
206	982
206	995
207	411
207	815
207	816
207	970
207	995
208	273
208	505
208	628
208	875
208	992
209	405
209	574
209	617
209	993
210	743
210	870
210	904
210	996
211	400
211	848
211	941
211	979
211	987
212	433
212	933
212	989
212	996
213	460
213	664
213	977
213	998
214	303
214	766
214	854
214	964
214	965
215	123
215	639
215	905
215	921
215	957
216	786
216	905
216	933
216	985
217	333
217	408
217	756
217	930
218	113
218	138
218	602
218	712
219	680
219	730
219	856
219	882
219	982
220	834
220	889
220	915
220	938
221	868
221	869
221	942
221	958
222	10
222	627
222	658
222	998
223	966
223	970
223	976
223	990
224	532
224	970
224	985
224	1000
225	771
225	935
225	959
225	972
226	513
226	539
226	597
226	627
226	975
227	677
227	926
227	930
227	993
228	499
228	803
228	829
228	963
229	302
229	596
229	603
229	633
230	875
230	910
230	965
230	971
230	982
231	429
231	926
231	960
231	969
231	993
232	653
232	700
232	781
232	856
232	980
233	332
233	590
233	918
233	921
233	1000
234	45
234	679
234	875
234	970
234	994
235	714
235	741
235	874
235	973
235	997
236	643
236	869
236	965
236	991
236	994
236	996
237	137
237	633
237	778
237	816
237	874
238	604
238	720
238	984
238	995
238	999
239	278
239	652
239	737
239	918
239	934
240	109
240	629
240	879
240	936
240	989
241	694
241	749
241	848
241	877
241	916
242	792
242	894
242	911
242	917
242	942
243	155
243	537
243	569
243	855
243	907
244	583
244	786
244	892
244	934
244	970
245	737
245	779
245	845
245	950
245	998
246	796
246	954
246	964
246	971
246	983
247	350
247	562
247	587
247	901
247	949
248	109
248	112
248	509
248	898
248	954
249	445
249	809
249	938
249	952
249	991
250	492
250	682
250	686
250	701
250	970
251	4
251	768
251	796
251	841
251	980
252	112
252	282
252	877
252	970
252	995
253	803
253	875
253	965
253	975
253	982
254	497
254	633
254	811
254	903
254	908
255	580
255	701
255	904
255	952
255	972
256	489
256	736
256	762
256	986
256	991
257	38
257	186
257	498
257	747
257	855
258	83
258	287
258	399
258	978
258	985
259	472
259	479
259	591
259	912
259	963
260	310
260	382
260	454
260	946
260	960
261	440
261	688
261	982
261	991
261	1000
262	700
262	954
262	958
262	989
262	991
263	8
263	15
263	583
263	743
263	939
264	899
264	903
264	947
264	967
264	994
265	518
265	525
265	899
265	967
265	993
266	431
266	645
266	842
266	848
266	917
267	698
267	699
267	949
267	965
267	975
268	679
268	758
268	858
268	862
268	967
269	292
269	332
269	632
269	753
269	848
270	282
270	416
270	979
270	986
270	999
271	456
271	469
271	597
271	809
271	842
272	194
272	599
272	874
272	966
272	969
273	208
273	716
273	859
273	864
273	940
274	368
274	703
274	749
274	878
274	965
274	997
275	715
275	862
275	904
275	934
275	964
276	382
276	734
276	862
276	911
276	927
277	440
277	547
277	727
277	732
277	978
278	239
278	882
278	897
278	925
278	969
279	281
279	692
279	746
279	810
279	960
279	982
280	20
280	584
280	870
280	960
280	1000
281	279
281	384
281	858
281	932
281	979
282	252
282	270
282	877
282	976
282	995
283	662
283	840
283	962
283	971
283	977
284	168
284	705
284	715
284	898
284	994
285	191
285	305
285	652
285	737
285	934
286	157
286	503
286	775
286	975
286	995
287	258
287	754
287	771
287	934
287	941
288	562
288	799
288	801
288	919
288	968
289	811
289	921
289	923
289	954
289	960
290	120
290	754
290	829
290	921
290	984
291	398
291	801
291	954
291	958
291	991
292	269
292	868
292	948
292	959
292	973
292	994
293	386
293	506
293	613
293	882
293	945
294	171
294	556
294	826
294	917
294	930
295	531
295	834
295	911
295	927
295	932
296	488
296	577
296	604
296	618
296	867
297	528
297	565
297	909
297	938
297	985
298	68
298	427
298	952
298	967
298	988
299	662
299	713
299	753
299	905
299	986
300	405
300	788
300	899
300	939
300	967
301	379
301	699
301	948
301	975
301	999
302	229
302	692
302	815
302	891
302	970
303	57
303	214
303	615
303	846
303	924
304	375
304	542
304	831
304	849
304	981
305	285
305	544
305	779
305	858
305	919
305	944
306	183
306	706
306	781
306	799
306	934
307	62
307	70
307	466
307	480
307	806
308	92
308	436
308	574
308	938
308	952
309	179
309	598
309	846
309	873
309	878
310	260
310	367
310	857
310	860
310	989
311	186
311	398
311	645
311	968
311	984
312	536
312	650
312	726
312	921
312	923
313	365
313	418
313	674
313	898
313	941
314	877
314	889
314	947
314	969
314	995
315	613
315	768
315	860
315	915
315	943
316	598
316	680
316	685
316	700
316	725
317	347
317	585
317	768
317	918
317	973
318	122
318	700
318	819
318	889
318	930
319	509
319	590
319	904
319	950
319	974
320	5
320	190
320	430
320	543
320	847
321	130
321	755
321	951
321	967
321	974
322	58
322	90
322	612
322	708
322	865
323	572
323	605
323	776
323	930
323	958
324	408
324	526
324	737
324	869
324	991
325	97
325	130
325	401
325	565
325	763
326	378
326	883
326	920
326	985
326	988
326	997
327	358
327	583
327	642
327	764
327	968
328	467
328	716
328	814
328	920
328	988
329	358
329	727
329	829
329	931
329	952
330	394
330	565
330	730
330	912
330	927
331	471
331	492
331	864
331	940
331	986
332	233
332	269
332	740
332	959
332	979
333	217
333	672
333	726
333	968
333	984
334	662
334	750
334	784
334	950
334	970
335	651
335	776
335	783
335	895
335	966
336	424
336	663
336	878
336	913
336	972
337	56
337	621
337	926
337	942
337	979
338	348
338	673
338	711
338	812
338	935
339	441
339	449
339	682
339	926
339	991
340	386
340	676
340	763
340	797
340	810
341	420
341	501
341	620
341	685
341	784
342	69
342	628
342	857
342	942
342	960
343	515
343	602
343	942
343	950
343	1000
344	136
344	707
344	738
344	752
344	963
345	768
345	805
345	829
345	955
345	996
346	375
346	415
346	834
346	889
346	928
347	317
347	593
347	912
347	960
347	964
348	338
348	554
348	778
348	861
348	947
349	166
349	588
349	808
349	823
349	938
350	247
350	926
350	983
350	988
350	995
351	118
351	611
351	890
351	925
351	992
352	402
352	850
352	899
352	956
352	982
353	3
353	691
353	778
353	924
353	946
354	396
354	844
354	909
354	937
354	985
355	103
355	635
355	788
355	899
355	903
356	686
356	702
356	854
356	912
356	946
357	638
357	775
357	855
357	930
357	992
358	88
358	327
358	329
358	553
358	959
359	616
359	784
359	890
359	925
359	992
360	481
360	493
360	823
360	894
360	996
361	467
361	923
361	943
361	979
361	990
362	368
362	737
362	918
362	961
362	994
363	491
363	660
363	852
363	924
363	940
364	516
364	731
364	882
364	949
364	966
365	313
365	740
365	815
365	901
365	988
366	695
366	838
366	924
366	960
366	1000
367	310
367	620
367	627
367	810
367	892
368	274
368	362
368	661
368	814
368	885
369	45
369	141
369	605
369	874
369	924
370	772
370	845
370	873
370	981
370	997
371	744
371	871
371	922
371	965
371	989
372	853
372	927
372	940
372	957
372	958
373	173
373	548
373	846
373	940
373	989
374	565
374	573
374	807
374	942
374	970
375	304
375	346
375	542
375	831
375	957
376	624
376	757
376	771
376	894
376	998
377	617
377	715
377	889
377	918
377	919
378	326
378	610
378	863
378	888
378	973
379	301
379	632
379	816
379	942
379	992
380	133
380	749
380	867
380	908
380	924
381	50
381	484
381	840
381	871
381	996
382	145
382	260
382	276
382	869
382	1000
383	431
383	495
383	919
383	939
383	982
383	995
384	281
384	561
384	714
384	876
384	958
384	999
385	667
385	913
385	934
385	989
385	994
385	999
386	293
386	340
386	601
386	654
386	961
386	979
387	620
387	714
387	814
387	822
387	931
387	988
388	88
388	626
388	819
388	933
388	949
388	954
389	53
389	533
389	642
389	930
389	993
389	994
390	9
390	835
390	877
390	928
390	965
390	995
391	112
391	473
391	596
391	655
391	773
391	973
392	31
392	688
392	727
392	913
392	941
392	979
393	192
393	718
393	791
393	796
393	954
393	990
394	330
394	412
394	764
394	970
394	995
394	1000
395	798
395	820
395	847
395	872
395	936
395	987
396	354
396	646
396	834
396	872
396	912
396	955
397	473
397	759
397	855
397	937
397	967
397	989
398	291
398	311
398	758
398	941
398	972
398	990
399	59
399	258
399	467
399	799
399	929
399	972
400	211
400	564
400	918
400	946
400	989
400	990
401	325
401	742
401	809
401	822
401	975
401	978
402	352
402	469
402	483
402	628
402	751
402	776
403	511
403	546
403	811
403	842
403	947
403	989
404	547
404	708
404	727
404	735
404	817
404	941
405	209
405	300
405	759
405	835
405	863
405	884
406	853
406	907
406	940
406	964
406	984
406	994
407	458
407	683
407	749
407	917
407	949
407	987
408	186
408	217
408	324
408	839
408	853
408	968
409	525
409	640
409	788
409	899
409	957
409	967
410	474
410	517
410	576
410	807
410	871
410	904
411	207
411	555
411	700
411	743
411	790
411	912
412	394
412	666
412	885
412	922
412	970
412	973
413	128
413	154
413	688
413	894
413	916
413	927
414	18
414	789
414	848
414	857
414	950
414	965
415	346
415	712
415	728
415	856
415	956
415	980
416	270
416	648
416	771
416	774
416	831
416	911
417	493
417	656
417	675
417	781
417	932
417	935
418	313
418	476
418	881
418	905
418	983
418	996
419	43
419	677
419	713
419	813
419	950
419	964
420	341
420	713
420	762
420	784
420	903
420	955
421	188
421	483
421	507
421	782
421	843
421	958
421	974
422	823
422	882
422	905
422	927
422	996
422	1000
423	592
423	761
423	826
423	891
423	944
423	969
424	114
424	336
424	663
424	913
424	957
424	969
425	64
425	748
425	787
425	891
425	892
425	951
426	74
426	874
426	903
426	925
426	958
426	970
427	298
427	914
427	933
427	973
427	977
427	981
428	465
428	495
428	826
428	831
428	885
428	994
429	231
429	713
429	753
429	905
429	986
429	999
430	144
430	320
430	577
430	752
430	975
430	992
431	266
431	383
431	750
431	881
431	964
431	993
432	670
432	802
432	830
432	907
432	919
432	975
433	212
433	518
433	661
433	784
433	939
433	988
434	520
434	593
434	813
434	880
434	945
434	986
435	701
435	738
435	781
435	886
435	934
435	957
436	308
436	757
436	774
436	901
436	910
436	976
437	449
437	516
437	607
437	848
437	933
437	981
438	560
438	661
438	797
438	904
438	932
438	995
439	507
439	735
439	758
439	828
439	939
439	980
440	261
440	277
440	482
440	501
440	819
440	926
441	68
441	339
441	451
441	952
441	991
441	997
442	35
442	76
442	544
442	737
442	744
442	996
443	775
443	866
443	920
443	929
443	965
443	986
444	43
444	544
444	733
444	918
444	926
444	980
445	88
445	249
445	581
445	965
445	966
445	1000
446	662
446	761
446	850
446	909
446	919
446	935
447	692
447	715
447	734
447	870
447	973
447	982
448	664
448	811
448	870
448	990
448	996
448	999
449	339
449	437
449	568
449	883
449	988
449	991
450	114
450	198
450	545
450	730
450	954
450	979
451	1
451	441
451	817
451	917
451	981
451	988
452	812
452	836
452	883
452	931
452	936
452	950
453	777
453	902
453	916
453	951
453	987
453	989
454	260
454	625
454	686
454	942
454	960
454	993
455	47
455	501
455	774
455	793
455	843
455	897
456	36
456	271
456	567
456	828
456	894
456	996
457	489
457	653
457	849
457	893
457	926
457	998
458	407
458	668
458	834
458	872
458	987
458	993
459	748
459	761
459	882
459	891
459	942
459	985
460	213
460	573
460	725
460	752
460	927
460	995
461	671
461	755
461	795
461	876
461	940
461	994
462	53
462	124
462	549
462	643
462	741
462	803
463	597
463	727
463	862
463	919
463	951
463	991
464	729
464	770
464	864
464	882
464	897
464	969
465	428
465	567
465	721
465	807
465	823
465	983
466	175
466	307
466	517
466	806
466	818
466	870
467	328
467	361
467	399
467	631
467	736
467	973
468	655
468	770
468	826
468	833
468	866
468	942
469	91
469	194
469	271
469	402
469	851
469	859
470	123
470	566
470	657
470	873
470	880
470	950
471	331
471	591
471	626
471	852
471	864
471	867
472	259
472	724
472	804
472	855
472	980
472	989
473	122
473	139
473	391
473	397
473	921
473	973
474	3
474	143
474	410
474	853
474	946
474	954
475	479
475	571
475	736
475	799
475	843
475	971
476	418
476	486
476	632
476	681
476	695
476	960
477	503
477	570
477	693
477	781
477	960
477	988
478	661
478	786
478	804
478	805
478	895
478	939
479	259
479	475
479	659
479	948
479	952
479	984
480	66
480	92
480	307
480	608
480	971
480	990
481	360
481	718
481	830
481	894
481	922
481	937
482	440
482	677
482	832
482	923
482	950
482	955
483	165
483	203
483	402
483	421
483	567
483	751
484	381
484	764
484	859
484	865
484	964
484	1000
485	120
485	610
485	769
485	788
485	912
485	937
486	476
486	734
486	871
486	874
486	894
486	959
487	137
487	627
487	838
487	845
487	900
487	961
487	994
488	189
488	296
488	604
488	618
488	836
488	857
488	901
489	256
489	457
489	734
489	818
489	847
489	952
489	979
490	198
490	630
490	718
490	812
490	883
490	933
490	940
491	105
491	363
491	821
491	864
491	922
491	940
491	974
492	250
492	331
492	589
492	764
492	837
492	902
492	970
493	360
493	417
493	747
493	759
493	840
493	995
493	996
494	171
494	574
494	607
494	619
494	792
494	803
494	994
495	78
495	383
495	428
495	693
495	742
495	749
495	951
496	689
496	794
496	920
496	933
496	969
496	973
496	977
497	195
497	254
497	817
497	833
497	908
497	937
497	950
498	26
498	257
498	617
498	630
498	738
498	855
498	999
499	96
499	228
499	598
499	762
499	842
499	865
499	936
500	142
500	803
500	918
500	921
500	927
500	971
500	992
501	83
501	158
501	341
501	440
501	455
501	948
501	955
502	95
502	523
502	639
502	727
502	749
502	754
502	924
503	159
503	286
503	477
503	517
503	576
503	662
503	968
504	100
504	169
504	587
504	887
504	888
504	901
504	949
505	21
505	208
505	550
505	683
505	905
505	988
505	995
506	24
506	293
506	545
506	913
506	926
506	930
506	939
507	46
507	421
507	439
507	580
507	652
507	824
507	995
508	75
508	134
508	682
508	837
508	871
508	993
508	996
509	248
509	319
509	836
509	867
509	890
509	987
509	992
510	47
510	802
510	811
510	814
510	855
510	966
510	971
511	403
511	637
511	716
511	959
511	962
511	990
511	999
512	188
512	197
512	560
512	827
512	855
512	914
512	981
513	85
513	226
513	941
513	942
513	946
513	956
513	983
514	523
514	584
514	788
514	861
514	908
514	914
514	915
515	64
515	103
515	166
515	343
515	804
515	963
515	972
516	364
516	437
516	537
516	654
516	946
516	961
516	990
517	410
517	466
517	503
517	595
517	846
517	871
517	971
518	265
518	433
518	525
518	788
518	899
518	967
518	985
519	523
519	887
519	923
519	943
519	966
519	972
519	998
520	79
520	434
520	653
520	700
520	781
520	980
520	982
521	162
521	611
521	846
521	853
521	890
521	925
521	992
522	537
522	668
522	676
522	750
522	881
522	952
522	993
523	502
523	514
523	519
523	697
523	928
523	976
523	977
524	155
524	189
524	628
524	719
524	850
524	854
524	873
525	265
525	409
525	518
525	868
525	920
525	962
525	978
526	324
526	545
526	576
526	613
526	778
526	804
526	947
527	7
527	67
527	568
527	589
527	634
527	830
527	985
528	7
528	42
528	297
528	872
528	917
528	984
528	985
529	92
529	678
529	923
529	927
529	962
529	967
529	990
530	695
530	731
530	739
530	785
530	906
530	962
530	978
531	295
531	746
531	849
531	854
531	911
531	927
531	932
532	224
532	562
532	580
532	624
532	784
532	794
532	974
533	165
533	389
533	699
533	714
533	832
533	959
533	984
534	740
534	769
534	777
534	873
534	880
534	922
534	937
535	629
535	820
535	881
535	935
535	950
535	955
535	993
536	18
536	312
536	615
536	637
536	656
536	667
536	897
537	243
537	516
537	522
537	710
537	720
537	961
537	979
538	72
538	679
538	834
538	906
538	921
538	992
538	999
539	226
539	701
539	932
539	957
539	967
539	985
539	990
540	861
540	883
540	890
540	926
540	981
540	982
540	993
541	745
541	800
541	833
541	909
541	985
541	989
541	1000
542	304
542	375
542	701
542	756
542	831
542	848
542	888
543	5
543	320
543	636
543	783
543	847
543	889
543	911
544	305
544	442
544	444
544	789
544	930
544	942
544	979
545	142
545	450
545	506
545	526
545	861
545	970
545	980
546	73
546	403
546	684
546	777
546	890
546	893
546	919
547	80
547	277
547	404
547	682
547	727
547	735
547	806
548	373
548	639
548	881
548	945
548	946
548	964
548	993
549	55
549	192
549	462
549	728
549	750
549	803
549	812
550	182
550	505
550	619
550	620
550	857
550	886
550	894
551	593
551	752
551	759
551	813
551	895
551	921
551	944
552	181
552	565
552	605
552	696
552	816
552	885
552	888
553	115
553	358
553	646
553	683
553	959
553	971
553	999
554	348
554	761
554	827
554	925
554	939
554	952
554	992
555	411
555	611
555	640
555	706
555	980
555	991
555	994
556	294
556	578
556	632
556	683
556	726
556	757
556	826
557	802
557	824
557	853
557	856
557	927
557	961
557	990
558	674
558	805
558	956
558	959
558	967
558	975
558	986
559	607
559	625
559	692
559	815
559	889
559	890
559	992
560	438
560	512
560	712
560	728
560	832
560	843
560	928
560	956
561	203
561	384
561	599
561	810
561	938
561	959
561	966
561	973
562	247
562	288
562	532
562	771
562	784
562	894
562	989
562	995
563	132
563	847
563	855
563	937
563	955
563	986
563	991
563	999
564	400
564	641
564	671
564	793
564	874
564	906
565	297
565	325
565	330
565	374
565	552
565	866
565	909
565	913
566	470
566	586
566	619
566	749
566	767
566	821
566	873
566	950
567	456
567	465
567	483
567	619
567	763
567	940
567	960
567	982
568	192
568	449
568	527
568	578
568	594
568	729
568	931
568	979
569	147
569	243
569	615
569	685
569	746
569	835
569	978
569	995
570	477
570	785
570	805
570	843
570	844
570	917
570	952
570	957
571	475
571	788
571	797
571	822
571	889
571	910
571	915
571	997
572	323
572	789
572	878
572	910
572	913
572	953
572	981
572	989
573	374
573	460
573	648
573	654
573	815
573	834
573	974
573	996
574	209
574	308
574	494
574	859
574	945
574	948
574	952
574	972
575	47
575	686
575	761
575	855
575	887
575	949
575	953
575	981
576	410
576	503
576	526
576	613
576	640
576	846
576	871
576	971
577	296
577	430
577	780
577	787
577	920
577	954
577	955
577	976
578	556
578	568
578	679
578	704
578	808
578	815
578	873
578	987
579	58
579	78
579	588
579	721
579	878
579	931
579	935
579	987
580	187
580	255
580	507
580	532
580	782
580	801
580	919
580	978
581	445
581	654
581	720
581	730
581	818
581	824
581	976
581	979
582	600
582	685
582	785
582	787
582	790
582	796
582	885
582	989
583	244
583	263
583	327
583	597
583	732
583	768
583	939
583	943
584	65
584	280
584	514
584	696
584	887
584	924
584	976
584	980
585	76
585	317
585	667
585	746
585	802
585	824
585	976
585	987
586	566
586	607
586	673
586	680
586	862
586	873
586	880
586	950
587	107
587	125
587	180
587	247
587	504
587	887
587	944
587	965
588	349
588	579
588	750
588	813
588	953
588	971
588	981
588	993
589	492
589	527
589	634
589	841
589	892
589	974
589	984
589	985
590	233
590	319
590	807
590	857
590	869
590	942
590	958
590	1000
591	259
591	471
591	763
591	858
591	906
591	908
591	930
591	952
592	423
592	753
592	898
592	935
592	937
592	954
592	970
592	1000
593	103
593	347
593	434
593	551
593	733
593	735
593	740
593	944
594	568
594	711
594	761
594	804
594	878
594	913
594	957
594	982
595	517
595	636
595	780
595	874
595	923
595	924
595	991
595	993
596	229
596	391
596	751
596	759
596	789
596	914
596	973
596	981
597	226
597	271
597	463
597	583
597	725
597	768
597	939
597	943
598	309
598	316
598	499
598	672
598	831
598	960
598	962
598	978
599	194
599	272
599	561
599	687
599	947
599	966
599	969
599	970
600	27
600	582
600	619
600	689
600	742
600	803
600	807
600	933
601	386
601	872
601	891
601	907
601	908
601	961
601	985
601	998
602	126
602	218
602	343
602	673
602	869
602	941
602	942
602	944
603	229
603	632
603	695
603	724
603	763
603	775
603	897
603	924
604	27
604	238
604	296
604	488
604	618
604	686
604	836
604	981
605	323
605	369
605	552
605	790
605	946
605	961
605	966
605	993
606	622
606	753
606	828
606	882
606	884
606	900
606	953
606	981
607	191
607	437
607	494
607	559
607	586
607	673
607	873
607	950
608	153
608	480
608	614
608	624
608	629
608	668
608	763
608	820
609	659
609	765
609	878
609	904
609	913
609	935
609	965
609	986
610	65
610	131
610	187
610	378
610	485
610	752
610	967
610	997
611	351
611	521
611	555
611	851
611	890
611	921
611	925
611	992
612	322
612	779
612	824
612	864
612	911
612	948
612	961
612	972
613	117
613	293
613	315
613	526
613	576
613	730
613	778
613	947
614	24
614	608
614	822
614	871
614	907
614	921
614	940
614	967
615	151
615	303
615	536
615	569
615	790
615	820
615	856
615	944
616	118
616	359
616	638
616	818
616	868
616	925
616	945
616	992
617	209
617	377
617	498
617	691
617	825
617	910
617	938
617	982
618	18
618	67
618	151
618	296
618	488
618	604
618	713
618	836
619	52
619	494
619	550
619	566
619	567
619	600
619	741
619	803
620	68
620	341
620	367
620	387
620	550
620	867
620	876
620	988
621	337
621	682
621	735
621	758
621	775
621	892
621	975
621	992
622	606
622	828
622	884
622	900
622	915
622	930
622	953
622	981
623	111
623	157
623	633
623	724
623	808
623	887
623	947
623	967
623	985
624	376
624	532
624	608
624	828
624	838
624	865
624	887
624	972
624	990
625	454
625	559
625	639
625	747
625	764
625	841
625	942
625	955
625	995
626	388
626	471
626	692
626	781
626	804
626	852
626	864
626	922
626	940
627	222
627	226
627	367
627	487
627	792
627	904
627	929
627	982
627	983
628	155
628	208
628	342
628	402
628	524
628	719
628	850
628	854
628	878
629	44
629	107
629	154
629	240
629	535
629	608
629	751
629	966
629	990
630	26
630	30
630	38
630	490
630	498
630	791
630	906
630	983
630	984
631	467
631	679
631	817
631	862
631	883
631	906
631	912
631	937
631	977
632	269
632	379
632	476
632	556
632	603
632	695
632	772
632	842
632	960
633	229
633	237
633	254
633	623
633	817
633	830
633	833
633	903
633	908
634	111
634	527
634	589
634	767
634	872
634	930
634	938
634	974
634	985
635	355
635	698
635	735
635	741
635	788
635	898
635	899
635	938
635	967
636	170
636	206
636	543
636	595
636	766
636	880
636	918
636	950
636	963
637	511
637	536
637	656
637	666
637	667
637	707
637	729
637	824
637	833
638	357
638	616
638	736
638	758
638	917
638	943
638	952
638	982
638	991
639	21
639	215
639	502
639	548
639	625
639	822
639	871
639	962
639	993
640	409
640	555
640	576
640	747
640	766
640	953
640	958
640	959
640	981
641	46
641	564
641	644
641	712
641	721
641	843
641	929
641	982
641	988
642	11
642	327
642	389
642	690
642	829
642	860
642	957
642	972
642	973
643	236
643	462
643	796
643	803
643	809
643	810
643	817
643	911
643	987
644	641
644	648
644	722
644	746
644	825
644	865
644	886
644	923
644	951
645	266
645	311
645	669
645	867
645	911
645	936
645	991
645	993
645	996
646	396
646	553
646	844
646	917
646	991
647	11
647	171
647	655
647	833
647	866
647	879
647	897
647	915
647	951
648	416
648	573
648	644
648	724
648	809
648	851
648	948
648	951
648	998
649	158
649	200
649	654
649	720
649	802
649	824
649	862
649	903
649	987
650	312
650	751
650	770
650	795
650	833
650	887
650	919
650	971
650	994
651	335
651	672
651	768
651	875
651	932
651	944
651	965
651	971
651	982
652	19
652	239
652	285
652	507
652	707
652	720
652	737
652	932
652	934
653	70
653	146
653	232
653	457
653	520
653	693
653	738
653	782
653	980
654	135
654	386
654	516
654	573
654	581
654	649
654	961
654	978
654	999
655	391
655	468
655	647
655	692
655	841
655	846
655	866
655	948
655	951
656	71
656	417
656	536
656	637
656	666
656	667
656	782
656	871
656	888
657	470
657	660
657	673
657	873
657	880
657	912
657	950
657	983
657	987
658	51
658	222
658	740
658	750
658	849
658	957
658	992
658	993
658	995
659	479
659	609
659	910
659	911
659	925
659	937
659	957
659	976
659	992
660	363
660	657
660	852
660	863
660	864
660	870
660	886
660	922
660	940
661	65
661	368
661	433
661	438
661	478
661	810
661	812
661	912
661	988
662	27
662	283
662	299
662	334
662	446
662	503
662	794
662	913
662	940
663	336
663	424
663	711
663	808
663	836
663	861
663	877
663	910
663	957
664	200
664	213
664	448
664	831
664	847
664	907
664	913
664	919
664	998
665	153
665	777
665	912
665	915
665	947
665	949
665	954
665	997
665	998
666	412
666	637
666	656
666	667
666	713
666	782
666	820
666	888
666	897
667	101
667	385
667	536
667	585
667	637
667	656
667	666
667	748
667	996
668	458
668	522
668	608
668	676
668	689
668	888
668	901
668	988
668	990
668	993
669	79
669	645
669	799
669	818
669	833
669	881
669	924
669	964
669	992
669	996
670	91
670	432
670	709
670	722
670	886
670	896
670	926
670	946
670	992
670	998
671	125
671	169
671	461
671	564
671	793
671	874
671	906
671	920
671	924
672	39
672	333
672	598
672	651
672	756
672	847
672	853
672	869
672	968
672	984
673	105
673	338
673	586
673	602
673	607
673	657
673	827
673	888
673	915
673	950
674	51
674	136
674	313
674	558
674	707
674	850
674	933
674	945
674	963
674	969
675	150
675	417
675	832
675	907
675	927
675	935
675	958
675	973
675	988
675	1000
676	340
676	522
676	668
676	750
676	803
676	881
676	895
676	964
676	976
676	993
677	227
677	419
677	482
677	846
677	857
677	907
677	934
677	942
677	991
677	997
678	120
678	529
678	797
678	822
678	870
678	873
678	881
678	891
678	992
678	993
679	234
679	268
679	538
679	578
679	631
679	815
679	857
679	877
679	949
679	957
680	54
680	168
680	219
680	316
680	586
680	685
680	784
680	902
680	948
680	955
681	4
681	29
681	476
681	723
681	736
681	758
681	859
681	899
681	937
681	983
682	250
682	339
682	508
682	547
682	621
682	725
682	825
682	857
682	950
682	954
683	28
683	407
683	505
683	553
683	556
683	846
683	895
683	983
683	986
683	999
684	546
684	749
684	814
684	820
684	870
684	885
684	919
684	931
684	936
684	1000
685	25
685	108
685	316
685	341
685	569
685	582
685	680
685	854
685	929
685	948
686	70
686	250
686	356
686	454
686	575
686	604
686	894
686	941
686	979
686	998
687	10
687	146
687	599
687	755
687	795
687	817
687	876
687	941
687	978
687	994
688	56
688	173
688	261
688	392
688	413
688	876
688	893
688	968
688	980
688	994
689	496
689	600
689	668
689	780
689	786
689	923
689	929
689	951
689	979
689	985
690	11
690	642
690	881
690	896
690	926
690	966
690	973
690	993
690	995
690	996
691	35
691	84
691	172
691	353
691	617
691	715
691	799
691	886
691	982
691	996
692	279
692	302
692	447
692	559
692	626
692	655
692	749
692	759
692	826
692	856
693	1
693	65
693	477
693	495
693	653
693	819
693	856
693	898
693	940
693	980
694	118
694	199
694	241
694	746
694	813
694	816
694	834
694	914
694	960
694	973
695	150
695	366
695	476
695	530
695	603
695	632
695	838
695	899
695	914
695	936
696	74
696	552
696	584
696	703
696	815
696	843
696	853
696	929
696	963
696	992
697	44
697	523
697	867
697	901
697	907
697	937
697	947
697	966
697	976
697	996
698	267
698	635
698	699
698	765
698	772
698	861
698	868
698	975
698	976
698	999
699	161
699	267
699	301
699	533
699	698
699	893
699	949
699	973
699	975
699	982
700	232
700	262
700	316
700	318
700	411
700	520
700	876
700	956
700	979
700	994
701	250
701	255
701	435
701	539
701	542
701	777
701	845
701	907
701	937
701	954
702	7
702	20
702	180
702	356
702	780
702	832
702	869
702	941
702	942
702	960
703	93
703	274
703	696
703	776
703	851
703	865
703	924
703	930
703	944
703	963
704	41
704	101
704	578
704	723
704	797
704	935
704	942
704	971
704	980
704	995
705	170
705	284
705	718
705	731
705	785
705	809
705	830
705	838
705	854
705	962
706	199
706	306
706	555
706	744
706	808
706	849
706	896
706	968
706	983
706	986
707	344
707	637
707	652
707	674
707	869
707	906
707	932
707	934
707	935
707	996
708	43
708	81
708	322
708	404
708	890
708	935
708	963
708	974
708	987
708	993
709	670
709	724
709	850
709	861
709	879
709	933
709	945
709	960
709	969
709	983
710	22
710	537
710	715
710	810
710	890
710	904
710	920
710	925
710	969
710	986
711	59
711	94
711	174
711	338
711	594
711	663
711	808
711	878
711	882
711	902
711	913
712	50
712	53
712	218
712	415
712	560
712	641
712	728
712	819
712	832
712	946
712	956
713	299
713	419
713	420
713	429
713	618
713	666
713	753
713	818
713	905
713	956
713	986
714	132
714	235
714	384
714	387
714	533
714	931
714	959
714	984
714	989
714	991
714	999
715	139
715	275
715	284
715	377
715	447
715	691
715	710
715	723
715	762
715	825
715	910
716	273
716	328
716	511
716	742
716	792
716	814
716	955
716	974
716	976
716	983
716	988
717	745
717	751
717	800
717	804
717	962
717	972
717	977
717	978
717	986
717	989
717	1000
718	174
718	393
718	481
718	490
718	705
718	790
718	844
718	894
718	917
718	927
718	1000
719	60
719	524
719	628
719	763
719	782
719	833
719	844
719	909
719	917
719	952
719	984
720	238
720	537
720	581
720	649
720	652
720	802
720	824
720	941
720	961
720	977
720	1000
721	465
721	579
721	641
721	734
721	834
721	886
721	918
721	926
721	954
721	970
721	974
722	644
722	670
722	729
722	746
722	809
722	819
722	822
722	851
722	927
722	974
722	998
723	681
723	704
723	715
723	751
723	789
723	827
723	865
723	889
723	898
723	957
723	972
724	2
724	472
724	603
724	623
724	648
724	709
724	784
724	820
724	947
724	978
724	983
725	66
725	316
725	460
725	597
725	682
725	745
725	768
725	895
725	956
725	966
725	989
726	28
726	312
726	333
726	556
726	798
726	914
726	921
726	923
726	929
726	951
726	990
727	18
727	277
727	329
727	392
727	404
727	463
727	502
727	547
727	732
727	817
727	905
728	11
728	48
728	415
728	549
728	560
728	712
728	832
728	843
728	856
728	956
728	968
729	464
729	568
729	637
729	722
729	834
729	881
729	882
729	895
729	915
729	939
729	993
730	219
730	330
730	450
730	581
730	613
730	773
730	827
730	873
730	948
730	950
730	984
731	364
731	530
731	705
731	732
731	742
731	785
731	891
731	962
731	977
731	978
731	989
732	277
732	583
732	727
732	731
732	770
732	833
732	916
732	930
732	932
732	935
732	962
733	46
733	63
733	77
733	86
733	92
733	444
733	593
733	849
733	918
733	926
733	980
734	147
734	276
734	447
734	486
734	489
734	721
734	918
734	926
734	927
734	950
734	999
735	404
735	439
735	547
735	593
735	621
735	635
735	885
735	890
735	975
735	991
735	997
736	132
736	143
736	256
736	467
736	475
736	638
736	681
736	948
736	958
736	972
736	979
737	21
737	239
737	245
737	285
737	324
737	362
737	442
737	652
737	934
737	967
737	986
738	344
738	435
738	498
738	653
738	842
738	855
738	915
738	933
738	939
738	968
738	996
739	530
739	812
739	850
739	852
739	857
739	863
739	881
739	883
739	893
739	931
739	936
740	332
740	365
740	534
740	593
740	658
740	756
740	779
740	813
740	903
740	944
740	945
741	154
741	161
741	235
741	462
741	619
741	635
741	780
741	881
741	929
741	935
741	993
742	401
742	495
742	600
742	716
742	731
742	925
742	951
742	962
742	963
742	989
742	992
743	91
743	135
743	210
743	263
743	411
743	790
743	925
743	956
743	963
743	979
743	992
744	35
744	57
744	165
744	371
744	442
744	706
744	758
744	876
744	898
744	984
744	994
745	541
745	717
745	725
745	757
745	800
745	806
745	874
745	948
745	963
745	986
745	989
745	1000
746	279
746	531
746	569
746	585
746	644
746	694
746	722
746	809
746	822
746	863
746	951
746	998
747	87
747	257
747	493
747	625
747	640
747	772
747	834
747	855
747	907
747	929
747	978
747	994
748	425
748	459
748	667
748	797
748	830
748	911
748	927
748	949
748	957
748	976
748	990
748	998
749	241
749	274
749	380
749	407
749	495
749	502
749	566
749	684
749	692
749	885
749	938
749	987
750	334
750	431
750	522
750	549
750	588
750	658
750	676
750	881
750	959
750	964
750	980
750	993
751	402
751	483
751	596
751	629
751	650
751	717
751	723
751	776
751	798
751	805
751	909
751	974
752	71
752	189
752	344
752	430
752	460
752	551
752	610
752	836
752	880
752	940
752	948
752	967
753	269
753	299
753	429
753	592
753	606
753	713
753	903
753	905
753	910
753	956
753	986
753	996
754	287
754	290
754	502
754	846
754	853
754	885
754	904
754	914
754	930
754	935
754	961
754	1000
755	321
755	461
755	687
755	793
755	795
755	817
755	876
755	877
755	920
755	941
755	978
755	994
756	217
756	542
756	672
756	740
756	787
756	822
756	831
756	867
756	918
756	920
756	926
756	928
757	24
757	376
757	436
757	556
757	745
757	850
757	972
757	978
757	979
757	986
757	989
757	1000
758	57
758	127
758	268
758	398
758	439
758	621
758	638
758	681
758	744
758	858
758	943
758	986
759	397
759	405
759	493
759	551
759	596
759	692
759	780
759	826
759	833
759	837
759	841
759	866
760	39
760	67
760	78
760	790
760	836
760	849
760	893
760	932
760	935
760	959
760	976
760	983
761	423
761	446
761	459
761	554
761	575
761	594
761	765
761	794
761	925
761	934
761	975
761	989
762	59
762	66
762	87
762	256
762	420
762	499
762	715
762	851
762	878
762	929
762	976
762	999
763	14
763	325
763	340
763	567
763	591
763	603
763	608
763	719
763	862
763	909
763	931
763	989
764	327
764	394
764	484
764	492
764	625
764	793
764	815
764	851
764	964
764	968
764	970
764	971
765	102
765	135
765	149
765	609
765	698
765	761
765	836
765	861
765	949
765	975
765	978
765	999
766	149
766	214
766	636
766	640
766	871
766	876
766	886
766	901
766	922
766	961
766	990
766	994
767	566
767	634
767	787
767	844
767	892
767	903
767	917
767	947
767	951
767	977
767	989
767	995
768	87
768	168
768	251
768	315
768	317
768	345
768	583
768	597
768	651
768	725
768	858
768	939
769	8
769	131
769	485
769	534
769	786
769	817
769	862
769	880
769	905
769	912
769	937
769	977
770	113
770	464
770	468
770	650
770	732
770	845
770	866
770	916
770	919
770	951
770	959
770	984
771	58
771	225
771	287
771	376
771	416
771	562
771	790
771	860
771	922
771	934
771	947
771	984
772	125
772	150
772	370
772	632
772	698
772	747
772	837
772	909
772	944
772	970
772	975
772	995
773	391
773	730
773	845
773	847
773	892
773	893
773	898
773	919
773	950
773	954
773	980
773	995
773	1000
774	49
774	61
774	416
774	436
774	455
774	845
774	868
774	895
774	919
774	926
774	941
774	957
774	986
775	286
775	357
775	443
775	603
775	621
775	840
775	846
775	900
775	914
775	947
775	953
775	962
775	981
776	323
776	335
776	402
776	703
776	751
776	813
776	825
776	879
776	943
776	947
776	966
776	975
776	995
777	73
777	163
777	453
777	534
777	546
777	665
777	701
777	845
777	914
777	919
777	928
777	933
777	949
778	98
778	101
778	175
778	237
778	348
778	353
778	526
778	613
778	804
778	821
778	830
778	947
778	968
779	104
779	184
779	245
779	305
779	612
779	740
779	787
779	909
779	939
779	977
779	987
779	990
779	997
780	28
780	577
780	595
780	689
780	702
780	741
780	759
780	795
780	831
780	916
780	923
780	943
780	990
781	232
781	306
781	417
781	435
781	477
781	520
781	626
781	922
781	957
781	980
781	983
781	987
781	995
782	97
782	421
782	580
782	653
782	656
782	666
782	719
782	787
782	823
782	890
782	925
782	952
782	992
783	89
783	147
783	205
783	335
783	543
783	883
783	889
783	931
783	962
783	966
783	969
783	976
783	977
784	334
784	341
784	359
784	420
784	433
784	532
784	562
784	680
784	724
784	885
784	929
784	948
784	955
785	33
785	152
785	530
785	570
785	582
785	705
785	731
785	840
785	892
785	901
785	939
785	962
785	998
786	178
786	216
786	244
786	478
786	689
786	769
786	792
786	841
786	880
786	916
786	948
786	983
786	987
787	16
787	425
787	577
787	582
787	756
787	767
787	779
787	782
787	792
787	848
787	861
787	920
787	947
788	133
788	300
788	355
788	409
788	485
788	514
788	518
788	571
788	635
788	920
788	938
788	944
788	967
789	141
789	195
789	204
789	414
789	544
789	572
789	596
789	723
789	931
789	933
789	963
789	972
789	973
790	411
790	582
790	605
790	615
790	718
790	743
790	760
790	771
790	860
790	934
790	980
790	984
790	1000
791	393
791	630
791	793
791	796
791	821
791	829
791	845
791	860
791	874
791	883
791	931
791	970
791	984
792	242
792	494
792	627
792	716
792	786
792	787
792	814
792	955
792	959
792	960
792	974
792	983
792	988
793	169
793	455
793	564
793	671
793	755
793	764
793	791
793	874
793	906
793	965
794	97
794	112
794	496
794	532
794	662
794	761
794	860
794	886
794	888
794	912
794	941
794	955
794	980
795	461
795	650
795	687
795	755
795	780
795	807
795	820
795	876
795	920
795	941
795	962
795	978
795	994
796	197
796	246
796	251
796	393
796	582
796	643
796	791
796	814
796	842
796	865
796	893
796	921
796	923
797	12
797	47
797	87
797	340
797	438
797	571
797	678
797	704
797	748
797	846
797	871
797	959
797	974
798	183
798	395
798	726
798	751
798	812
798	881
798	936
798	965
798	975
798	977
798	982
798	989
798	990
799	108
799	186
799	288
799	306
799	399
799	475
799	669
799	691
799	872
799	934
799	935
799	964
799	985
800	4
800	541
800	717
800	745
800	842
800	850
800	861
800	896
800	977
800	978
800	986
800	989
800	1000
801	288
801	291
801	580
801	859
801	887
801	916
801	952
801	961
801	968
801	972
801	990
801	991
801	998
802	82
802	136
802	158
802	432
802	510
802	557
802	585
802	649
802	720
802	824
802	916
802	936
802	990
803	192
803	228
803	253
803	462
803	494
803	500
803	549
803	600
803	619
803	643
803	676
803	982
803	984
804	472
804	478
804	515
804	526
804	594
804	626
804	717
804	778
804	878
804	885
804	908
804	957
804	962
804	992
805	345
805	478
805	558
805	570
805	751
805	867
805	958
805	965
805	966
805	972
805	982
805	988
805	989
805	996
806	40
806	307
806	466
806	547
806	745
806	822
806	860
806	876
806	902
806	935
806	954
806	955
806	970
806	994
807	4
807	156
807	198
807	374
807	410
807	465
807	590
807	600
807	795
807	834
807	915
807	934
807	980
807	988
808	349
808	578
808	623
808	663
808	706
808	711
808	843
808	875
808	880
808	938
808	959
808	973
808	979
808	982
809	90
809	249
809	271
809	401
809	643
809	648
809	705
809	722
809	746
809	832
809	859
809	922
809	946
809	998
810	22
810	48
810	279
810	340
810	367
810	561
810	643
810	661
810	710
810	846
810	861
810	866
810	896
810	945
811	29
811	254
811	289
811	403
811	448
811	510
811	848
811	870
811	944
811	948
811	975
811	982
811	998
811	999
812	157
812	338
812	452
812	490
812	549
812	661
812	739
812	798
812	862
812	895
812	896
812	931
812	936
812	967
813	126
813	199
813	419
813	434
813	551
813	588
813	694
813	740
813	776
813	856
813	885
813	944
813	986
813	991
814	328
814	368
814	387
814	510
814	684
814	716
814	792
814	796
814	833
814	853
814	955
814	974
814	983
814	990
815	55
815	189
815	207
815	302
815	365
815	559
815	573
815	578
815	679
815	696
815	764
815	915
815	949
815	957
816	27
816	52
816	61
816	129
816	181
816	207
816	237
816	379
816	552
816	694
816	841
816	852
816	888
816	967
817	8
817	404
817	451
817	497
817	631
817	633
817	643
817	687
817	727
817	755
817	769
817	842
817	985
817	994
818	466
818	489
818	581
818	616
818	669
818	713
818	848
818	856
818	871
818	905
818	960
818	961
818	969
818	972
818	996
819	162
819	318
819	388
819	440
819	693
819	712
819	722
819	822
819	858
819	875
819	891
819	928
819	974
819	987
819	997
820	153
820	395
820	535
820	608
820	615
820	666
820	684
820	724
820	795
820	821
820	830
820	925
820	934
820	978
820	994
821	173
821	491
821	566
821	778
821	791
821	820
821	844
821	876
821	886
821	901
821	917
821	983
821	991
821	994
821	995
822	54
822	137
822	387
822	401
822	571
822	614
822	639
822	678
822	722
822	746
822	756
822	806
822	819
822	835
822	948
823	349
823	360
823	422
823	465
823	782
823	856
823	883
823	887
823	901
823	931
823	936
823	937
823	938
823	960
823	964
824	146
824	507
824	557
824	581
824	585
824	612
824	637
824	649
824	720
824	802
824	830
824	875
824	893
824	936
824	961
825	2
825	154
825	617
825	644
825	682
825	715
825	776
825	889
825	900
825	953
825	965
825	981
825	989
825	996
825	998
826	164
826	294
826	423
826	428
826	468
826	556
826	692
826	759
826	841
826	866
826	897
826	902
826	914
826	951
826	962
827	121
827	193
827	512
827	554
827	673
827	723
827	730
827	858
827	877
827	941
827	960
827	961
827	983
827	990
827	995
828	439
828	456
828	606
828	622
828	624
828	864
828	884
828	900
828	953
828	981
829	5
829	228
829	290
829	329
829	345
829	642
829	791
829	860
829	874
829	879
829	906
829	975
829	984
829	985
829	1000
830	432
830	481
830	527
830	633
830	705
830	748
830	778
830	820
830	824
830	844
830	906
830	917
830	988
830	990
830	991
831	116
831	304
831	375
831	416
831	428
831	542
831	598
831	664
831	756
831	780
831	849
831	856
831	874
831	888
831	890
832	17
832	482
832	533
832	560
832	675
832	702
832	712
832	728
832	809
832	878
832	896
832	913
832	919
832	942
832	959
833	468
833	497
833	541
833	633
833	637
833	647
833	650
833	669
833	719
833	732
833	759
833	814
833	903
833	989
833	996
834	84
834	220
834	295
834	346
834	396
834	458
834	538
834	573
834	694
834	721
834	729
834	747
834	807
834	889
834	915
834	999
835	197
835	390
835	405
835	569
835	822
835	844
835	865
835	877
835	879
835	902
835	910
835	929
835	954
835	969
835	976
835	995
836	15
836	452
836	488
836	509
836	604
836	618
836	663
836	752
836	760
836	765
836	900
836	953
836	967
836	977
836	981
836	999
837	12
837	66
837	85
837	492
837	508
837	759
837	772
837	866
837	872
837	910
837	949
837	974
837	985
837	987
837	989
837	994
838	36
838	366
838	487
838	624
838	695
838	705
838	840
838	860
838	921
838	932
838	940
838	946
838	960
838	962
838	964
838	988
839	122
839	408
839	840
839	879
839	910
839	949
839	954
839	962
839	966
839	969
839	971
839	972
839	977
839	995
839	999
839	1000
840	42
840	156
840	283
840	381
840	493
840	775
840	785
840	838
840	839
840	892
840	949
840	951
840	959
840	962
840	978
840	994
841	14
841	251
841	589
841	625
841	655
841	759
841	786
841	816
841	826
841	885
841	888
841	890
841	902
841	942
841	970
841	980
842	266
842	271
842	403
842	499
842	632
842	738
842	796
842	800
842	817
842	855
842	864
842	922
842	940
842	968
842	974
842	984
843	421
843	455
843	475
843	560
843	570
843	641
843	696
843	728
843	808
843	908
843	919
843	928
843	932
843	934
843	970
843	1000
844	354
844	570
844	646
844	718
844	719
844	767
844	821
844	830
844	835
844	847
844	873
844	891
844	906
844	917
844	991
845	64
845	73
845	245
845	370
845	487
845	701
845	770
845	773
845	774
845	777
845	791
845	871
845	876
845	893
845	914
845	919
845	931
846	74
846	190
846	303
846	309
846	373
846	517
846	521
846	576
846	655
846	677
846	683
846	754
846	775
846	797
846	810
846	871
846	978
847	134
847	320
847	395
847	489
847	543
847	563
847	664
847	672
847	773
847	844
847	889
847	917
847	941
847	968
847	991
847	994
847	999
848	1
848	211
848	241
848	266
848	269
848	414
848	437
848	542
848	787
848	811
848	818
848	870
848	954
848	971
848	996
848	998
848	999
849	82
849	304
849	457
849	531
849	658
849	706
849	733
849	760
849	831
849	872
849	888
849	892
849	911
849	935
849	954
849	968
849	984
850	352
850	446
850	524
850	628
850	674
850	709
850	739
850	757
850	800
850	871
850	883
850	922
850	936
850	952
850	963
850	985
850	998
851	179
851	469
851	611
851	648
851	703
851	722
851	762
851	764
851	877
851	879
851	886
851	911
851	927
851	930
851	958
851	985
851	995
852	363
852	471
852	626
852	660
852	739
852	816
852	859
852	863
852	864
852	868
852	904
852	905
852	922
852	928
852	940
852	985
852	997
853	372
853	406
853	408
853	474
853	521
853	557
853	672
853	696
853	754
853	814
853	908
853	925
853	930
853	931
853	936
853	941
853	968
854	214
854	356
854	524
854	531
854	628
854	685
854	705
854	907
854	933
854	936
854	939
854	956
854	963
854	973
854	978
854	981
854	993
855	26
855	30
855	38
855	243
855	257
855	357
855	397
855	472
855	498
855	510
855	512
855	563
855	575
855	738
855	747
855	842
855	921
856	185
856	219
856	232
856	415
856	557
856	615
856	692
856	693
856	728
856	813
856	818
856	823
856	831
856	866
856	938
856	956
856	976
857	310
857	342
857	414
857	488
857	550
857	590
857	677
857	679
857	682
857	739
857	869
857	872
857	909
857	916
857	976
857	985
857	990
858	55
858	64
858	268
858	281
858	305
858	591
858	758
858	768
858	819
858	827
858	884
858	891
858	902
858	943
858	946
858	981
858	997
859	273
859	469
859	484
859	574
859	681
859	801
859	809
859	852
859	896
859	928
859	940
859	941
859	967
859	974
859	987
859	992
859	997
860	110
860	167
860	195
860	310
860	315
860	642
860	771
860	790
860	791
860	794
860	806
860	829
860	838
860	906
860	940
860	984
860	1000
861	348
861	514
861	540
861	545
861	663
861	698
861	709
861	765
861	787
861	800
861	810
861	882
861	913
861	947
861	969
861	975
861	979
861	988
862	268
862	275
862	276
862	463
862	586
862	631
862	649
862	763
862	769
862	812
862	872
862	875
862	911
862	927
862	965
862	977
862	982
862	995
863	100
863	148
863	170
863	378
863	405
863	660
863	739
863	746
863	852
863	864
863	874
863	902
863	921
863	931
863	936
863	941
863	976
863	989
864	273
864	331
864	464
864	471
864	491
864	612
864	626
864	660
864	828
864	842
864	852
864	863
864	868
864	900
864	922
864	928
864	934
864	990
865	322
865	484
865	499
865	624
865	644
865	703
865	723
865	796
865	835
865	872
865	879
865	952
865	962
865	972
865	984
865	985
865	988
865	995
866	75
866	443
866	468
866	565
866	647
866	655
866	759
866	770
866	810
866	826
866	837
866	856
866	897
866	923
866	951
866	975
866	993
866	995
867	83
867	296
867	380
867	471
867	509
867	620
867	645
867	697
867	756
867	805
867	877
867	878
867	928
867	966
867	976
867	978
867	988
867	989
868	191
868	221
868	292
868	525
868	616
868	698
868	774
868	852
868	864
868	890
868	899
868	922
868	945
868	953
868	965
868	967
868	980
868	992
869	221
869	236
869	324
869	382
869	590
869	602
869	672
869	702
869	707
869	857
869	900
869	913
869	921
869	941
869	942
869	955
869	958
869	998
870	25
870	29
870	127
870	210
870	280
870	447
870	448
870	466
870	660
870	678
870	684
870	811
870	848
870	898
870	902
870	948
870	996
870	998
870	999
871	13
871	31
871	34
871	371
871	381
871	410
871	486
871	508
871	517
871	576
871	614
871	639
871	656
871	766
871	797
871	818
871	845
871	846
871	850
872	49
872	91
872	183
872	395
872	396
872	458
872	528
872	601
872	634
872	799
872	837
872	849
872	857
872	862
872	865
872	892
872	907
872	984
872	985
873	20
873	105
873	309
873	370
873	470
873	524
873	534
873	566
873	578
873	586
873	607
873	657
873	678
873	730
873	844
873	933
873	950
873	996
873	999
874	67
874	104
874	169
874	235
874	237
874	272
874	369
874	426
874	486
874	564
874	595
874	671
874	745
874	791
874	793
874	829
874	831
874	863
874	906
875	208
875	230
875	234
875	253
875	651
875	808
875	819
875	824
875	862
875	886
875	903
875	932
875	944
875	946
875	956
875	961
875	965
875	971
875	982
876	143
876	384
876	461
876	620
876	687
876	688
876	700
876	744
876	755
876	766
876	795
876	806
876	821
876	845
876	941
876	973
876	975
876	978
876	994
877	241
877	252
877	282
877	314
877	390
877	663
877	679
877	755
877	827
877	835
877	851
877	867
877	879
877	903
877	928
877	969
877	976
877	980
877	995
878	40
878	80
878	174
878	274
878	309
878	336
878	572
878	579
878	594
878	609
878	628
878	711
878	762
878	804
878	832
878	867
878	887
878	922
878	957
879	163
879	240
879	647
879	709
879	776
879	829
879	835
879	839
879	851
879	865
879	877
879	902
879	903
879	928
879	929
879	954
879	969
879	976
879	995
880	49
880	94
880	182
880	434
880	470
880	534
880	586
880	636
880	657
880	752
880	769
880	786
880	808
880	912
880	948
880	950
880	965
880	966
880	983
881	93
881	418
881	431
881	522
881	535
881	548
881	669
881	676
881	678
881	690
881	729
881	739
881	741
881	750
881	798
881	964
881	981
881	988
881	993
882	15
882	16
882	205
882	219
882	278
882	293
882	364
882	422
882	459
882	464
882	606
882	711
882	729
882	861
882	897
882	927
882	955
882	969
882	990
883	6
883	202
883	326
883	449
883	452
883	490
883	540
883	631
883	739
883	783
883	791
883	823
883	850
883	893
883	896
883	920
883	931
883	936
883	980
884	405
884	606
884	622
884	828
884	858
884	886
884	900
884	908
884	918
884	930
884	953
884	967
884	976
884	981
885	72
885	106
885	108
885	368
885	412
885	428
885	552
885	582
885	684
885	735
885	749
885	754
885	784
885	804
885	813
885	841
885	922
885	968
885	996
886	435
886	550
886	644
886	660
886	670
886	691
886	721
886	766
886	794
886	821
886	851
886	875
886	884
886	900
886	953
886	965
886	981
886	982
886	993
886	995
887	9
887	107
887	180
887	504
887	519
887	575
887	584
887	587
887	623
887	624
887	650
887	801
887	823
887	878
887	888
887	919
887	944
887	949
887	979
887	980
888	378
888	504
888	542
888	552
888	656
888	666
888	668
888	673
888	794
888	816
888	831
888	841
888	849
888	887
888	897
888	914
888	942
888	944
888	951
888	953
889	41
889	162
889	202
889	220
889	314
889	318
889	346
889	377
889	543
889	559
889	571
889	723
889	783
889	825
889	834
889	847
889	910
889	913
889	948
889	957
890	89
890	351
890	359
890	509
890	521
890	540
890	546
890	559
890	611
890	708
890	710
890	735
890	782
890	831
890	841
890	868
890	921
890	925
890	934
890	992
891	1
891	140
891	302
891	423
891	425
891	459
891	601
891	678
891	731
891	819
891	844
891	858
891	896
891	901
891	902
891	941
891	943
891	946
891	993
891	997
892	61
892	244
892	367
892	425
892	589
892	621
892	767
892	773
892	785
892	840
892	849
892	872
892	894
892	898
892	921
892	954
892	960
892	962
892	984
892	985
893	81
893	197
893	457
893	546
893	688
893	699
893	739
893	760
893	773
893	796
893	824
893	845
893	883
893	896
893	919
893	931
893	964
893	966
893	975
893	999
894	23
894	144
894	242
894	360
894	376
894	413
894	456
894	481
894	486
894	550
894	562
894	686
894	718
894	892
894	895
894	929
894	937
894	960
894	986
894	994
895	106
895	335
895	478
895	551
895	676
895	683
895	725
895	729
895	774
895	812
895	894
895	915
895	931
895	933
895	936
895	939
895	969
895	984
895	986
895	988
896	33
896	44
896	98
896	670
896	690
896	706
896	800
896	810
896	812
896	832
896	859
896	883
896	891
896	893
896	936
896	943
896	945
896	953
896	997
896	999
897	164
897	200
897	278
897	455
897	464
897	536
897	603
897	647
897	666
897	826
897	866
897	882
897	888
897	905
897	911
897	927
897	932
897	969
897	970
897	974
897	977
898	109
898	128
898	248
898	284
898	313
898	592
898	635
898	693
898	723
898	744
898	773
898	870
898	892
898	899
898	907
898	942
898	954
898	967
898	991
898	998
898	999
899	133
899	264
899	265
899	300
899	352
899	355
899	409
899	518
899	635
899	681
899	695
899	868
899	898
899	903
899	920
899	938
899	954
899	967
899	973
899	977
899	996
900	487
900	606
900	622
900	775
900	825
900	828
900	836
900	864
900	869
900	884
900	886
900	908
900	953
900	966
900	968
900	981
900	988
901	147
901	191
901	247
901	365
901	436
901	488
901	504
901	668
901	697
901	766
901	785
901	821
901	823
901	891
901	940
901	947
901	966
901	969
901	971
901	974
901	981
902	453
902	492
902	680
902	711
902	806
902	826
902	835
902	841
902	858
902	863
902	870
902	879
902	891
902	918
902	946
902	951
902	952
902	970
902	987
902	995
902	997
903	254
903	264
903	355
903	420
903	426
903	633
903	649
903	740
903	753
903	767
903	833
903	875
903	877
903	879
903	899
903	908
903	965
903	967
903	982
903	986
903	995
904	129
904	210
904	255
904	275
904	319
904	410
904	438
904	609
904	627
904	710
904	754
904	852
904	907
904	910
904	922
904	929
904	937
904	940
904	968
904	971
904	973
904	981
905	78
905	137
905	142
905	215
905	216
905	299
905	418
905	422
905	429
905	505
905	713
905	727
905	753
905	769
905	818
905	852
905	897
905	910
905	956
905	984
905	986
905	1000
906	30
906	116
906	530
906	538
906	564
906	591
906	630
906	631
906	671
906	707
906	793
906	829
906	830
906	844
906	860
906	874
906	939
906	946
906	953
906	962
906	972
906	1000
907	80
907	196
907	243
907	406
907	432
907	601
907	614
907	664
907	675
907	677
907	697
907	701
907	747
907	854
907	872
907	898
907	904
907	929
907	956
907	973
907	988
907	995
908	37
908	90
908	128
908	166
908	254
908	380
908	497
908	514
908	591
908	601
908	633
908	804
908	843
908	853
908	884
908	900
908	903
908	914
908	953
908	958
908	981
908	986
909	33
909	139
909	204
909	297
909	354
909	446
909	541
909	565
909	719
909	751
909	763
909	772
909	779
909	857
909	928
909	945
909	958
909	974
909	977
909	985
909	987
909	993
909	997
910	148
910	151
910	181
910	230
910	436
910	571
910	572
910	617
910	659
910	663
910	715
910	753
910	835
910	837
910	839
910	889
910	904
910	905
910	956
910	963
910	978
910	986
910	987
911	82
911	121
911	242
911	276
911	295
911	416
911	531
911	543
911	612
911	643
911	645
911	659
911	748
911	849
911	851
911	862
911	897
911	927
911	932
911	958
911	960
911	973
911	1000
912	49
912	259
912	330
912	347
912	356
912	396
912	411
912	485
912	631
912	657
912	661
912	665
912	769
912	794
912	880
912	937
912	938
912	948
912	950
912	954
912	978
912	979
912	1000
913	40
913	59
913	61
913	123
913	205
913	336
913	385
913	392
913	424
913	506
913	565
913	572
913	594
913	609
913	662
913	664
913	711
913	832
913	861
913	869
913	889
913	949
913	961
914	34
914	163
914	427
914	512
914	514
914	596
914	694
914	695
914	726
914	754
914	775
914	777
914	826
914	845
914	888
914	908
914	919
914	924
914	955
914	961
914	968
914	976
914	998
915	19
915	168
915	220
915	315
915	514
915	571
915	622
915	647
915	665
915	673
915	729
915	738
915	807
915	815
915	834
915	895
915	924
915	928
915	949
915	957
915	968
915	976
915	986
916	163
916	241
916	413
916	453
916	732
916	770
916	780
916	786
916	801
916	802
916	857
916	923
916	930
916	951
916	958
916	961
916	963
916	982
916	987
916	990
916	997
916	998
916	1000
917	51
917	119
917	140
917	242
917	266
917	294
917	407
917	451
917	528
917	570
917	638
917	646
917	718
917	719
917	767
917	821
917	830
917	844
917	847
917	930
917	958
917	979
917	991
918	19
918	37
918	63
918	77
918	86
918	119
918	233
918	239
918	317
918	362
918	377
918	400
918	444
918	500
918	636
918	721
918	733
918	734
918	756
918	884
918	902
918	926
918	980
919	20
919	288
919	305
919	377
919	383
919	432
919	446
919	463
919	546
919	580
919	650
919	664
919	684
919	770
919	773
919	774
919	777
919	832
919	843
919	845
919	887
919	893
919	914
920	32
920	72
920	193
920	326
920	328
920	443
920	496
920	525
920	577
920	671
920	710
920	755
920	756
920	787
920	788
920	795
920	883
920	899
920	924
920	956
920	967
920	973
920	978
920	994
921	215
921	233
921	289
921	290
921	312
921	473
921	500
921	538
921	551
921	611
921	614
921	726
921	796
921	838
921	855
921	863
921	869
921	890
921	892
921	923
921	942
921	946
921	979
921	992
922	85
922	371
922	412
922	481
922	491
922	534
922	626
922	660
922	766
922	771
922	781
922	809
922	842
922	850
922	852
922	864
922	868
922	878
922	885
922	904
922	928
922	940
922	969
922	992
923	6
923	116
923	178
923	289
923	312
923	361
923	482
923	519
923	529
923	595
923	644
923	689
923	726
923	780
923	796
923	866
923	916
923	921
923	943
923	951
923	961
923	977
923	979
923	990
924	45
924	141
924	150
924	193
924	303
924	353
924	363
924	366
924	369
924	380
924	502
924	584
924	595
924	603
924	669
924	671
924	703
924	914
924	915
924	920
924	948
924	964
924	973
924	996
925	278
925	351
925	359
925	426
925	521
925	554
925	611
925	616
925	659
925	710
925	742
925	743
925	761
925	782
925	820
925	853
925	890
925	931
925	934
925	945
925	975
925	992
925	994
925	996
925	998
926	16
926	63
926	77
926	86
926	129
926	227
926	231
926	337
926	339
926	350
926	440
926	444
926	457
926	506
926	540
926	670
926	690
926	721
926	733
926	734
926	756
926	774
926	918
926	953
926	980
926	991
927	82
927	276
927	295
927	330
927	372
927	413
927	422
927	460
927	500
927	529
927	531
927	557
927	675
927	718
927	722
927	734
927	748
927	851
927	862
927	882
927	897
927	911
927	932
927	945
927	955
927	981
928	346
928	390
928	523
928	560
928	756
928	777
928	819
928	843
928	852
928	859
928	864
928	867
928	877
928	879
928	909
928	915
928	922
928	935
928	940
928	974
928	976
928	980
928	987
928	992
928	995
929	117
929	399
929	443
929	627
929	641
929	685
929	689
929	696
929	726
929	741
929	747
929	762
929	784
929	835
929	879
929	894
929	904
929	907
929	935
929	956
929	964
929	973
929	976
929	979
929	986
929	990
929	995
930	56
930	93
930	217
930	227
930	294
930	318
930	323
930	357
930	389
930	506
930	544
930	591
930	622
930	634
930	703
930	732
930	754
930	851
930	853
930	884
930	916
930	917
930	958
930	963
930	978
930	981
930	997
931	99
931	110
931	202
931	329
931	387
931	452
931	568
931	579
931	684
931	714
931	739
931	763
931	783
931	789
931	791
931	812
931	823
931	845
931	853
931	863
931	883
931	893
931	895
931	925
931	936
931	991
931	997
932	157
932	281
932	295
932	417
932	438
932	531
932	539
932	651
932	652
932	707
932	732
932	760
932	838
932	843
932	875
932	897
932	911
932	927
932	943
932	945
932	956
932	965
932	976
932	982
932	986
932	992
932	998
933	14
933	41
933	136
933	204
933	212
933	216
933	388
933	427
933	437
933	490
933	496
933	600
933	674
933	709
933	738
933	777
933	789
933	854
933	873
933	895
933	945
933	947
933	963
933	969
933	973
933	977
933	989
934	119
934	239
934	244
934	275
934	285
934	287
934	306
934	385
934	435
934	652
934	677
934	707
934	737
934	761
934	771
934	790
934	799
934	807
934	820
934	843
934	864
934	890
934	925
934	945
934	946
934	960
934	963
934	992
935	21
935	39
935	156
935	225
935	338
935	417
935	446
935	535
935	579
935	592
935	609
935	675
935	704
935	707
935	708
935	732
935	741
935	754
935	760
935	799
935	806
935	849
935	928
935	929
935	963
935	976
935	983
935	988
936	23
936	79
936	159
936	167
936	202
936	240
936	395
936	452
936	499
936	645
936	684
936	695
936	739
936	798
936	802
936	812
936	823
936	824
936	850
936	853
936	854
936	863
936	883
936	895
936	896
936	931
936	949
936	963
937	142
937	354
937	397
937	481
937	485
937	497
937	534
937	563
937	592
937	631
937	659
937	681
937	697
937	701
937	769
937	823
937	894
937	904
937	912
937	960
937	966
937	968
937	971
937	977
937	979
937	986
937	991
937	996
938	62
938	220
938	249
938	297
938	308
938	349
938	561
938	617
938	634
938	635
938	749
938	788
938	808
938	823
938	856
938	899
938	912
938	943
938	967
938	972
938	974
938	980
938	985
938	988
938	995
938	997
938	998
939	188
939	263
939	300
939	383
939	433
939	439
939	478
939	506
939	554
939	583
939	597
939	729
939	738
939	768
939	779
939	785
939	854
939	895
939	906
939	951
939	962
939	977
939	987
939	988
939	991
939	997
940	273
940	331
940	363
940	372
940	373
940	406
940	461
940	490
940	491
940	567
940	614
940	626
940	660
940	662
940	693
940	752
940	838
940	842
940	852
940	859
940	860
940	901
940	904
940	922
940	928
940	961
940	983
940	985
941	211
941	287
941	313
941	392
941	398
941	404
941	513
941	602
941	686
941	687
941	702
941	720
941	755
941	774
941	794
941	795
941	827
941	847
941	853
941	859
941	863
941	869
941	876
941	891
941	955
941	961
941	990
941	994
942	126
942	221
942	242
942	337
942	342
942	343
942	374
942	379
942	454
942	459
942	468
942	513
942	544
942	590
942	602
942	625
942	677
942	702
942	704
942	832
942	841
942	869
942	888
942	898
942	921
942	958
942	976
942	994
942	1000
943	6
943	57
943	76
943	101
943	116
943	124
943	171
943	315
943	361
943	519
943	583
943	597
943	638
943	758
943	776
943	780
943	858
943	891
943	896
943	923
943	932
943	938
943	946
943	951
943	972
943	973
943	993
943	997
943	1000
944	51
944	167
944	305
944	423
944	551
944	587
944	593
944	602
944	615
944	651
944	703
944	740
944	772
944	788
944	811
944	813
944	875
944	887
944	888
944	947
944	949
944	965
944	971
944	978
944	982
944	983
944	990
944	997
944	998
945	22
945	69
945	98
945	206
945	293
945	434
945	548
945	574
945	616
945	674
945	709
945	740
945	810
945	868
945	896
945	909
945	925
945	927
945	932
945	933
945	934
945	960
945	963
945	969
945	970
945	986
945	992
945	997
945	999
946	119
946	135
946	260
946	353
946	356
946	400
946	474
946	513
946	516
946	548
946	605
946	670
946	712
946	809
946	838
946	858
946	875
946	891
946	902
946	906
946	921
946	934
946	943
946	949
946	951
946	958
946	961
946	983
946	990
946	997
947	95
947	98
947	106
947	178
947	264
947	314
947	348
947	403
947	526
947	599
947	613
947	623
947	665
947	697
947	724
947	767
947	771
947	775
947	776
947	778
947	787
947	861
947	901
947	933
947	944
947	978
947	979
947	983
947	987
947	996
948	52
948	117
948	127
948	292
948	301
948	479
948	501
948	574
948	612
948	648
948	655
948	680
948	685
948	730
948	736
948	745
948	752
948	784
948	786
948	811
948	822
948	870
948	880
948	889
948	912
948	924
948	952
948	957
948	959
948	977
948	996
949	109
949	128
949	148
949	247
949	267
949	364
949	388
949	407
949	504
949	575
949	665
949	679
949	699
949	748
949	765
949	777
949	815
949	837
949	839
949	840
949	887
949	913
949	915
949	936
949	944
949	946
949	957
949	975
949	987
949	991
949	999
950	2
950	50
950	76
950	105
950	245
950	319
950	334
950	343
950	414
950	419
950	452
950	470
950	482
950	497
950	535
950	566
950	586
950	607
950	636
950	657
950	673
950	682
950	730
950	734
950	773
950	873
950	880
950	912
950	956
950	983
950	988
951	73
951	93
951	145
951	159
951	195
951	321
951	425
951	453
951	463
951	495
951	644
951	647
951	648
951	655
951	689
951	726
951	742
951	746
951	767
951	770
951	826
951	840
951	866
951	888
951	902
951	916
951	923
951	939
951	943
951	946
951	987
952	42
952	96
952	121
952	122
952	143
952	177
952	190
952	249
952	255
952	298
952	308
952	329
952	441
952	479
952	489
952	522
952	554
952	570
952	574
952	591
952	638
952	719
952	782
952	801
952	850
952	865
952	902
952	948
952	962
952	971
952	972
953	41
953	130
953	176
953	572
953	575
953	588
953	606
953	622
953	640
953	775
953	825
953	828
953	836
953	868
953	884
953	886
953	888
953	896
953	900
953	906
953	908
953	926
953	981
953	999
953	1000
954	246
954	248
954	262
954	289
954	291
954	388
954	393
954	450
954	474
954	577
954	592
954	665
954	682
954	701
954	721
954	773
954	806
954	835
954	839
954	848
954	849
954	879
954	892
954	898
954	899
954	912
954	957
954	958
954	960
954	970
954	991
954	994
955	50
955	160
955	185
955	345
955	396
955	420
955	482
955	501
955	535
955	563
955	577
955	625
955	680
955	716
955	784
955	792
955	794
955	806
955	814
955	869
955	882
955	914
955	927
955	941
955	966
955	974
955	976
955	982
955	983
955	986
955	988
955	999
956	25
956	32
956	52
956	71
956	352
956	415
956	513
956	558
956	560
956	700
956	712
956	713
956	725
956	728
956	743
956	753
956	854
956	856
956	875
956	905
956	907
956	910
956	920
956	929
956	932
956	950
956	962
956	964
956	973
956	986
956	998
957	56
957	201
957	215
957	372
957	375
957	409
957	424
957	435
957	539
957	570
957	594
957	642
957	658
957	659
957	663
957	679
957	723
957	748
957	774
957	781
957	804
957	815
957	878
957	889
957	915
957	948
957	949
957	954
957	969
957	998
957	999
957	1000
958	221
958	262
958	291
958	323
958	372
958	384
958	421
958	426
958	590
958	640
958	675
958	736
958	805
958	851
958	869
958	908
958	909
958	911
958	916
958	917
958	930
958	942
958	946
958	954
958	959
958	963
958	967
958	983
958	991
958	992
958	999
958	1000
959	34
959	45
959	75
959	79
959	130
959	132
959	138
959	140
959	160
959	225
959	292
959	332
959	358
959	486
959	511
959	533
959	553
959	558
959	561
959	640
959	714
959	750
959	760
959	770
959	792
959	797
959	808
959	832
959	840
959	948
959	958
959	973
959	999
960	187
960	231
960	260
960	279
960	280
960	289
960	342
960	347
960	366
960	454
960	476
960	477
960	567
960	598
960	632
960	694
960	702
960	709
960	792
960	818
960	823
960	827
960	838
960	892
960	894
960	911
960	934
960	937
960	945
960	954
960	998
960	999
960	1000
961	13
961	23
961	63
961	142
961	144
961	158
961	362
961	386
961	487
961	516
961	537
961	557
961	601
961	605
961	612
961	654
961	720
961	754
961	766
961	801
961	818
961	824
961	827
961	875
961	913
961	914
961	916
961	923
961	940
961	941
961	946
961	979
961	983
962	54
962	81
962	120
962	152
962	283
962	511
962	525
962	529
962	530
962	598
962	639
962	705
962	717
962	731
962	732
962	742
962	775
962	783
962	785
962	795
962	804
962	826
962	838
962	839
962	840
962	865
962	892
962	906
962	939
962	952
962	956
962	973
962	978
963	37
963	69
963	96
963	161
963	166
963	228
963	259
963	344
963	515
963	636
963	674
963	696
963	703
963	708
963	742
963	743
963	745
963	789
963	850
963	854
963	910
963	916
963	930
963	933
963	934
963	935
963	936
963	945
963	958
963	971
963	983
963	986
963	989
964	32
964	55
964	99
964	134
964	204
964	214
964	246
964	275
964	347
964	406
964	419
964	431
964	484
964	548
964	669
964	676
964	750
964	764
964	799
964	823
964	838
964	881
964	893
964	924
964	929
964	956
964	966
964	970
964	993
964	994
964	996
964	1000
965	120
965	145
965	154
965	214
965	230
965	236
965	253
965	267
965	274
965	371
965	390
965	414
965	443
965	445
965	587
965	609
965	651
965	793
965	798
965	805
965	825
965	862
965	868
965	875
965	880
965	886
965	903
965	932
965	944
965	971
965	982
965	989
965	996
965	997
966	48
966	106
966	121
966	194
966	223
966	272
966	335
966	364
966	445
966	510
966	519
966	561
966	599
966	605
966	629
966	690
966	697
966	725
966	776
966	783
966	805
966	839
966	867
966	880
966	893
966	900
966	901
966	937
966	955
966	964
966	969
966	992
966	996
966	997
967	36
967	133
967	201
967	264
967	265
967	268
967	298
967	300
967	321
967	397
967	409
967	518
967	529
967	539
967	558
967	610
967	614
967	623
967	635
967	737
967	752
967	788
967	812
967	816
967	836
967	859
967	868
967	884
967	898
967	899
967	903
967	920
967	938
967	958
968	19
968	60
968	83
968	104
968	134
968	144
968	173
968	206
968	288
968	311
968	327
968	333
968	408
968	503
968	672
968	688
968	706
968	728
968	738
968	764
968	778
968	801
968	842
968	847
968	849
968	853
968	885
968	900
968	904
968	914
968	915
968	937
968	979
968	984
969	2
969	107
969	231
969	272
969	278
969	314
969	423
969	424
969	464
969	496
969	599
969	674
969	709
969	710
969	783
969	818
969	835
969	839
969	861
969	877
969	879
969	882
969	895
969	897
969	901
969	922
969	933
969	945
969	957
969	966
969	972
969	973
969	974
969	975
969	995
970	17
970	31
970	99
970	114
970	207
970	223
970	224
970	234
970	244
970	250
970	252
970	302
970	334
970	374
970	394
970	412
970	426
970	492
970	545
970	592
970	599
970	721
970	764
970	772
970	791
970	806
970	841
970	843
970	897
970	902
970	945
970	954
970	964
970	971
970	1000
971	74
971	146
971	160
971	203
971	230
971	246
971	283
971	475
971	480
971	500
971	510
971	517
971	553
971	576
971	588
971	650
971	651
971	704
971	764
971	839
971	848
971	875
971	901
971	904
971	937
971	944
971	952
971	963
971	965
971	970
971	982
971	983
971	984
971	999
971	1000
972	37
972	90
972	177
972	225
972	255
972	336
972	398
972	399
972	515
972	519
972	574
972	612
972	624
972	642
972	717
972	723
972	736
972	757
972	789
972	801
972	805
972	818
972	839
972	865
972	906
972	938
972	943
972	952
972	969
972	978
972	985
972	988
972	989
972	997
972	998
972	1000
973	36
973	235
973	292
973	317
973	378
973	391
973	412
973	427
973	447
973	467
973	473
973	496
973	561
973	596
973	642
973	675
973	690
973	694
973	699
973	789
973	808
973	854
973	876
973	899
973	904
973	907
973	911
973	920
973	924
973	929
973	933
973	943
973	956
973	959
973	962
973	969
974	33
974	203
974	319
974	321
974	421
974	491
974	532
974	573
974	589
974	634
974	708
974	716
974	721
974	722
974	751
974	792
974	797
974	814
974	819
974	837
974	842
974	859
974	897
974	901
974	909
974	928
974	938
974	955
974	969
974	979
974	983
974	984
974	985
974	987
974	988
974	1000
975	17
975	36
975	61
975	92
975	102
975	149
975	161
975	179
975	201
975	226
975	253
975	267
975	286
975	301
975	401
975	430
975	432
975	558
975	621
975	698
975	699
975	735
975	761
975	765
975	772
975	776
975	798
975	811
975	829
975	861
975	866
975	876
975	893
975	925
975	949
975	969
975	978
975	999
976	39
976	81
976	131
976	223
976	282
976	436
976	523
976	577
976	581
976	584
976	585
976	659
976	676
976	697
976	698
976	716
976	748
976	760
976	762
976	783
976	835
976	856
976	857
976	863
976	867
976	877
976	879
976	884
976	914
976	915
976	928
976	929
976	932
976	935
976	942
976	955
976	990
976	995
976	997
977	8
977	10
977	78
977	131
977	152
977	196
977	213
977	283
977	427
977	496
977	523
977	631
977	717
977	720
977	731
977	767
977	769
977	779
977	783
977	798
977	800
977	836
977	839
977	862
977	897
977	899
977	909
977	923
977	933
977	937
977	939
977	948
977	978
977	987
977	989
977	997
978	258
978	277
978	401
978	525
978	530
978	569
978	580
978	598
978	654
978	687
978	717
978	724
978	731
978	747
978	755
978	757
978	765
978	795
978	800
978	820
978	840
978	846
978	854
978	867
978	876
978	910
978	912
978	920
978	930
978	944
978	947
978	962
978	972
978	975
978	977
978	983
978	989
978	994
978	998
979	28
979	95
979	211
979	270
979	281
979	332
979	337
979	361
979	386
979	392
979	450
979	489
979	537
979	544
979	568
979	581
979	686
979	689
979	700
979	736
979	743
979	757
979	808
979	861
979	887
979	912
979	917
979	921
979	923
979	929
979	937
979	947
979	961
979	968
979	974
979	980
979	987
979	991
979	997
980	94
980	100
980	156
980	232
980	251
980	415
980	439
980	444
980	472
980	520
980	545
980	555
980	584
980	653
980	688
980	693
980	704
980	733
980	750
980	773
980	781
980	790
980	794
980	807
980	841
980	868
980	877
980	883
980	887
980	918
980	926
980	928
980	938
980	979
980	984
980	987
980	1000
981	6
981	15
981	17
981	79
981	124
981	125
981	179
981	205
981	304
981	370
981	427
981	437
981	451
981	512
981	540
981	572
981	575
981	588
981	596
981	604
981	606
981	622
981	640
981	775
981	825
981	828
981	836
981	854
981	858
981	881
981	884
981	886
981	900
981	901
981	904
981	908
981	927
981	930
981	953
981	990
981	991
982	34
982	145
982	175
982	195
982	206
982	219
982	230
982	253
982	261
982	279
982	352
982	383
982	447
982	520
982	540
982	567
982	594
982	617
982	627
982	638
982	641
982	651
982	691
982	699
982	798
982	803
982	805
982	808
982	811
982	862
982	875
982	886
982	903
982	916
982	932
982	944
982	955
982	965
982	971
982	984
982	999
983	60
983	71
983	196
983	246
983	350
983	418
983	465
983	513
983	627
983	630
983	657
983	681
983	683
983	706
983	709
983	716
983	724
983	760
983	781
983	786
983	792
983	814
983	821
983	827
983	880
983	935
983	940
983	944
983	946
983	947
983	950
983	955
983	958
983	961
983	963
983	971
983	974
983	978
983	984
983	986
983	988
984	88
984	100
984	115
984	160
984	165
984	238
984	290
984	311
984	333
984	406
984	479
984	528
984	533
984	589
984	630
984	672
984	714
984	719
984	730
984	744
984	770
984	771
984	790
984	791
984	803
984	829
984	842
984	849
984	860
984	865
984	872
984	892
984	895
984	905
984	968
984	971
984	974
984	980
984	982
984	983
984	985
984	990
985	7
985	17
985	62
985	111
985	113
985	123
985	196
985	216
985	224
985	258
985	297
985	326
985	354
985	459
985	518
985	527
985	528
985	539
985	541
985	589
985	601
985	623
985	634
985	689
985	799
985	817
985	829
985	837
985	850
985	851
985	852
985	857
985	865
985	872
985	892
985	909
985	938
985	940
985	972
985	974
985	984
985	992
986	103
986	256
986	270
986	299
986	331
986	429
986	434
986	443
986	558
986	563
986	609
986	683
986	706
986	710
986	713
986	717
986	737
986	745
986	753
986	757
986	758
986	774
986	800
986	813
986	894
986	895
986	903
986	905
986	908
986	910
986	915
986	929
986	932
986	937
986	945
986	955
986	956
986	963
986	983
986	987
986	989
986	999
987	22
987	72
987	117
987	148
987	183
987	184
987	211
987	395
987	407
987	453
987	458
987	509
987	578
987	579
987	585
987	643
987	649
987	657
987	708
987	749
987	779
987	781
987	786
987	819
987	837
987	859
987	902
987	909
987	910
987	916
987	928
987	939
987	947
987	949
987	951
987	974
987	977
987	979
987	980
987	986
987	989
987	997
987	998
988	3
988	151
988	176
988	298
988	326
988	328
988	350
988	365
988	387
988	433
988	449
988	451
988	477
988	505
988	620
988	641
988	661
988	668
988	675
988	716
988	792
988	805
988	807
988	830
988	838
988	861
988	865
988	867
988	881
988	895
988	900
988	907
988	935
988	938
988	939
988	950
988	955
988	972
988	974
988	983
988	991
988	997
988	998
989	54
989	212
989	240
989	262
989	310
989	371
989	373
989	385
989	397
989	400
989	403
989	453
989	472
989	541
989	562
989	572
989	582
989	714
989	717
989	725
989	731
989	742
989	745
989	757
989	761
989	763
989	767
989	798
989	800
989	805
989	825
989	833
989	837
989	863
989	867
989	933
989	963
989	965
989	972
989	977
989	978
989	986
989	987
989	1000
990	24
990	30
990	153
990	178
990	223
990	361
990	393
990	398
990	400
990	448
990	480
990	511
990	516
990	529
990	539
990	557
990	624
990	629
990	668
990	726
990	748
990	766
990	779
990	780
990	798
990	801
990	802
990	814
990	827
990	830
990	857
990	864
990	882
990	916
990	923
990	929
990	941
990	944
990	946
990	976
990	981
990	984
990	993
990	997
990	1000
991	46
991	68
991	97
991	179
991	236
991	249
991	256
991	261
991	262
991	291
991	324
991	339
991	441
991	449
991	463
991	555
991	563
991	595
991	638
991	645
991	646
991	677
991	714
991	735
991	801
991	813
991	821
991	830
991	844
991	847
991	898
991	917
991	926
991	931
991	937
991	939
991	949
991	954
991	958
991	979
991	981
991	988
991	999
992	16
992	42
992	89
992	110
992	118
992	172
992	175
992	208
992	351
992	357
992	359
992	379
992	430
992	500
992	509
992	521
992	538
992	554
992	559
992	611
992	616
992	621
992	658
992	659
992	669
992	670
992	678
992	696
992	742
992	743
992	782
992	804
992	859
992	868
992	890
992	921
992	922
992	925
992	928
992	932
992	934
992	945
992	958
992	966
992	985
993	10
993	12
993	53
993	58
993	75
993	110
993	113
993	115
993	198
993	209
993	227
993	231
993	265
993	389
993	431
993	454
993	458
993	508
993	522
993	535
993	540
993	548
993	588
993	595
993	605
993	639
993	645
993	658
993	668
993	676
993	678
993	690
993	708
993	729
993	741
993	750
993	854
993	866
993	881
993	886
993	891
993	909
993	943
993	964
993	990
994	25
994	38
994	69
994	113
994	185
994	234
994	236
994	264
994	284
994	292
994	362
994	385
994	389
994	406
994	428
994	461
994	487
994	494
994	555
994	650
994	687
994	688
994	700
994	744
994	747
994	755
994	766
994	795
994	806
994	817
994	820
994	821
994	837
994	840
994	847
994	876
994	894
994	920
994	925
994	941
994	942
994	954
994	964
994	978
994	997
994	999
995	206
995	207
995	238
995	252
995	282
995	286
995	314
995	350
995	383
995	390
995	394
995	438
995	460
995	493
995	505
995	507
995	562
995	569
995	625
995	658
995	690
995	704
995	767
995	772
995	773
995	776
995	781
995	821
995	827
995	835
995	839
995	851
995	862
995	865
995	866
995	877
995	879
995	886
995	902
995	903
995	907
995	928
995	929
995	938
995	969
995	976
995	997
996	35
996	44
996	62
996	127
996	159
996	182
996	201
996	210
996	212
996	236
996	345
996	360
996	381
996	418
996	422
996	442
996	448
996	456
996	493
996	508
996	573
996	645
996	667
996	669
996	690
996	691
996	697
996	707
996	738
996	753
996	805
996	818
996	825
996	833
996	848
996	870
996	873
996	885
996	899
996	924
996	925
996	937
996	947
996	948
996	964
996	965
996	966
996	999
997	70
997	85
997	96
997	162
997	176
997	177
997	182
997	184
997	235
997	274
997	326
997	370
997	441
997	571
997	610
997	665
997	677
997	735
997	779
997	819
997	852
997	858
997	859
997	891
997	896
997	902
997	909
997	916
997	930
997	931
997	938
997	939
997	943
997	944
997	945
997	946
997	965
997	966
997	972
997	976
997	977
997	979
997	987
997	988
997	990
997	994
997	995
997	998
998	26
998	32
998	115
998	124
998	139
998	176
998	177
998	193
998	201
998	213
998	222
998	245
998	376
998	457
998	519
998	601
998	648
998	664
998	665
998	670
998	686
998	722
998	746
998	748
998	785
998	801
998	809
998	811
998	825
998	848
998	850
998	869
998	870
998	898
998	914
998	916
998	925
998	932
998	938
998	944
998	956
998	957
998	960
998	972
998	978
998	987
998	988
998	997
998	999
999	102
999	149
999	200
999	238
999	270
999	301
999	384
999	385
999	429
999	448
999	498
999	511
999	538
999	553
999	563
999	654
999	683
999	698
999	714
999	734
999	762
999	765
999	811
999	834
999	836
999	839
999	847
999	848
999	870
999	873
999	893
999	896
999	898
999	945
999	949
999	953
999	955
999	957
999	958
999	959
999	960
999	971
999	975
999	982
999	986
999	991
999	994
999	996
999	998
1000	40
1000	126
1000	224
1000	233
1000	261
1000	280
1000	343
1000	366
1000	382
1000	394
1000	422
1000	445
1000	484
1000	541
1000	590
1000	592
1000	675
1000	684
1000	717
1000	718
1000	720
1000	745
1000	754
1000	757
1000	773
1000	790
1000	800
1000	829
1000	839
1000	843
1000	860
1000	905
1000	906
1000	911
1000	912
1000	916
1000	942
1000	943
1000	953
1000	957
1000	958
1000	960
1000	964
1000	970
1000	971
1000	972
1000	974
1000	980
1000	989
1000	990
