1	436
1	482
1	649
1	874
2	794
2	897
2	914
2	941
3	859
3	886
3	927
3	934
4	671
4	783
4	881
4	964
5	209
5	498
5	727
5	882
5	931
6	494
6	739
6	761
6	962
7	423
7	499
7	710
7	862
7	938
8	414
8	622
8	958
8	972
9	525
9	850
9	861
9	987
10	305
10	634
10	884
10	969
10	996
11	91
11	224
11	449
11	980
12	222
12	743
12	802
12	989
13	575
13	656
13	872
13	963
14	282
14	740
14	874
14	956
15	722
15	736
15	849
15	958
16	585
16	800
16	850
16	934
17	334
17	830
17	913
17	962
18	125
18	841
18	987
18	996
19	340
19	405
19	486
19	702
20	259
20	605
20	985
20	999
21	414
21	431
21	831
21	958
22	477
22	483
22	567
22	633
23	773
23	904
23	942
23	999
24	388
24	890
24	918
24	982
25	761
25	976
25	982
25	987
26	372
26	638
26	771
26	798
27	749
27	900
27	986
27	996
28	644
28	764
28	953
28	965
29	826
29	985
29	998
29	1000
30	248
30	562
30	876
30	906
31	213
31	236
31	873
31	973
32	513
32	786
32	943
32	998
33	538
33	686
33	766
33	923
34	823
34	884
34	974
34	991
35	888
35	927
35	964
35	991
36	538
36	781
36	811
36	966
37	362
37	717
37	780
37	891
38	747
38	786
38	872
38	998
39	467
39	891
39	911
39	943
40	654
40	724
40	939
40	995
41	712
41	955
41	963
41	974
42	884
42	980
42	992
42	996
43	565
43	629
43	952
43	977
44	269
44	344
44	537
44	927
44	992
45	305
45	612
45	639
45	966
46	921
46	951
46	976
46	982
47	260
47	981
47	994
47	997
48	900
48	916
48	959
48	970
49	701
49	761
49	860
49	963
50	175
50	455
50	775
50	830
51	408
51	812
51	959
51	995
52	211
52	405
52	602
52	804
53	169
53	350
53	736
53	910
54	850
54	920
54	953
54	957
55	285
55	305
55	798
55	966
56	216
56	302
56	859
56	938
57	592
57	637
57	757
57	980
58	843
58	944
58	952
58	992
59	244
59	653
59	713
59	892
60	862
60	917
60	948
60	984
61	87
61	289
61	535
61	847
62	740
62	805
62	959
62	975
63	893
63	926
63	931
63	935
64	360
64	958
64	972
64	976
65	201
65	219
65	673
65	733
66	541
66	723
66	954
66	985
67	812
67	854
67	925
67	979
68	195
68	771
68	970
68	977
69	463
69	534
69	657
69	972
70	175
70	895
70	903
70	932
71	716
71	861
71	934
71	942
72	438
72	608
72	863
72	972
73	654
73	788
73	894
73	925
74	508
74	757
74	892
75	762
75	927
75	980
75	981
76	484
76	740
76	964
76	985
77	661
77	826
77	933
77	990
78	515
78	793
78	813
78	989
79	725
79	810
79	862
79	962
80	565
80	928
80	930
80	934
80	975
81	327
81	808
81	932
81	955
82	897
82	919
82	969
82	996
83	846
83	906
83	958
83	971
84	205
84	670
84	817
84	889
85	914
85	923
85	940
85	945
86	651
86	894
86	962
86	995
87	61
87	463
87	768
87	943
88	353
88	497
88	803
88	926
89	228
89	290
89	539
89	753
89	813
90	147
90	783
90	937
90	989
91	11
91	150
91	480
91	951
92	769
92	887
92	944
92	971
93	366
93	532
93	736
93	992
94	273
94	354
94	757
94	982
95	153
95	177
95	274
95	846
96	889
96	900
96	980
96	990
97	401
97	528
97	847
97	971
98	718
98	907
98	937
98	951
99	504
99	690
99	750
99	862
100	116
100	787
100	929
100	972
101	111
101	717
101	805
101	949
102	866
102	907
102	972
102	992
103	332
103	506
103	789
103	944
104	670
104	673
104	915
104	989
105	264
105	738
105	842
105	908
106	386
106	847
106	886
106	994
107	254
107	884
107	921
107	927
107	995
108	510
108	709
108	918
108	944
109	368
109	692
109	873
109	982
110	666
110	704
110	727
110	963
111	101
111	865
111	935
111	974
112	256
112	500
112	900
112	976
113	247
113	685
113	840
113	964
114	861
114	960
114	977
114	980
115	927
115	931
115	962
115	982
115	993
116	100
116	129
116	608
116	972
117	623
117	630
117	924
117	941
118	279
118	794
118	834
118	935
119	621
119	808
119	858
119	939
120	683
120	752
120	818
120	958
121	832
121	948
121	961
121	985
122	532
122	601
122	838
122	900
123	252
123	583
123	867
123	915
124	593
124	747
124	900
124	1000
125	18
125	174
125	984
125	996
126	718
126	775
126	805
126	911
127	283
127	471
127	699
127	763
128	184
128	584
128	708
128	718
129	116
129	341
129	671
129	692
130	599
130	936
130	962
130	976
131	383
131	447
131	922
131	948
132	233
132	554
132	723
132	740
133	492
133	544
133	697
133	985
134	184
134	708
134	718
134	950
135	881
135	917
135	967
135	969
136	793
136	973
136	978
136	990
137	746
137	863
137	939
137	997
138	515
138	838
138	849
138	943
139	221
139	706
139	830
139	960
140	816
140	854
140	923
140	992
141	651
141	652
141	921
141	961
142	684
142	889
142	963
142	1000
143	796
143	824
143	897
143	936
144	782
144	816
144	967
144	969
145	879
145	968
145	971
146	322
146	660
146	858
146	956
147	90
147	759
147	881
147	922
148	509
148	570
148	622
148	876
149	879
149	962
149	981
149	997
150	91
150	505
150	880
150	944
151	908
151	935
151	940
151	955
152	163
152	630
152	833
152	993
153	95
153	206
153	269
153	410
154	681
154	840
154	872
154	943
155	744
155	860
155	862
155	896
155	953
156	191
156	670
156	854
156	933
157	560
157	858
157	912
157	979
158	159
158	559
158	721
158	925
159	158
159	372
159	837
159	914
160	769
160	851
160	969
160	982
161	559
161	645
161	885
161	922
161	976
162	629
162	754
162	761
162	980
163	152
163	625
163	864
163	986
163	990
164	545
164	782
164	834
164	907
165	285
165	620
165	646
165	863
166	225
166	935
166	953
166	974
167	252
167	299
167	868
167	933
168	259
168	793
168	989
168	996
169	53
169	228
169	800
169	971
169	974
170	852
170	924
170	980
170	996
171	917
171	951
171	975
171	992
172	482
172	795
172	908
172	962
173	500
173	835
173	885
173	913
174	125
174	725
174	984
174	996
175	50
175	70
175	851
175	903
176	587
176	809
176	936
176	962
177	95
177	772
177	888
177	970
178	426
178	743
178	796
178	936
179	622
179	633
179	859
179	923
180	257
180	938
180	946
180	975
181	353
181	675
181	701
181	916
182	551
182	816
182	925
182	966
183	897
183	919
183	969
183	998
184	128
184	134
184	708
184	718
185	513
185	592
185	868
185	942
186	469
186	530
186	984
186	998
187	516
187	758
187	945
187	948
188	486
188	816
188	956
188	1000
189	395
189	429
189	940
189	944
189	993
190	367
190	675
190	813
190	999
191	156
191	743
191	967
191	968
192	613
192	767
192	859
192	913
193	755
193	857
193	866
193	990
194	669
194	913
194	976
194	992
195	68
195	563
195	771
195	966
196	829
196	877
196	934
196	990
197	440
197	740
197	862
197	956
198	531
198	725
198	840
198	932
199	261
199	414
199	431
199	958
200	597
200	811
200	918
200	955
201	65
201	301
201	733
201	895
202	668
202	864
202	920
202	960
203	516
203	776
203	944
203	985
204	398
204	734
204	771
204	903
205	84
205	654
205	969
205	972
206	153
206	295
206	602
206	741
207	442
207	659
207	716
207	856
208	215
208	886
208	930
208	950
209	5
209	497
209	547
209	865
210	889
210	890
210	982
210	995
211	52
211	669
211	824
211	934
212	838
212	913
212	940
212	972
213	31
213	329
213	423
213	970
214	311
214	866
214	923
214	933
215	208
215	430
215	886
215	930
216	56
216	689
216	768
216	943
217	439
217	566
217	964
217	974
218	629
218	870
218	894
218	974
219	65
219	478
219	891
219	961
219	982
220	561
220	879
220	993
220	997
221	139
221	514
221	838
221	994
222	12
222	888
222	915
222	926
223	662
223	707
223	907
223	916
224	11
224	838
224	935
224	979
225	166
225	661
225	695
225	746
226	572
226	702
226	993
226	997
227	320
227	866
227	990
227	992
228	89
228	169
228	876
228	999
229	500
229	611
229	929
229	976
230	504
230	690
230	750
230	862
231	436
231	462
231	677
231	812
231	990
232	416
232	679
232	744
232	908
232	994
233	132
233	554
233	568
233	784
233	819
234	427
234	823
234	830
234	923
234	930
235	264
235	309
235	623
235	873
235	968
236	31
236	586
236	811
236	845
236	990
237	625
237	809
237	835
237	867
237	915
238	525
238	598
238	617
238	861
238	955
239	679
239	853
239	880
239	908
239	947
240	803
240	946
240	962
240	982
240	987
241	555
241	627
241	804
241	895
241	937
242	576
242	643
242	746
242	810
242	871
243	557
243	648
243	887
243	978
243	992
244	59
244	314
244	711
244	876
244	877
245	490
245	588
245	888
245	927
245	991
246	923
246	953
246	960
246	980
246	990
247	113
247	544
247	836
247	917
247	985
248	30
248	509
248	856
248	876
248	972
249	268
249	323
249	559
249	837
249	914
250	350
250	882
250	951
250	969
250	978
251	604
251	881
251	922
251	937
251	946
252	123
252	167
252	837
252	951
252	986
253	420
253	569
253	696
253	923
253	996
254	107
254	696
254	755
254	866
254	990
255	674
255	865
255	886
255	930
255	950
256	112
256	835
256	921
256	961
256	979
257	180
257	787
257	794
257	867
257	976
258	850
258	940
258	944
258	996
258	1000
259	20
259	168
259	278
259	782
259	794
260	47
260	880
260	981
260	994
260	997
261	199
261	701
261	949
261	958
261	974
262	757
262	881
262	899
262	993
262	999
263	730
263	805
263	859
263	899
263	915
264	105
264	235
264	386
264	953
264	990
265	604
265	718
265	882
265	951
265	995
266	818
266	958
266	973
266	975
266	978
267	380
267	612
267	883
267	918
267	980
268	249
268	519
268	546
268	762
268	990
269	44
269	153
269	705
269	976
269	988
270	534
270	593
270	723
270	730
270	751
271	597
271	711
271	940
271	987
271	996
272	620
272	621
272	699
272	716
272	974
273	94
273	416
273	730
273	889
273	964
274	95
274	582
274	591
274	669
274	969
275	528
275	669
275	709
275	796
275	961
276	663
276	780
276	826
276	885
276	994
277	380
277	883
277	912
277	980
277	983
278	259
278	647
278	904
278	942
278	999
279	118
279	593
279	927
279	984
279	990
280	695
280	794
280	826
280	855
280	990
281	445
281	515
281	899
281	976
281	999
282	14
282	389
282	440
282	740
282	956
283	127
283	459
283	780
283	891
283	938
284	734
284	848
284	940
284	953
284	978
285	55
285	165
285	604
285	692
285	987
286	462
286	682
286	799
286	846
286	965
287	478
287	488
287	547
287	875
287	989
288	635
288	639
288	679
288	882
288	954
289	61
289	423
289	471
289	711
289	938
290	89
290	702
290	775
290	811
290	996
291	698
291	870
291	938
291	974
291	997
292	719
292	729
292	921
292	940
292	981
293	692
293	867
293	900
293	920
293	993
294	531
294	680
294	748
294	840
294	964
295	206
295	399
295	833
295	865
295	980
296	617
296	820
296	898
296	979
296	985
297	358
297	490
297	888
297	927
297	991
298	561
298	578
298	842
298	900
298	970
299	167
299	784
299	836
299	933
299	999
300	734
300	887
300	917
300	939
300	987
301	201
301	605
301	638
301	692
301	942
302	56
302	356
302	712
302	869
302	885
303	405
303	494
303	628
303	814
303	947
304	762
304	774
304	981
304	983
304	984
305	10
305	45
305	55
305	843
305	966
306	807
306	928
306	949
306	967
306	969
307	670
307	673
307	835
307	915
307	989
308	349
308	483
308	871
308	968
308	971
309	235
309	451
309	466
309	701
309	756
310	365
310	573
310	694
310	898
310	909
311	214
311	890
311	982
311	988
311	995
312	313
312	389
312	886
312	930
312	950
313	312
313	848
313	874
313	973
313	986
314	244
314	711
314	716
314	753
314	761
315	839
315	945
315	961
315	984
315	988
316	527
316	645
316	821
316	896
316	944
317	625
317	768
317	942
317	958
317	987
318	733
318	782
318	827
318	933
318	978
319	741
319	780
319	856
319	925
319	986
320	227
320	827
320	844
320	896
320	933
321	579
321	773
321	904
321	942
321	999
322	146
322	361
322	474
322	736
322	845
323	249
323	775
323	900
323	951
323	980
324	707
324	818
324	830
324	958
324	982
325	573
325	898
325	955
325	959
325	984
326	649
326	712
326	927
326	942
326	990
327	81
327	482
327	565
327	649
327	691
328	628
328	780
328	826
328	879
328	885
329	213
329	510
329	539
329	915
329	986
330	499
330	847
330	946
330	966
330	970
331	750
331	766
331	770
331	923
331	950
332	103
332	450
332	727
332	982
332	987
333	505
333	924
333	933
333	935
333	949
334	17
334	564
334	679
334	744
334	908
335	442
335	686
335	913
335	952
335	959
336	647
336	773
336	904
336	942
336	999
337	492
337	803
337	968
337	982
337	998
338	554
338	889
338	935
338	940
338	993
339	521
339	977
339	997
339	998
340	19
340	421
340	710
340	986
340	990
341	129
341	755
341	844
341	934
341	990
342	589
342	591
342	817
342	889
342	983
343	708
343	730
343	858
343	935
343	991
344	44
344	713
344	923
344	934
344	942
345	708
345	844
345	896
345	928
345	950
346	565
346	879
346	898
346	913
346	990
347	464
347	919
347	980
347	988
347	990
348	423
348	553
348	796
348	914
348	940
349	308
349	728
349	871
349	968
349	971
350	53
350	250
350	597
350	655
350	811
351	841
351	858
351	942
351	948
351	999
352	418
352	615
352	746
352	806
352	810
353	88
353	181
353	402
353	547
353	803
354	94
354	674
354	746
354	886
354	930
355	536
355	808
355	939
355	940
355	995
356	302
356	750
356	765
356	968
356	971
357	775
357	932
357	951
357	963
357	997
358	297
358	845
358	888
358	927
358	991
359	862
359	887
359	978
359	987
359	991
360	64
360	688
360	842
360	858
360	981
361	322
361	475
361	695
361	776
361	819
362	37
362	649
362	715
362	884
362	953
363	730
363	851
363	915
363	928
363	971
364	841
364	892
364	936
364	962
364	976
365	310
365	894
365	923
365	963
365	979
366	93
366	532
366	828
366	992
367	190
367	757
367	887
367	948
367	982
368	109
368	501
368	805
368	924
368	938
369	807
369	825
369	848
369	973
369	986
370	526
370	624
370	939
370	951
370	977
371	759
371	788
371	831
371	876
371	986
372	26
372	159
372	534
372	634
372	969
373	879
373	963
373	978
373	988
373	998
374	450
374	533
374	621
374	843
374	975
375	407
375	767
375	859
375	941
375	959
376	569
376	790
376	895
376	977
376	987
377	598
377	813
377	965
377	991
377	999
378	410
378	511
378	950
378	961
378	996
379	890
379	941
379	944
379	968
379	982
380	267
380	277
380	626
380	688
380	980
381	828
381	886
381	929
381	930
381	950
382	813
382	865
382	931
382	938
382	994
383	131
383	446
383	470
383	756
383	948
383	985
384	543
384	716
384	753
384	774
384	962
384	998
385	419
385	891
385	924
385	953
385	966
385	980
386	106
386	264
386	829
386	948
386	960
386	989
387	857
387	935
387	939
387	949
387	951
387	982
388	24
388	890
388	941
388	968
388	982
388	995
389	282
389	312
389	740
389	775
389	809
389	915
390	732
390	807
390	874
390	970
390	973
390	986
391	649
391	702
391	882
391	904
391	939
391	992
392	517
392	642
392	754
392	856
392	982
392	984
393	509
393	876
393	913
393	920
393	929
393	948
394	515
394	818
394	913
394	958
394	974
394	994
395	189
395	596
395	835
395	862
395	889
395	978
396	656
396	657
396	678
396	722
396	815
396	820
397	492
397	554
397	723
397	772
397	856
397	985
398	204
398	831
398	839
398	910
398	958
398	968
399	295
399	615
399	861
399	912
399	913
399	985
400	536
400	848
400	874
400	973
400	986
400	1000
401	97
401	834
401	847
401	936
401	946
401	966
402	353
402	442
402	701
402	795
402	837
402	872
403	567
403	633
403	960
403	991
403	997
403	998
404	442
404	561
404	815
404	856
404	906
404	952
405	19
405	52
405	303
405	590
405	772
405	983
406	503
406	855
406	960
406	961
406	967
406	990
407	375
407	731
407	977
407	987
407	991
407	1000
408	51
408	437
408	786
408	850
408	995
408	998
409	496
409	568
409	854
409	895
409	923
409	973
410	153
410	378
410	669
410	782
410	794
410	973
411	753
411	826
411	877
411	910
411	934
411	969
412	532
412	936
412	943
412	962
412	965
412	992
413	488
413	742
413	883
413	888
413	934
413	976
414	8
414	21
414	199
414	818
414	958
414	968
415	543
415	795
415	810
415	962
415	995
415	1000
416	232
416	273
416	564
416	679
416	908
416	994
417	575
417	673
417	831
417	956
417	987
417	990
418	352
418	487
418	735
418	776
418	810
418	917
419	385
419	793
419	840
419	866
419	985
419	990
420	253
420	642
420	715
420	903
420	971
420	984
421	340
421	665
421	791
421	805
421	953
421	965
422	440
422	844
422	922
422	978
422	989
422	997
423	7
423	213
423	289
423	348
423	471
423	475
424	921
424	929
424	950
424	961
424	974
424	977
425	512
425	708
425	818
425	870
425	958
425	977
426	178
426	766
426	811
426	847
426	878
426	924
427	234
427	439
427	691
427	706
427	830
427	960
428	477
428	483
428	518
428	927
428	971
428	974
429	189
429	894
429	935
429	942
429	952
429	963
430	215
430	619
430	674
430	846
430	930
430	950
431	21
431	199
431	578
431	809
431	958
431	972
432	695
432	825
432	848
432	874
432	973
432	986
433	605
433	649
433	675
433	765
433	869
433	985
434	575
434	823
434	884
434	946
434	952
434	991
435	642
435	843
435	861
435	909
435	955
435	976
436	1
436	231
436	939
436	960
436	986
436	990
437	408
437	730
437	953
437	965
437	973
437	986
438	72
438	591
438	666
438	853
438	860
438	975
439	217
439	427
439	706
439	720
439	830
439	960
440	197
440	282
440	422
440	606
440	740
440	956
441	648
441	754
441	887
441	943
441	978
441	992
442	207
442	335
442	402
442	404
442	837
442	906
443	611
443	791
443	865
443	888
443	978
443	995
444	504
444	690
444	750
444	862
444	920
444	987
445	281
445	783
445	797
445	948
445	976
446	383
446	658
446	789
446	948
446	983
446	1000
447	131
447	922
447	948
447	969
447	970
447	978
448	668
448	839
448	878
448	948
448	983
448	989
449	11
449	817
449	851
449	897
449	969
449	971
450	332
450	374
450	533
450	621
450	975
451	309
451	495
451	633
451	909
451	976
451	996
452	537
452	707
452	765
452	808
452	832
453	543
453	660
453	884
453	887
453	947
453	995
454	914
454	918
454	937
454	956
454	979
454	995
455	50
455	532
455	861
455	927
455	947
455	992
456	820
456	878
456	895
456	941
456	979
456	998
457	583
457	897
457	919
457	969
457	998
457	999
458	595
458	722
458	765
458	805
458	948
458	953
459	283
459	796
459	826
459	885
459	891
459	994
460	817
460	845
460	889
460	899
460	942
460	986
461	883
461	935
461	980
461	986
461	997
461	998
462	231
462	286
462	498
462	953
462	982
462	986
463	69
463	87
463	528
463	943
463	987
463	991
464	347
464	487
464	743
464	824
464	837
464	853
465	604
465	671
465	759
465	875
465	928
465	994
466	309
466	500
466	609
466	707
466	808
466	989
467	39
467	730
467	795
467	842
467	986
467	989
468	564
468	793
468	889
468	908
468	911
468	965
469	186
469	794
469	862
469	875
469	907
469	949
470	383
470	501
470	595
470	896
470	955
470	960
471	127
471	289
471	423
471	641
471	938
471	950
472	643
472	685
472	768
472	841
472	903
472	974
473	707
473	740
473	808
473	858
473	950
473	956
474	322
474	542
474	649
474	663
474	718
474	770
475	361
475	423
475	723
475	819
475	867
475	954
476	663
476	826
476	882
476	908
476	951
476	965
477	22
477	428
477	483
477	585
477	633
477	993
478	219
478	287
478	881
478	928
478	946
478	989
479	536
479	632
479	775
479	842
479	939
479	982
480	91
480	489
480	765
480	855
480	939
480	951
481	823
481	884
481	946
481	952
481	991
482	1
482	172
482	327
482	649
482	802
482	914
483	22
483	308
483	428
483	477
483	567
483	633
484	76
484	539
484	567
484	633
484	815
484	994
485	706
485	859
485	921
485	923
485	957
485	960
486	19
486	188
486	628
486	654
486	971
486	997
487	418
487	464
487	558
487	840
487	917
487	920
487	950
488	287
488	413
488	651
488	795
488	881
488	960
488	961
489	480
489	799
489	829
489	884
489	947
489	953
489	976
490	245
490	297
490	739
490	878
490	888
490	927
490	991
491	583
491	795
491	870
491	931
491	935
491	974
491	986
492	133
492	337
492	397
492	544
492	554
492	868
492	951
493	636
493	684
493	735
493	815
493	898
493	979
493	985
494	6
494	303
494	821
494	847
494	966
494	971
494	978
495	451
495	737
495	798
495	836
495	996
496	409
496	624
496	635
496	922
496	939
496	951
496	954
497	88
497	209
497	529
497	833
497	860
497	941
497	961
498	5
498	462
498	641
498	788
498	827
498	896
498	981
499	7
499	330
499	834
499	847
499	946
499	949
499	978
500	112
500	173
500	229
500	466
500	677
500	764
500	929
501	368
501	470
501	805
501	924
501	941
501	967
501	981
502	590
502	745
502	823
502	884
502	913
502	984
502	996
503	406
503	617
503	875
503	911
503	921
503	945
503	961
504	99
504	230
504	444
504	690
504	750
504	862
504	920
505	150
505	333
505	620
505	648
505	795
505	948
505	993
506	103
506	510
506	737
506	922
506	944
506	984
506	992
507	791
507	807
507	848
507	874
507	973
507	986
507	1000
508	74
508	586
508	691
508	737
508	757
508	892
509	148
509	248
509	393
509	835
509	867
509	876
509	991
510	108
510	329
510	506
510	645
510	906
510	984
510	992
511	378
511	700
511	738
511	751
511	793
511	837
511	894
512	425
512	701
512	799
512	803
512	838
512	953
512	994
513	32
513	185
513	600
513	701
513	872
513	946
513	998
514	221
514	698
514	838
514	869
514	954
514	994
515	78
515	138
515	281
515	394
515	518
515	870
515	974
516	187
516	203
516	543
516	687
516	925
516	937
516	995
517	392
517	858
517	901
517	937
517	951
517	954
517	980
518	428
518	515
518	734
518	870
518	920
518	945
518	974
519	268
519	711
519	753
519	840
519	864
519	968
519	998
520	734
520	775
520	808
520	870
520	931
520	935
520	984
521	339
521	533
521	977
521	997
521	998
522	893
522	909
522	925
522	926
522	931
522	935
523	667
523	672
523	853
523	921
523	945
523	961
523	988
524	587
524	696
524	927
524	933
524	956
524	962
524	993
525	9
525	238
525	776
525	805
525	941
525	967
525	981
526	370
526	635
526	882
526	922
526	939
526	951
526	954
527	316
527	727
527	735
527	917
527	922
527	984
527	992
528	97
528	275
528	463
528	745
528	772
528	916
528	953
529	497
529	728
529	854
529	923
529	925
529	979
529	1000
530	186
530	672
530	773
530	845
530	853
530	967
530	988
531	198
531	294
531	685
531	752
531	840
531	917
531	954
532	93
532	122
532	366
532	412
532	455
532	828
532	992
533	374
533	450
533	521
533	566
533	621
533	843
533	975
534	69
534	270
534	372
534	728
534	739
534	901
534	975
535	61
535	585
535	710
535	769
535	883
535	908
535	980
536	355
536	400
536	479
536	882
536	939
536	951
536	954
537	44
537	452
537	707
537	726
537	765
537	808
537	971
538	33
538	36
538	650
538	693
538	760
538	852
538	992
539	89
539	329
539	484
539	694
539	795
539	864
539	957
540	620
540	712
540	920
540	930
540	955
540	967
540	993
541	66
541	642
541	652
541	772
541	819
541	985
541	996
542	474
542	664
542	744
542	913
542	950
542	975
542	997
543	384
543	415
543	453
543	516
543	710
543	925
543	995
544	133
544	247
544	492
544	709
544	836
544	947
544	985
545	164
545	756
545	973
545	979
545	982
545	985
545	986
546	268
546	677
546	696
546	755
546	866
546	989
546	990
547	209
547	287
547	353
547	618
547	775
547	833
547	997
548	651
548	754
548	797
548	805
548	808
548	914
548	982
549	766
549	830
549	844
549	896
549	933
549	956
549	999
550	849
550	851
550	865
550	903
550	907
550	928
550	987
551	182
551	691
551	782
551	794
551	797
551	834
551	969
552	767
552	800
552	934
552	938
552	987
552	997
552	998
553	348
553	584
553	856
553	859
553	894
553	987
553	993
554	132
554	233
554	338
554	397
554	492
554	678
554	723
555	241
555	605
555	638
555	640
555	692
555	733
555	899
556	843
556	893
556	918
556	972
556	975
556	997
556	998
557	243
557	648
557	678
557	880
557	887
557	966
557	992
558	487
558	581
558	609
558	812
558	878
558	923
558	949
559	158
559	161
559	249
559	588
559	721
559	837
559	914
560	157
560	581
560	804
560	819
560	858
560	867
560	912
560	979
561	220
561	298
561	404
561	842
561	878
561	911
561	948
561	952
562	30
562	636
562	705
562	851
562	856
562	903
562	936
562	953
563	195
563	632
563	714
563	771
563	777
563	966
563	970
563	977
564	334
564	416
564	468
564	744
564	821
564	853
564	908
564	947
565	43
565	80
565	327
565	346
565	824
565	842
565	849
565	860
566	217
566	533
566	822
566	823
566	835
566	884
566	885
566	923
567	22
567	403
567	483
567	484
567	570
567	633
567	656
567	939
568	233
568	409
568	762
568	901
568	921
568	954
568	961
568	974
569	253
569	376
569	731
569	790
569	970
569	987
569	991
569	993
570	148
570	567
570	747
570	841
570	870
570	876
570	956
570	990
571	666
571	702
571	792
571	881
571	944
571	952
571	979
571	1000
572	226
572	741
572	786
572	791
572	864
572	872
572	936
572	993
573	310
573	325
573	655
573	763
573	916
573	980
573	981
573	983
574	595
574	784
574	827
574	844
574	846
574	896
574	918
574	999
575	13
575	417
575	434
575	810
575	867
575	985
575	989
575	995
576	242
576	609
576	648
576	887
576	909
576	936
576	948
576	962
577	817
577	858
577	928
577	956
577	961
577	979
577	983
577	990
578	298
578	431
578	600
578	841
578	866
578	900
578	958
578	990
579	321
579	647
579	755
579	773
579	873
579	904
579	942
579	999
580	850
580	919
580	945
580	969
580	988
580	996
580	998
580	999
581	558
581	560
581	681
581	763
581	786
581	858
581	894
581	983
582	274
582	838
582	900
582	939
582	951
582	970
582	987
582	994
583	123
583	457
583	491
583	747
583	867
583	915
583	937
583	989
584	128
584	553
584	629
584	636
584	657
584	866
584	974
584	990
585	16
585	477
585	535
585	829
585	861
585	976
585	982
585	992
586	236
586	508
586	648
586	709
586	757
586	760
586	852
586	887
587	176
587	524
587	599
587	839
587	871
587	936
587	943
587	962
588	245
588	559
588	753
588	761
588	786
588	914
588	959
588	982
589	342
589	671
589	817
589	889
589	905
589	932
589	965
589	983
590	405
590	502
590	708
590	718
590	859
590	913
590	944
590	979
591	274
591	342
591	438
591	755
591	855
591	947
591	974
591	994
592	57
592	185
592	639
592	879
592	914
592	949
592	971
592	978
593	124
593	270
593	279
593	606
593	631
593	730
593	772
594	607
594	770
594	868
594	904
594	930
594	937
594	942
594	950
595	458
595	470
595	574
595	784
595	844
595	896
595	933
595	999
596	395
596	817
596	889
596	905
596	932
596	959
596	965
596	983
597	200
597	271
597	350
597	684
597	739
597	811
597	845
597	918
598	238
598	377
598	636
598	733
598	901
598	907
598	945
598	987
599	130
599	587
599	864
599	929
599	936
599	943
599	962
599	964
600	513
600	578
600	625
600	686
600	872
600	911
600	955
600	998
601	122
601	707
601	808
601	854
601	875
601	925
601	939
601	975
602	52
602	206
602	653
602	772
602	949
602	973
602	986
602	995
603	692
603	725
603	779
603	899
603	907
603	908
603	955
603	994
604	251
604	265
604	285
604	465
604	915
604	937
604	946
604	989
605	20
605	301
605	433
605	555
605	717
605	824
605	895
605	945
606	440
606	593
606	631
606	730
607	594
607	706
607	837
607	952
607	958
607	960
607	978
607	995
608	72
608	116
608	689
608	745
608	787
608	856
608	929
608	972
609	466
609	558
609	576
609	668
609	902
609	983
609	985
609	989
610	807
610	825
610	848
610	874
610	954
610	973
610	986
610	1000
611	229
611	443
611	687
611	693
611	919
611	969
611	973
611	986
612	45
612	267
612	933
612	938
612	947
612	979
612	980
612	999
613	192
613	767
613	793
613	859
613	913
613	941
613	949
613	959
614	732
614	807
614	825
614	874
614	973
614	986
614	990
614	1000
615	352
615	399
615	695
615	736
615	746
615	779
615	810
615	871
616	626
616	705
616	759
616	772
616	794
616	928
616	953
616	980
617	238
617	296
617	503
617	846
617	884
617	921
617	931
617	935
618	547
618	757
618	759
618	819
618	931
618	935
618	967
618	984
619	430
619	674
619	819
619	886
619	894
619	930
619	950
619	981
620	165
620	272
620	505
620	540
620	756
620	899
620	947
620	955
621	119
621	272
621	374
621	450
621	533
621	655
621	843
621	975
622	8
622	148
622	179
622	667
622	856
622	906
622	944
622	958
622	961
623	117
623	235
623	873
623	876
623	902
623	930
623	941
623	950
623	974
624	370
624	496
624	635
624	703
624	882
624	898
624	939
624	951
624	954
625	163
625	237
625	317
625	600
625	910
625	930
625	950
625	959
625	975
626	380
626	616
626	697
626	883
626	912
626	918
626	975
626	980
626	983
627	241
627	638
627	706
627	734
627	830
627	922
627	974
627	978
627	982
628	303
628	328
628	486
628	688
628	766
628	918
628	954
628	980
628	985
629	43
629	162
629	218
629	584
629	870
629	910
629	967
629	974
629	977
630	117
630	152
630	722
630	968
630	983
630	985
630	987
630	998
630	1000
631	593
631	606
631	730
631	978
632	479
632	563
632	714
632	771
632	802
632	892
632	966
632	970
632	977
633	22
633	179
633	403
633	451
633	477
633	483
633	484
633	567
633	835
634	10
634	372
634	777
634	822
634	826
634	891
634	924
634	938
634	994
635	288
635	496
635	526
635	624
635	882
635	922
635	929
635	939
635	951
636	493
636	562
636	584
636	598
636	656
636	820
636	878
636	979
636	985
637	57
637	676
637	742
637	750
637	814
637	862
637	931
637	934
637	935
638	26
638	301
638	555
638	627
638	692
638	733
638	741
638	899
638	937
639	45
639	288
639	592
639	790
639	905
639	934
639	951
639	966
639	987
640	555
640	733
640	832
640	842
640	873
640	882
640	900
640	902
640	951
641	471
641	498
641	668
641	833
641	886
641	931
641	935
641	938
641	948
642	392
642	420
642	435
642	541
642	816
642	861
642	925
642	956
642	985
643	242
643	472
643	658
643	736
643	794
643	845
643	920
643	943
643	988
644	28
644	665
644	705
644	799
644	815
644	916
644	953
644	964
644	996
645	161
645	316
645	510
645	727
645	737
645	801
645	944
645	947
645	992
646	165
646	762
646	763
646	769
646	787
646	916
646	955
646	959
646	984
647	278
647	336
647	579
647	720
647	773
647	880
647	904
647	942
647	999
648	243
648	441
648	505
648	557
648	576
648	586
648	887
648	966
648	992
649	1
649	326
649	327
649	362
649	391
649	433
649	474
649	482
649	802
650	538
650	687
650	760
650	778
650	829
650	833
650	910
650	992
650	995
651	86
651	141
651	488
651	548
651	667
651	921
651	957
651	961
651	988
652	141
652	541
652	660
652	723
652	883
652	900
652	912
652	921
652	980
653	59
653	602
653	713
653	800
653	836
653	876
653	892
653	905
653	995
654	40
654	73
654	205
654	486
654	689
654	843
654	911
654	925
654	972
655	350
655	573
655	621
655	867
655	891
655	915
655	975
655	981
655	988
656	13
656	396
656	567
656	636
656	863
656	908
656	947
656	971
656	996
657	69
657	396
657	584
657	876
657	919
657	969
657	972
657	987
657	993
658	446
658	643
658	780
658	782
658	875
658	960
658	973
658	986
658	988
659	207
659	672
659	726
659	757
659	833
659	899
659	945
659	961
659	974
660	146
660	453
660	652
660	924
660	934
660	966
660	992
660	995
660	998
661	77
661	225
661	769
661	831
661	931
661	940
661	959
661	963
661	981
662	223
662	719
662	806
662	832
662	842
662	900
662	940
662	990
662	1000
663	276
663	474
663	476
663	814
663	822
663	826
663	871
663	885
663	891
664	542
664	787
664	879
664	881
664	886
664	937
664	950
664	994
664	995
665	421
665	644
665	705
665	799
665	846
665	953
665	965
665	996
665	997
666	110
666	438
666	571
666	704
666	801
666	860
666	952
666	963
666	967
667	523
667	622
667	651
667	672
667	824
667	921
667	945
667	960
667	961
668	202
668	448
668	609
668	641
668	722
668	777
668	832
668	948
668	988
668	989
669	194
669	211
669	274
669	275
669	410
669	681
669	766
669	853
669	963
669	986
670	84
670	104
670	156
670	307
670	673
670	835
670	867
670	915
670	937
670	989
671	4
671	129
671	465
671	589
671	702
671	704
671	759
671	898
671	937
671	946
672	523
672	530
672	659
672	667
672	675
672	855
672	921
672	960
672	961
672	988
673	65
673	104
673	307
673	417
673	670
673	835
673	867
673	915
673	937
673	989
674	255
674	354
674	430
674	619
674	748
674	819
674	877
674	886
674	930
674	950
675	181
675	190
675	433
675	672
675	803
675	873
675	922
675	944
675	991
675	992
676	637
676	678
676	861
676	887
676	904
676	930
676	942
676	950
676	976
676	992
677	231
677	500
677	546
677	696
677	697
677	755
677	855
677	866
677	956
677	990
678	396
678	554
678	557
678	676
678	800
678	862
678	887
678	915
678	934
678	985
679	232
679	239
679	288
679	334
679	416
679	905
679	908
679	947
679	975
679	994
680	294
680	699
680	823
680	884
680	932
680	936
680	962
680	967
680	976
680	997
681	154
681	581
681	669
681	921
681	925
681	955
681	961
681	963
681	969
681	972
682	286
682	688
682	740
682	749
682	908
682	956
682	975
682	980
682	983
682	999
683	120
683	818
683	834
683	851
683	858
683	912
683	958
683	973
683	975
683	986
684	142
684	493
684	597
684	792
684	811
684	863
684	898
684	957
684	961
684	988
685	113
685	472
685	531
685	720
685	725
685	840
685	917
685	932
685	952
685	964
686	33
686	335
686	600
686	812
686	831
686	861
686	946
686	963
686	993
686	997
687	516
687	611
687	650
687	693
687	760
687	778
687	829
687	910
687	947
687	992
688	360
688	380
688	628
688	682
688	745
688	791
688	883
688	901
688	918
688	980
689	216
689	608
689	654
689	781
689	817
689	856
689	889
689	940
689	965
689	972
690	99
690	230
690	444
690	504
690	750
690	834
690	862
690	920
691	327
691	427
691	508
691	551
691	706
691	757
691	782
691	802
691	830
691	953
692	109
692	129
692	285
692	293
692	301
692	555
692	603
692	638
692	937
692	945
693	538
693	611
693	687
693	760
693	829
693	852
693	910
693	947
693	949
693	992
694	310
694	539
694	795
694	897
694	904
694	919
694	942
694	963
694	969
694	984
695	225
695	280
695	361
695	432
695	615
695	736
695	746
695	779
695	845
695	917
696	253
696	254
696	524
696	546
696	677
696	755
696	812
696	857
696	866
696	990
697	133
697	626
697	677
697	851
697	866
697	869
697	903
697	920
697	980
697	990
698	291
698	514
698	735
698	751
698	756
698	838
698	869
698	954
698	966
698	994
699	127
699	272
699	680
699	716
699	812
699	844
699	860
699	933
699	967
699	987
700	511
700	748
700	767
700	793
700	828
700	850
700	904
700	942
700	957
700	990
701	49
701	181
701	261
701	309
701	402
701	512
701	513
701	803
701	857
701	899
702	19
702	226
702	290
702	391
702	571
702	671
702	729
702	745
702	940
702	997
703	624
703	749
703	774
703	796
703	804
703	882
703	937
703	939
703	991
703	993
704	110
704	666
704	671
704	936
704	937
704	944
704	958
704	962
704	963
704	979
705	269
705	562
705	616
705	644
705	665
705	790
705	799
705	953
705	964
705	996
706	139
706	427
706	439
706	485
706	607
706	627
706	691
706	764
706	830
706	960
707	223
707	324
707	452
707	466
707	473
707	537
707	601
707	726
707	808
707	922
708	128
708	134
708	184
708	343
708	345
708	425
708	590
708	718
708	745
708	978
709	108
709	275
709	544
709	586
709	721
709	828
709	917
709	981
709	985
709	997
710	7
710	340
710	535
710	543
710	816
710	854
710	925
710	936
710	962
710	995
711	244
711	271
711	289
711	314
711	519
711	716
711	753
711	792
711	831
711	876
711	877
712	41
712	302
712	326
712	540
712	822
712	871
712	891
712	896
712	955
712	956
712	989
713	59
713	344
713	653
713	742
713	800
713	836
713	876
713	905
713	919
713	934
713	995
714	563
714	632
714	767
714	775
714	780
714	822
714	879
714	913
714	970
714	977
714	997
715	362
715	420
715	758
715	788
715	849
715	851
715	903
715	907
715	932
715	971
715	984
716	71
716	207
716	272
716	314
716	384
716	699
716	711
716	753
716	761
716	876
716	877
717	37
717	101
717	605
717	763
717	797
717	845
717	885
717	891
717	924
717	959
717	961
718	98
718	126
718	128
718	134
718	184
718	265
718	474
718	590
718	708
718	745
718	976
719	292
719	662
719	729
719	781
719	784
719	798
719	832
719	892
719	901
719	940
719	981
720	439
720	647
720	685
720	830
720	840
720	887
720	960
720	966
720	981
720	992
720	997
721	158
721	559
721	709
721	743
721	821
721	824
721	861
721	899
721	914
721	944
721	947
722	15
722	396
722	458
722	630
722	668
722	802
722	897
722	919
722	948
722	951
722	963
723	66
723	132
723	270
723	397
723	475
723	554
723	652
723	724
723	859
723	912
723	954
724	40
724	723
724	742
724	800
724	883
724	890
724	934
724	954
724	980
724	982
724	983
725	79
725	174
725	198
725	603
725	685
725	764
725	847
725	970
725	978
725	984
725	996
726	537
726	659
726	707
726	793
726	803
726	808
726	813
726	852
726	894
726	910
726	999
727	5
727	110
727	332
727	527
727	645
727	766
727	917
727	944
727	947
727	984
727	992
728	349
728	529
728	534
728	814
728	890
728	923
728	968
728	971
728	972
728	982
728	1000
729	292
729	702
729	719
729	781
729	801
729	832
729	892
729	901
729	940
729	960
729	981
730	263
730	270
730	273
730	343
730	363
730	437
730	467
730	593
730	606
730	631
730	772
731	407
731	569
731	758
731	790
731	866
731	877
731	907
731	965
731	987
731	991
731	993
732	390
732	614
732	807
732	825
732	848
732	874
732	902
732	937
732	973
732	986
732	1000
733	65
733	201
733	318
733	555
733	598
733	638
733	640
733	774
733	824
733	855
733	895
734	204
734	284
734	300
734	518
734	520
734	627
734	858
734	875
734	898
734	974
734	977
735	418
735	493
735	527
735	698
735	838
735	906
735	917
735	930
735	950
735	978
735	994
736	15
736	53
736	93
736	322
736	615
736	643
736	695
736	776
736	779
736	810
736	909
737	495
737	506
737	508
737	645
737	757
737	873
737	892
737	895
737	944
737	987
737	996
738	105
738	511
738	770
738	821
738	854
738	879
738	923
738	972
738	975
738	979
738	993
739	6
739	490
739	534
739	597
739	907
739	924
739	931
739	935
739	967
739	975
739	993
740	14
740	62
740	76
740	132
740	197
740	282
740	389
740	440
740	473
740	682
740	956
741	206
741	319
741	572
741	638
741	791
741	821
741	874
741	890
741	973
741	982
741	986
742	413
742	637
742	713
742	724
742	800
742	850
742	892
742	905
742	934
742	976
742	995
743	12
743	178
743	191
743	464
743	721
743	797
743	824
743	837
743	873
743	967
743	968
744	155
744	232
744	334
744	542
744	564
744	821
744	853
744	905
744	908
744	975
744	994
745	502
745	528
745	608
745	688
745	702
745	708
745	718
745	883
745	929
745	972
745	980
745	993
746	137
746	225
746	242
746	352
746	354
746	615
746	695
746	806
746	845
746	852
746	909
746	917
747	38
747	124
747	570
747	583
747	888
747	899
747	907
747	915
747	927
747	943
747	991
747	993
748	294
748	674
748	700
748	755
748	781
748	835
748	840
748	867
748	915
748	940
748	964
748	990
749	27
749	682
749	703
749	763
749	764
749	813
749	868
749	869
749	901
749	905
749	991
749	999
750	99
750	230
750	331
750	356
750	444
750	504
750	637
750	690
750	862
750	920
750	932
751	270
751	511
751	698
751	793
751	835
751	838
751	915
751	948
751	977
751	994
751	997
751	998
752	120
752	531
752	790
752	795
752	840
752	890
752	916
752	932
752	953
752	964
752	982
752	987
753	89
753	314
753	384
753	411
753	519
753	588
753	711
753	716
753	761
753	792
753	831
753	863
754	162
754	392
754	441
754	548
754	822
754	834
754	850
754	887
754	921
754	930
754	967
754	978
755	193
755	254
755	341
755	546
755	579
755	591
755	677
755	696
755	748
755	866
755	956
755	990
756	309
756	383
756	545
756	620
756	698
756	781
756	782
756	838
756	940
756	967
756	993
756	994
757	57
757	74
757	94
757	262
757	367
757	508
757	586
757	618
757	659
757	691
757	737
757	892
758	187
758	715
758	731
758	849
758	903
758	911
758	930
758	958
758	967
758	968
758	972
758	987
759	147
759	371
759	465
759	616
759	618
759	671
759	789
759	881
759	898
759	928
759	946
759	989
760	538
760	586
760	650
760	687
760	693
760	778
760	798
760	829
760	852
760	933
760	947
760	978
761	6
761	25
761	49
761	162
761	314
761	588
761	716
761	753
761	792
761	855
761	876
761	877
762	75
762	268
762	304
762	568
762	646
762	769
762	774
762	955
762	959
762	981
762	983
762	996
763	127
763	573
763	581
763	646
763	717
763	749
763	769
763	860
763	955
763	959
763	981
763	984
764	28
764	500
764	706
764	725
764	749
764	768
764	830
764	901
764	909
764	960
764	964
764	976
765	356
765	433
765	452
765	458
765	480
765	537
765	771
765	808
765	939
765	951
765	966
765	993
766	33
766	331
766	426
766	549
766	628
766	669
766	727
766	827
766	890
766	933
766	963
766	979
767	192
767	375
767	552
767	613
767	700
767	714
767	859
767	913
767	941
767	949
767	959
767	1000
768	87
768	216
768	317
768	472
768	764
768	848
768	859
768	913
768	929
768	973
768	976
768	986
769	92
769	160
769	535
769	646
769	661
769	762
769	763
769	774
769	857
769	877
769	981
769	983
770	331
770	474
770	594
770	738
770	852
770	891
770	900
770	924
770	925
770	959
770	988
770	997
771	26
771	68
771	195
771	204
771	563
771	632
771	765
771	777
771	802
771	892
771	966
771	970
772	177
772	397
772	405
772	528
772	541
772	593
772	602
772	616
772	730
772	777
772	912
772	958
773	23
773	321
773	336
773	530
773	579
773	647
773	820
773	868
773	873
773	904
773	942
773	955
773	999
774	304
774	384
774	703
774	733
774	762
774	769
774	928
774	937
774	954
774	977
774	982
774	987
774	991
775	50
775	126
775	290
775	323
775	357
775	389
775	479
775	520
775	547
775	714
775	932
775	963
775	997
776	203
776	361
776	418
776	525
776	736
776	785
776	828
776	890
776	928
776	949
776	957
776	982
776	995
777	563
777	634
777	668
777	771
777	772
777	818
777	885
777	891
777	948
777	958
777	966
777	996
777	1000
778	650
778	687
778	760
778	816
778	854
778	888
778	904
778	927
778	940
778	942
778	964
778	1000
779	603
779	615
779	695
779	736
779	806
779	812
779	902
779	910
779	949
779	974
779	978
779	981
779	990
780	37
780	276
780	283
780	319
780	328
780	658
780	714
780	822
780	826
780	885
780	891
780	938
780	994
781	36
781	689
781	719
781	729
781	748
781	756
781	798
781	801
781	892
781	901
781	918
781	940
781	981
782	144
782	164
782	259
782	318
782	410
782	551
782	658
782	691
782	756
782	794
782	797
782	907
782	999
783	4
783	90
783	445
783	797
783	881
783	886
783	919
783	950
783	959
783	976
783	977
783	997
783	998
784	233
784	299
784	574
784	595
784	719
784	827
784	863
784	896
784	933
784	949
784	956
784	989
784	999
785	776
785	789
785	828
785	832
785	897
785	919
785	943
785	957
785	969
785	988
785	996
785	998
785	999
786	32
786	38
786	408
786	572
786	581
786	588
786	821
786	872
786	873
786	890
786	946
786	995
786	998
787	100
787	257
787	608
787	646
787	664
787	861
787	878
787	925
787	929
787	955
787	979
787	992
787	995
788	73
788	371
788	498
788	715
788	843
788	851
788	888
788	903
788	927
788	940
788	964
788	972
788	975
789	103
789	446
789	759
789	785
789	813
789	889
789	897
789	905
789	948
789	965
789	969
789	983
789	989
790	376
790	569
790	639
790	705
790	731
790	752
790	806
790	965
790	970
790	987
790	991
790	993
790	1000
791	421
791	443
791	507
791	572
791	688
791	741
791	799
791	846
791	883
791	922
791	953
791	978
791	980
792	571
792	684
792	711
792	753
792	761
792	827
792	923
792	929
792	957
792	961
792	967
792	975
792	1000
793	78
793	136
793	168
793	419
793	468
793	511
793	613
793	700
793	726
793	751
793	837
793	854
793	894
794	2
794	118
794	257
794	259
794	280
794	410
794	469
794	551
794	616
794	643
794	782
794	825
794	834
795	172
795	402
795	415
795	467
795	488
795	491
795	505
795	539
795	694
795	752
795	864
795	957
795	986
796	143
796	178
796	275
796	348
796	459
796	703
796	813
796	857
796	905
796	938
796	976
796	981
796	993
797	445
797	548
797	551
797	717
797	743
797	782
797	783
797	806
797	857
797	907
797	976
797	987
797	1000
798	26
798	55
798	495
798	719
798	760
798	781
798	829
798	836
798	910
798	940
798	966
798	994
798	996
799	286
799	489
799	512
799	644
799	665
799	705
799	791
799	881
799	909
799	953
799	964
799	965
799	996
800	16
800	169
800	552
800	653
800	678
800	713
800	724
800	742
800	847
800	892
800	905
800	934
800	995
801	645
801	666
801	729
801	781
801	803
801	871
801	910
801	936
801	940
801	952
801	955
801	963
801	976
802	12
802	482
802	632
802	649
802	691
802	722
802	771
802	805
802	853
802	941
802	963
802	977
802	985
803	88
803	240
803	337
803	353
803	512
803	675
803	701
803	726
803	801
803	857
803	899
803	965
803	997
804	52
804	241
804	560
804	703
804	858
804	869
804	888
804	895
804	927
804	945
804	979
804	990
804	991
804	993
805	62
805	101
805	126
805	263
805	368
805	421
805	458
805	501
805	525
805	548
805	802
805	941
805	949
805	981
806	352
806	662
806	746
806	779
806	790
806	797
806	810
806	890
806	903
806	956
806	982
806	987
806	988
806	990
807	306
807	369
807	390
807	507
807	610
807	614
807	732
807	825
807	848
807	874
807	911
807	973
807	986
807	1000
808	81
808	119
808	355
808	452
808	466
808	473
808	520
808	537
808	548
808	601
808	707
808	726
808	765
808	924
809	176
809	237
809	389
809	431
809	842
809	900
809	915
809	929
809	958
809	959
809	962
809	968
809	980
809	997
810	79
810	242
810	352
810	415
810	418
810	575
810	615
810	736
810	806
810	819
810	849
810	852
810	909
810	917
811	36
811	200
811	236
811	290
811	350
811	426
811	597
811	684
811	820
811	845
811	878
811	889
811	916
811	924
812	51
812	67
812	231
812	558
812	686
812	696
812	699
812	779
812	832
812	872
812	873
812	921
812	959
812	990
813	78
813	89
813	190
813	377
813	382
813	726
813	749
813	789
813	796
813	824
813	902
813	912
813	965
813	991
814	303
814	637
814	663
814	728
814	822
814	874
814	911
814	914
814	928
814	929
814	938
814	973
814	986
814	998
815	396
815	404
815	484
815	493
815	644
815	831
815	898
815	906
815	924
815	949
815	952
815	953
815	978
815	996
816	140
816	144
816	182
816	188
816	642
816	710
816	778
816	854
816	923
816	925
816	956
816	979
816	999
816	1000
817	84
817	342
817	449
817	460
817	577
817	589
817	596
817	689
817	848
817	889
817	905
817	932
817	965
817	983
818	120
818	266
818	324
818	394
818	414
818	425
818	683
818	777
818	831
818	839
818	880
818	945
818	958
818	968
818	972
819	233
819	361
819	475
819	541
819	560
819	618
819	619
819	674
819	810
819	858
819	871
819	886
819	912
819	938
819	979
820	296
820	396
820	456
820	636
820	773
820	811
820	845
820	878
820	904
820	936
820	942
820	962
820	964
820	985
820	988
821	316
821	494
821	564
821	721
821	738
821	741
821	744
821	786
821	830
821	853
821	872
821	908
821	944
821	947
821	963
822	566
822	634
822	663
822	712
822	714
822	754
822	780
822	814
822	879
822	885
822	891
822	904
822	911
822	924
822	988
823	34
823	234
823	434
823	481
823	502
823	566
823	680
823	884
823	914
823	946
823	952
823	972
823	991
824	143
824	211
824	464
824	565
824	605
824	667
824	721
824	733
824	743
824	813
824	831
824	869
824	901
824	945
824	949
825	369
825	432
825	610
825	614
825	732
825	794
825	807
825	848
825	874
825	902
825	911
825	954
825	973
825	986
825	1000
826	29
826	77
826	276
826	280
826	328
826	411
826	459
826	476
826	634
826	663
826	780
826	911
826	924
826	988
826	994
827	318
827	320
827	498
827	574
827	766
827	784
827	792
827	844
827	863
827	896
827	933
827	949
827	956
827	989
827	999
828	366
828	381
828	532
828	700
828	709
828	776
828	785
828	919
828	928
828	930
828	950
828	957
828	969
828	992
829	196
829	386
829	489
829	585
829	650
829	687
829	693
829	760
829	798
829	833
829	865
829	883
829	888
829	910
829	992
830	17
830	50
830	139
830	234
830	324
830	427
830	439
830	549
830	627
830	691
830	706
830	720
830	764
830	821
830	960
831	21
831	371
831	398
831	417
831	661
831	686
831	711
831	753
831	815
831	818
831	824
831	927
831	958
831	963
831	981
832	121
832	452
832	640
832	662
832	668
832	719
832	729
832	785
832	812
832	873
832	897
832	919
832	940
832	969
832	1000
833	152
833	295
833	497
833	547
833	641
833	650
833	659
833	829
833	850
833	877
833	906
833	936
833	947
833	962
833	995
834	118
834	164
834	401
834	499
834	551
834	683
834	690
834	754
834	794
834	847
834	886
834	894
834	950
834	972
834	975
834	978
835	173
835	237
835	256
835	307
835	395
835	509
835	566
835	633
835	670
835	673
835	748
835	751
835	867
835	915
835	937
835	989
836	247
836	299
836	495
836	544
836	653
836	713
836	798
836	844
836	896
836	917
836	933
836	934
836	942
836	985
836	995
836	996
837	159
837	249
837	252
837	402
837	442
837	464
837	511
837	559
837	607
837	743
837	793
837	853
837	894
837	895
837	952
837	968
838	122
838	138
838	212
838	221
838	224
838	512
838	514
838	582
838	698
838	735
838	751
838	756
838	867
838	869
838	954
838	994
839	315
839	398
839	448
839	587
839	818
839	878
839	881
839	929
839	943
839	948
839	958
839	960
839	961
839	962
839	967
839	968
840	113
840	154
840	198
840	294
840	419
840	487
840	519
840	531
840	685
840	720
840	748
840	752
840	917
840	932
840	964
840	996
841	18
841	351
841	364
841	472
841	570
841	578
841	872
841	936
841	945
841	949
841	959
841	964
841	974
841	983
841	985
841	1000
842	105
842	298
842	360
842	467
842	479
842	561
842	565
842	640
842	662
842	809
842	900
842	912
842	916
842	970
842	985
842	992
843	58
843	305
843	374
843	435
843	533
843	556
843	621
843	654
843	788
843	861
843	894
843	955
843	966
843	970
843	975
843	976
844	320
844	341
844	345
844	422
844	549
844	574
844	595
844	699
844	827
844	836
844	846
844	896
844	933
844	949
844	979
844	989
844	999
845	236
845	322
845	358
845	460
845	530
845	597
845	643
845	695
845	717
845	746
845	811
845	820
845	888
845	921
845	927
845	931
845	991
846	83
846	95
846	286
846	430
846	574
846	617
846	665
846	791
846	844
846	896
846	929
846	930
846	933
846	950
846	953
846	970
846	996
847	61
847	97
847	106
847	330
847	401
847	426
847	494
847	499
847	725
847	800
847	834
847	863
847	910
847	966
847	970
847	971
847	978
848	284
848	313
848	369
848	400
848	432
848	507
848	610
848	732
848	768
848	807
848	817
848	825
848	874
848	954
848	973
848	986
848	1000
849	15
849	138
849	550
849	565
849	715
849	758
849	810
849	851
849	852
849	860
849	865
849	895
849	903
849	907
849	928
849	932
849	971
850	9
850	16
850	54
850	258
850	408
850	580
850	700
850	742
850	754
850	833
850	872
850	928
850	934
850	952
850	957
850	995
850	998
851	160
851	175
851	363
851	449
851	550
851	562
851	683
851	697
851	715
851	788
851	849
851	865
851	907
851	932
851	971
851	984
851	993
852	170
852	538
852	586
852	693
852	726
852	746
852	760
852	770
852	810
852	849
852	860
852	897
852	903
852	909
852	941
852	984
852	998
853	239
853	438
853	464
853	523
853	530
853	564
853	669
853	744
853	802
853	821
853	837
853	961
853	963
853	967
853	968
853	988
853	994
854	67
854	140
854	156
854	409
854	529
854	601
854	710
854	738
854	778
854	793
854	816
854	860
854	887
854	923
854	956
854	957
854	979
855	280
855	406
855	480
855	591
855	672
855	677
855	733
855	761
855	861
855	882
855	921
855	939
855	951
855	955
855	961
855	976
855	990
856	207
856	248
856	319
856	392
856	397
856	404
856	553
856	562
856	608
856	622
856	689
856	906
856	929
856	972
856	975
856	994
856	997
857	193
857	387
857	696
857	701
857	769
857	796
857	797
857	803
857	860
857	866
857	899
857	916
857	959
857	965
857	981
857	984
857	990
858	119
858	146
858	157
858	343
858	351
858	360
858	473
858	517
858	560
858	577
858	581
858	683
858	734
858	804
858	819
858	912
858	979
859	3
859	56
859	179
859	192
859	263
859	375
859	485
859	553
859	590
859	613
859	723
859	767
859	768
859	913
859	941
859	949
859	959
860	49
860	155
860	438
860	497
860	565
860	666
860	699
860	763
860	849
860	852
860	854
860	857
860	928
860	952
860	953
860	963
860	981
861	9
861	71
861	114
861	238
861	399
861	435
861	455
861	585
861	642
861	676
861	686
861	721
861	787
861	843
861	855
861	909
861	955
861	976
862	7
862	60
862	79
862	99
862	155
862	197
862	230
862	359
862	395
862	444
862	469
862	504
862	637
862	678
862	690
862	750
862	920
862	997
863	72
863	137
863	165
863	656
863	684
863	753
863	784
863	827
863	847
863	868
863	872
863	873
863	928
863	933
863	946
863	957
863	959
863	978
864	163
864	202
864	519
864	539
864	572
864	599
864	795
864	865
864	893
864	926
864	931
864	935
864	936
864	948
864	957
864	962
864	1000
865	111
865	209
865	255
865	295
865	382
865	443
865	550
865	829
865	849
865	851
865	864
865	882
865	922
865	939
865	947
865	951
865	984
865	992
866	102
866	193
866	214
866	227
866	254
866	419
866	546
866	578
866	584
866	677
866	696
866	697
866	731
866	755
866	857
866	956
866	969
866	990
867	123
867	237
867	257
867	293
867	475
867	509
867	560
867	575
867	583
867	655
867	670
867	673
867	748
867	835
867	838
867	915
867	937
867	989
868	167
868	185
868	492
868	594
868	749
868	773
868	863
868	896
868	902
868	904
868	914
868	924
868	936
868	942
868	965
868	971
868	998
868	999
869	302
869	433
869	514
869	697
869	698
869	749
869	804
869	824
869	838
869	875
869	895
869	899
869	902
869	905
869	960
869	977
869	993
869	994
870	218
870	291
870	425
870	491
870	515
870	518
870	520
870	570
870	629
870	875
870	898
870	902
870	910
870	917
870	945
870	946
870	952
870	974
870	977
871	242
871	308
871	349
871	587
871	615
871	663
871	712
871	801
871	819
871	887
871	907
871	936
871	962
871	968
871	970
871	971
871	976
871	987
871	1000
872	13
872	38
872	154
872	402
872	513
872	572
872	600
872	786
872	812
872	821
872	841
872	850
872	863
872	873
872	909
872	943
872	988
872	995
872	998
873	31
873	109
873	235
873	579
873	623
873	640
873	675
873	737
873	743
873	773
873	786
873	812
873	832
873	863
873	872
873	904
873	905
873	911
873	942
874	1
874	14
874	313
874	390
874	400
874	432
874	507
874	610
874	614
874	732
874	741
874	807
874	814
874	825
874	848
874	954
874	973
874	986
874	1000
875	287
875	465
875	469
875	503
875	601
875	658
875	734
875	869
875	870
875	881
875	899
875	902
875	938
875	945
875	952
875	960
875	961
875	974
875	989
876	30
876	148
876	228
876	244
876	248
876	371
876	393
876	509
876	570
876	623
876	653
876	657
876	711
876	713
876	716
876	761
876	934
876	943
876	995
877	196
877	244
877	411
877	674
877	711
877	716
877	731
877	761
877	769
877	833
877	929
877	930
877	936
877	950
877	962
877	964
877	970
877	987
877	1000
878	426
878	448
878	456
878	490
878	558
878	561
878	636
878	787
878	811
878	820
878	839
878	888
878	924
878	927
878	964
878	979
878	983
878	985
878	994
879	145
879	149
879	220
879	328
879	346
879	373
879	592
879	664
879	714
879	738
879	822
879	885
879	898
879	946
879	949
879	955
879	971
879	993
879	997
880	150
880	239
880	260
880	557
880	647
880	818
880	887
880	904
880	939
880	942
880	958
880	966
880	968
880	972
880	975
880	981
880	992
880	994
880	999
881	4
881	135
881	147
881	251
881	262
881	478
881	488
881	571
881	664
881	759
881	783
881	799
881	839
881	875
881	898
881	922
881	928
881	937
881	989
882	5
882	250
882	265
882	288
882	391
882	476
882	526
882	536
882	624
882	635
882	640
882	703
882	855
882	865
882	906
882	938
882	939
882	951
882	954
883	267
883	277
883	413
883	461
883	535
883	626
883	652
883	688
883	724
883	745
883	791
883	829
883	901
883	902
883	912
883	918
883	923
883	980
883	983
884	10
884	34
884	42
884	107
884	362
884	434
884	453
884	481
884	489
884	502
884	566
884	617
884	680
884	823
884	914
884	946
884	952
884	989
884	991
885	161
885	173
885	276
885	302
885	328
885	459
885	566
885	663
885	717
885	777
885	780
885	822
885	879
885	891
885	938
885	980
885	988
885	993
885	994
886	3
886	106
886	208
886	215
886	255
886	312
886	354
886	381
886	619
886	641
886	664
886	674
886	783
886	819
886	834
886	894
886	929
886	930
886	950
886	973
887	92
887	243
887	300
887	359
887	367
887	441
887	453
887	557
887	576
887	586
887	648
887	676
887	678
887	720
887	754
887	854
887	871
887	880
887	966
887	978
888	35
888	177
888	222
888	245
888	297
888	358
888	413
888	443
888	490
888	747
888	778
888	788
888	804
888	829
888	845
888	878
888	927
888	929
888	964
888	991
889	84
889	96
889	142
889	210
889	273
889	338
889	342
889	395
889	460
889	468
889	589
889	596
889	689
889	789
889	811
889	817
889	905
889	932
889	965
889	983
890	24
890	210
890	311
890	379
890	388
890	724
890	728
890	741
890	752
890	766
890	776
890	786
890	806
890	906
890	918
890	941
890	968
890	982
890	988
890	995
891	37
891	39
891	219
891	283
891	385
891	459
891	634
891	655
891	663
891	712
891	717
891	770
891	777
891	780
891	822
891	885
891	924
891	974
891	988
891	994
892	59
892	74
892	364
892	508
892	632
892	653
892	719
892	729
892	737
892	742
892	757
892	771
892	781
892	800
892	910
892	934
892	940
892	966
892	970
892	977
893	63
893	522
893	556
893	864
893	909
893	925
893	926
893	931
893	935
893	965
894	73
894	86
894	218
894	365
894	429
894	511
894	553
894	581
894	619
894	726
894	793
894	834
894	837
894	843
894	886
894	930
894	967
894	972
894	993
894	997
895	70
895	201
895	241
895	376
895	409
895	456
895	605
895	733
895	737
895	804
895	837
895	849
895	869
895	903
895	928
895	932
895	938
895	965
895	987
895	998
896	155
896	316
896	320
896	345
896	470
896	498
896	549
896	574
896	595
896	712
896	784
896	827
896	836
896	844
896	846
896	868
896	949
896	954
896	989
896	999
897	2
897	82
897	143
897	183
897	449
897	457
897	694
897	722
897	785
897	789
897	832
897	852
897	919
897	943
897	945
897	957
897	969
897	988
897	996
897	998
897	999
898	296
898	310
898	325
898	346
898	493
898	624
898	671
898	684
898	734
898	759
898	815
898	870
898	879
898	881
898	922
898	945
898	952
898	974
898	979
898	981
898	984
899	262
899	263
899	281
899	460
899	555
899	603
899	620
899	638
899	659
899	701
899	721
899	747
899	803
899	857
899	869
899	875
899	916
899	920
899	938
899	946
899	993
900	27
900	48
900	96
900	112
900	122
900	124
900	293
900	298
900	323
900	578
900	582
900	640
900	652
900	662
900	770
900	809
900	842
900	912
900	916
900	959
900	970
901	517
901	534
901	568
901	598
901	688
901	719
901	729
901	749
901	764
901	781
901	824
901	883
901	924
901	940
901	965
901	972
901	980
901	981
901	983
901	985
901	999
902	609
902	623
902	640
902	732
902	779
902	813
902	825
902	868
902	869
902	870
902	875
902	883
902	911
902	912
902	918
902	973
902	974
902	980
902	983
902	986
902	991
903	70
903	175
903	204
903	420
903	472
903	550
903	562
903	697
903	715
903	758
903	788
903	806
903	849
903	852
903	895
903	907
903	928
903	932
903	971
903	979
903	984
904	23
904	278
904	321
904	336
904	391
904	579
904	594
904	647
904	676
904	694
904	700
904	773
904	778
904	820
904	822
904	868
904	873
904	880
904	935
904	942
904	999
905	589
905	596
905	639
905	653
905	679
905	713
905	742
905	744
905	749
905	789
905	796
905	800
905	817
905	869
905	873
905	889
905	932
905	934
905	947
905	975
905	994
905	999
906	30
906	83
906	404
906	442
906	510
906	622
906	735
906	815
906	833
906	856
906	882
906	890
906	917
906	927
906	944
906	949
906	971
906	978
906	982
906	988
906	992
906	995
907	98
907	102
907	164
907	223
907	469
907	550
907	598
907	603
907	715
907	731
907	739
907	747
907	782
907	797
907	849
907	851
907	871
907	903
907	947
907	970
907	984
907	987
908	105
908	151
908	172
908	232
908	239
908	334
908	416
908	468
908	476
908	535
908	564
908	603
908	656
908	679
908	682
908	744
908	821
908	947
908	964
908	975
908	991
908	994
909	310
909	435
909	451
909	522
909	576
909	736
909	746
909	764
909	799
909	810
909	852
909	861
909	872
909	893
909	916
909	926
909	930
909	931
909	935
909	953
909	955
909	964
909	976
910	53
910	398
910	411
910	625
910	629
910	650
910	687
910	693
910	726
910	779
910	798
910	801
910	829
910	847
910	870
910	892
910	916
910	952
910	966
910	970
910	971
910	974
910	977
911	39
911	126
911	468
911	503
911	561
911	600
911	654
911	758
911	807
911	814
911	822
911	825
911	826
911	873
911	902
911	946
911	959
911	973
911	986
911	993
911	994
911	995
911	997
912	157
912	277
912	399
912	560
912	626
912	652
912	683
912	723
912	772
912	813
912	819
912	842
912	858
912	883
912	900
912	902
912	938
912	959
912	970
912	979
912	980
912	983
912	985
913	17
913	173
913	192
913	194
913	212
913	335
913	346
913	393
913	394
913	399
913	502
913	542
913	590
913	613
913	714
913	767
913	768
913	859
913	941
913	949
913	957
913	959
913	975
914	2
914	85
914	159
914	249
914	348
914	454
914	482
914	548
914	559
914	588
914	592
914	721
914	814
914	823
914	868
914	884
914	941
914	946
914	952
914	959
914	978
914	991
914	998
915	104
915	123
915	222
915	237
915	263
915	307
915	329
915	363
915	389
915	583
915	604
915	655
915	670
915	673
915	678
915	747
915	748
915	751
915	809
915	835
915	867
915	937
915	989
916	48
916	181
916	223
916	528
916	573
916	644
916	646
916	752
916	811
916	842
916	857
916	899
916	900
916	909
916	910
916	948
916	955
916	959
916	970
916	973
916	983
916	984
916	996
917	60
917	135
917	171
917	247
917	300
917	418
917	487
917	527
917	531
917	685
917	695
917	709
917	727
917	735
917	746
917	810
917	836
917	840
917	870
917	906
917	944
917	964
917	985
918	24
918	108
918	200
918	267
918	454
918	556
918	574
918	597
918	626
918	628
918	688
918	781
918	883
918	890
918	902
918	944
918	979
918	980
918	982
918	984
918	988
918	992
918	995
919	82
919	183
919	347
919	457
919	580
919	611
919	657
919	694
919	713
919	722
919	783
919	785
919	828
919	832
919	897
919	943
919	945
919	957
919	969
919	988
919	996
919	998
919	999
920	54
920	202
920	293
920	393
920	444
920	487
920	504
920	518
920	540
920	643
920	690
920	697
920	750
920	862
920	899
920	947
920	948
920	955
920	967
920	973
920	983
920	989
920	993
920	1000
921	46
921	107
921	141
921	256
921	292
921	424
921	485
921	503
921	523
921	568
921	617
921	651
921	652
921	667
921	672
921	681
921	754
921	812
921	845
921	855
921	960
921	961
921	967
921	980
922	131
922	147
922	161
922	251
922	422
922	447
922	496
922	506
922	526
922	527
922	627
922	635
922	675
922	707
922	791
922	865
922	881
922	898
922	939
922	944
922	951
922	956
922	978
922	989
923	33
923	85
923	140
923	179
923	214
923	234
923	246
923	253
923	331
923	344
923	365
923	409
923	485
923	529
923	558
923	566
923	728
923	738
923	792
923	816
923	854
923	883
923	957
923	1000
924	117
924	170
924	333
924	368
924	385
924	426
924	501
924	634
924	660
924	717
924	739
924	770
924	808
924	811
924	815
924	822
924	826
924	868
924	878
924	891
924	901
924	941
924	967
924	994
924	998
925	67
925	73
925	158
925	182
925	319
925	516
925	522
925	529
925	543
925	601
925	642
925	654
925	681
925	710
925	770
925	787
925	816
925	893
925	926
925	931
925	933
925	935
925	937
925	957
925	972
926	63
926	88
926	222
926	522
926	864
926	893
926	909
926	925
926	931
926	935
926	983
927	3
927	35
927	44
927	75
927	107
927	115
927	245
927	279
927	297
927	326
927	358
927	428
927	455
927	490
927	524
927	747
927	778
927	788
927	804
927	831
927	845
927	878
927	888
927	906
927	964
927	991
928	80
928	306
928	345
928	363
928	465
928	478
928	550
928	577
928	616
928	759
928	774
928	776
928	814
928	828
928	849
928	850
928	860
928	863
928	881
928	895
928	903
928	957
928	963
928	976
928	979
928	989
929	100
929	229
929	381
929	393
929	424
929	500
929	599
929	608
929	635
929	745
929	768
929	787
929	792
929	809
929	814
929	839
929	846
929	856
929	877
929	886
929	888
929	930
929	936
929	943
929	950
929	962
929	972
930	80
930	208
930	215
930	234
930	255
930	312
930	354
930	381
930	430
930	540
930	594
930	619
930	623
930	625
930	674
930	676
930	735
930	754
930	758
930	828
930	846
930	877
930	886
930	894
930	909
930	929
930	950
931	5
931	63
931	115
931	382
931	491
931	520
931	522
931	617
931	618
931	637
931	641
931	661
931	739
931	845
931	864
931	893
931	909
931	925
931	926
931	935
932	70
932	81
932	198
932	357
932	589
932	596
932	680
932	685
932	715
932	750
932	752
932	775
932	817
932	840
932	849
932	851
932	889
932	895
932	903
932	905
932	963
932	977
932	983
932	984
932	997
933	77
933	156
933	167
933	214
933	299
933	318
933	320
933	333
933	524
933	549
933	595
933	612
933	699
933	760
933	766
933	784
933	827
933	836
933	844
933	846
933	863
933	925
933	943
933	949
933	956
933	989
933	999
934	3
934	16
934	71
934	80
934	196
934	211
934	341
934	344
934	411
934	413
934	552
934	637
934	639
934	660
934	678
934	713
934	724
934	742
934	800
934	836
934	850
934	876
934	892
934	905
934	961
934	975
934	984
934	995
935	63
935	111
935	118
935	151
935	166
935	224
935	333
935	338
935	343
935	387
935	429
935	461
935	491
935	520
935	522
935	617
935	618
935	637
935	641
935	739
935	864
935	893
935	904
935	909
935	925
935	926
935	931
935	974
936	130
936	143
936	176
936	178
936	364
936	401
936	412
936	562
936	572
936	576
936	587
936	599
936	680
936	704
936	710
936	801
936	820
936	833
936	841
936	864
936	868
936	871
936	877
936	929
936	943
936	964
936	976
936	989
937	90
937	98
937	241
937	251
937	454
937	516
937	517
937	583
937	594
937	604
937	638
937	664
937	670
937	671
937	673
937	692
937	703
937	704
937	732
937	774
937	835
937	867
937	881
937	915
937	925
937	945
937	946
937	995
938	7
938	56
938	180
938	283
938	289
938	291
938	368
938	382
938	471
938	552
938	612
938	634
938	641
938	780
938	796
938	814
938	819
938	875
938	882
938	885
938	895
938	899
938	912
938	960
938	985
938	988
938	994
938	1000
939	40
939	119
939	137
939	300
939	355
939	370
939	387
939	391
939	436
939	479
939	480
939	496
939	526
939	536
939	567
939	582
939	601
939	624
939	635
939	703
939	765
939	855
939	865
939	880
939	882
939	922
939	951
939	998
940	85
940	151
940	189
940	212
940	258
940	271
940	284
940	292
940	338
940	348
940	355
940	661
940	662
940	689
940	702
940	719
940	729
940	748
940	756
940	778
940	781
940	788
940	798
940	801
940	832
940	892
940	901
940	981
941	2
941	117
941	375
941	379
941	388
941	456
941	497
941	501
941	525
941	613
941	623
941	767
941	802
941	805
941	852
941	859
941	890
941	913
941	914
941	924
941	952
941	959
941	967
941	968
941	981
941	982
941	988
941	998
942	23
942	71
942	185
942	278
942	301
942	317
942	321
942	326
942	336
942	344
942	351
942	429
942	460
942	579
942	594
942	647
942	676
942	694
942	700
942	773
942	778
942	820
942	836
942	868
942	873
942	880
942	904
942	958
942	999
943	32
943	39
943	87
943	138
943	154
943	216
943	412
943	441
943	463
943	587
943	599
943	643
943	747
943	785
943	839
943	872
943	876
943	897
943	919
943	929
943	933
943	936
943	962
943	969
943	976
943	977
943	988
943	998
943	999
944	58
944	92
944	103
944	108
944	150
944	189
944	203
944	258
944	316
944	379
944	506
944	571
944	590
944	622
944	645
944	675
944	704
944	721
944	727
944	737
944	821
944	906
944	917
944	918
944	922
944	947
944	979
944	984
944	992
945	85
945	187
945	315
945	503
945	518
945	523
945	580
945	598
945	605
945	659
945	667
945	692
945	804
945	818
945	824
945	841
945	870
945	875
945	897
945	898
945	919
945	937
945	961
945	968
945	969
945	974
945	988
945	996
945	999
946	180
946	240
946	251
946	330
946	401
946	434
946	478
946	481
946	499
946	513
946	604
946	671
946	686
946	759
946	786
946	823
946	863
946	870
946	879
946	884
946	899
946	911
946	914
946	937
946	952
946	966
946	970
946	971
946	991
946	995
947	239
947	303
947	453
947	455
947	489
947	544
947	564
947	591
947	612
947	620
947	645
947	656
947	679
947	687
947	693
947	721
947	727
947	760
947	821
947	833
947	865
947	905
947	907
947	908
947	920
947	944
947	967
947	975
947	984
947	992
948	60
948	121
948	131
948	187
948	351
948	367
948	383
948	386
948	393
948	445
948	446
948	447
948	448
948	458
948	505
948	561
948	576
948	641
948	668
948	722
948	751
948	777
948	789
948	839
948	864
948	916
948	920
948	960
948	983
948	985
948	1000
949	101
949	261
949	306
949	333
949	387
949	469
949	499
949	558
949	592
949	602
949	613
949	693
949	767
949	776
949	779
949	784
949	805
949	815
949	824
949	827
949	841
949	844
949	859
949	879
949	896
949	906
949	913
949	933
949	959
949	971
949	978
950	134
950	208
950	255
950	312
950	331
950	345
950	378
950	381
950	424
950	430
950	471
950	473
950	487
950	542
950	594
950	619
950	623
950	625
950	664
950	674
950	676
950	735
950	783
950	828
950	834
950	846
950	877
950	886
950	929
950	930
950	962
951	46
951	91
951	98
951	171
951	250
951	252
951	265
951	323
951	357
951	370
951	387
951	476
951	480
951	492
951	496
951	517
951	526
951	536
951	582
951	624
951	635
951	639
951	640
951	722
951	765
951	855
951	865
951	882
951	922
951	939
951	954
952	43
952	58
952	335
952	404
952	429
952	434
952	481
952	561
952	571
952	607
952	666
952	685
952	801
952	815
952	823
952	837
952	850
952	860
952	870
952	875
952	884
952	898
952	910
952	914
952	941
952	946
952	963
952	966
952	974
952	977
952	991
953	28
953	54
953	155
953	166
953	246
953	264
953	284
953	362
953	385
953	421
953	437
953	458
953	462
953	489
953	512
953	528
953	562
953	616
953	644
953	665
953	691
953	705
953	752
953	791
953	799
953	815
953	846
953	860
953	909
953	964
953	965
953	996
954	66
954	288
954	475
954	496
954	514
954	517
954	526
954	531
954	536
954	568
954	610
954	624
954	628
954	698
954	723
954	724
954	774
954	825
954	838
954	848
954	874
954	882
954	896
954	951
954	973
954	985
954	986
954	994
954	1000
955	41
955	81
955	151
955	200
955	238
955	325
955	435
955	470
955	540
955	600
955	603
955	620
955	646
955	681
955	712
955	762
955	763
955	773
955	787
955	801
955	843
955	855
955	861
955	879
955	909
955	916
955	920
955	967
955	976
955	983
955	993
955	998
956	14
956	146
956	188
956	197
956	282
956	417
956	440
956	454
956	473
956	524
956	549
956	570
956	577
956	642
956	677
956	682
956	712
956	740
956	755
956	784
956	806
956	816
956	827
956	854
956	866
956	922
956	933
956	957
956	960
956	989
956	990
956	991
957	54
957	485
957	539
957	651
957	684
957	700
957	776
957	785
957	792
957	795
957	828
957	850
957	854
957	863
957	864
957	897
957	913
957	919
957	923
957	925
957	928
957	956
957	963
957	969
957	988
957	996
957	999
957	1000
958	8
958	15
958	21
958	64
958	83
958	120
958	199
958	261
958	266
958	317
958	324
958	394
958	398
958	414
958	425
958	431
958	578
958	607
958	622
958	683
958	704
958	758
958	772
958	777
958	809
958	818
958	831
958	839
958	880
958	942
958	968
958	972
959	48
959	51
959	62
959	325
959	335
959	375
959	588
959	596
959	613
959	625
959	646
959	661
959	717
959	762
959	763
959	767
959	770
959	783
959	809
959	812
959	841
959	857
959	859
959	863
959	900
959	911
959	912
959	913
959	914
959	916
959	941
959	949
959	970
960	114
960	139
960	202
960	246
960	386
960	403
960	406
960	427
960	436
960	439
960	470
960	485
960	488
960	607
960	658
960	667
960	672
960	706
960	720
960	729
960	764
960	830
960	839
960	869
960	875
960	921
960	938
960	948
960	956
960	961
960	967
960	985
960	989
961	121
961	141
961	219
961	256
961	275
961	315
961	378
961	406
961	424
961	488
961	497
961	503
961	523
961	568
961	577
961	622
961	651
961	659
961	667
961	672
961	681
961	684
961	717
961	792
961	839
961	853
961	855
961	875
961	921
961	934
961	945
961	960
961	967
962	6
962	17
962	79
962	86
962	115
962	130
962	149
962	172
962	176
962	240
962	364
962	384
962	412
962	415
962	524
962	576
962	587
962	599
962	680
962	704
962	710
962	809
962	820
962	833
962	839
962	864
962	871
962	877
962	929
962	943
962	950
962	964
962	976
963	13
963	41
963	49
963	110
963	142
963	357
963	365
963	373
963	429
963	661
963	666
963	669
963	681
963	686
963	694
963	704
963	722
963	766
963	775
963	801
963	802
963	821
963	831
963	853
963	860
963	928
963	932
963	952
963	957
963	997
964	4
964	35
964	76
964	113
964	217
964	273
964	294
964	599
964	644
964	685
964	705
964	748
964	752
964	764
964	778
964	788
964	799
964	820
964	840
964	841
964	877
964	878
964	888
964	908
964	909
964	917
964	927
964	936
964	953
964	962
964	976
964	982
964	991
964	996
965	28
965	286
965	377
965	412
965	421
965	437
965	468
965	476
965	589
965	596
965	665
965	689
965	731
965	789
965	790
965	799
965	803
965	813
965	817
965	857
965	868
965	889
965	893
965	895
965	901
965	953
965	977
965	983
965	987
965	991
965	993
965	996
965	999
965	1000
966	36
966	45
966	55
966	182
966	195
966	305
966	330
966	385
966	401
966	494
966	557
966	563
966	632
966	639
966	648
966	660
966	698
966	720
966	765
966	771
966	777
966	798
966	843
966	847
966	880
966	887
966	892
966	910
966	946
966	952
966	970
966	977
966	978
966	992
967	135
967	144
967	191
967	306
967	406
967	501
967	525
967	530
967	540
967	618
967	629
967	666
967	680
967	699
967	739
967	743
967	754
967	756
967	758
967	792
967	839
967	853
967	894
967	920
967	921
967	924
967	941
967	947
967	955
967	960
967	961
967	968
967	981
967	993
968	145
968	191
968	235
968	308
968	337
968	349
968	356
968	379
968	388
968	398
968	414
968	519
968	630
968	728
968	743
968	758
968	809
968	818
968	837
968	839
968	853
968	871
968	880
968	890
968	941
968	945
968	958
968	967
968	971
968	972
968	982
968	983
968	988
968	995
969	10
969	82
969	135
969	144
969	160
969	183
969	205
969	250
969	274
969	306
969	372
969	411
969	447
969	449
969	457
969	551
969	580
969	611
969	657
969	681
969	694
969	785
969	789
969	828
969	832
969	866
969	897
969	919
969	943
969	945
969	957
969	988
969	996
969	998
969	999
970	48
970	68
970	177
970	213
970	298
970	330
970	390
970	447
970	563
970	569
970	582
970	632
970	714
970	725
970	771
970	790
970	842
970	843
970	846
970	847
970	871
970	877
970	892
970	900
970	907
970	910
970	912
970	916
970	946
970	959
970	966
970	977
970	978
970	987
970	993
971	83
971	92
971	97
971	145
971	169
971	308
971	349
971	356
971	363
971	420
971	428
971	449
971	486
971	494
971	537
971	592
971	656
971	715
971	728
971	847
971	849
971	851
971	868
971	871
971	879
971	903
971	906
971	910
971	946
971	949
971	968
971	978
971	984
971	989
971	999
972	8
972	64
972	69
972	72
972	100
972	102
972	116
972	205
972	212
972	248
972	431
972	556
972	608
972	654
972	657
972	681
972	689
972	728
972	738
972	745
972	758
972	788
972	818
972	823
972	834
972	856
972	880
972	894
972	901
972	925
972	929
972	958
972	968
972	975
972	983
972	988
973	31
973	136
973	266
973	313
973	369
973	390
973	400
973	409
973	410
973	432
973	437
973	507
973	545
973	602
973	610
973	611
973	614
973	658
973	683
973	732
973	741
973	768
973	807
973	814
973	825
973	848
973	874
973	886
973	902
973	911
973	916
973	920
973	954
973	986
973	1000
974	34
974	41
974	111
974	166
974	169
974	217
974	218
974	261
974	272
974	291
974	394
974	424
974	428
974	472
974	491
974	515
974	518
974	568
974	584
974	591
974	623
974	627
974	629
974	659
974	734
974	779
974	841
974	870
974	875
974	891
974	898
974	902
974	910
974	935
974	945
974	952
974	977
975	62
975	80
975	171
975	180
975	266
975	374
975	438
975	450
975	533
975	534
975	542
975	556
975	601
975	621
975	625
975	626
975	655
975	679
975	682
975	683
975	738
975	739
975	744
975	788
975	792
975	834
975	843
975	856
975	880
975	905
975	908
975	913
975	934
975	947
975	972
975	981
975	994
975	997
976	25
976	46
976	64
976	112
976	130
976	161
976	194
976	229
976	257
976	269
976	281
976	364
976	413
976	435
976	445
976	451
976	489
976	585
976	676
976	680
976	718
976	742
976	764
976	768
976	783
976	796
976	797
976	801
976	843
976	855
976	861
976	871
976	909
976	928
976	936
976	943
976	955
976	962
976	964
977	43
977	68
977	114
977	339
977	370
977	376
977	407
977	424
977	425
977	521
977	563
977	629
977	632
977	714
977	734
977	751
977	774
977	783
977	802
977	869
977	870
977	892
977	910
977	932
977	943
977	952
977	965
977	966
977	970
977	974
977	987
977	991
977	993
977	997
977	998
977	1000
978	136
978	243
978	250
978	266
978	284
978	318
978	359
978	373
978	395
978	422
978	441
978	443
978	447
978	494
978	499
978	592
978	607
978	627
978	631
978	708
978	725
978	735
978	754
978	760
978	779
978	791
978	815
978	834
978	847
978	863
978	887
978	906
978	914
978	922
978	949
978	966
978	970
978	971
978	992
979	67
979	157
979	224
979	256
979	296
979	365
979	454
979	456
979	493
979	529
979	545
979	560
979	571
979	577
979	590
979	612
979	636
979	704
979	738
979	766
979	787
979	804
979	816
979	819
979	844
979	854
979	858
979	878
979	898
979	903
979	912
979	918
979	928
979	944
979	981
979	984
979	985
979	992
979	1000
980	11
980	42
980	57
980	75
980	96
980	114
980	162
980	170
980	246
980	267
980	277
980	295
980	323
980	347
980	380
980	385
980	461
980	517
980	535
980	573
980	612
980	616
980	626
980	628
980	652
980	682
980	688
980	697
980	724
980	745
980	791
980	809
980	883
980	885
980	901
980	902
980	912
980	918
980	921
980	983
981	47
981	75
981	149
981	260
981	292
981	304
981	360
981	498
981	501
981	525
981	573
981	619
981	655
981	661
981	709
981	719
981	720
981	729
981	762
981	763
981	769
981	779
981	781
981	796
981	805
981	831
981	857
981	860
981	880
981	898
981	901
981	940
981	941
981	967
981	975
981	979
981	983
981	994
981	997
981	998
982	24
982	25
982	46
982	94
982	109
982	115
982	160
982	210
982	219
982	240
982	311
982	324
982	332
982	337
982	367
982	379
982	387
982	388
982	392
982	462
982	479
982	545
982	548
982	585
982	588
982	627
982	724
982	728
982	741
982	752
982	774
982	776
982	806
982	890
982	906
982	918
982	941
982	964
982	968
982	988
982	995
983	277
983	304
983	342
983	405
983	446
983	448
983	573
983	577
983	581
983	589
983	596
983	609
983	626
983	630
983	682
983	724
983	762
983	769
983	789
983	817
983	841
983	878
983	883
983	889
983	901
983	902
983	912
983	916
983	920
983	926
983	932
983	948
983	955
983	965
983	968
983	972
983	980
983	981
983	984
983	985
983	1000
984	60
984	125
984	174
984	186
984	279
984	304
984	315
984	325
984	392
984	420
984	502
984	506
984	510
984	520
984	527
984	618
984	646
984	694
984	715
984	725
984	727
984	763
984	851
984	852
984	857
984	865
984	898
984	903
984	907
984	916
984	918
984	932
984	934
984	944
984	947
984	971
984	979
984	983
984	995
984	996
985	20
985	29
985	66
985	76
985	121
985	133
985	203
985	247
985	296
985	383
985	397
985	399
985	419
985	433
985	493
985	541
985	544
985	545
985	575
985	609
985	628
985	630
985	636
985	642
985	678
985	709
985	802
985	820
985	836
985	841
985	842
985	878
985	901
985	912
985	917
985	938
985	948
985	954
985	960
985	979
985	983
985	989
986	27
986	163
986	252
986	313
986	319
986	329
986	340
986	369
986	371
986	390
986	400
986	432
986	436
986	437
986	460
986	461
986	462
986	467
986	491
986	507
986	545
986	602
986	610
986	611
986	614
986	658
986	669
986	683
986	732
986	741
986	768
986	795
986	807
986	814
986	825
986	848
986	874
986	902
986	911
986	954
986	973
986	1000
987	9
987	18
987	25
987	240
987	271
987	285
987	300
987	317
987	332
987	359
987	376
987	407
987	417
987	444
987	463
987	550
987	552
987	553
987	569
987	582
987	598
987	630
987	639
987	657
987	699
987	731
987	737
987	752
987	758
987	774
987	790
987	797
987	806
987	871
987	877
987	895
987	907
987	965
987	970
987	977
987	991
987	993
987	1000
988	269
988	311
988	315
988	347
988	373
988	523
988	530
988	580
988	643
988	651
988	655
988	658
988	668
988	672
988	684
988	770
988	785
988	806
988	820
988	822
988	826
988	853
988	872
988	885
988	890
988	891
988	897
988	906
988	918
988	919
988	938
988	941
988	943
988	945
988	957
988	968
988	969
988	972
988	982
988	994
988	995
988	996
988	998
989	12
989	78
989	90
989	104
989	168
989	287
989	307
989	386
989	422
989	448
989	466
989	467
989	478
989	546
989	575
989	583
989	604
989	609
989	668
989	670
989	673
989	712
989	759
989	784
989	789
989	827
989	835
989	844
989	867
989	875
989	881
989	884
989	896
989	915
989	920
989	922
989	928
989	933
989	936
989	956
989	960
989	971
989	985
989	1000
990	77
990	96
990	136
990	163
990	193
990	196
990	227
990	231
990	236
990	246
990	254
990	264
990	268
990	279
990	280
990	326
990	340
990	341
990	346
990	347
990	406
990	417
990	419
990	436
990	546
990	570
990	577
990	578
990	584
990	614
990	662
990	677
990	696
990	697
990	700
990	748
990	755
990	779
990	804
990	806
990	812
990	855
990	857
990	866
990	956
991	34
991	35
991	245
991	297
991	343
991	358
991	359
991	377
991	403
991	407
991	434
991	463
991	481
991	490
991	509
991	569
991	675
991	703
991	731
991	747
991	749
991	774
991	790
991	804
991	813
991	823
991	845
991	884
991	888
991	902
991	908
991	914
991	927
991	946
991	952
991	956
991	964
991	965
991	977
991	987
991	993
991	999
991	1000
992	42
992	44
992	58
992	93
992	102
992	140
992	171
992	194
992	227
992	243
992	366
992	391
992	412
992	441
992	455
992	506
992	510
992	527
992	532
992	538
992	557
992	585
992	645
992	648
992	650
992	660
992	675
992	676
992	687
992	693
992	720
992	727
992	787
992	828
992	829
992	842
992	865
992	880
992	906
992	918
992	944
992	947
992	966
992	978
992	979
993	115
993	152
993	189
993	220
993	226
993	262
993	293
993	338
993	477
993	505
993	524
993	540
993	553
993	569
993	572
993	657
993	686
993	703
993	731
993	738
993	739
993	745
993	747
993	756
993	765
993	790
993	796
993	804
993	851
993	869
993	879
993	885
993	894
993	899
993	911
993	920
993	955
993	965
993	967
993	970
993	977
993	987
993	991
993	997
993	1000
994	47
994	106
994	221
994	232
994	260
994	276
994	382
994	394
994	416
994	459
994	465
994	484
994	512
994	514
994	582
994	591
994	603
994	634
994	664
994	679
994	698
994	735
994	744
994	751
994	756
994	780
994	798
994	826
994	838
994	853
994	856
994	869
994	878
994	880
994	885
994	891
994	905
994	908
994	911
994	924
994	938
994	954
994	975
994	981
994	988
994	997
995	40
995	51
995	86
995	107
995	210
995	265
995	311
995	355
995	388
995	408
995	415
995	443
995	453
995	454
995	516
995	543
995	575
995	602
995	607
995	650
995	653
995	660
995	664
995	710
995	713
995	742
995	776
995	786
995	787
995	800
995	833
995	836
995	850
995	872
995	876
995	890
995	906
995	911
995	918
995	934
995	937
995	946
995	968
995	982
995	984
995	988
995	998
996	10
996	18
996	27
996	42
996	82
996	125
996	168
996	170
996	174
996	253
996	258
996	271
996	290
996	378
996	451
996	495
996	502
996	541
996	580
996	644
996	656
996	665
996	705
996	725
996	737
996	762
996	777
996	785
996	798
996	799
996	815
996	836
996	840
996	846
996	897
996	916
996	919
996	945
996	953
996	957
996	964
996	965
996	969
996	984
996	988
996	998
996	999
997	47
997	137
997	149
997	220
997	226
997	260
997	291
997	339
997	357
997	403
997	422
997	461
997	486
997	521
997	542
997	547
997	552
997	556
997	665
997	680
997	686
997	702
997	709
997	714
997	720
997	751
997	770
997	775
997	783
997	803
997	809
997	856
997	862
997	879
997	894
997	911
997	932
997	963
997	975
997	977
997	981
997	993
997	994
997	998
998	29
998	32
998	38
998	183
998	186
998	337
998	339
998	373
998	384
998	403
998	408
998	456
998	457
998	461
998	513
998	519
998	521
998	552
998	556
998	580
998	600
998	630
998	660
998	751
998	783
998	785
998	786
998	814
998	850
998	852
998	868
998	872
998	895
998	897
998	914
998	919
998	924
998	939
998	941
998	943
998	955
998	969
998	977
998	981
998	988
998	995
998	996
998	997
998	999
999	20
999	23
999	190
999	228
999	262
999	278
999	281
999	299
999	321
999	336
999	351
999	377
999	457
999	549
999	574
999	579
999	580
999	595
999	612
999	647
999	682
999	726
999	749
999	773
999	782
999	784
999	785
999	816
999	827
999	844
999	868
999	880
999	896
999	897
999	901
999	904
999	905
999	919
999	933
999	942
999	943
999	945
999	957
999	965
999	969
999	971
999	991
999	996
999	998
1000	29
1000	124
1000	142
1000	188
1000	258
1000	400
1000	407
1000	415
1000	446
1000	507
1000	529
1000	571
1000	610
1000	614
1000	630
1000	662
1000	728
1000	732
1000	767
1000	777
1000	778
1000	790
1000	792
1000	797
1000	807
1000	816
1000	825
1000	832
1000	841
1000	848
1000	864
1000	871
1000	874
1000	877
1000	920
1000	923
1000	938
1000	948
1000	954
1000	957
1000	965
1000	973
1000	977
1000	979
1000	983
1000	986
1000	987
1000	989
1000	991
1000	993
