125 157 159 171 189 205 240 243 264 333 345 346 393 4 403 42 444 474 54 547 549 571 617 675 677 714 727 780 828 868 891 911 945 969 985 986 
165 225 234 24 257 275 283 340 379 382 492 494 563 575 584 595 696 734 774 828 912 942 958 96
104 166 194 383 409 412 445 500 559 580 610 620 78 782 818 842 845 890 910 921 934 943 970 979 982
140 25 333 351 372 40 405 448 522 590 605 626 686 778 78 893 99
100 113 164 207 25 514 517 553 577 710 761 95
150 153 159 164 172 187 193 226 249 25 275 288 315 354 359 366 367 375 384 389 399 407 436 454 462 491 506 516 565 568 583 586 617 646 661 693 696 7 704 733 769 799 800 871 921 979 992
120 125 159 16 19 209 229 230 233 236 295 338 36 362 39 425 484 493 507 555 600 604 613 637 65 663 695 71 74 771 803 813 853 858 88 890 891 909 91 914 947 951 953 967 971 997
107 168 215 278 33 334 339 377 435 570 695 749 98
178 322 332 372 41 44 463 47 539 544 566 66 663 668 672 678 730 77 785 962
106 150 160 209 268 303 372 374 669 746 770 785 816
104 183 231 262 269 307 337 372 373 397 459 460 529 570 605 673 68 688 695 70 700 734 774 824 868 870 890 940 942 957
10 151 156 171 243 246 302 365 38 388 403 412 415 433 441 447 46 460 480 488 507 538 542 572 58 589 605 641 652 663 698 769 793 846 855 875 893 913 920 927 942 944 967 98 983 992
197 274 417 438 446 507 647 66 700 723 734 834 849
104 147 187 210 317 324 325 326 327 33 334 336 341 366 381 400 404 412 442 472 552 573 654 701 734 77 779 78 783 785 819 823 831 865 891 900 921 925 939 978 982 989 991 993
103 124 128 14 142 150 156 164 17 174 204 267 271 287 308 33 330 334 387 477 521 522 526 553 554 576 578 599 607 608 653 667 721 751 810 821 825 837 917 933 942 950 975 977 980 981
138 23 301 334 366 412 56 622 653 671 750 751 761 797 853
105 245 315 326 34 390 490 516 523 536 576 668 695 724 73 841 967
1 102 117 147 187 189 224 227 242 243 275 276 286 319 33 378 452 471 482 493 504 507 514 515 553 574 593 640 644 751 799 807 819 828 869 884 892 90 954 959 962 97 974 979 99 992 995 998
141 169 173 235 238 252 291 366 370 450 460 517 612 655 668 673 676 709 757 779 799 82 84 854 917 919 938 949 967 976 984
104 205 211 362 398 458 460 498 66 718 741 747 763 826 853 868 876 903
111 116 125 133 147 152 164 177 189 200 205 274 344 460 478 493 502 514 517 533 553 588 609 623 627 651 657 700 72 754 760 769 795 867 886 890 897 925 962 972 99
155 158 185 186 188 25 26 272 274 333 403 439 66 706 731 739 785 80 814 90 916 930 935 979 98 982
102 127 153 155 224 279 300 327 355 464 638 679 786 792 852 853 856 862 89
143 156 237 31 316 357 453 471 508 532 696 967
112 115 128 159 21 212 220 269 366 398 401 421 466 471 516 535 543 576 582 597 615 681 696 699 700 712 751 759 76 766 77 781 807 860 873 99
12 136 137 189 244 275 315 327 346 348 386 396 402 431 434 455 497 541 586 617 633 634 66 660 663 734 761 769 774 806 819 853 87 893 902 917 942 948
125 156 195 209 239 274 290 326 347 360 461 506 510 519 524 586 603 645 755 861 864 899 922 966
164 205 216 274 294 314 333 371 440 506 507 517 564 57 585 611 629 668 673 707 769 779 804 819 822 828 838 868 881 921 936 946 961 963 974 987 988
114 13 135 228 247 250 269 292 317 346 347 391 398 475 49 538 570 617 673 711 722 736 777 78 829 844 851 880 888 894 904 92 996
147 150 261 30 403 516 569 624 735 925
153 191 221 269 328 331 347 37 414 493 522 553 589 614 616 632 702 750 79 827 833 879 901 960 974 98 996
128 155 192 201 232 251 281 346 347 465 538 557 591 697 774 808 817 868 908
102 109 118 130 153 163 199 209 254 275 293 311 321 362 363 398 420 428 493 50 506 516 525 546 558 609 643 662 663 687 689 69 695 762 77 775 819 850 891 917 974 99
131 144 145 154 17 20 203 213 260 263 29 3 312 326 410 443 451 455 469 538 592 6 609 618 630 639 725 744 75 756 761 807 828 891 907 918 973 974 979
128 209 217 270 273 275 282 317 361 372 548 55 570 605 666 668 761 81 848 877 898 992
155 175 184 187 248 358 412 562 659 979
1000 101 11 146 15 2 208 317 320 362 385 467 471 476 5 517 520 522 553 576 59 62 653 663 665 67 692 732 772 779 799 83 835 859 868 874 889 90 917 931 955 962 982 990 994 996
156 17 180 209 224 297 315 33 394 456 487 513 516 534 648 653 674 807 815 883 996
104 167 218 313 327 362 485 501 512 550 696 805 807 840 863 9 915 992
122 125 162 171 181 255 326 551 579 619 656 668 774 798 811 835 847 90
259 416 468 518 586 642 66 691 713 758 893 917 966
179 196 243 326 349 418 471 48 496 576 586 587 708 751 86
104 153 159 171 176 182 205 22 265 27 284 305 306 309 315 317 33 346 392 424 43 432 495 507 522 530 538 545 601 605 658 729 779 785 788 799 962 999
150 171 205 25 269 317 352 422 506 517 617 64 653 673 694 717 740 764 819 890 895 90 905 937 966 967 99
102 134 164 18 187 214 25 266 362 486 509 53 60 609 631 673 682 728 745 748 750 77 794 835 878 887 893 906 925 956 98 982
147 223 304 318 334 505 511 586 715 921 962
119 129 285 299 333 350 429 457 460 609 787 891 90 921
108 126 128 161 17 198 296 346 368 380 449 455 594 653 695 753 832 835 872 885 893 925 94 996
102 128 148 153 155 170 189 206 333 35 376 427 455 470 473 481 52 538 570 589 621 625 670 703 750 751 752 828 835 925 965 966 996
102 159 224 269 274 28 334 335 342 347 366 395 398 403 406 419 426 455 51 514 527 537 560 561 576 581 609 61 650 680 700 738 761 769 773 779 78 791 8 830 839 923 924 926 932 942 974
171 189 190 241 256 289 315 32 323 327 329 413 483 514 540 556 567 602 605 635 636 685 700 716 742 750 774 882 964 992
110 150 17 187 219 224 243 277 310 364 398 403 411 45 455 471 479 489 506 531 589 598 617 628 63 664 683 696 734 776 785 796 799 807 812 835 866 890 896 941 952 966 98
121 125 132 17 202 243 327 347 353 356 437 503 570 589 606 649 684 719 765 768 78 784 801 802 93 968
139 156 222 224 298 372 412 423 522 589 596 690 726 750 767 77 789 809 857
123 147 149 155 253 258 280 343 369 408 430 493 499 514 528 705 720 737 743 790 820 836 843 85 853 928 929 966 982
