1000 179 210 227 263 287 301 322 36 360 37 385 404 442 467 471 507 529 545 674 676 682 736 746 758 768 792 886 889 924 958 977 978 982 986 998 
103 109 130 171 214 295 322 338 350 4 416 435 485 496 500 51 549 584 752 816 88 888 937 999
123 166 187 190 198 220 302 33 376 400 425 438 467 474 487 50 557 691 77 802 823 829 835 904 941
119 192 210 254 333 368 441 482 495 623 806 83 843 883 896 902 912
16 40 419 476 522 629 642 680 740 749 978 988
128 139 156 166 195 228 246 247 262 263 300 312 319 375 392 404 412 447 47 510 567 59 591 610 613 646 647 669 68 689 720 725 771 802 813 835 849 858 865 887 891 912 964 971 973 980 990
132 166 170 199 211 268 321 331 334 337 368 399 423 425 446 448 493 502 540 551 585 595 616 621 64 645 685 701 715 726 737 744 76 766 798 806 832 833 848 877 929 940 945 965 976 985
367 404 440 616 625 652 674 679 69 765 778 859 988
232 233 256 327 41 465 482 505 513 528 537 569 57 592 639 647 670 711 730 935
111 2 240 445 521 548 565 663 668 707 724 796 851
123 130 137 148 168 184 23 328 397 415 48 498 593 597 607 624 692 73 773 80 818 827 852 853 857 865 899 912 933 979
1 14 175 18 232 267 280 316 369 393 409 410 420 442 45 462 491 500 549 601 632 655 659 660 700 702 711 719 727 729 762 767 784 797 80 831 846 905 906 917 918 931 978 99 996 999
104 15 232 268 421 459 461 5 510 781 824 835 958
101 130 138 144 176 177 178 182 196 205 218 26 263 323 390 417 466 471 479 497 500 504 517 529 553 606 620 692 697 734 770 788 806 85 863 877 892 925 930 937 946 954 956 997
106 11 112 136 189 212 244 268 275 38 406 465 476 482 486 515 559 573 576 612 629 637 644 671 691 695 770 78 788 80 802 806 832 836 842 854 867 87 880 907 908 91 943 975 978 99
109 160 202 210 438 472 527 558 572 583 66 687 772 830 912
201 203 273 296 324 355 364 449 503 599 60 658 747 844 869 873 914
108 127 167 188 204 209 215 231 237 29 299 343 346 358 363 372 378 412 414 470 480 504 506 509 531 550 608 621 638 639 649 680 694 698 70 712 728 773 846 85 893 897 899 923 926 938 950 989
100 152 235 263 327 335 396 420 428 450 451 464 542 546 549 552 569 586 607 627 649 709 742 745 770 774 799 80 968 984 99
13 134 166 243 248 277 32 426 431 454 577 588 661 749 818 822 841 921
135 157 163 22 224 298 311 328 347 356 357 370 402 41 413 420 433 445 458 549 581 633 674 686 692 698 717 721 73 733 735 802 810 838 840 846 85 890 947 948 988
123 154 206 276 351 359 361 362 42 444 467 47 484 562 607 651 674 691 775 794 858 932 967 970 972 980
103 21 236 260 279 281 325 337 467 488 489 500 539 698 71 714 796 862 980
124 191 290 382 404 463 542 673 754 756 865 946
116 197 266 267 284 286 337 368 403 407 452 456 460 468 563 568 575 590 615 67 678 708 750 755 757 759 773 788 790 845 86 861 909 962 966 987
109 193 194 219 232 269 297 32 332 339 349 353 360 365 411 425 442 457 510 54 55 56 62 722 732 738 835 860 864 874 877 918 934 951 969 974 988 994
102 109 164 165 207 281 352 356 381 389 41 561 611 647 770 830 876 937
114 133 153 162 28 293 3 32 327 35 354 422 434 44 476 556 564 569 579 598 603 616 639 656 763 793 818 858 866 910 918 927 93 955 960 963 999
104 159 180 258 267 282 292 303 317 330 336 342 360 387 39 398 400 424 43 461 465 547 569 61 662 750 782 788 936 946 952 980 983
125 150 222 225 289 384 394 532 618 622
118 145 151 161 163 237 238 251 274 283 306 341 420 432 443 465 519 52 529 541 587 651 743 785 81 82 958
113 121 123 192 249 383 388 53 534 664 696 711 736 779 804 826 918 920 98
103 104 12 158 200 239 255 271 272 278 281 313 322 345 348 377 379 395 461 483 520 555 614 629 639 648 665 680 706 748 769 780 803 830 871 899 937 94 944 958 992 998
130 131 143 192 20 234 30 308 31 320 356 412 436 475 478 482 512 536 544 578 607 626 634 641 647 652 681 698 713 751 805 808 815 828 84 916 939 953 991
103 164 173 19 24 265 268 373 437 484 580 651 652 761 783 800 818 858 894 90 915 922
169 305 32 459 530 619 630 736 796 952
126 163 164 185 210 229 25 328 344 366 371 386 400 405 408 438 453 455 47 481 484 49 501 504 542 6 621 628 629 635 654 675 705 75 753 786 787 807 850 865 878 882 913 942 959 993
10 174 213 24 253 310 400 473 516 543 554 605 609 621 652 752 773 795 832 872 879
181 226 24 360 391 574 582 710 73 750 809 820 839 875 898 9 97 998
142 146 241 259 314 401 41 461 469 492 511 643 65 680 7 749 750 952
267 281 291 302 340 374 425 439 596 811 812 89 96
122 172 237 309 412 429 445 471 523 602 693 752 856 895 95
129 155 216 217 221 230 237 250 264 270 285 288 302 307 315 326 328 34 368 477 504 525 526 58 589 636 653 667 672 703 72 777 814 881 885 900 928 995
105 107 115 149 192 27 304 322 337 356 442 494 616 631 640 657 683 718 741 776 79 817 855 899 952 961 99
104 110 117 140 147 186 24 380 427 430 46 514 524 571 604 649 666 684 692 704 711 749 752 789 8 801 819 85 868 870 901 949
245 257 261 418 445 459 476 650 690 73 739
242 302 510 529 538 649 677 688 716 731 791 830 847 92
120 163 164 208 329 438 459 471 484 508 542 570 617 651 691 760 764 821 832 834 877 911 919 946
141 17 183 223 252 294 318 327 47 490 499 518 533 535 560 566 594 600 63 699 723 736 74 796 825 837 846 884 903 957 981 998 999
