1	770
1	816
1	838
1	902
2	704
2	910
2	911
2	975
3	808
3	862
3	988
3	999
4	718
4	794
4	968
4	970
5	140
5	710
5	973
5	990
6	488
6	955
6	968
6	969
7	306
7	536
7	919
7	967
8	320
8	605
8	763
8	767
9	725
9	865
9	935
9	970
10	625
10	865
10	959
10	973
11	261
11	383
11	548
11	872
12	181
12	332
12	374
12	662
13	684
13	818
13	875
13	969
14	551
14	822
14	962
14	980
15	878
15	882
15	918
15	997
16	754
16	772
16	864
16	989
17	474
17	493
17	521
17	923
18	138
18	518
18	889
18	991
19	73
19	793
19	966
19	974
20	390
20	672
20	789
20	870
21	311
21	717
21	916
21	928
22	23
22	847
22	874
22	908
23	22
23	136
23	958
23	968
24	799
24	820
24	919
24	950
25	271
25	822
25	883
25	898
26	308
26	883
26	951
26	980
27	217
27	649
27	887
27	992
28	192
28	995
28	998
28	999
29	597
29	671
29	879
29	971
30	570
30	890
30	922
30	969
31	486
31	745
31	805
31	972
32	843
32	848
32	934
32	976
33	352
33	958
33	959
33	1000
34	896
34	944
34	947
34	982
35	415
35	850
35	901
35	989
36	351
36	543
36	713
36	849
37	294
37	612
37	815
37	912
38	767
38	895
38	938
38	943
39	363
39	825
39	924
39	990
40	260
40	626
40	695
40	736
41	462
41	593
41	756
41	935
42	715
42	923
42	950
42	982
43	295
43	652
43	768
43	970
44	45
44	407
44	610
44	923
45	44
45	139
45	715
45	880
46	471
46	687
46	958
46	979
47	308
47	385
47	408
47	732
48	321
48	740
48	885
48	961
49	349
49	458
49	935
49	996
50	303
50	855
50	888
50	990
51	496
51	795
51	927
51	937
52	118
52	901
52	910
52	995
53	413
53	619
53	851
53	975
54	604
54	821
54	991
54	993
55	280
55	716
55	775
55	985
56	76
56	332
56	609
56	969
57	509
57	652
57	683
57	819
58	633
58	968
58	969
58	975
59	119
59	379
59	777
59	993
60	825
60	880
60	930
60	1000
61	928
61	938
61	963
61	972
62	804
62	852
62	900
62	943
63	309
63	785
63	895
63	943
64	115
64	816
64	829
64	941
65	595
65	805
65	819
65	981
66	519
66	722
66	945
66	977
67	840
67	878
67	932
67	998
68	226
68	273
68	783
68	890
69	489
69	728
69	854
69	986
70	606
70	933
70	944
70	945
71	807
71	891
71	905
71	947
72	258
72	623
72	955
72	989
73	19
73	853
73	981
73	992
74	556
74	708
74	874
74	957
75	398
75	971
75	991
75	992
76	56
76	639
76	955
76	997
77	643
77	717
77	875
77	986
78	654
78	790
78	954
78	965
79	423
79	793
79	835
79	966
80	339
80	731
80	865
80	961
81	382
81	438
81	649
81	993
82	837
82	846
82	853
82	952
83	134
83	189
83	988
83	992
84	753
84	902
84	914
84	987
85	711
85	850
85	860
85	989
86	749
86	855
86	910
86	975
87	718
87	798
87	832
87	841
88	791
88	844
88	882
88	891
89	791
89	794
89	821
89	901
90	677
90	908
90	946
90	958
91	439
91	742
91	793
91	940
92	479
92	921
92	990
92	999
93	632
93	851
93	913
93	988
94	679
94	918
94	947
94	997
95	336
95	506
95	628
95	983
96	109
96	268
96	985
96	991
97	713
97	754
97	864
97	989
98	684
98	795
98	932
98	996
99	291
99	879
99	922
99	992
100	515
100	929
100	988
100	991
101	220
101	808
101	931
101	933
102	780
102	953
102	984
102	1000
103	308
103	766
103	920
103	942
104	605
104	904
104	942
104	1000
105	303
105	743
105	760
105	764
106	280
106	905
106	917
106	939
107	392
107	785
107	833
107	910
108	746
108	835
108	861
108	968
109	96
109	268
109	731
109	998
110	512
110	674
110	916
110	974
111	566
111	662
111	918
111	989
112	694
112	801
112	978
112	998
113	454
113	910
113	940
113	975
114	145
114	388
114	922
114	969
115	64
115	470
115	704
115	1000
116	559
116	565
116	962
116	996
117	440
117	779
117	995
117	1000
118	52
118	399
118	491
118	504
119	59
119	627
119	674
119	807
120	502
120	940
120	983
120	996
121	162
121	175
121	922
121	970
122	200
122	635
122	942
122	953
123	381
123	547
123	848
123	927
124	431
124	441
124	995
124	998
125	472
125	701
125	816
125	928
126	826
126	966
126	998
126	999
127	429
127	588
127	741
127	984
128	419
128	727
128	983
128	996
129	253
129	519
129	748
129	760
130	882
130	947
130	971
130	997
131	568
131	777
131	910
131	975
132	815
132	921
132	987
132	999
133	756
133	897
133	967
133	996
134	83
134	559
134	926
134	991
135	821
135	925
135	965
135	994
136	23
136	576
136	938
136	993
137	153
137	910
137	935
137	975
138	18
138	633
138	860
138	955
139	45
139	349
139	893
139	935
140	5
140	499
140	781
140	969
141	367
141	619
141	909
141	970
142	566
142	692
142	931
142	932
143	264
143	488
143	875
143	911
144	222
144	846
144	961
144	985
145	114
145	170
145	792
145	886
146	575
146	982
146	991
146	994
147	216
147	933
147	960
147	982
148	416
148	433
148	756
148	895
149	844
149	850
149	943
149	989
150	190
150	444
150	721
150	979
151	617
151	971
151	982
151	984
152	585
152	850
152	941
152	989
153	137
153	166
153	749
153	975
154	752
154	851
154	963
154	991
155	758
155	792
155	955
155	977
156	609
156	615
156	621
156	793
157	695
157	776
157	924
157	999
158	181
158	890
158	959
158	969
159	450
159	905
159	918
159	947
160	562
160	879
160	960
160	979
161	569
161	845
161	980
161	988
162	121
162	266
162	514
162	716
163	884
163	958
163	964
163	965
164	202
164	724
164	979
164	987
165	203
165	823
165	923
165	982
166	153
166	869
166	901
166	989
167	402
167	532
167	773
167	940
168	615
168	908
168	962
168	974
169	857
169	892
169	944
169	998
170	145
170	424
170	944
170	977
171	456
171	749
171	975
171	986
172	362
172	418
172	656
172	914
173	455
173	687
173	953
173	989
174	319
174	326
174	920
174	924
175	121
175	530
175	746
175	774
176	487
176	834
176	914
176	950
177	832
177	896
177	905
177	918
178	756
178	892
178	907
178	977
179	385
179	846
179	854
179	872
180	611
180	800
180	854
180	858
181	12
181	158
181	346
181	969
182	769
182	920
182	959
182	993
183	428
183	869
183	989
183	992
184	303
184	391
184	940
184	969
185	703
185	947
185	954
185	985
186	449
186	812
186	935
186	996
187	228
187	941
187	963
187	970
188	766
188	879
188	984
188	991
189	83
189	883
189	891
189	951
190	150
190	341
190	937
190	972
191	225
191	583
191	949
191	988
192	28
192	521
192	861
192	974
193	403
193	630
193	757
193	973
194	553
194	564
194	940
194	983
195	314
195	582
195	870
195	929
196	253
196	742
196	840
196	990
197	851
197	916
197	957
197	984
198	307
198	426
198	809
198	916
199	321
199	370
199	513
199	889
200	122
200	877
200	939
200	1000
201	456
201	871
201	981
201	994
202	164
202	467
202	834
202	956
203	165
203	784
203	946
203	989
204	506
204	904
204	959
204	995
205	805
205	820
205	945
205	977
206	684
206	898
206	969
206	992
207	503
207	705
207	972
207	994
208	441
208	714
208	951
208	980
209	218
209	223
209	298
209	722
210	257
210	371
210	974
210	986
211	586
211	775
211	915
211	936
212	498
212	624
212	899
212	966
213	776
213	945
213	997
213	999
214	557
214	609
214	879
214	960
215	290
215	474
215	960
215	988
216	147
216	896
216	947
216	997
217	27
217	409
217	846
217	961
218	209
218	503
218	871
218	999
219	526
219	667
219	933
219	971
220	101
220	765
220	828
220	887
221	963
221	979
221	987
221	998
222	144
222	262
222	901
222	989
223	209
223	896
223	975
223	981
224	549
224	567
224	931
224	995
225	191
225	789
225	863
225	887
226	68
226	595
226	922
226	968
227	685
227	839
227	936
227	990
228	187
228	949
228	954
228	988
229	360
229	837
229	922
229	986
230	337
230	643
230	675
230	677
230	790
231	660
231	870
231	929
231	934
231	941
232	688
232	870
232	919
232	954
232	974
233	500
233	525
233	768
233	869
233	989
234	880
234	934
234	941
234	946
234	962
235	855
235	964
235	978
235	990
235	995
236	284
236	419
236	756
236	837
236	982
237	359
237	468
237	483
237	892
237	977
238	762
238	855
238	873
238	998
238	999
239	384
239	519
239	745
239	805
239	994
240	554
240	782
240	866
240	874
240	973
241	310
241	592
241	835
241	895
241	943
242	383
242	700
242	865
242	983
242	996
243	295
243	368
243	417
243	953
243	1000
244	432
244	640
244	691
244	838
244	881
245	801
245	861
245	862
245	913
245	967
246	785
246	916
246	925
246	950
246	966
247	876
247	887
247	960
247	967
247	986
248	414
248	729
248	836
248	843
248	993
249	675
249	777
249	896
249	934
249	968
250	900
250	937
250	939
250	987
250	994
251	673
251	784
251	936
251	941
251	970
252	560
252	801
252	841
252	916
252	919
253	129
253	196
253	973
253	990
253	992
254	403
254	924
254	926
254	973
254	990
255	290
255	473
255	673
255	823
255	903
256	767
256	875
256	911
256	951
256	980
257	210
257	706
257	851
257	923
257	962
258	72
258	620
258	850
258	922
258	955
259	572
259	720
259	921
259	995
259	999
260	40
260	741
260	829
260	935
260	942
261	11
261	532
261	766
261	804
261	995
262	222
262	834
262	926
262	931
262	995
263	289
263	449
263	464
263	554
263	615
264	143
264	493
264	638
264	786
264	941
265	442
265	835
265	933
265	960
265	971
266	162
266	531
266	908
266	994
266	996
267	647
267	754
267	864
267	869
267	989
268	96
268	109
268	697
268	750
268	929
269	402
269	686
269	701
269	834
269	913
270	426
270	852
270	932
270	979
270	999
271	25
271	839
271	867
271	868
271	999
272	750
272	786
272	927
272	970
272	982
273	68
273	417
273	768
273	819
273	985
274	338
274	538
274	669
274	779
274	987
275	400
275	708
275	768
275	978
275	998
276	796
276	811
276	906
276	960
276	986
277	629
277	635
277	745
277	805
277	810
278	571
278	630
278	831
278	964
278	998
279	318
279	376
279	822
279	944
279	977
280	55
280	106
280	891
280	914
280	917
281	505
281	599
281	700
281	893
281	914
282	287
282	322
282	774
282	856
282	906
283	677
283	720
283	836
283	976
283	980
284	236
284	407
284	540
284	873
284	1000
285	542
285	840
285	847
285	987
285	994
286	430
286	908
286	925
286	950
286	979
287	282
287	563
287	774
287	883
287	927
288	578
288	636
288	919
288	925
288	973
289	263
289	737
289	874
289	876
289	966
290	215
290	255
290	345
290	935
290	983
291	99
291	378
291	782
291	912
291	971
292	466
292	493
292	605
292	684
292	899
293	552
293	688
293	915
293	957
293	960
294	37
294	368
294	612
294	949
294	960
295	43
295	243
295	953
295	984
295	1000
296	933
296	952
296	971
296	982
296	988
297	502
297	558
297	603
297	761
297	785
298	209
298	680
298	698
298	944
298	973
299	711
299	767
299	778
299	805
299	943
300	492
300	684
300	689
300	781
300	979
301	422
301	637
301	773
301	906
301	920
302	783
302	910
302	974
302	975
302	994
303	50
303	105
303	184
303	363
303	866
304	538
304	840
304	856
304	915
304	1000
305	631
305	638
305	872
305	897
305	981
306	7
306	726
306	928
306	977
306	986
307	198
307	820
307	899
307	954
307	962
308	26
308	47
308	103
308	312
308	731
309	63
309	310
309	895
309	943
309	978
310	241
310	309
310	543
310	767
310	880
311	21
311	549
311	765
311	967
311	976
312	308
312	616
312	786
312	976
312	993
313	561
313	840
313	852
313	956
313	996
314	195
314	382
314	575
314	727
314	929
315	350
315	388
315	610
315	688
315	716
316	395
316	822
316	905
316	918
316	947
317	394
317	804
317	807
317	818
317	968
318	279
318	907
318	945
318	977
318	989
319	174
319	437
319	742
319	962
319	990
320	8
320	586
320	671
320	837
320	890
321	48
321	199
321	527
321	803
321	886
322	282
322	753
322	838
322	927
322	970
323	716
323	837
323	858
323	969
323	974
324	506
324	743
324	884
324	935
324	996
325	469
325	627
325	740
325	885
325	952
326	174
326	573
326	598
326	742
326	911
327	590
327	766
327	811
327	867
327	998
328	498
328	698
328	813
328	961
328	974
329	564
329	702
329	771
329	912
329	967
330	925
330	953
330	956
330	979
330	996
331	721
331	844
331	947
331	972
331	997
332	12
332	56
332	558
332	781
332	968
333	408
333	772
333	780
333	900
333	930
334	412
334	732
334	914
334	919
334	959
335	705
335	713
335	754
335	829
335	904
336	95
336	358
336	552
336	750
336	957
337	230
337	667
337	798
337	926
337	967
338	274
338	662
338	931
338	978
338	998
339	80
339	743
339	872
339	885
339	920
340	732
340	753
340	930
340	987
340	994
341	190
341	677
341	796
341	843
341	903
342	481
342	569
342	767
342	871
342	895
343	530
343	777
343	871
343	952
343	959
344	399
344	746
344	801
344	936
344	993
345	290
345	385
345	662
345	932
345	983
346	181
346	626
346	676
346	984
346	1000
347	695
347	710
347	936
347	987
347	990
348	464
348	616
348	838
348	984
348	993
349	49
349	139
349	453
349	518
349	899
350	315
350	845
350	894
350	934
350	980
351	36
351	396
351	399
351	569
351	943
352	33
352	806
352	930
352	987
352	994
353	862
353	888
353	911
353	933
353	988
354	676
354	819
354	891
354	905
354	947
355	501
355	508
355	547
355	608
355	927
356	393
356	953
356	978
356	984
356	1000
357	432
357	651
357	983
357	984
357	1000
358	336
358	463
358	856
358	874
358	936
359	237
359	704
359	733
359	910
359	975
360	229
360	548
360	671
360	865
360	969
361	900
361	940
361	972
361	996
361	998
362	172
362	393
362	601
362	955
362	993
363	39
363	303
363	775
363	948
363	990
364	712
364	821
364	960
364	974
364	988
365	464
365	790
365	798
365	865
365	986
366	391
366	650
366	883
366	951
366	980
367	141
367	814
367	856
367	922
367	957
368	243
368	294
368	437
368	522
368	906
369	507
369	627
369	670
369	900
369	908
370	199
370	461
370	557
370	872
370	959
371	210
371	514
371	545
371	958
371	972
372	590
372	708
372	826
372	965
372	978
373	399
373	679
373	935
373	956
373	996
374	12
374	435
374	781
374	870
374	969
375	412
375	706
375	801
375	867
375	991
376	279
376	748
376	764
376	964
376	999
377	769
377	847
377	908
377	927
377	987
378	291
378	786
378	856
378	909
378	955
379	59
379	423
379	761
379	777
379	926
380	486
380	493
380	675
380	689
380	774
381	123
381	978
381	995
381	998
381	999
382	81
382	314
382	442
382	810
382	824
383	11
383	242
383	682
383	956
383	963
383	999
384	239
384	583
384	836
384	846
384	853
384	985
385	47
385	179
385	345
385	777
385	954
385	985
386	711
386	947
386	948
386	956
386	983
386	990
387	533
387	650
387	911
387	951
387	976
387	980
388	114
388	315
388	500
388	890
388	968
388	969
389	806
389	835
389	972
389	987
389	994
389	1000
390	20
390	419
390	559
390	835
390	966
390	974
391	184
391	366
391	823
391	866
391	912
391	955
392	107
392	733
392	756
392	932
392	995
392	998
393	356
393	362
393	489
393	777
393	906
393	993
394	317
394	605
394	845
394	911
394	957
394	980
395	316
395	476
395	776
395	813
395	861
395	974
396	351
396	424
396	443
396	849
396	895
396	943
397	504
397	642
397	664
397	693
397	760
397	764
398	75
398	754
398	821
398	860
398	901
398	989
399	118
399	344
399	351
399	373
399	748
399	771
400	275
400	418
400	715
400	733
400	923
400	966
401	598
401	729
401	819
401	938
401	959
401	972
402	167
402	269
402	658
402	665
402	889
402	986
403	193
403	254
403	780
403	839
403	854
403	934
404	476
404	721
404	728
404	930
404	972
404	987
405	426
405	735
405	953
405	982
405	984
405	1000
406	486
406	519
406	631
406	748
406	931
406	986
407	44
407	284
407	478
407	735
407	830
407	1000
408	47
408	333
408	646
408	937
408	938
408	987
409	217
409	509
409	534
409	674
409	723
409	858
410	649
410	821
410	888
410	908
410	917
410	982
411	501
411	666
411	693
411	941
411	971
411	981
412	334
412	375
412	861
412	923
412	950
412	957
413	53
413	712
413	749
413	910
413	975
413	985
414	248
414	848
414	856
414	915
414	957
414	963
415	35
415	560
415	567
415	808
415	851
415	975
416	148
416	506
416	762
416	897
416	956
416	996
417	243
417	273
417	779
417	920
417	953
417	984
418	172
418	400
418	864
418	880
418	895
418	950
419	128
419	236
419	390
419	658
419	884
419	968
420	425
420	459
420	523
420	645
420	783
420	992
421	604
421	641
421	808
421	887
421	991
421	1000
422	301
422	581
422	600
422	931
422	954
422	985
423	79
423	379
423	491
423	730
423	743
423	764
424	170
424	396
424	891
424	895
424	905
424	947
425	420
425	791
425	988
425	991
425	992
425	996
426	198
426	270
426	405
426	448
426	559
426	977
427	727
427	728
427	917
427	929
427	939
427	988
428	183
428	480
428	850
428	901
428	989
428	996
429	127
429	882
429	884
429	905
429	918
429	997
430	286
430	668
430	819
430	838
430	885
430	961
431	124
431	697
431	760
431	917
431	929
431	939
432	244
432	357
432	823
432	888
432	912
432	933
433	148
433	568
433	726
433	852
433	952
433	983
434	506
434	753
434	791
434	794
434	913
434	914
435	374
435	460
435	818
435	890
435	955
435	969
436	611
436	639
436	711
436	842
436	943
436	968
437	319
437	368
437	657
437	795
437	816
437	832
438	81
438	740
438	871
438	954
438	959
438	961
439	91
439	507
439	571
439	623
439	917
439	929
440	117
440	796
440	889
440	942
440	984
440	1000
441	124
441	208
441	860
441	864
441	901
441	989
442	265
442	382
442	515
442	619
442	649
442	879
443	396
443	577
443	717
443	832
443	843
443	976
444	150
444	658
444	741
444	942
444	953
444	1000
445	656
445	763
445	837
445	942
445	968
445	969
446	642
446	844
446	891
446	896
446	947
446	997
447	628
447	845
447	883
447	894
447	951
447	982
448	426
448	648
448	852
448	884
448	886
448	983
449	186
449	263
449	702
449	734
449	935
449	950
450	159
450	702
450	747
450	791
450	936
450	973
451	539
451	908
451	918
451	937
451	972
451	994
452	604
452	725
452	888
452	912
452	949
452	975
453	349
453	734
453	886
453	952
453	996
453	997
454	113
454	749
454	783
454	851
454	868
454	975
455	173
455	542
455	689
455	860
455	864
455	989
456	171
456	201
456	798
456	807
456	851
456	975
457	580
457	680
457	825
457	984
457	999
457	1000
458	49
458	511
458	830
458	867
458	995
458	998
459	420
459	562
459	683
459	823
459	935
459	949
460	435
460	711
460	849
460	895
460	943
460	975
461	370
461	887
461	912
461	982
461	991
461	999
462	41
462	602
462	697
462	886
462	935
462	956
463	358
463	753
463	820
463	923
463	933
463	966
464	263
464	348
464	365
464	966
464	986
464	996
465	660
465	671
465	686
465	751
465	761
465	939
466	292
466	492
466	782
466	892
466	897
466	992
467	202
467	681
467	691
467	766
467	838
467	940
468	237
468	658
468	665
468	857
468	944
468	977
469	325
469	514
469	908
469	916
469	930
469	994
470	115
470	488
470	894
470	898
470	951
470	980
471	46
471	687
471	802
471	958
471	979
471	994
472	125
472	771
472	926
472	969
472	976
472	993
473	255
473	646
473	666
473	709
473	906
473	976
474	17
474	215
474	730
474	879
474	971
474	992
475	682
475	863
475	913
475	971
475	991
475	997
476	395
476	404
476	745
476	861
476	899
476	923
477	625
477	669
477	812
477	840
477	852
477	936
478	407
478	708
478	827
478	939
478	964
478	995
479	92
479	643
479	826
479	852
479	978
479	999
480	428
480	681
480	850
480	869
480	883
480	989
481	342
481	570
481	778
481	849
481	865
481	943
482	570
482	711
482	764
482	895
482	898
482	943
483	237
483	755
483	926
483	978
483	998
483	999
484	690
484	778
484	817
484	824
484	948
484	990
485	748
485	880
485	972
485	979
485	987
485	994
486	31
486	380
486	406
486	760
486	810
486	830
487	176
487	740
487	808
487	876
487	887
487	913
487	966
488	6
488	143
488	470
488	663
488	857
488	894
488	980
489	69
489	393
489	634
489	677
489	982
489	986
489	993
490	494
490	593
490	620
490	690
490	739
490	903
490	976
491	118
491	423
491	743
491	805
491	810
491	920
491	964
492	300
492	466
492	581
492	729
492	736
492	921
492	959
493	17
493	264
493	292
493	380
493	717
493	774
493	968
494	490
494	574
494	678
494	750
494	859
494	926
494	970
495	560
495	567
495	783
495	850
495	851
495	949
495	975
496	51
496	696
496	725
496	744
496	941
496	971
496	992
497	534
497	683
497	738
497	885
497	959
497	961
497	982
498	212
498	328
498	555
498	878
498	900
498	913
498	966
499	140
499	639
499	675
499	689
499	781
499	904
499	1000
500	233
500	388
500	831
500	850
500	860
500	864
500	989
501	355
501	411
501	574
501	795
501	935
501	950
501	957
502	120
502	297
502	583
502	598
502	703
502	785
502	896
503	207
503	218
503	780
503	817
503	866
503	924
503	973
504	118
504	397
504	730
504	743
504	760
504	961
504	995
505	281
505	800
505	876
505	892
505	934
505	967
505	986
506	95
506	204
506	324
506	416
506	434
506	554
506	762
507	369
507	439
507	625
507	646
507	738
507	900
507	965
508	355
508	636
508	715
508	841
508	842
508	930
508	957
509	57
509	409
509	670
509	756
509	850
509	869
509	901
510	526
510	562
510	612
510	719
510	782
510	973
510	994
511	458
511	632
511	672
511	892
511	929
511	939
511	975
512	110
512	634
512	645
512	847
512	899
512	950
512	974
513	199
513	523
513	600
513	780
513	886
513	893
513	996
514	162
514	371
514	469
514	585
514	847
514	925
514	965
515	100
515	442
515	860
515	864
515	869
515	901
515	989
516	794
516	824
516	931
516	951
516	952
516	974
516	978
517	571
517	598
517	608
517	637
517	871
517	909
517	954
518	18
518	349
518	658
518	803
518	863
518	992
518	996
519	66
519	129
519	239
519	406
519	664
519	805
519	955
520	633
520	671
520	716
520	781
520	818
520	968
520	993
521	17
521	192
521	775
521	820
521	910
521	937
521	974
522	368
522	536
522	564
522	769
522	915
522	967
522	976
523	420
523	513
523	599
523	669
523	734
523	889
523	940
524	644
524	713
524	834
524	861
524	953
524	964
524	999
525	233
525	611
525	719
525	836
525	903
525	928
525	934
526	219
526	510
526	720
526	828
526	875
526	949
526	988
527	321
527	571
527	843
527	892
527	932
527	940
527	996
528	691
528	697
528	770
528	829
528	859
528	934
528	941
529	558
529	663
529	769
529	875
529	878
529	894
529	980
530	175
530	343
530	663
530	835
530	913
530	916
530	962
531	266
531	691
531	920
531	954
531	956
531	981
531	985
532	167
532	261
532	553
532	784
532	940
532	977
532	983
533	387
533	875
533	894
533	924
533	933
533	951
533	980
534	409
534	497
534	539
534	583
534	820
534	959
534	981
535	868
535	912
535	949
535	960
535	961
535	982
535	992
536	7
536	522
536	832
536	928
536	966
536	986
536	991
537	578
537	593
537	616
537	866
537	959
537	973
537	990
538	274
538	304
538	752
538	929
538	934
538	951
538	986
539	451
539	534
539	925
539	930
539	958
539	972
539	990
540	284
540	749
540	774
540	904
540	978
540	984
540	1000
541	601
541	729
541	731
541	835
541	954
541	981
541	985
542	285
542	455
542	873
542	902
542	978
542	995
542	999
543	36
543	310
543	592
543	849
543	895
543	937
543	988
544	617
544	672
544	686
544	789
544	870
544	939
544	995
545	371
545	576
545	654
545	907
545	958
545	967
545	972
546	700
546	701
546	804
546	899
546	906
546	919
546	964
547	123
547	355
547	574
547	638
547	795
547	924
547	972
548	11
548	360
548	772
548	942
548	953
548	984
548	1000
549	224
549	311
549	854
549	972
549	976
549	983
549	986
550	679
550	834
550	886
550	912
550	952
550	956
550	983
551	14
551	678
551	903
551	907
551	945
551	977
551	997
552	293
552	336
552	717
552	807
552	840
552	874
552	958
553	194
553	532
553	886
553	906
553	909
553	935
553	996
554	240
554	263
554	506
554	843
554	935
554	953
554	996
555	498
555	638
555	656
555	882
555	914
555	950
555	962
556	74
556	640
556	734
556	807
556	856
556	957
556	975
557	214
557	370
557	918
557	919
557	959
557	961
557	982
558	297
558	332
558	529
558	622
558	628
558	797
558	885
559	116
559	134
559	390
559	426
559	565
559	746
559	980
560	252
560	415
560	495
560	632
560	733
560	851
560	895
560	975
561	313
561	709
561	739
561	811
561	841
561	928
561	934
561	983
562	160
562	459
562	510
562	719
562	787
562	974
562	978
562	982
563	287
563	584
563	727
563	807
563	914
563	936
563	957
563	970
564	194
564	329
564	522
564	616
564	790
564	795
564	879
564	986
565	116
565	559
565	594
565	605
565	746
565	812
565	923
565	968
566	111
566	142
566	687
566	848
566	860
566	901
566	966
566	989
567	224
567	415
567	495
567	568
567	851
567	910
567	971
567	975
568	131
568	433
568	567
568	710
568	773
568	910
568	938
568	975
569	161
569	342
569	351
569	687
569	767
569	778
569	862
569	943
570	30
570	481
570	482
570	592
570	711
570	809
570	895
570	943
571	278
571	439
571	517
571	527
571	834
571	852
571	884
571	983
572	259
572	589
572	789
572	802
572	917
572	929
572	939
572	985
573	326
573	578
573	824
573	847
573	922
573	968
573	973
573	992
574	494
574	501
574	547
574	584
574	851
574	936
574	941
574	959
575	146
575	314
575	828
575	887
575	912
575	958
575	960
575	992
576	136
576	545
576	697
576	738
576	759
576	800
576	987
576	994
577	443
577	636
577	780
577	870
577	948
577	973
577	986
577	990
578	288
578	537
578	573
578	901
578	924
578	948
578	965
578	990
579	598
579	775
579	835
579	874
579	919
579	962
579	966
579	979
580	457
580	822
580	904
580	938
580	942
580	953
580	984
580	1000
581	422
581	492
581	622
581	637
581	670
581	797
581	858
581	994
582	195
582	872
582	900
582	930
582	938
582	958
582	987
582	994
583	191
583	384
583	502
583	534
583	780
583	897
583	959
583	981
584	563
584	574
584	842
584	862
584	870
584	912
584	957
584	978
585	152
585	514
585	616
585	673
585	873
585	876
585	959
585	993
586	211
586	320
586	691
586	856
586	978
586	992
586	998
586	999
587	713
587	764
587	904
587	942
587	953
587	962
587	984
587	1000
588	127
588	705
588	741
588	825
588	909
588	953
588	968
588	984
589	572
589	591
589	755
589	774
589	802
589	917
589	939
589	965
590	327
590	372
590	733
590	753
590	964
590	970
590	995
590	999
591	589
591	690
591	697
591	704
591	755
591	831
591	917
591	929
592	241
592	543
592	570
592	796
592	849
592	895
592	943
592	948
593	41
593	490
593	537
593	669
593	742
593	839
593	973
593	990
594	565
594	617
594	696
594	807
594	840
594	842
594	859
594	936
595	65
595	226
595	623
595	646
595	648
595	897
595	920
595	961
596	787
596	808
596	841
596	883
596	905
596	918
596	947
596	997
597	29
597	726
597	734
597	852
597	884
597	889
597	980
597	983
598	326
598	401
598	502
598	517
598	579
598	608
598	618
598	662
599	281
599	523
599	656
599	701
599	804
599	956
599	982
599	996
600	422
600	513
600	722
600	857
600	881
600	945
600	977
600	997
601	362
601	541
601	754
601	854
601	869
601	928
601	987
601	989
602	462
602	799
602	837
602	875
602	922
602	955
602	968
602	969
603	297
603	624
603	729
603	872
603	928
603	939
603	954
603	981
604	54
604	421
604	452
604	674
604	801
604	821
604	863
604	933
605	8
605	104
605	292
605	394
605	565
605	799
605	955
605	979
606	70
606	703
606	712
606	839
606	907
606	944
606	977
606	997
607	705
607	773
607	809
607	906
607	944
607	945
607	977
607	997
608	355
608	517
608	598
608	653
608	920
608	952
608	981
608	985
609	56
609	156
609	214
609	899
609	914
609	952
609	966
609	984
610	44
610	315
610	725
610	753
610	812
610	835
610	899
610	958
611	180
611	436
611	525
611	720
611	813
611	833
611	986
611	993
612	37
612	294
612	510
612	718
612	743
612	764
612	828
612	971
613	794
613	868
613	926
613	931
613	964
613	983
613	986
613	998
614	680
614	881
614	907
614	933
614	944
614	976
614	977
614	995
615	156
615	168
615	263
615	660
615	755
615	899
615	913
615	966
616	312
616	348
616	537
616	564
616	585
616	727
616	903
616	993
617	151
617	544
617	594
617	949
617	982
617	988
617	991
617	992
618	598
618	714
618	814
618	954
618	961
618	967
618	984
618	1000
619	53
619	141
619	442
619	879
619	888
619	971
619	991
619	992
620	258
620	490
620	771
620	870
620	877
620	928
620	976
620	993
621	156
621	799
621	818
621	897
621	921
621	922
621	931
621	999
622	558
622	581
622	623
622	732
622	871
622	897
622	927
622	972
622	981
623	72
623	439
623	595
623	622
623	797
623	871
623	897
623	920
623	927
624	212
624	603
624	902
624	921
624	929
624	960
624	961
624	985
624	995
625	10
625	477
625	507
625	816
625	838
625	909
625	927
625	974
625	987
626	40
626	346
626	700
626	713
626	825
626	837
626	904
626	973
626	984
627	119
627	325
627	369
627	785
627	920
627	922
627	928
627	952
627	981
628	95
628	447
628	558
628	762
628	860
628	884
628	956
628	983
628	996
629	277
629	685
629	695
629	710
629	839
629	948
629	990
629	996
629	998
630	193
630	278
630	663
630	692
630	875
630	883
630	911
630	951
630	961
631	305
631	406
631	635
631	664
631	730
631	743
631	745
631	861
631	900
632	93
632	511
632	560
632	664
632	765
632	815
632	827
632	972
632	975
633	58
633	138
633	520
633	667
633	763
633	774
633	890
633	948
633	955
634	489
634	512
634	770
634	820
634	881
634	907
634	913
634	962
634	964
635	122
635	277
635	631
635	641
635	730
635	748
635	778
635	810
635	938
636	288
636	508
636	577
636	757
636	923
636	948
636	951
636	973
636	990
637	301
637	517
637	581
637	666
637	819
637	879
637	959
637	981
637	993
638	264
638	305
638	547
638	555
638	696
638	840
638	909
638	936
638	974
639	76
639	436
639	499
639	672
639	813
639	890
639	922
639	937
639	955
640	244
640	556
640	691
640	811
640	887
640	909
640	915
640	941
640	957
641	421
641	635
641	662
641	745
641	751
641	810
641	820
641	884
641	889
642	397
642	446
642	663
642	822
642	875
642	898
642	940
642	951
642	980
643	77
643	230
643	479
643	739
643	854
643	976
643	986
643	997
643	998
644	524
644	705
644	741
644	796
644	920
644	942
644	953
644	984
644	1000
645	420
645	512
645	653
645	719
645	824
645	900
645	907
645	971
645	992
646	408
646	473
646	507
646	595
646	930
646	937
646	972
646	979
646	987
647	267
647	649
647	845
647	911
647	942
647	951
647	980
647	982
647	988
648	448
648	595
648	673
648	702
648	736
648	768
648	871
648	952
648	959
649	27
649	81
649	410
649	442
649	647
649	952
649	964
649	982
649	985
650	366
650	387
650	692
650	757
650	875
650	911
650	976
650	980
650	987
651	357
651	754
651	877
651	937
651	938
651	946
651	965
651	969
651	979
652	43
652	57
652	700
652	756
652	834
652	886
652	963
652	994
652	996
653	608
653	645
653	823
653	828
653	851
653	863
653	971
653	991
653	992
654	78
654	545
654	707
654	855
654	917
654	930
654	937
654	979
654	996
655	809
655	846
655	908
655	933
655	949
655	960
655	971
655	991
655	992
656	172
656	445
656	555
656	599
656	715
656	775
656	889
656	913
656	950
657	437
657	709
657	796
657	833
657	883
657	923
657	967
657	986
657	993
658	402
658	419
658	444
658	468
658	518
658	772
658	834
658	884
658	974
659	741
659	772
659	811
659	908
659	925
659	930
659	973
659	987
659	994
660	231
660	465
660	615
660	761
660	802
660	870
660	939
660	975
660	979
661	708
661	831
661	878
661	955
661	978
661	983
661	989
661	995
661	998
662	12
662	111
662	338
662	345
662	598
662	641
662	754
662	940
662	989
663	488
663	529
663	530
663	630
663	642
663	849
663	898
663	964
663	980
664	397
664	519
664	631
664	632
664	760
664	764
664	805
664	951
664	967
665	402
665	468
665	698
665	881
665	892
665	899
665	944
665	945
665	984
666	411
666	473
666	637
666	677
666	706
666	903
666	926
666	934
666	995
667	219
667	337
667	633
667	799
667	837
667	948
667	955
667	968
667	969
668	430
668	670
668	685
668	829
668	920
668	932
668	952
668	963
668	983
668	996
669	274
669	477
669	523
669	593
669	779
669	791
669	800
669	817
669	949
669	990
670	369
670	509
670	581
670	668
670	759
670	925
670	965
670	972
670	979
670	987
671	29
671	320
671	360
671	465
671	520
671	684
671	781
671	867
671	922
671	969
672	20
672	511
672	544
672	639
672	755
672	785
672	795
672	917
672	929
672	939
673	251
673	255
673	585
673	648
673	790
673	843
673	854
673	946
673	960
673	993
674	110
674	119
674	409
674	604
674	683
674	732
674	769
674	853
674	959
674	987
675	230
675	249
675	380
675	499
675	818
675	837
675	955
675	956
675	968
675	984
676	346
676	354
676	736
676	768
676	885
676	959
676	961
676	980
676	981
676	985
677	90
677	230
677	283
677	341
677	489
677	666
677	720
677	763
677	928
677	976
678	494
678	551
678	856
678	865
678	915
678	941
678	957
678	970
678	972
678	990
679	94
679	373
679	550
679	681
679	786
679	804
679	852
679	886
679	956
679	975
680	298
680	457
680	614
680	722
680	792
680	806
680	814
680	970
680	977
680	997
681	467
681	480
681	679
681	728
681	766
681	895
681	963
681	965
681	972
681	999
682	383
682	475
682	692
682	824
682	912
682	971
682	982
682	988
682	992
682	997
683	57
683	459
683	497
683	674
683	740
683	756
683	853
683	872
683	931
683	985
684	13
684	98
684	206
684	292
684	300
684	671
684	799
684	866
684	896
684	955
685	227
685	629
685	668
685	695
685	719
685	778
685	817
685	924
685	985
685	990
686	269
686	465
686	544
686	727
686	731
686	789
686	802
686	904
686	929
686	939
687	46
687	173
687	471
687	566
687	569
687	733
687	849
687	864
687	869
687	943
688	232
688	293
688	315
688	691
688	783
688	816
688	882
688	936
688	954
688	957
689	300
689	380
689	455
689	499
689	763
689	858
689	890
689	924
689	962
689	968
690	484
690	490
690	591
690	836
690	841
690	851
690	854
690	876
690	967
690	993
691	244
691	467
691	528
691	531
691	586
691	640
691	688
691	936
691	941
691	948
692	142
692	630
692	650
692	682
692	867
692	883
692	894
692	911
692	951
692	980
693	397
693	411
693	777
693	788
693	798
693	828
693	832
693	946
693	967
693	993
694	112
694	699
694	714
694	815
694	826
694	878
694	903
694	924
694	964
694	978
695	40
695	157
695	347
695	629
695	685
695	747
695	868
695	924
695	948
695	981
696	496
696	594
696	638
696	848
696	859
696	909
696	948
696	960
696	970
696	988
697	268
697	431
697	462
697	528
697	576
697	591
697	807
697	842
697	917
697	996
698	298
698	328
698	665
698	722
698	809
698	857
698	923
698	944
698	992
698	997
699	694
699	704
699	855
699	877
699	921
699	926
699	954
699	964
699	978
699	998
700	242
700	281
700	546
700	626
700	652
700	709
700	933
700	940
700	963
700	996
701	125
701	269
701	546
701	599
701	841
701	886
701	893
701	905
701	935
701	983
702	329
702	449
702	450
702	648
702	756
702	852
702	932
702	935
702	956
702	996
703	185
703	502
703	606
703	846
703	871
703	872
703	885
703	895
703	954
703	983
704	2
704	115
704	359
704	591
704	699
704	783
704	945
704	946
704	979
704	987
705	207
705	335
705	588
705	607
705	644
705	829
705	953
705	971
705	984
705	1000
706	257
706	375
706	666
706	715
706	736
706	794
706	820
706	895
706	916
706	950
707	654
707	866
707	908
707	924
707	930
707	938
707	947
707	958
707	979
707	994
708	74
708	275
708	372
708	478
708	661
708	769
708	855
708	902
708	957
708	995
709	473
709	561
709	657
709	700
709	833
709	906
709	940
709	943
709	946
709	986
710	5
710	347
710	568
710	629
710	742
710	776
710	964
710	973
710	990
710	995
711	85
711	299
711	386
711	436
711	460
711	482
711	570
711	767
711	849
711	943
711	944
712	364
712	413
712	606
712	809
712	814
712	815
712	892
712	907
712	945
712	977
712	997
713	36
713	97
713	335
713	524
713	587
713	626
713	904
713	909
713	953
713	984
713	1000
714	208
714	618
714	694
714	745
714	822
714	829
714	890
714	898
714	942
714	980
714	984
715	42
715	45
715	400
715	508
715	656
715	706
715	794
715	835
715	917
715	932
715	962
716	55
716	162
716	315
716	323
716	520
716	794
716	835
716	899
716	918
716	962
716	974
717	21
717	77
717	443
717	493
717	552
717	765
717	854
717	946
717	967
717	976
717	993
718	4
718	87
718	612
718	782
718	884
718	912
718	933
718	949
718	971
718	982
718	992
719	510
719	525
719	562
719	645
719	685
719	788
719	840
719	949
719	982
719	988
719	991
720	259
720	283
720	526
720	611
720	677
720	739
720	750
720	796
720	877
720	967
720	993
721	150
721	331
721	404
721	887
721	908
721	929
721	938
721	958
721	972
721	987
721	994
722	66
722	209
722	600
722	680
722	698
722	853
722	907
722	973
722	977
722	981
722	997
723	409
723	767
723	788
723	804
723	824
723	828
723	933
723	960
723	971
723	982
723	992
724	164
724	726
724	759
724	856
724	877
724	958
724	963
724	965
724	987
724	994
724	995
725	9
725	452
725	496
725	610
725	784
725	841
725	848
725	865
725	890
725	921
725	957
726	306
726	433
726	597
726	724
726	766
726	784
726	889
726	893
726	940
726	963
726	996
727	128
727	314
727	427
727	563
727	616
727	686
727	728
727	789
727	917
727	929
727	939
728	69
728	404
728	427
728	681
728	727
728	761
728	914
728	926
728	939
728	965
728	979
729	248
729	401
729	492
729	541
729	603
729	732
729	803
729	853
729	954
729	977
729	981
730	423
730	474
730	504
730	631
730	635
730	745
730	748
730	794
730	810
730	989
730	998
731	80
731	109
731	308
731	541
731	686
731	797
731	853
731	873
731	932
731	954
731	961
732	47
732	334
732	340
732	622
732	674
732	729
732	784
732	853
732	954
732	981
732	985
733	359
733	392
733	400
733	560
733	590
733	687
733	749
733	902
733	903
733	975
733	999
734	449
734	453
734	523
734	556
734	597
734	880
734	884
734	893
734	940
734	963
734	989
735	405
735	407
735	779
735	799
735	835
735	877
735	921
735	942
735	953
735	984
735	1000
736	40
736	492
736	648
736	676
736	706
736	819
736	844
736	920
736	974
736	981
736	985
737	289
737	832
737	843
737	894
737	903
737	910
737	934
737	946
737	964
737	976
737	986
738	497
738	507
738	576
738	862
738	880
738	938
738	958
738	965
738	972
738	979
738	987
739	490
739	561
739	643
739	720
739	760
739	797
739	836
739	934
739	950
739	978
739	986
740	48
740	325
740	438
740	487
740	683
740	792
740	797
740	819
740	944
740	981
740	985
741	127
741	260
741	444
741	588
741	644
741	659
741	762
741	902
741	942
741	984
741	1000
742	91
742	196
742	319
742	326
742	593
742	710
742	747
742	757
742	864
742	910
742	948
743	105
743	324
743	339
743	423
743	491
743	504
743	612
743	631
743	764
743	805
743	971
744	496
744	781
744	880
744	913
744	919
744	923
744	950
744	962
744	966
744	974
744	997
745	31
745	239
745	277
745	476
745	631
745	641
745	714
745	730
745	764
745	805
745	810
745	873
746	108
746	175
746	344
746	559
746	565
746	786
746	790
746	801
746	812
746	920
746	962
746	966
747	450
747	695
747	742
747	760
747	782
747	817
747	839
747	912
747	948
747	973
747	978
747	990
748	129
748	376
748	399
748	406
748	485
748	635
748	730
748	802
748	805
748	807
748	810
748	989
749	86
749	153
749	171
749	413
749	454
749	540
749	733
749	783
749	894
749	910
749	937
749	975
750	268
750	272
750	336
750	494
750	720
750	764
750	901
750	909
750	915
750	936
750	957
750	964
751	465
751	641
751	778
751	819
751	857
751	902
751	924
751	931
751	948
751	973
751	995
751	998
752	154
752	538
752	758
752	786
752	840
752	865
752	868
752	927
752	957
752	970
752	976
752	983
753	84
753	322
753	340
753	434
753	463
753	590
753	610
753	812
753	820
753	830
753	913
753	952
754	16
754	97
754	267
754	335
754	398
754	601
754	651
754	662
754	869
754	901
754	989
754	990
755	483
755	589
755	591
755	615
755	672
755	761
755	789
755	802
755	876
755	917
755	929
755	939
756	41
756	133
756	148
756	178
756	236
756	392
756	509
756	652
756	683
756	702
756	893
756	983
757	193
757	636
757	650
757	742
757	762
757	778
757	817
757	924
757	927
757	948
757	973
757	990
758	155
758	752
758	784
758	838
758	848
758	865
758	887
758	915
758	922
758	941
758	970
758	993
759	576
759	670
759	724
759	771
759	847
759	900
759	930
759	931
759	945
759	963
759	992
759	994
760	105
760	129
760	397
760	431
760	486
760	504
760	664
760	739
760	747
760	805
760	810
760	963
761	297
761	379
761	465
761	660
761	728
761	755
761	789
761	802
761	804
761	845
761	929
761	939
762	238
762	416
762	506
762	628
762	741
762	757
762	803
762	804
762	888
762	956
762	963
762	996
763	8
763	445
763	633
763	677
763	689
763	818
763	922
763	929
763	955
763	962
763	968
763	969
764	105
764	376
764	397
764	423
764	482
764	587
764	612
764	664
764	743
764	745
764	750
764	810
765	220
765	311
765	632
765	717
765	831
765	867
765	868
765	881
765	902
765	921
765	978
765	999
766	103
766	188
766	261
766	327
766	467
766	681
766	726
766	804
766	884
766	889
766	956
766	997
767	8
767	38
767	256
767	299
767	310
767	342
767	569
767	711
767	723
767	849
767	907
767	943
768	43
768	233
768	273
768	275
768	648
768	676
768	846
768	954
768	961
768	981
768	985
768	1000
769	182
769	377
769	522
769	529
769	674
769	708
769	875
769	897
769	898
769	945
769	980
769	981
770	1
770	528
770	634
770	849
770	857
770	881
770	888
770	927
770	945
770	956
770	970
770	977
771	329
771	399
771	472
771	620
771	759
771	886
771	894
771	903
771	926
771	928
771	934
771	976
772	16
772	333
772	548
772	658
772	659
772	893
772	925
772	937
772	938
772	965
772	979
772	987
773	167
773	301
773	568
773	607
773	783
773	832
773	837
773	907
773	910
773	944
773	975
773	977
773	997
774	175
774	282
774	287
774	380
774	493
774	540
774	589
774	633
774	826
774	837
774	874
774	927
774	968
775	55
775	211
775	363
775	521
775	579
775	656
775	793
775	801
775	916
775	919
775	950
775	974
775	994
776	157
776	213
776	395
776	710
776	791
776	817
776	839
776	855
776	876
776	924
776	948
776	973
776	990
777	59
777	131
777	249
777	343
777	379
777	385
777	393
777	693
777	833
777	906
777	943
777	967
777	976
778	299
778	481
778	484
778	569
778	635
778	685
778	751
778	757
778	849
778	864
778	866
778	939
778	969
779	117
779	274
779	417
779	669
779	735
779	829
779	839
779	842
779	848
779	881
779	899
779	942
779	988
780	102
780	333
780	403
780	503
780	513
780	577
780	583
780	791
780	839
780	866
780	948
780	973
780	990
781	140
781	300
781	332
781	374
781	499
781	520
781	671
781	744
781	837
781	927
781	955
781	968
781	979
782	240
782	291
782	466
782	510
782	718
782	747
782	863
782	869
782	887
782	912
782	982
782	991
782	992
783	68
783	302
783	420
783	454
783	495
783	688
783	704
783	749
783	773
783	910
783	965
783	966
783	975
784	203
784	251
784	532
784	725
784	726
784	732
784	758
784	825
784	904
784	942
784	970
784	984
784	1000
785	63
785	107
785	246
785	297
785	502
785	627
785	672
785	846
785	897
785	954
785	961
785	981
785	985
786	264
786	272
786	312
786	378
786	679
786	746
786	752
786	857
786	859
786	909
786	927
786	941
786	970
787	562
787	596
787	844
787	877
787	882
787	891
787	896
787	905
787	918
787	947
787	961
787	996
787	997
788	693
788	719
788	723
788	821
788	894
788	924
788	960
788	962
788	971
788	982
788	988
788	991
788	992
789	20
789	225
789	544
789	572
789	686
789	727
789	755
789	761
789	908
789	917
789	939
789	969
789	984
790	78
790	230
790	365
790	564
790	673
790	746
790	906
790	926
790	928
790	932
790	964
790	986
790	993
791	88
791	89
791	425
791	434
791	450
791	669
791	776
791	780
791	866
791	877
791	924
791	948
791	990
792	145
792	155
792	680
792	740
792	801
792	857
792	859
792	881
792	892
792	907
792	944
792	960
792	997
793	19
793	79
793	91
793	156
793	775
793	861
793	886
793	913
793	914
793	919
793	955
793	974
793	991
794	4
794	89
794	434
794	516
794	613
794	706
794	715
794	716
794	730
794	803
794	914
794	950
794	975
795	51
795	98
795	437
795	501
795	547
795	564
795	672
795	840
795	843
795	876
795	957
795	986
795	991
796	276
796	341
796	440
796	592
796	644
796	657
796	720
796	832
796	876
796	928
796	934
796	935
796	946
797	558
797	581
797	623
797	731
797	739
797	740
797	856
797	872
797	885
797	897
797	900
797	959
797	987
798	87
798	337
798	365
798	456
798	693
798	866
798	906
798	911
798	926
798	958
798	967
798	986
798	993
799	24
799	602
799	605
799	621
799	667
799	684
799	735
799	858
799	890
799	942
799	968
799	969
799	995
800	180
800	505
800	576
800	669
800	843
800	877
800	926
800	928
800	934
800	953
800	976
800	986
800	995
801	112
801	245
801	252
801	344
801	375
801	604
801	746
801	775
801	792
801	803
801	804
801	916
801	974
802	471
802	572
802	589
802	660
802	686
802	748
802	755
802	761
802	881
802	917
802	929
802	939
802	945
803	321
803	518
803	729
803	762
803	794
803	801
803	818
803	863
803	919
803	926
803	940
803	952
803	963
804	62
804	261
804	317
804	546
804	599
804	679
804	723
804	761
804	762
804	766
804	801
804	893
804	956
804	986
805	31
805	65
805	205
805	239
805	277
805	299
805	491
805	519
805	664
805	743
805	745
805	748
805	760
805	902
806	352
806	389
806	680
806	879
806	900
806	921
806	937
806	938
806	939
806	965
806	972
806	979
806	987
806	994
807	71
807	119
807	317
807	456
807	552
807	556
807	563
807	594
807	697
807	748
807	874
807	936
807	941
807	970
808	3
808	101
808	415
808	421
808	487
808	596
808	838
808	850
808	879
808	912
808	947
808	971
808	991
808	992
809	198
809	570
809	607
809	655
809	698
809	712
809	814
809	857
809	874
809	907
809	945
809	977
809	986
809	997
810	277
810	382
810	486
810	491
810	635
810	641
810	730
810	745
810	748
810	760
810	764
810	883
810	915
810	951
811	276
811	327
811	561
811	640
811	659
811	832
811	854
811	861
811	876
811	906
811	928
811	940
811	976
811	993
812	186
812	477
812	565
812	610
812	746
812	753
812	813
812	914
812	945
812	950
812	952
812	962
812	967
812	974
813	328
813	395
813	611
813	639
813	812
813	848
813	899
813	913
813	914
813	919
813	950
813	966
813	974
813	1000
814	367
814	618
814	680
814	712
814	809
814	825
814	857
814	881
814	892
814	907
814	944
814	945
814	951
814	977
815	37
815	132
815	632
815	694
815	712
815	833
815	855
815	926
815	931
815	940
815	964
815	978
815	995
815	999
816	1
816	64
816	125
816	437
816	625
816	688
816	840
816	841
816	858
816	860
816	927
816	936
816	942
816	970
817	484
817	503
817	669
817	685
817	747
817	757
817	776
817	904
817	924
817	931
817	947
817	948
817	973
817	981
818	13
818	317
818	435
818	520
818	621
818	675
818	763
818	803
818	890
818	922
818	955
818	956
818	969
818	996
818	999
819	57
819	65
819	273
819	354
819	401
819	430
819	637
819	736
819	740
819	751
819	846
819	896
819	981
819	985
819	993
820	24
820	205
820	307
820	463
820	521
820	534
820	634
820	641
820	706
820	753
820	835
820	897
820	952
820	962
820	966
821	54
821	89
821	135
821	364
821	398
821	410
821	604
821	788
821	939
821	949
821	960
821	976
821	978
821	988
821	991
822	14
822	25
822	279
822	316
822	580
822	642
822	714
822	833
822	871
822	883
822	898
822	911
822	930
822	951
822	980
823	165
823	255
823	391
823	432
823	459
823	653
823	888
823	933
823	942
823	949
823	970
823	982
823	988
823	991
823	994
824	382
824	484
824	516
824	573
824	645
824	682
824	723
824	862
824	888
824	949
824	954
824	971
824	976
824	982
824	988
825	39
825	60
825	457
825	588
825	626
825	784
825	814
825	829
825	830
825	904
825	942
825	977
825	984
825	986
825	1000
826	126
826	372
826	479
826	694
826	774
826	867
826	921
826	931
826	959
826	967
826	970
826	978
826	995
826	998
826	999
827	478
827	632
827	831
827	867
827	868
827	873
827	921
827	937
827	940
827	964
827	990
827	993
827	995
827	998
827	999
828	220
828	526
828	575
828	612
828	653
828	693
828	723
828	879
828	887
828	916
828	933
828	956
828	960
828	972
828	991
829	64
829	260
829	335
829	528
829	668
829	705
829	714
829	779
829	825
829	904
829	917
829	942
829	948
829	953
829	1000
830	407
830	458
830	486
830	753
830	825
830	832
830	898
830	902
830	904
830	925
830	964
830	984
830	998
830	999
830	1000
831	278
831	500
831	591
831	661
831	765
831	827
831	868
831	930
831	931
831	964
831	978
831	979
831	983
831	995
831	998
832	87
832	177
832	437
832	443
832	536
832	693
832	737
832	773
832	796
832	811
832	830
832	836
832	948
832	976
832	993
833	107
833	611
833	657
833	709
833	777
833	815
833	822
833	845
833	898
833	911
833	933
833	951
833	979
833	987
833	993
834	176
834	202
834	262
834	269
834	524
834	550
834	571
834	652
834	658
834	852
834	870
834	893
834	940
834	956
834	970
834	983
835	79
835	108
835	241
835	265
835	389
835	390
835	530
835	541
835	579
835	610
835	715
835	716
835	735
835	820
835	880
835	923
836	248
836	283
836	384
836	525
836	690
836	739
836	832
836	843
836	885
836	906
836	974
836	976
836	979
836	986
836	988
836	993
837	82
837	229
837	236
837	320
837	323
837	445
837	602
837	626
837	667
837	675
837	773
837	774
837	781
837	947
837	955
837	968
838	1
838	244
838	322
838	348
838	430
838	467
838	625
838	758
838	808
838	842
838	858
838	859
838	870
838	897
838	915
838	936
839	227
839	271
839	403
839	593
839	606
839	629
839	747
839	776
839	779
839	780
839	853
839	866
839	924
839	948
839	973
839	990
840	67
840	196
840	285
840	304
840	313
840	477
840	552
840	594
840	638
840	719
840	752
840	795
840	816
840	856
840	865
840	927
841	87
841	252
841	508
841	561
841	596
841	690
841	701
841	725
841	816
841	859
841	909
841	915
841	967
841	986
841	991
841	993
842	436
842	508
842	584
842	594
842	697
842	779
842	838
842	848
842	858
842	865
842	909
842	953
842	958
842	970
842	977
842	985
843	32
843	248
843	341
843	443
843	527
843	554
843	673
843	737
843	795
843	800
843	836
843	876
843	885
843	938
843	948
843	993
844	88
844	149
844	331
844	446
844	736
844	787
844	862
844	882
844	890
844	891
844	896
844	899
844	905
844	918
844	947
844	956
844	997
845	161
845	350
845	394
845	447
845	647
845	761
845	833
845	875
845	894
845	898
845	910
845	911
845	928
845	935
845	951
845	980
845	983
846	82
846	144
846	179
846	217
846	384
846	655
846	703
846	768
846	785
846	819
846	853
846	922
846	954
846	959
846	984
846	991
846	998
847	22
847	285
847	377
847	512
847	514
847	573
847	759
847	925
847	938
847	945
847	965
847	970
847	972
847	973
847	979
847	987
847	994
848	32
848	123
848	414
848	566
848	696
848	725
848	758
848	779
848	813
848	842
848	859
848	865
848	869
848	885
848	941
848	957
848	970
849	36
849	396
849	460
849	481
849	543
849	592
849	663
849	687
849	711
849	767
849	770
849	778
849	895
849	932
849	942
849	943
849	999
850	35
850	85
850	149
850	152
850	258
850	428
850	480
850	495
850	500
850	509
850	808
850	860
850	864
850	901
850	950
850	973
850	989
851	53
851	93
851	154
851	197
851	257
851	415
851	454
851	456
851	495
851	560
851	567
851	574
851	653
851	690
851	910
851	975
851	985
852	62
852	270
852	313
852	433
852	448
852	477
852	479
852	571
852	597
852	679
852	702
852	834
852	889
852	929
852	971
852	987
852	996
853	73
853	82
853	384
853	674
853	683
853	722
853	729
853	731
853	732
853	839
853	846
853	897
853	901
853	935
853	961
853	981
853	997
854	69
854	179
854	180
854	403
854	549
854	601
854	643
854	673
854	690
854	717
854	811
854	899
854	901
854	936
854	955
854	967
854	976
855	50
855	86
855	235
855	238
855	654
855	699
855	708
855	776
855	815
855	867
855	903
855	921
855	964
855	978
855	995
855	998
855	999
856	282
856	304
856	358
856	367
856	378
856	414
856	556
856	586
856	678
856	724
856	797
856	840
856	874
856	876
856	915
856	965
856	989
857	169
857	468
857	488
857	600
857	698
857	751
857	770
857	786
857	792
857	809
857	814
857	881
857	892
857	932
857	945
857	977
857	980
858	180
858	323
858	409
858	581
858	689
858	799
858	816
858	838
858	842
858	859
858	874
858	890
858	922
858	936
858	955
858	976
858	993
859	494
859	528
859	594
859	696
859	786
859	792
859	838
859	841
859	848
859	858
859	865
859	928
859	936
859	941
859	946
859	985
859	989
860	85
860	138
860	398
860	441
860	455
860	500
860	515
860	566
860	628
860	816
860	850
860	864
860	869
860	901
860	942
860	984
860	989
861	108
861	192
861	245
861	395
861	412
861	476
861	524
861	631
861	793
861	811
861	899
861	916
861	919
861	952
861	966
861	971
861	988
861	989
862	3
862	245
862	353
862	569
862	584
862	738
862	824
862	844
862	882
862	891
862	896
862	918
862	947
862	949
862	960
862	988
862	989
862	997
863	225
863	475
863	518
863	604
863	653
863	782
863	803
863	878
863	888
863	898
863	949
863	957
863	960
863	961
863	982
863	988
863	991
863	992
864	16
864	97
864	267
864	418
864	441
864	455
864	500
864	515
864	687
864	742
864	778
864	850
864	860
864	901
864	912
864	949
864	977
864	989
865	9
865	10
865	80
865	242
865	360
865	365
865	481
865	678
865	725
865	752
865	758
865	840
865	842
865	848
865	859
865	874
865	909
865	1000
866	240
866	303
866	391
866	503
866	537
866	684
866	707
866	778
866	780
866	791
866	798
866	839
866	874
866	924
866	948
866	965
866	973
866	990
867	271
867	327
867	375
867	458
867	671
867	692
867	765
867	826
867	827
867	855
867	868
867	878
867	916
867	964
867	981
867	995
867	996
867	998
868	271
868	454
868	535
868	613
868	695
868	752
868	765
868	827
868	831
868	867
868	873
868	878
868	921
868	941
868	964
868	995
868	998
868	999
869	166
869	183
869	233
869	267
869	480
869	509
869	515
869	601
869	687
869	754
869	782
869	848
869	860
869	908
869	930
869	963
869	989
869	992
870	20
870	195
870	231
870	232
870	374
870	544
870	577
870	584
870	620
870	660
870	834
870	838
870	874
870	909
870	914
870	927
870	929
870	939
870	957
871	201
871	218
871	342
871	343
871	438
871	517
871	622
871	623
871	648
871	703
871	822
871	946
871	954
871	959
871	961
871	965
871	975
871	981
871	985
872	11
872	179
872	305
872	339
872	370
872	582
872	603
872	683
872	703
872	797
872	874
872	876
872	897
872	920
872	949
872	954
872	961
872	985
872	996
873	238
873	284
873	542
873	585
873	731
873	745
873	827
873	868
873	878
873	902
873	915
873	921
873	931
873	932
873	946
873	978
873	995
873	998
873	999
874	22
874	74
874	240
874	289
874	358
874	552
874	579
874	774
874	807
874	809
874	856
874	858
874	865
874	866
874	870
874	872
874	915
874	927
874	957
875	13
875	77
875	143
875	256
875	526
875	529
875	533
875	602
875	630
875	642
875	650
875	769
875	845
875	894
875	898
875	933
875	951
875	969
875	980
876	247
876	289
876	487
876	505
876	585
876	690
876	755
876	776
876	795
876	796
876	811
876	843
876	856
876	872
876	891
876	903
876	928
876	934
876	967
877	200
877	620
877	651
877	699
877	720
877	724
877	735
877	787
877	791
877	800
877	925
877	934
877	938
877	946
877	947
877	965
877	967
877	972
877	993
878	15
878	67
878	498
878	529
878	661
878	694
878	863
878	867
878	868
878	873
878	902
878	921
878	926
878	936
878	964
878	978
878	982
878	995
878	998
879	29
879	99
879	160
879	188
879	214
879	442
879	474
879	564
879	619
879	637
879	806
879	808
879	828
879	921
879	950
879	958
879	988
879	991
879	992
880	45
880	60
880	234
880	310
880	418
880	485
880	734
880	738
880	744
880	835
880	899
880	913
880	916
880	919
880	950
880	952
880	962
880	966
880	985
881	244
881	600
881	614
881	634
881	665
881	765
881	770
881	779
881	792
881	802
881	814
881	857
881	892
881	907
881	944
881	945
881	952
881	982
881	997
882	15
882	88
882	130
882	429
882	555
882	688
882	787
882	844
882	862
882	891
882	893
882	896
882	903
882	905
882	918
882	947
882	980
882	981
882	997
883	25
883	26
883	189
883	287
883	366
883	447
883	480
883	596
883	630
883	657
883	692
883	810
883	822
883	894
883	898
883	911
883	915
883	951
883	980
884	163
884	324
884	419
884	429
884	448
884	571
884	597
884	628
884	641
884	658
884	718
884	734
884	766
884	927
884	932
884	956
884	960
884	983
884	994
885	48
885	325
885	339
885	430
885	497
885	558
885	676
885	703
885	797
885	836
885	843
885	848
885	901
885	932
885	952
885	959
885	961
885	985
885	998
886	145
886	321
886	448
886	453
886	462
886	513
886	550
886	553
886	652
886	679
886	701
886	771
886	793
886	889
886	893
886	938
886	978
886	983
886	996
886	1000
887	27
887	220
887	225
887	247
887	421
887	461
887	487
887	575
887	640
887	721
887	758
887	782
887	828
887	888
887	960
887	967
887	971
887	982
887	988
887	994
888	50
888	353
888	410
888	432
888	452
888	619
888	762
888	770
888	823
888	824
888	863
888	887
888	912
888	933
888	937
888	957
888	988
888	989
888	991
888	992
889	18
889	199
889	402
889	440
889	523
889	597
889	641
889	656
889	726
889	766
889	852
889	886
889	896
889	913
889	935
889	940
889	956
889	978
889	991
889	996
890	30
890	68
890	158
890	320
890	388
890	435
890	633
890	639
890	689
890	714
890	725
890	799
890	818
890	844
890	858
890	907
890	924
890	950
890	955
890	968
891	71
891	88
891	189
891	280
891	354
891	424
891	446
891	787
891	844
891	862
891	876
891	882
891	896
891	905
891	918
891	947
891	949
891	967
891	997
891	1000
892	169
892	178
892	237
892	466
892	505
892	511
892	527
892	665
892	712
892	792
892	814
892	857
892	881
892	907
892	911
892	921
892	944
892	945
892	977
892	997
893	139
893	281
893	513
893	701
893	726
893	734
893	756
893	772
893	804
893	834
893	882
893	886
893	923
893	932
893	935
893	946
893	951
893	963
893	983
893	984
894	350
894	447
894	470
894	488
894	529
894	533
894	692
894	737
894	749
894	771
894	788
894	845
894	875
894	883
894	898
894	904
894	911
894	913
894	951
894	980
895	38
895	63
895	148
895	241
895	309
895	342
895	396
895	418
895	424
895	460
895	482
895	543
895	560
895	570
895	592
895	681
895	703
895	706
895	849
895	943
896	34
896	177
896	216
896	223
896	249
896	446
896	502
896	684
896	787
896	819
896	844
896	862
896	882
896	889
896	891
896	905
896	918
896	947
896	980
896	997
897	133
897	305
897	416
897	466
897	583
897	595
897	621
897	622
897	623
897	769
897	785
897	797
897	820
897	838
897	853
897	872
897	920
897	952
897	957
897	959
897	985
898	25
898	206
898	470
898	482
898	642
898	663
898	714
898	769
898	822
898	830
898	833
898	845
898	863
898	875
898	883
898	894
898	911
898	923
898	951
898	980
898	992
899	212
899	292
899	307
899	349
899	476
899	512
899	546
899	609
899	610
899	615
899	665
899	716
899	779
899	813
899	844
899	854
899	861
899	880
899	913
899	966
899	974
900	62
900	250
900	333
900	361
900	369
900	498
900	507
900	582
900	631
900	645
900	759
900	797
900	806
900	930
900	934
900	937
900	938
900	946
900	958
900	963
900	994
901	35
901	52
901	89
901	166
901	222
901	398
901	428
901	441
901	509
901	515
901	566
901	578
901	750
901	754
901	850
901	853
901	854
901	860
901	864
901	885
901	989
902	1
902	84
902	542
902	624
902	708
902	733
902	741
902	751
902	765
902	805
902	830
902	873
902	878
902	931
902	932
902	934
902	963
902	978
902	980
902	995
902	999
903	255
903	341
903	490
903	525
903	551
903	616
903	666
903	694
903	733
903	737
903	771
903	855
903	876
903	882
903	906
903	928
903	946
903	949
903	967
903	976
903	986
904	104
904	204
904	335
904	499
904	540
904	580
904	587
904	626
904	686
904	713
904	784
904	817
904	825
904	829
904	830
904	894
904	940
904	942
904	943
904	953
904	984
904	1000
905	71
905	106
905	159
905	177
905	316
905	354
905	424
905	429
905	596
905	701
905	787
905	844
905	882
905	891
905	896
905	917
905	918
905	947
905	961
905	970
905	974
905	997
906	276
906	282
906	301
906	368
906	393
906	473
906	546
906	553
906	607
906	709
906	777
906	790
906	798
906	811
906	836
906	903
906	934
906	963
906	967
906	976
906	989
906	993
907	178
907	318
907	545
907	551
907	606
907	614
907	634
907	645
907	712
907	722
907	767
907	773
907	792
907	809
907	814
907	881
907	890
907	892
907	919
907	944
907	945
907	977
908	22
908	90
908	168
908	266
908	286
908	369
908	377
908	410
908	451
908	469
908	655
908	659
908	707
908	721
908	789
908	869
908	925
908	932
908	972
908	979
908	987
908	994
909	141
909	378
909	517
909	553
909	588
909	625
909	638
909	640
909	696
909	713
909	750
909	786
909	841
909	842
909	865
909	870
909	915
909	927
909	936
909	944
909	949
909	955
909	957
910	2
910	52
910	86
910	107
910	113
910	131
910	137
910	302
910	359
910	413
910	521
910	567
910	568
910	737
910	742
910	749
910	773
910	783
910	845
910	851
910	914
910	941
910	975
911	2
911	143
911	256
911	326
911	353
911	387
911	394
911	630
911	647
911	650
911	692
911	798
911	822
911	833
911	845
911	883
911	892
911	894
911	898
911	951
911	965
911	980
911	990
912	37
912	291
912	329
912	391
912	432
912	452
912	461
912	535
912	550
912	575
912	584
912	682
912	718
912	747
912	782
912	808
912	864
912	888
912	920
912	940
912	960
912	991
912	992
913	93
913	245
913	269
913	434
913	475
913	487
913	498
913	530
913	615
913	634
913	656
913	744
913	753
913	793
913	813
913	880
913	889
913	894
913	899
913	914
913	923
913	966
913	998
914	84
914	172
914	176
914	280
914	281
914	334
914	434
914	555
914	563
914	609
914	728
914	793
914	794
914	812
914	813
914	870
914	910
914	913
914	937
914	950
914	962
914	974
914	992
915	211
915	293
915	304
915	414
915	522
915	640
915	678
915	750
915	758
915	810
915	838
915	841
915	856
915	873
915	874
915	883
915	909
915	916
915	922
915	936
915	941
915	953
915	970
916	21
916	110
916	197
916	198
916	246
916	252
916	469
916	530
916	706
916	775
916	801
916	828
916	861
916	867
916	880
916	915
916	919
916	923
916	950
916	962
916	966
916	969
916	977
917	106
917	280
917	410
917	427
917	431
917	439
917	572
917	589
917	591
917	654
917	672
917	697
917	715
917	727
917	755
917	789
917	802
917	829
917	905
917	929
917	939
917	978
917	990
918	15
918	94
918	111
918	159
918	177
918	316
918	429
918	451
918	557
918	596
918	716
918	787
918	844
918	862
918	882
918	891
918	896
918	905
918	947
918	948
918	962
918	988
918	997
919	7
919	24
919	232
919	252
919	288
919	334
919	546
919	557
919	579
919	744
919	775
919	793
919	803
919	813
919	861
919	880
919	907
919	916
919	941
919	955
919	962
919	974
919	979
920	103
920	174
920	182
920	301
920	339
920	417
920	491
920	531
920	595
920	608
920	623
920	627
920	644
920	668
920	736
920	746
920	872
920	897
920	912
920	954
920	961
920	985
920	988
920	993
921	92
921	132
921	259
921	492
921	621
921	624
921	699
921	725
921	735
921	765
921	806
921	826
921	827
921	855
921	868
921	873
921	878
921	879
921	892
921	932
921	963
921	964
921	998
921	999
922	30
922	99
922	114
922	121
922	226
922	229
922	258
922	367
922	573
922	602
922	621
922	627
922	639
922	671
922	758
922	763
922	818
922	846
922	858
922	915
922	955
922	968
922	969
922	977
923	17
923	42
923	44
923	165
923	257
923	400
923	412
923	463
923	476
923	565
923	636
923	657
923	698
923	744
923	835
923	893
923	898
923	913
923	916
923	934
923	950
923	962
923	966
923	974
924	39
924	157
924	174
924	254
924	503
924	533
924	547
924	578
924	685
924	689
924	694
924	695
924	707
924	751
924	757
924	776
924	788
924	791
924	817
924	839
924	866
924	890
924	948
924	973
924	990
925	135
925	246
925	286
925	288
925	330
925	514
925	539
925	659
925	670
925	772
925	830
925	847
925	877
925	908
925	930
925	934
925	937
925	938
925	941
925	944
925	946
925	953
925	958
925	990
925	994
926	134
926	254
926	262
926	337
926	379
926	472
926	483
926	494
926	613
926	666
926	699
926	728
926	771
926	790
926	798
926	800
926	803
926	815
926	878
926	952
926	990
926	993
926	995
926	997
926	998
926	999
927	51
927	123
927	272
927	287
927	322
927	355
927	377
927	622
927	623
927	625
927	752
927	757
927	770
927	774
927	781
927	786
927	816
927	840
927	870
927	874
927	884
927	909
927	936
927	941
927	970
927	972
928	21
928	61
928	125
928	306
928	525
928	536
928	561
928	601
928	603
928	620
928	627
928	677
928	771
928	790
928	796
928	800
928	811
928	845
928	859
928	876
928	903
928	959
928	967
928	986
928	991
928	998
929	100
929	195
929	231
929	268
929	314
929	427
929	431
929	439
929	511
929	538
929	572
929	591
929	624
929	672
929	686
929	721
929	727
929	755
929	761
929	763
929	802
929	852
929	870
929	917
929	936
929	939
929	971
930	60
930	333
930	340
930	352
930	404
930	469
930	508
930	539
930	582
930	646
930	654
930	659
930	707
930	759
930	822
930	831
930	869
930	900
930	925
930	937
930	938
930	944
930	958
930	965
930	984
930	994
930	1000
931	101
931	142
931	224
931	262
931	338
931	406
931	422
931	516
931	613
931	621
931	683
931	751
931	759
931	815
931	817
931	826
931	831
931	873
931	902
931	932
931	964
931	978
931	991
931	995
931	997
931	998
931	999
932	67
932	98
932	142
932	270
932	345
932	392
932	527
932	668
932	702
932	715
932	731
932	790
932	849
932	857
932	873
932	884
932	885
932	893
932	902
932	908
932	921
932	931
932	956
932	992
932	995
932	996
932	999
933	70
933	101
933	147
933	219
933	265
933	296
933	353
933	432
933	463
933	533
933	604
933	614
933	655
933	700
933	718
933	723
933	823
933	828
933	833
933	875
933	888
933	949
933	977
933	982
933	988
933	991
933	992
934	32
934	231
934	234
934	249
934	350
934	403
934	505
934	525
934	528
934	538
934	561
934	666
934	737
934	739
934	771
934	796
934	800
934	876
934	877
934	900
934	902
934	906
934	923
934	925
934	946
934	976
934	980
934	993
935	9
935	41
935	49
935	137
935	139
935	186
935	260
935	290
935	324
935	373
935	449
935	459
935	462
935	501
935	553
935	554
935	701
935	702
935	796
935	845
935	853
935	889
935	893
935	940
935	956
935	958
935	963
935	983
936	211
936	227
936	251
936	344
936	347
936	358
936	450
936	477
936	563
936	574
936	594
936	638
936	688
936	691
936	750
936	807
936	816
936	838
936	854
936	858
936	859
936	878
936	909
936	915
936	927
936	929
936	941
936	966
937	51
937	190
937	250
937	408
937	451
937	521
937	543
937	639
937	646
937	651
937	654
937	749
937	772
937	806
937	827
937	888
937	900
937	914
937	925
937	930
937	938
937	958
937	963
937	965
937	972
937	979
937	987
937	994
938	38
938	61
938	136
938	401
938	408
938	568
938	580
938	582
938	635
938	651
938	707
938	721
938	738
938	772
938	806
938	843
938	847
938	877
938	886
938	900
938	925
938	930
938	937
938	957
938	963
938	965
938	979
938	987
939	106
939	200
939	250
939	427
939	431
939	465
939	478
939	511
939	544
939	572
939	589
939	603
939	660
939	672
939	686
939	727
939	728
939	755
939	761
939	778
939	789
939	802
939	806
939	821
939	870
939	917
939	929
939	963
940	91
940	113
940	120
940	167
940	184
940	194
940	361
940	467
940	523
940	527
940	532
940	642
940	662
940	700
940	709
940	726
940	734
940	803
940	811
940	815
940	827
940	834
940	889
940	904
940	912
940	935
940	983
940	996
941	64
941	152
941	187
941	231
941	234
941	251
941	264
941	411
941	496
941	528
941	574
941	640
941	678
941	691
941	758
941	786
941	807
941	848
941	859
941	868
941	910
941	915
941	919
941	925
941	927
941	936
941	947
941	970
942	103
942	104
942	122
942	260
942	440
942	444
942	445
942	548
942	580
942	587
942	644
942	647
942	714
942	735
942	741
942	779
942	784
942	799
942	816
942	823
942	825
942	829
942	849
942	860
942	904
942	953
942	984
942	999
942	1000
943	38
943	62
943	63
943	149
943	241
943	299
943	309
943	351
943	396
943	436
943	460
943	481
943	482
943	569
943	570
943	592
943	687
943	709
943	711
943	767
943	777
943	849
943	895
943	904
943	944
943	955
943	956
943	966
943	979
944	34
944	70
944	169
944	170
944	279
944	298
944	468
944	606
944	607
944	614
944	665
944	698
944	711
944	740
944	773
944	792
944	814
944	881
944	892
944	907
944	909
944	925
944	930
944	943
944	945
944	965
944	976
944	977
944	997
945	66
945	70
945	205
945	213
945	318
945	551
945	600
945	607
945	665
945	704
945	712
945	759
945	769
945	770
945	802
945	809
945	812
945	814
945	847
945	857
945	881
945	892
945	907
945	944
945	952
945	977
945	981
945	982
945	997
946	90
946	203
946	234
946	651
946	673
946	693
946	704
946	709
946	717
946	737
946	796
946	859
946	871
946	873
946	877
946	893
946	900
946	903
946	925
946	934
946	949
946	958
946	965
946	966
946	979
946	981
946	986
946	987
946	994
946	997
947	34
947	71
947	94
947	130
947	159
947	185
947	216
947	316
947	331
947	354
947	386
947	424
947	446
947	596
947	707
947	787
947	808
947	817
947	837
947	844
947	862
947	877
947	882
947	891
947	896
947	905
947	918
947	941
947	952
947	997
948	363
948	386
948	484
948	577
948	578
948	592
948	629
948	633
948	636
948	667
948	691
948	695
948	696
948	742
948	747
948	751
948	757
948	776
948	780
948	791
948	817
948	829
948	832
948	839
948	843
948	866
948	918
948	924
948	963
948	973
948	990
949	191
949	228
949	294
949	452
949	459
949	495
949	526
949	535
949	617
949	655
949	669
949	718
949	719
949	821
949	823
949	824
949	862
949	863
949	864
949	872
949	891
949	903
949	909
949	933
949	946
949	954
949	960
949	982
949	988
949	991
949	992
950	24
950	42
950	176
950	246
950	286
950	412
950	418
950	449
950	501
950	512
950	555
950	656
950	706
950	739
950	744
950	775
950	794
950	812
950	813
950	850
950	879
950	880
950	890
950	914
950	916
950	923
950	952
950	958
950	962
950	974
950	976
951	26
951	189
951	208
951	256
951	366
951	387
951	447
951	470
951	516
951	533
951	538
951	630
951	636
951	642
951	647
951	664
951	692
951	810
951	814
951	822
951	833
951	845
951	875
951	883
951	893
951	894
951	898
951	911
951	953
951	980
951	997
952	82
952	296
952	325
952	343
952	433
952	453
952	516
952	550
952	608
952	609
952	627
952	648
952	649
952	668
952	753
952	803
952	812
952	820
952	861
952	880
952	881
952	885
952	897
952	926
952	945
952	947
952	950
952	962
952	974
952	981
952	985
953	102
953	122
953	173
953	243
953	295
953	330
953	356
953	405
953	417
953	444
953	524
953	548
953	554
953	580
953	587
953	588
953	644
953	705
953	713
953	735
953	800
953	829
953	842
953	904
953	915
953	925
953	942
953	951
953	981
953	984
953	991
953	1000
954	78
954	185
954	228
954	232
954	307
954	385
954	422
954	438
954	517
954	531
954	541
954	603
954	618
954	688
954	699
954	703
954	729
954	731
954	732
954	768
954	785
954	824
954	846
954	871
954	872
954	920
954	949
954	957
954	961
954	981
954	985
954	988
955	6
955	72
955	76
955	138
955	155
955	258
955	362
955	378
955	391
955	435
955	519
955	602
955	605
955	633
955	639
955	661
955	667
955	675
955	684
955	763
955	781
955	793
955	818
955	837
955	854
955	858
955	890
955	909
955	919
955	922
955	943
955	969
956	202
956	313
956	330
956	373
956	383
956	386
956	416
956	462
956	531
956	550
956	599
956	628
956	675
956	679
956	702
956	762
956	766
956	770
956	804
956	818
956	828
956	834
956	844
956	884
956	889
956	932
956	935
956	943
956	962
956	983
956	990
956	996
957	74
957	197
957	293
957	336
957	367
957	394
957	412
957	414
957	501
957	508
957	556
957	563
957	584
957	640
957	678
957	688
957	708
957	725
957	750
957	752
957	795
957	848
957	863
957	870
957	874
957	888
957	897
957	909
957	938
957	954
957	970
957	996
958	23
958	33
958	46
958	90
958	163
958	371
958	471
958	539
958	545
958	552
958	575
958	582
958	610
958	707
958	721
958	724
958	738
958	798
958	842
958	879
958	900
958	925
958	930
958	935
958	937
958	946
958	950
958	963
958	965
958	979
958	983
958	987
959	10
959	33
959	158
959	182
959	204
959	334
959	343
959	370
959	401
959	438
959	492
959	497
959	534
959	537
959	557
959	574
959	583
959	585
959	637
959	648
959	674
959	676
959	797
959	826
959	846
959	871
959	885
959	897
959	928
959	981
959	985
959	991
959	995
960	147
960	160
960	214
960	215
960	247
960	265
960	276
960	293
960	294
960	364
960	535
960	575
960	624
960	655
960	673
960	696
960	723
960	788
960	792
960	821
960	828
960	862
960	863
960	884
960	887
960	912
960	949
960	971
960	982
960	988
960	991
960	992
960	993
961	48
961	80
961	144
961	217
961	328
961	430
961	438
961	497
961	504
961	535
961	557
961	595
961	618
961	624
961	630
961	676
961	731
961	768
961	785
961	787
961	853
961	863
961	871
961	872
961	885
961	905
961	920
961	954
961	968
961	969
961	981
961	985
961	989
962	14
962	116
962	168
962	234
962	257
962	307
962	319
962	530
962	555
962	579
962	587
962	634
962	689
962	715
962	716
962	744
962	746
962	763
962	788
962	812
962	820
962	880
962	914
962	916
962	918
962	919
962	923
962	950
962	952
962	956
962	966
962	986
962	987
963	61
963	154
963	187
963	221
963	383
963	414
963	652
963	668
963	681
963	700
963	724
963	726
963	734
963	759
963	760
963	762
963	803
963	869
963	893
963	900
963	902
963	906
963	921
963	935
963	937
963	938
963	939
963	948
963	958
963	965
963	972
963	983
963	994
964	163
964	235
964	278
964	376
964	478
964	491
964	524
964	546
964	590
964	613
964	634
964	649
964	663
964	694
964	699
964	710
964	737
964	750
964	790
964	815
964	827
964	830
964	831
964	855
964	867
964	868
964	878
964	921
964	931
964	978
964	994
964	995
964	998
964	999
965	78
965	135
965	163
965	372
965	507
965	514
965	578
965	589
965	651
965	670
965	681
965	724
965	728
965	738
965	772
965	783
965	806
965	847
965	856
965	866
965	871
965	877
965	911
965	930
965	937
965	938
965	944
965	946
965	958
965	963
965	975
965	979
965	987
965	994
966	19
966	79
966	126
966	212
966	246
966	289
966	390
966	400
966	463
966	464
966	487
966	498
966	536
966	566
966	579
966	609
966	615
966	744
966	746
966	783
966	813
966	820
966	861
966	880
966	899
966	913
966	916
966	923
966	936
966	943
966	946
966	962
966	974
966	993
967	7
967	133
967	245
967	247
967	311
967	329
967	337
967	505
967	522
967	545
967	618
967	657
967	664
967	690
967	693
967	717
967	720
967	777
967	798
967	812
967	826
967	841
967	854
967	876
967	877
967	887
967	891
967	903
967	906
967	928
967	976
967	986
967	995
967	999
968	4
968	6
968	23
968	58
968	108
968	226
968	249
968	317
968	332
968	388
968	419
968	436
968	445
968	493
968	520
968	565
968	573
968	588
968	602
968	667
968	675
968	689
968	763
968	774
968	781
968	799
968	837
968	890
968	922
968	961
968	969
968	981
968	983
968	985
969	6
969	13
969	30
969	56
969	58
969	114
969	140
969	158
969	181
969	184
969	206
969	323
969	360
969	374
969	388
969	435
969	445
969	472
969	602
969	651
969	667
969	671
969	763
969	778
969	789
969	799
969	818
969	875
969	916
969	922
969	955
969	961
969	968
969	982
969	997
970	4
970	9
970	43
970	121
970	141
970	187
970	251
970	272
970	322
970	494
970	563
970	590
970	678
970	680
970	696
970	752
970	758
970	770
970	784
970	786
970	807
970	816
970	823
970	826
970	834
970	842
970	847
970	848
970	905
970	915
970	927
970	941
970	957
970	998
970	1000
971	29
971	75
971	130
971	151
971	219
971	265
971	291
971	296
971	411
971	474
971	475
971	496
971	567
971	612
971	619
971	645
971	653
971	655
971	682
971	705
971	718
971	723
971	743
971	788
971	808
971	824
971	852
971	861
971	887
971	929
971	960
971	976
971	980
971	988
971	992
972	31
972	61
972	190
972	207
972	331
972	361
972	371
972	389
972	401
972	404
972	451
972	485
972	539
972	545
972	547
972	549
972	622
972	632
972	646
972	670
972	678
972	681
972	721
972	738
972	806
972	828
972	847
972	877
972	908
972	927
972	937
972	963
972	979
972	987
972	994
972	1000
973	5
973	10
973	193
973	240
973	253
973	254
973	288
973	298
973	450
973	503
973	510
973	537
973	573
973	577
973	593
973	626
973	636
973	659
973	710
973	722
973	747
973	751
973	757
973	776
973	780
973	817
973	839
973	847
973	850
973	866
973	924
973	948
973	976
973	983
973	988
973	990
974	19
974	110
974	168
974	192
974	210
974	232
974	302
974	323
974	328
974	364
974	390
974	395
974	512
974	516
974	521
974	562
974	625
974	638
974	658
974	716
974	736
974	744
974	775
974	793
974	801
974	812
974	813
974	836
974	899
974	905
974	914
974	919
974	923
974	950
974	952
974	966
974	997
975	2
975	53
975	58
975	86
975	113
975	131
975	137
975	153
975	171
975	223
975	302
975	359
975	413
975	415
975	452
975	454
975	456
975	460
975	495
975	511
975	556
975	560
975	567
975	568
975	632
975	660
975	679
975	733
975	749
975	773
975	783
975	794
975	851
975	871
975	910
975	965
975	989
975	990
976	32
976	283
976	311
976	312
976	387
976	443
976	472
976	473
976	490
976	522
976	549
976	614
976	620
976	643
976	650
976	677
976	717
976	737
976	752
976	771
976	777
976	800
976	811
976	821
976	824
976	832
976	836
976	854
976	858
976	903
976	906
976	934
976	944
976	950
976	967
976	971
976	973
976	981
976	993
977	66
977	155
977	170
977	178
977	205
977	237
977	279
977	306
977	318
977	426
977	468
977	532
977	551
977	600
977	606
977	607
977	614
977	680
977	712
977	722
977	729
977	770
977	773
977	809
977	814
977	825
977	842
977	857
977	864
977	892
977	907
977	916
977	922
977	933
977	944
977	945
977	980
977	986
977	997
978	112
978	235
978	275
978	309
978	338
978	356
978	372
978	381
978	479
978	483
978	516
978	540
978	542
978	562
978	584
978	586
978	661
978	694
978	699
978	739
978	747
978	765
978	815
978	821
978	826
978	831
978	855
978	873
978	878
978	886
978	889
978	902
978	917
978	931
978	964
978	990
978	995
978	998
978	999
979	46
979	150
979	160
979	164
979	221
979	270
979	286
979	300
979	330
979	471
979	485
979	579
979	605
979	646
979	651
979	654
979	660
979	670
979	704
979	707
979	728
979	738
979	772
979	781
979	806
979	831
979	833
979	836
979	847
979	908
979	919
979	937
979	938
979	943
979	946
979	958
979	965
979	972
979	994
980	14
980	26
980	161
980	208
980	256
980	283
980	350
980	366
980	387
980	394
980	470
980	488
980	529
980	533
980	559
980	597
980	642
980	647
980	650
980	663
980	676
980	692
980	714
980	769
980	822
980	845
980	857
980	875
980	882
980	883
980	894
980	896
980	898
980	902
980	911
980	934
980	951
980	971
980	977
980	994
981	65
981	73
981	201
981	223
981	305
981	411
981	531
981	534
981	541
981	583
981	603
981	608
981	622
981	627
981	637
981	676
981	695
981	722
981	729
981	732
981	736
981	740
981	768
981	769
981	785
981	817
981	819
981	853
981	867
981	871
981	882
981	945
981	946
981	952
981	953
981	954
981	959
981	961
981	968
981	976
981	985
982	34
982	42
982	146
982	147
982	151
982	165
982	236
982	272
982	296
982	405
982	410
982	447
982	461
982	489
982	497
982	535
982	557
982	562
982	599
982	617
982	647
982	649
982	682
982	718
982	719
982	723
982	782
982	788
982	823
982	824
982	863
982	878
982	881
982	887
982	933
982	945
982	949
982	960
982	969
982	988
982	992
983	95
983	120
983	128
983	194
983	242
983	290
983	345
983	357
983	386
983	433
983	448
983	532
983	549
983	550
983	561
983	571
983	597
983	613
983	628
983	661
983	668
983	701
983	703
983	752
983	756
983	831
983	834
983	845
983	884
983	886
983	893
983	935
983	940
983	956
983	958
983	963
983	968
983	973
983	985
983	996
983	998
984	102
984	127
984	151
984	188
984	197
984	295
984	346
984	348
984	356
984	357
984	405
984	417
984	440
984	457
984	540
984	548
984	580
984	587
984	588
984	609
984	618
984	626
984	644
984	665
984	675
984	705
984	713
984	714
984	735
984	741
984	784
984	789
984	825
984	830
984	846
984	860
984	893
984	904
984	930
984	942
984	953
984	1000
985	55
985	96
985	144
985	185
985	273
985	384
985	385
985	413
985	422
985	531
985	541
985	572
985	608
985	624
985	649
985	676
985	683
985	685
985	732
985	736
985	740
985	768
985	785
985	819
985	842
985	851
985	859
985	871
985	872
985	880
985	885
985	897
985	920
985	952
985	954
985	959
985	961
985	968
985	981
985	983
985	996
985	1000
986	69
986	77
986	171
986	210
986	229
986	247
986	276
986	306
986	365
986	402
986	406
986	464
986	489
986	505
986	536
986	538
986	549
986	564
986	577
986	611
986	613
986	643
986	657
986	709
986	737
986	739
986	790
986	795
986	798
986	800
986	804
986	809
986	825
986	836
986	841
986	903
986	928
986	946
986	962
986	967
986	977
986	997
987	84
987	132
987	164
987	221
987	250
987	274
987	285
987	340
987	347
987	352
987	377
987	389
987	404
987	408
987	485
987	576
987	582
987	601
987	625
987	646
987	650
987	659
987	670
987	674
987	704
987	721
987	724
987	738
987	772
987	797
987	806
987	833
987	847
987	852
987	908
987	937
987	938
987	946
987	958
987	962
987	965
987	972
987	994
988	3
988	83
988	93
988	100
988	161
988	191
988	215
988	228
988	296
988	353
988	364
988	425
988	427
988	526
988	543
988	617
988	647
988	682
988	696
988	719
988	779
988	788
988	821
988	823
988	824
988	836
988	861
988	862
988	863
988	879
988	887
988	888
988	918
988	920
988	933
988	949
988	954
988	960
988	971
988	973
988	982
988	990
988	991
989	16
989	35
989	72
989	85
989	97
989	111
989	149
989	152
989	166
989	173
989	183
989	203
989	222
989	233
989	267
989	318
989	398
989	428
989	441
989	455
989	480
989	500
989	515
989	566
989	601
989	661
989	662
989	730
989	734
989	748
989	754
989	850
989	856
989	859
989	860
989	861
989	862
989	864
989	869
989	888
989	901
989	906
989	961
989	975
990	5
990	39
990	50
990	92
990	196
990	227
990	235
990	253
990	254
990	319
990	347
990	363
990	386
990	484
990	537
990	539
990	577
990	578
990	593
990	629
990	636
990	669
990	678
990	685
990	710
990	747
990	754
990	757
990	776
990	780
990	791
990	827
990	839
990	866
990	911
990	917
990	924
990	925
990	926
990	948
990	956
990	973
990	975
990	978
990	988
991	18
991	54
991	75
991	96
991	100
991	134
991	146
991	154
991	188
991	375
991	421
991	425
991	461
991	475
991	536
991	617
991	619
991	653
991	655
991	719
991	782
991	788
991	793
991	795
991	808
991	821
991	823
991	828
991	841
991	846
991	863
991	879
991	888
991	889
991	912
991	928
991	931
991	933
991	949
991	953
991	959
991	960
991	988
991	992
991	999
992	27
992	73
992	75
992	83
992	99
992	183
992	206
992	253
992	420
992	425
992	466
992	474
992	496
992	518
992	535
992	573
992	575
992	586
992	617
992	619
992	645
992	653
992	655
992	682
992	698
992	718
992	723
992	759
992	782
992	788
992	808
992	863
992	869
992	879
992	888
992	898
992	912
992	914
992	932
992	933
992	949
992	960
992	971
992	982
992	991
993	54
993	59
993	81
993	136
993	182
993	248
993	312
993	344
993	348
993	362
993	393
993	472
993	489
993	520
993	585
993	611
993	616
993	620
993	637
993	657
993	673
993	690
993	693
993	717
993	720
993	758
993	790
993	798
993	811
993	819
993	827
993	832
993	833
993	836
993	841
993	843
993	858
993	877
993	906
993	920
993	926
993	934
993	960
993	966
993	976
994	135
994	146
994	201
994	207
994	239
994	250
994	266
994	285
994	302
994	340
994	352
994	389
994	451
994	469
994	471
994	485
994	510
994	576
994	581
994	582
994	652
994	659
994	707
994	721
994	724
994	759
994	775
994	806
994	823
994	847
994	884
994	887
994	900
994	908
994	925
994	930
994	937
994	946
994	963
994	964
994	965
994	972
994	979
994	980
994	987
994	998
995	28
995	52
995	117
995	124
995	204
995	224
995	235
995	259
995	261
995	262
995	381
995	392
995	458
995	478
995	504
995	542
995	544
995	590
995	614
995	624
995	661
995	666
995	708
995	710
995	724
995	751
995	799
995	800
995	815
995	826
995	827
995	831
995	855
995	867
995	868
995	873
995	878
995	902
995	926
995	931
995	932
995	959
995	964
995	967
995	978
995	998
995	999
996	49
996	98
996	116
996	120
996	128
996	133
996	186
996	242
996	266
996	313
996	324
996	330
996	361
996	373
996	416
996	425
996	428
996	453
996	464
996	513
996	518
996	527
996	553
996	554
996	599
996	628
996	629
996	652
996	654
996	668
996	697
996	700
996	702
996	726
996	762
996	787
996	818
996	852
996	867
996	872
996	886
996	889
996	932
996	940
996	956
996	957
996	983
996	985
997	15
997	76
997	94
997	130
997	213
997	216
997	331
997	429
997	446
997	453
997	475
997	551
997	596
997	600
997	606
997	607
997	643
997	680
997	682
997	698
997	712
997	722
997	744
997	766
997	773
997	787
997	792
997	809
997	844
997	853
997	862
997	881
997	882
997	891
997	892
997	896
997	905
997	918
997	926
997	931
997	944
997	945
997	946
997	947
997	951
997	969
997	974
997	977
997	986
998	28
998	67
998	109
998	112
998	124
998	126
998	169
998	221
998	238
998	275
998	278
998	327
998	338
998	361
998	381
998	392
998	458
998	483
998	586
998	613
998	629
998	643
998	661
998	699
998	730
998	751
998	826
998	827
998	830
998	831
998	846
998	855
998	867
998	868
998	873
998	878
998	885
998	913
998	921
998	926
998	928
998	931
998	964
998	970
998	978
998	983
998	994
998	995
998	999
999	3
999	28
999	92
999	126
999	132
999	157
999	213
999	218
999	238
999	259
999	270
999	271
999	376
999	381
999	383
999	457
999	461
999	479
999	483
999	524
999	542
999	586
999	590
999	621
999	681
999	733
999	765
999	815
999	818
999	826
999	827
999	830
999	849
999	855
999	868
999	873
999	902
999	921
999	926
999	931
999	932
999	942
999	964
999	967
999	978
999	991
999	995
999	998
999	1000
1000	33
1000	60
1000	102
1000	104
1000	115
1000	117
1000	200
1000	243
1000	284
1000	295
1000	304
1000	346
1000	356
1000	357
1000	389
1000	405
1000	407
1000	421
1000	440
1000	444
1000	457
1000	499
1000	540
1000	548
1000	580
1000	587
1000	618
1000	644
1000	705
1000	713
1000	735
1000	741
1000	768
1000	784
1000	813
1000	825
1000	829
1000	830
1000	865
1000	886
1000	891
1000	904
1000	930
1000	942
1000	953
1000	970
1000	972
1000	984
1000	985
1000	999
