100 134 136 144 152 177 182 193 206 213 247 255 270 274 294 299 300 312 314 316 32 336 339 366 429 480 495 503 541 55 566 573 575 598 606 61 624 631 648 66 662 673 674 682 692 700 705 728 738 741 746 752 767 768 769 771 779 789 795 797 809 822 825 837 919 934 940 941 954 971 987 
110 166 261 263 264 278 304 315 326 338 347 352 356 383 407 438 517 556 565 575 591 606 614 631 638 655 692 695 703 710 712 716 728 730 78 799 810 829 836 848 870 889 899 947 973 981 992 998
1000 139 144 163 171 184 235 247 261 277 282 30 320 350 355 357 358 370 379 381 466 508 514 54 547 552 554 558 617 619 632 678 683 684 702 722 761 790 800 840 856 884 90 900 914 926 951 954 959 974 982
142 152 154 16 201 205 206 22 280 291 315 323 331 368 37 402 436 453 485 487 550 591 65 669 676 677 739 741 742 750 767 785 855 930
148 153 180 191 218 290 309 427 482 50 566 593 647 752 775 855 872 873 876 887 894 929 935 991
1 10 105 11 115 136 138 147 149 150 186 188 189 20 203 206 248 253 283 297 305 307 315 321 326 356 363 367 373 386 392 417 435 441 445 458 462 463 467 472 474 482 495 496 50 505 515 52 537 545 549 552 579 589 591 599 610 650 660 668 670 671 685 686 69 714 715 723 729 740 750 765 787 796 804 821 830 831 838 851 852 864 895 898 900 911 916 920 925 943 973 976 996
105 118 119 12 135 141 154 177 183 233 241 258 264 269 279 287 288 290 291 292 305 341 348 350 354 360 370 379 38 382 386 406 41 415 416 424 428 445 484 492 497 502 507 512 523 532 535 54 551 556 582 585 598 599 606 624 640 661 662 678 684 700 719 722 742 745 748 757 760 777 783 8 80 840 865 869 87 873 876 88 884 89 912 920 925 938 943 953 957 96 971 972
102 104 213 253 258 275 331 38 407 437 486 489 492 616 642 739 742 747 762 821 831 854 862 866 880 884 976
104 112 12 175 238 239 256 271 280 299 36 367 377 41 42 457 471 478 483 514 540 541 561 593 607 664 67 687 69 733 744 752 819 82 828 837 910 952 959 983
1 14 19 221 288 324 380 448 473 53 562 584 612 672 693 715 725 730 780 784 796 895 945 951 966 985 999
100 139 180 189 219 234 243 247 258 262 270 285 290 306 314 33 336 349 373 379 399 401 410 423 450 463 474 492 526 533 535 541 562 587 6 61 62 659 678 705 708 712 718 719 735 757 778 784 795 833 870 872 893 90 929 937 946 948 96 978 996
1000 113 148 166 17 173 193 212 213 229 264 28 286 300 310 313 316 342 346 349 350 364 370 372 385 389 392 396 398 40 401 404 409 418 435 445 454 457 462 468 470 495 502 511 549 554 558 565 572 579 591 596 607 648 658 681 689 712 716 725 754 755 757 767 799 802 811 812 813 816 826 830 832 840 85 863 885 906 908 916 92 920 927 928 949 962 972 976 987 988 989
188 213 219 22 228 268 3 304 306 314 381 416 430 547 583 607 614 628 697 711 76 784 814 84 871 901 949
101 111 114 131 141 157 178 189 204 205 221 224 238 261 265 279 283 286 31 310 322 341 343 355 388 391 393 394 396 397 398 407 433 471 480 481 485 491 498 50 502 514 523 544 552 56 567 589 597 616 617 629 652 672 685 692 726 749 75 750 751 755 757 768 787 80 811 816 828 839 844 848 85 858 859 863 868 87 876 880 899 900 902 908 913 925 977 994 995
114 12 124 127 135 176 181 192 208 212 217 224 276 28 280 291 320 321 357 361 374 396 411 412 435 444 453 468 481 485 511 513 529 543 544 548 551 558 559 568 57 597 599 603 604 606 61 62 620 624 627 650 653 658 666 673 68 680 691 7 717 722 727 732 76 775 789 811 813 82 827 839 845 846 856 868 873 877 887 899 90 907 912 913 940 945 947 949 972 989 990 998
175 178 193 239 240 267 310 371 384 396 41 416 47 480 481 510 511 514 540 562 623 669 686 747 811 892 895 909 91 996
135 175 181 196 223 225 315 327 351 353 391 414 479 506 509 549 566 567 574 640 7 729 753 763 782 79 831 835 881 887 890 901 950 959
110 117 124 149 164 165 177 180 182 186 195 201 203 205 212 229 231 238 259 262 265 273 282 288 30 308 321 323 337 35 351 356 359 362 365 38 384 391 395 397 417 422 431 433 436 442 446 465 483 5 50 501 503 508 521 527 528 529 532 555 557 56 565 575 58 60 605 613 667 695 718 740 743 747 756 77 816 828 830 849 85 856 872 875 879 901 92 920 934 962 978 986 991 995 999
100 125 127 133 148 152 162 163 185 204 208 22 251 263 272 283 287 29 291 296 299 33 331 345 407 413 414 46 463 465 475 484 49 5 518 536 552 554 583 586 588 639 65 650 662 705 738 760 781 804 818 855 87 874 892 898 947 956 971 973 976 985
123 195 207 211 27 307 316 320 349 351 392 421 429 469 488 597 618 622 639 676 710 756 759 776 790 810 815 82 867 870 876 901 911 936 953 987
104 109 120 123 124 126 13 154 155 158 187 192 201 209 21 230 235 248 25 293 299 305 306 318 322 328 334 336 339 342 346 369 373 402 416 422 435 444 446 453 457 462 483 484 490 498 508 511 548 554 579 593 597 621 639 673 679 695 743 761 764 768 802 808 813 832 843 849 853 885 892 912 913 915 923 924 953 966 969 975 989 993
117 127 129 173 190 223 235 244 263 265 293 296 300 303 339 340 350 361 362 368 390 400 430 436 444 479 555 56 569 604 61 611 617 622 667 669 671 677 687 693 699 730 739 747 748 770 781 786 790 871 891 930 964
135 143 144 177 199 206 224 227 278 300 324 325 335 344 365 371 398 408 482 49 52 567 592 653 683 692 696 786 803 806 845 859 881 916 955 957 96 990
114 119 190 208 243 256 286 324 376 39 405 418 47 474 49 509 52 645 686 736 861 888 911 935 938
100 103 125 140 146 15 158 159 173 175 181 198 200 220 236 248 258 278 296 304 314 332 340 342 346 357 371 375 39 40 419 422 430 443 447 484 492 509 52 524 529 544 545 547 567 571 637 64 653 656 66 706 725 732 734 735 842 854 859 868 883 890 893 895 899 911 915 927 929 945 954 965
104 110 117 140 148 153 185 204 21 217 218 23 243 246 249 275 28 30 305 308 316 333 342 362 386 418 42 432 444 447 450 454 462 465 479 481 491 545 550 551 555 566 580 585 593 600 615 629 667 669 688 704 715 72 735 738 742 76 760 764 773 803 823 832 843 867 872 881 890 900 930 934 943 957 973 999
105 131 164 173 189 207 212 225 251 256 257 277 278 308 31 454 455 502 517 522 569 57 629 641 706 719 722 739 741 743 746 775 783 796 824 881 885 90 930 934 97
110 112 122 124 159 161 169 178 182 190 191 203 21 216 218 219 220 222 233 272 275 282 286 295 302 319 330 354 392 393 40 410 414 433 434 449 451 464 471 479 516 524 532 545 556 627 646 676 721 725 729 756 760 777 786 789 79 797 806 824 829 83 840 86 863 879 904 938 962 967 969 97 975 998 999
11 119 125 151 201 217 229 242 268 270 295 306 317 318 323 361 39 401 41 441 452 454 47 480 5 524 535 546 563 574 575 576 595 598 611 635 65 653 687 705 712 715 727 732 754 775 792 794 795 802 823 824 826 829 87 880 890 897 905 93 954 975 978 985 989 990
127 132 164 186 225 320 340 354 378 381 547 583 607 616 673 82 871 915 947 99
158 181 191 194 202 204 221 229 243 251 277 296 318 331 356 360 365 370 384 415 450 459 461 467 471 475 495 528 539 540 544 616 625 640 648 67 676 684 695 699 713 718 74 78 79 817 903 924 931 935 94 943 961 988 997
108 145 159 166 178 192 203 207 25 253 256 304 33 351 365 376 457 476 503 643 658 66 682 706 730 752 758 759 764 788 79 803 810 814 820 908 957 991
1 123 133 136 137 140 167 182 220 225 233 239 245 281 295 332 341 346 367 37 420 421 427 45 456 460 467 475 485 493 494 513 517 550 563 569 578 585 603 608 614 62 622 629 633 638 639 682 69 690 7 700 701 71 72 743 787 797 798 803 804 805 806 825 833 841 843 849 859 861 871 879 9 917 924 93 935 939 949 958 959 968 969 984
11 112 131 139 14 140 155 160 18 2 231 247 252 253 287 290 307 310 329 336 339 34 353 360 386 39 418 421 429 446 520 527 548 55 550 551 564 580 598 601 604 627 631 633 634 681 72 729 756 761 783 80 824 832 843 847 850 855 862 892 903 904 908 922 923 925 933 942 944 95 950 97 975 98 987 990 991 998
133 144 147 179 188 214 235 284 293 318 38 401 44 441 472 490 520 530 54 569 574 580 604 609 626 640 65 66 661 698 710 750 782 787 799 80 802 814 823 831 862 879 915 951 970
154 156 186 270 30 352 369 398 427 468 491 504 565 611 7 718 777 78 791 834 880
101 107 133 136 147 158 179 185 205 207 217 238 261 264 268 275 283 287 301 323 326 340 341 352 373 40 414 43 430 433 441 47 472 474 477 498 5 513 531 55 560 580 590 627 630 631 648 651 661 662 67 672 675 682 687 693 700 716 746 755 764 767 776 78 797 81 813 816 825 839 845 848 854 860 862 863 868 878 884 904 912 92 924 93 940 96 97 971 978 979 985
105 14 149 153 155 168 193 215 24 25 262 289 349 371 379 393 403 415 426 439 500 513 525 527 535 56 562 589 594 650 69 73 754 776 781 782 790 826 837 839 93 980 995
125 128 149 250 265 266 268 397 402 415 42 475 51 54 553 555 622 681 694 710 740 768 776 799 806 826 845 849 857 867 886 898 904 913 972 988
101 114 163 170 195 210 233 26 263 279 298 353 402 417 447 520 529 540 563 59 599 617 657 672 707 720 728 804 821 833 882 887 893 903 921 927 962
11 123 14 141 153 155 172 179 195 218 223 262 361 429 446 490 499 519 577 633 658 677 683 711 777 784 873
174 190 254 321 322 353 355 368 384 391 410 447 465 468 503 534 563 57 589 603 624 654 671 685 727 735 755 782 789 833
1000 101 12 141 147 159 188 191 192 197 208 219 220 221 224 226 232 248 25 260 272 322 324 33 355 360 368 369 376 381 42 422 427 450 463 467 490 508 517 520 523 528 532 542 548 556 579 583 614 633 638 649 699 70 72 728 737 740 76 783 786 814 821 830 848 85 856 861 885 923 927 929 932 953 960 966
119 139 152 163 164 179 180 185 22 223 231 237 279 28 308 31 311 332 362 369 393 417 421 436 453 472 48 483 49 491 498 541 57 602 611 62 63 644 667 67 671 677 678 711 724 732 748 772 781 795 829 867 898 950
1 1000 116 117 130 131 166 231 239 251 272 280 282 293 352 357 367 37 387 4 410 482 523 524 527 528 549 55 570 585 603 638 661 683 686 699 706 716 719 727 731 741 754 759 761 766 801 828 837 870 893 903 916 918 92 923 938 945 950 951 963 969 995
112 121 21 295 307 31 332 354 37 440 445 538 693 738 759 774 796 807 810 825 854 966
106 277 288 326 376 397 425 509 558 574 581 636 663 665 681 684 685 709 711 746 748 793 823 861 896 940 988 996
