115 135 136 150 163 164 190 207 22 221 23 250 266 285 286 330 333 340 352 361 369 371 377 389 404 408 451 46 469 471 485 507 514 539 545 576 582 61 646 651 654 659 670 681 704 707 721 724 728 738 759 772 78 806 847 877 90 900 908 925 930 937 938 946 958 963 965 972 979 987 994 
1000 102 104 117 122 127 200 204 243 260 284 295 33 335 346 356 357 40 405 407 417 440 444 457 524 540 548 580 587 588 60 618 626 644 705 713 714 735 741 779 784 825 829 830 904 942 953 984
157 174 184 193 196 227 240 253 254 288 303 319 326 347 363 386 39 391 403 450 484 5 50 503 537 573 577 578 593 629 636 669 685 695 710 742 747 751 757 776 778 780 791 817 839 866 89 924 948 973 990
111 149 152 16 166 173 183 203 222 233 267 35 398 428 441 455 480 500 509 515 52 566 601 662 687 754 85 850 860 864 869 901 97 989
107 14 143 161 189 208 25 256 26 350 366 387 394 447 470 488 529 533 630 642 647 650 663 692 714 769 822 833 845 875 883 894 898 911 951 980
11 120 128 133 139 148 167 18 184 186 194 199 202 236 242 261 269 270 281 290 313 321 324 330 345 349 357 361 373 383 386 402 41 416 419 426 43 433 439 448 449 453 462 467 49 506 513 518 523 527 532 546 550 553 554 571 597 599 62 628 641 652 658 662 668 679 681 700 701 702 726 734 756 762 766 803 804 834 852 884 886 889 893 91 932 935 940 95 956 963 98 983 996
108 110 116 121 156 162 168 17 172 175 176 19 192 197 198 210 212 232 234 24 245 246 252 257 280 307 315 328 334 344 375 390 395 4 400 412 418 42 426 434 44 45 463 476 487 498 512 516 521 530 546 55 555 559 565 579 60 609 610 615 634 656 706 715 716 744 746 753 775 79 793 794 801 803 812 813 820 835 84 861 880 899 913 914 916 919 923 950 952 962 966 974
105 118 129 239 277 31 376 397 399 406 423 486 491 504 519 631 635 641 664 730 743 745 748 760 764 805 810
145 155 169 170 178 205 209 213 218 237 279 298 318 468 551 600 606 607 614 634 66 665 680 698 70 712 722 770 773 792 809 814 857 881 892 907 944 945 977 997
130 15 159 177 216 223 316 331 34 354 424 429 446 596 71 787 844 862 88 882 891 896 905 918 94 947 997
114 12 13 138 140 155 158 181 206 226 229 249 258 292 30 300 317 320 323 332 360 374 380 388 394 435 436 445 493 499 520 56 573 58 6 602 605 621 633 639 667 671 675 68 684 689 72 76 763 774 781 799 8 818 837 858 890 922 955 968 969
103 109 119 144 179 182 185 201 204 217 218 266 268 273 297 301 305 308 325 33 339 343 370 384 385 401 409 422 43 430 438 466 47 48 492 497 502 509 517 531 534 541 557 558 57 581 583 595 598 603 608 618 622 623 624 627 637 648 65 668 674 676 683 703 729 73 731 732 736 740 768 769 785 797 80 819 82 846 853 871 872 885 897 920 952 954 959 96 961 981 985
241 299 309 310 342 351 36 38 396 424 436 460 481 482 543 569 570 592 62 63 687 711 767 778 849 895 943
1 10 115 119 123 141 187 197 211 232 240 244 251 264 268 272 274 282 287 293 304 315 322 336 355 358 367 378 4 411 414 477 494 496 501 508 51 528 538 547 552 556 563 574 584 586 594 625 638 64 640 669 678 688 691 696 697 725 74 750 752 758 770 774 779 784 786 795 807 816 838 840 841 842 848 856 858 859 865 870 874 9 909 915 927 936 941 957 970
100 101 134 146 147 151 154 160 165 18 188 191 203 214 215 219 220 225 228 236 265 27 29 291 294 296 3 353 364 37 382 391 410 420 421 425 432 442 452 459 461 466 474 475 487 510 526 535 54 557 562 575 604 612 617 619 645 647 649 653 655 682 718 719 723 73 75 782 788 808 81 821 823 824 828 83 862 863 879 887 888 89 912 933 949 960 971 982 988 99 991 992
100 106 195 20 231 280 314 427 431 439 465 511 544 572 589 591 660 672 686 697 727 728 755 761 789 802 870 917 929 939
113 131 137 153 154 171 2 201 223 302 359 413 415 454 456 495 511 52 53 560 567 568 632 68 704 733 749 773 783 851 86 910 93 975
125 133 152 180 21 230 234 247 248 249 255 263 276 283 289 306 311 312 32 329 337 341 344 348 362 365 368 379 393 399 411 437 443 464 472 473 489 490 505 522 525 536 538 549 554 561 564 585 59 601 611 616 620 643 657 666 673 677 69 690 693 7 709 717 720 737 739 77 771 777 790 795 796 798 800 811 832 833 836 841 843 854 87 876 877 903 906 926 928 934 946 967 976 986 993
112 124 126 132 142 224 235 238 259 262 271 275 278 28 327 338 372 376 381 392 458 478 479 483 516 524 542 586 590 613 621 624 632 661 67 694 699 708 733 751 765 815 826 827 830 831 855 867 868 873 878 902 92 921 926 931 932 964 978 995 998 999
