1	458
1	547
1	635
1	810
1	882
2	309
2	933
2	948
3	618
3	771
3	879
3	964
4	240
4	684
4	712
4	920
5	511
5	908
5	958
5	994
6	411
6	573
6	910
6	984
7	221
7	783
7	988
7	992
8	756
8	950
8	984
8	999
9	25
9	288
9	756
9	932
9	969
10	278
10	913
10	963
10	996
11	22
11	578
11	639
11	900
12	331
12	888
12	913
12	929
13	815
13	918
13	978
13	992
14	376
14	560
14	691
14	949
15	721
15	933
15	948
15	967
16	642
16	736
16	782
16	953
17	386
17	500
17	729
17	974
18	383
18	515
18	976
18	997
19	149
19	250
19	652
19	925
20	760
20	815
20	829
20	839
20	872
21	824
21	879
21	926
21	999
22	11
22	255
22	892
22	894
23	158
23	711
23	888
23	913
24	576
24	622
24	806
24	883
24	993
25	9
25	33
25	290
25	995
26	107
26	608
26	724
26	859
26	951
27	371
27	460
27	938
27	973
27	991
28	111
28	670
28	814
28	971
29	390
29	454
29	901
29	923
30	108
30	820
30	874
30	960
31	132
31	296
31	763
31	817
32	308
32	885
32	906
32	986
33	25
33	596
33	604
33	992
34	416
34	725
34	739
34	930
35	413
35	609
35	638
35	968
35	984
36	610
36	671
36	714
36	847
36	880
36	935
37	101
37	669
37	823
37	885
38	578
38	820
38	902
38	929
39	234
39	480
39	704
39	887
40	739
40	888
40	890
40	959
40	973
41	121
41	663
41	879
41	901
42	163
42	653
42	803
42	841
43	207
43	284
43	539
43	976
44	471
44	491
44	667
44	800
44	994
45	331
45	953
45	969
45	986
45	988
46	406
46	764
46	806
46	851
47	265
47	333
47	790
47	868
48	778
48	856
48	977
48	979
49	389
49	756
49	840
49	984
50	708
50	711
50	891
50	992
51	644
51	735
51	863
51	1000
52	135
52	390
52	585
52	893
53	427
53	484
53	619
53	971
54	358
54	427
54	509
54	861
55	433
55	737
55	830
55	890
56	406
56	513
56	570
56	999
57	891
57	893
57	928
57	982
57	1000
58	368
58	824
58	897
58	936
58	945
58	974
59	652
59	722
59	827
59	936
59	965
60	202
60	307
60	756
60	891
61	588
61	635
61	806
61	878
62	445
62	626
62	971
62	973
63	290
63	441
63	567
63	802
63	907
64	365
64	693
64	806
64	930
64	952
64	993
65	328
65	653
65	761
65	943
66	469
66	758
66	816
66	872
66	887
66	983
67	178
67	723
67	911
67	967
68	494
68	760
68	998
69	515
69	539
69	858
69	940
69	962
69	993
69	999
70	573
70	631
70	847
70	926
70	961
71	377
71	493
71	788
71	992
72	222
72	226
72	597
72	770
72	935
72	993
73	350
73	491
73	699
73	995
74	586
74	782
74	861
74	998
75	218
75	631
75	793
75	949
76	602
76	730
76	923
76	960
77	586
77	713
77	923
77	998
78	514
78	753
78	756
78	875
78	894
79	502
79	776
79	849
79	943
80	120
80	146
80	345
80	992
81	337
81	628
81	740
81	979
82	97
82	190
82	456
82	671
83	223
83	418
83	809
83	979
84	687
84	783
84	897
84	903
85	102
85	287
85	870
85	971
86	143
86	862
86	946
86	984
87	651
87	662
87	939
87	984
87	990
88	145
88	516
88	815
88	919
88	972
88	988
89	697
89	709
89	745
89	990
89	994
90	481
90	596
90	821
90	892
90	991
91	341
91	858
91	863
91	944
91	948
92	317
92	478
92	585
92	926
93	332
93	908
93	910
93	941
93	997
94	107
94	760
94	924
94	982
94	995
95	631
95	664
95	684
95	687
96	624
96	888
96	934
96	987
97	82
97	305
97	812
97	986
98	290
98	419
98	558
98	757
98	765
98	813
98	843
99	660
99	817
99	831
99	972
100	290
100	650
100	914
100	985
101	37
101	365
101	583
101	850
101	990
102	85
102	146
102	452
102	874
103	837
103	843
103	901
103	988
104	215
104	507
104	644
104	889
105	363
105	579
105	808
105	851
106	289
106	635
106	939
106	985
107	26
107	94
107	491
107	816
107	983
107	984
108	30
108	128
108	388
108	904
109	195
109	856
109	944
109	965
110	488
110	511
110	630
110	847
110	891
110	961
111	28
111	320
111	971
111	998
112	743
112	755
112	862
112	954
113	203
113	586
113	957
113	998
114	504
114	844
114	869
114	975
115	864
115	963
115	973
115	996
116	342
116	597
116	927
116	957
117	212
117	465
117	732
117	936
117	948
117	961
117	973
118	265
118	780
118	974
118	980
119	767
119	774
119	897
119	932
119	935
119	980
120	80
120	127
120	677
120	843
120	992
121	41
121	753
121	929
121	1000
122	313
122	853
122	863
122	888
122	962
123	571
123	911
123	932
123	970
124	649
124	800
124	825
124	882
125	715
125	787
125	791
125	982
126	532
126	585
126	990
126	993
126	998
127	120
127	687
127	712
127	937
128	108
128	388
128	757
128	829
129	396
129	922
129	975
129	986
130	292
130	381
130	542
130	730
131	852
131	858
131	890
131	891
131	965
131	986
131	990
132	31
132	390
132	883
132	884
132	997
133	164
133	321
133	438
133	729
134	696
134	723
134	789
134	940
134	968
134	1000
135	52
135	430
135	497
135	992
136	643
136	691
136	786
136	934
137	701
137	953
137	970
137	979
138	460
138	850
138	932
138	937
139	203
139	329
139	695
139	953
140	449
140	698
140	865
140	956
141	693
141	705
141	746
141	991
142	316
142	668
142	673
142	857
142	898
143	86
143	879
143	890
143	922
144	787
144	870
144	918
144	957
145	88
145	534
145	854
145	876
145	905
146	80
146	102
146	757
146	971
147	773
147	881
147	928
147	935
148	562
148	650
148	914
148	945
149	19
149	619
149	737
149	906
149	928
149	937
150	462
150	566
150	891
150	983
150	992
151	312
151	373
151	718
151	996
152	592
152	645
152	759
152	977
153	960
153	989
153	994
153	995
154	524
154	787
154	892
154	899
154	952
155	528
155	624
155	934
155	967
156	401
156	568
156	820
156	857
157	503
157	561
157	690
157	992
157	994
158	23
158	388
158	690
158	824
158	858
158	969
159	658
159	898
159	940
159	998
160	661
160	774
160	875
160	940
160	999
161	759
161	789
161	854
161	969
161	976
161	1000
162	240
162	485
162	878
162	950
163	42
163	593
163	596
163	746
163	903
164	133
164	763
164	781
164	817
165	436
165	684
165	953
165	989
166	673
166	736
166	980
166	991
167	607
167	815
167	933
167	961
167	992
167	995
168	439
168	790
168	861
168	885
168	990
169	545
169	848
169	947
169	980
170	829
170	861
170	976
170	994
171	649
171	750
171	764
171	883
172	206
172	234
172	613
172	615
172	969
173	538
173	583
173	630
173	797
173	989
174	329
174	841
174	925
174	985
175	468
175	756
175	982
175	984
176	411
176	560
176	589
176	608
176	738
177	542
177	879
177	946
177	953
177	990
178	67
178	841
178	891
178	992
179	220
179	466
179	661
179	723
179	758
180	425
180	611
180	806
180	895
180	965
180	988
180	990
181	219
181	234
181	786
181	991
182	203
182	789
182	938
182	965
182	981
182	994
183	435
183	739
183	876
183	879
183	936
184	403
184	647
184	975
184	988
185	316
185	426
185	868
185	876
185	919
185	968
186	543
186	727
186	965
186	989
187	606
187	865
187	934
187	987
188	460
188	921
188	958
188	966
189	266
189	726
189	890
189	936
189	939
190	82
190	348
190	646
190	977
191	386
191	508
191	547
191	845
192	357
192	399
192	851
192	901
192	938
193	797
193	830
193	908
193	951
193	971
194	671
194	812
194	829
194	889
194	992
195	109
195	695
195	884
195	988
196	208
196	286
196	496
196	639
197	673
197	688
197	923
197	991
198	250
198	711
198	880
198	888
199	729
199	830
199	889
199	947
199	968
199	996
200	686
200	834
200	926
200	939
201	625
201	685
201	915
201	997
202	60
202	519
202	547
202	937
202	949
202	983
203	113
203	139
203	182
203	807
203	907
204	519
204	569
204	755
204	940
204	984
205	942
205	947
205	951
205	952
205	970
205	983
206	172
206	716
206	813
206	857
206	897
206	991
207	43
207	254
207	699
207	813
208	196
208	807
208	816
208	887
208	940
208	948
208	968
209	422
209	869
209	940
209	942
210	744
210	832
210	906
210	943
210	964
211	679
211	885
211	906
211	986
212	117
212	313
212	314
212	991
213	616
213	751
213	935
213	941
213	960
213	996
214	887
214	946
214	966
214	974
215	104
215	691
215	771
215	808
215	968
215	1000
216	404
216	858
216	907
216	910
217	406
217	624
217	934
217	997
218	75
218	260
218	300
218	626
218	903
218	937
218	964
219	181
219	437
219	707
219	918
219	990
220	179
220	976
220	997
220	1000
221	7
221	851
221	905
221	953
222	72
222	502
222	741
222	811
223	83
223	620
223	761
223	809
224	524
224	857
224	942
224	947
224	968
225	325
225	827
225	947
225	995
226	72
226	619
226	645
226	933
226	986
227	505
227	525
227	627
227	644
228	356
228	643
228	789
228	976
229	426
229	816
229	894
229	901
229	921
230	410
230	416
230	549
230	664
230	782
230	938
230	970
231	405
231	524
231	673
231	683
231	871
231	943
232	280
232	521
232	564
232	789
232	969
232	970
233	253
233	538
233	714
233	726
233	987
234	39
234	172
234	181
234	257
234	799
235	248
235	590
235	831
235	930
235	980
236	259
236	430
236	655
236	786
236	932
236	942
237	790
237	888
237	911
237	914
237	995
238	711
238	779
238	885
238	906
238	986
239	493
239	883
239	886
239	928
239	970
239	995
240	4
240	162
240	281
240	763
240	887
240	993
241	257
241	674
241	797
241	859
241	935
241	968
242	514
242	628
242	860
242	874
242	972
243	607
243	909
243	911
243	922
243	950
244	627
244	933
244	947
244	948
244	974
245	400
245	755
245	804
245	862
245	954
246	489
246	509
246	700
246	774
246	960
246	991
247	927
247	956
247	958
247	959
247	965
248	235
248	450
248	729
248	947
248	980
249	364
249	455
249	893
249	924
249	972
250	19
250	198
250	274
250	485
250	944
251	613
251	714
251	830
251	835
251	998
252	776
252	808
252	919
252	943
252	951
252	961
253	233
253	339
253	714
253	793
253	972
254	207
254	498
254	809
254	923
254	979
255	22
255	305
255	349
255	521
255	843
255	976
255	994
256	349
256	600
256	855
256	886
256	919
256	984
257	234
257	241
257	538
257	547
257	682
257	707
258	349
258	472
258	787
258	858
258	887
258	918
258	969
259	236
259	265
259	549
259	559
259	594
260	218
260	380
260	591
260	654
260	743
261	347
261	630
261	708
261	980
261	988
262	341
262	417
262	797
262	855
262	912
262	929
263	591
263	761
263	843
263	968
263	993
264	713
264	716
264	799
264	846
264	978
265	47
265	118
265	259
265	349
265	948
265	970
265	982
266	189
266	551
266	872
266	900
266	955
267	526
267	616
267	864
267	914
267	941
267	950
268	475
268	696
268	853
268	999
268	1000
269	783
269	854
269	890
269	939
269	946
269	994
270	359
270	690
270	692
270	855
270	879
270	994
271	540
271	753
271	905
271	919
271	970
271	974
272	694
272	785
272	905
272	930
272	982
273	582
273	627
273	744
273	814
273	845
274	250
274	289
274	462
274	563
274	952
275	594
275	612
275	851
275	957
275	984
275	986
275	993
276	563
276	638
276	829
276	928
276	953
277	341
277	588
277	764
277	898
277	931
277	961
277	969
277	994
278	10
278	283
278	689
278	943
278	975
279	545
279	793
279	970
279	980
279	992
279	998
280	232
280	454
280	537
280	757
280	1000
281	240
281	313
281	908
281	915
281	965
282	553
282	740
282	776
282	807
282	1000
283	278
283	354
283	364
283	476
283	923
284	43
284	386
284	647
284	714
284	806
284	816
285	454
285	854
285	868
285	918
285	939
286	196
286	536
286	829
286	835
286	865
286	903
287	85
287	648
287	675
287	892
287	966
288	9
288	394
288	823
288	943
288	995
289	106
289	274
289	532
289	571
289	900
290	25
290	63
290	98
290	100
290	807
291	447
291	457
291	461
291	816
291	903
291	942
291	957
292	130
292	616
292	640
292	938
293	432
293	614
293	908
293	958
293	994
294	400
294	581
294	587
294	685
294	900
295	315
295	730
295	899
295	927
295	964
295	984
296	31
296	817
296	836
296	867
296	922
297	795
297	846
297	856
297	866
297	889
298	569
298	849
298	900
298	975
298	980
299	888
299	936
299	955
299	978
299	987
300	218
300	500
300	529
300	832
300	924
301	544
301	679
301	784
301	963
301	967
302	704
302	766
302	786
302	880
302	923
302	944
302	993
303	624
303	832
303	934
303	949
303	987
304	587
304	760
304	869
304	916
304	983
304	998
305	97
305	255
305	408
305	882
305	950
306	601
306	669
306	888
306	900
306	912
306	936
306	951
306	958
307	60
307	675
307	684
307	728
307	935
307	974
308	32
308	720
308	815
308	915
308	950
308	965
308	994
309	2
309	354
309	382
309	552
309	767
309	935
309	970
310	383
310	630
310	804
310	811
310	930
311	603
311	616
311	626
311	742
311	752
312	151
312	530
312	874
312	937
312	996
313	122
313	212
313	281
313	793
313	931
314	212
314	384
314	637
314	974
314	980
315	295
315	331
315	441
315	609
315	976
316	142
316	185
316	423
316	680
316	922
317	92
317	592
317	789
317	863
317	947
317	948
317	958
317	986
318	658
318	699
318	911
318	929
318	985
319	421
319	446
319	941
319	961
319	982
320	111
320	745
320	818
320	887
320	971
321	133
321	438
321	585
321	724
321	812
322	335
322	520
322	721
322	827
322	854
322	901
322	928
323	489
323	770
323	937
323	989
323	996
324	598
324	623
324	642
324	904
324	955
325	225
325	356
325	444
325	639
325	764
326	433
326	912
326	946
326	962
326	984
326	998
327	347
327	605
327	615
327	794
327	842
328	65
328	380
328	653
328	747
328	902
329	139
329	174
329	624
329	774
329	953
330	743
330	885
330	906
330	984
330	986
331	12
331	45
331	315
331	641
331	740
332	93
332	556
332	888
332	897
332	937
332	941
333	47
333	348
333	405
333	514
333	982
334	351
334	543
334	569
334	727
334	938
335	322
335	375
335	561
335	816
335	938
335	967
335	1000
336	340
336	510
336	600
336	644
336	889
336	946
336	971
337	81
337	412
337	840
337	853
337	966
338	688
338	860
338	898
338	951
338	964
338	981
339	253
339	344
339	638
339	693
339	907
339	937
339	946
339	964
340	336
340	696
340	716
340	799
340	978
341	91
341	262
341	277
341	549
341	977
342	116
342	365
342	487
342	700
342	753
342	969
343	534
343	819
343	845
343	876
343	879
344	339
344	381
344	725
344	854
344	983
344	988
345	80
345	596
345	628
345	944
345	992
346	502
346	565
346	668
346	692
346	999
347	261
347	327
347	667
347	832
347	909
347	928
347	958
348	190
348	333
348	533
348	706
348	974
348	998
349	255
349	256
349	258
349	265
349	768
350	73
350	564
350	777
350	840
350	982
351	334
351	563
351	676
351	703
351	805
351	992
352	693
352	897
352	903
352	912
352	948
353	682
353	700
353	868
353	924
353	977
354	283
354	309
354	391
354	700
354	748
354	928
354	937
355	687
355	754
355	952
355	963
355	974
355	998
356	228
356	325
356	704
356	847
356	980
356	993
357	192
357	387
357	448
357	791
357	980
357	985
358	54
358	507
358	815
358	867
358	969
358	970
358	991
359	270
359	668
359	673
359	720
359	864
359	886
360	478
360	740
360	775
360	884
360	893
360	998
361	746
361	843
361	919
361	981
362	836
362	886
362	912
362	953
362	988
363	105
363	442
363	570
363	712
363	930
364	249
364	283
364	609
364	940
364	948
364	960
365	64
365	101
365	342
365	968
365	996
366	660
366	701
366	904
366	982
366	985
367	510
367	752
367	890
367	919
367	942
367	946
367	965
368	58
368	399
368	593
368	678
368	811
369	651
369	660
369	708
369	882
369	966
370	601
370	603
370	618
370	721
370	801
371	27
371	492
371	552
371	882
371	996
372	393
372	670
372	844
372	854
372	859
372	905
373	151
373	718
373	765
373	977
373	996
374	469
374	533
374	599
374	838
374	995
375	335
375	551
375	783
375	850
375	992
376	14
376	691
376	780
376	848
376	922
377	71
377	794
377	897
377	903
377	912
378	525
378	822
378	901
378	903
378	997
379	566
379	577
379	633
379	850
379	898
380	260
380	328
380	411
380	983
380	984
380	987
381	130
381	344
381	767
381	783
381	933
381	994
381	998
382	309
382	629
382	644
382	673
382	721
382	902
382	938
382	948
382	990
383	18
383	310
383	505
383	824
383	829
383	902
383	983
383	987
384	314
384	453
384	854
384	922
384	942
384	967
384	993
385	674
385	790
385	813
385	826
385	977
385	998
386	17
386	191
386	284
386	408
386	975
386	993
387	357
387	400
387	641
387	827
387	848
387	926
387	990
388	108
388	128
388	158
388	710
388	874
388	989
389	49
389	442
389	680
389	797
389	846
389	951
389	961
389	983
390	29
390	52
390	132
390	434
390	671
390	714
391	354
391	590
391	671
391	852
391	874
391	951
391	965
391	993
392	397
392	502
392	692
392	721
392	870
392	999
393	372
393	574
393	639
393	649
393	764
393	984
394	288
394	769
394	786
394	894
394	904
394	955
395	489
395	596
395	708
395	771
395	875
395	878
395	925
396	129
396	672
396	702
396	752
396	866
396	906
396	938
396	977
397	392
397	560
397	689
397	880
397	961
397	979
398	625
398	689
398	881
398	928
398	935
398	964
399	192
399	368
399	509
399	571
399	834
399	864
400	245
400	294
400	387
400	731
400	821
400	964
400	990
400	992
400	996
401	156
401	476
401	525
401	695
401	822
401	971
402	426
402	620
402	747
402	921
402	998
402	999
403	184
403	680
403	776
403	833
403	836
403	910
404	216
404	858
404	868
404	907
404	950
404	960
405	231
405	333
405	518
405	723
405	740
405	916
405	931
405	973
406	46
406	56
406	217
406	513
406	691
406	822
407	433
407	703
407	835
407	901
407	992
407	997
408	305
408	386
408	610
408	649
408	696
408	957
408	962
408	990
408	992
408	994
409	538
409	748
409	751
409	890
409	976
409	991
409	994
410	230
410	557
410	761
410	968
410	976
410	993
411	6
411	176
411	380
411	495
411	590
411	937
412	337
412	745
412	768
412	849
412	901
412	966
413	35
413	547
413	793
413	815
413	842
413	894
413	929
413	949
414	505
414	588
414	725
414	758
414	889
414	936
414	955
414	984
414	998
415	684
415	724
415	867
415	920
415	950
415	996
416	34
416	230
416	485
416	653
416	764
416	837
416	934
417	262
417	484
417	581
417	666
417	767
417	776
417	998
418	83
418	589
418	772
418	783
418	868
418	982
419	98
419	496
419	574
419	677
419	918
419	975
420	618
420	641
420	826
420	939
420	942
420	959
420	969
420	984
420	994
421	319
421	446
421	629
421	939
421	941
421	961
422	209
422	613
422	940
422	942
422	952
422	996
423	316
423	687
423	716
423	799
423	978
423	999
424	495
424	707
424	731
424	899
424	949
424	972
425	180
425	528
425	656
425	826
425	896
425	938
426	185
426	229
426	402
426	601
426	617
426	740
426	820
427	53
427	54
427	557
427	659
427	752
427	852
428	474
428	713
428	946
428	951
428	961
428	987
429	513
429	653
429	675
429	870
429	925
429	968
429	970
430	135
430	236
430	788
430	820
430	896
430	952
431	620
431	791
431	873
431	875
431	962
431	983
432	293
432	567
432	674
432	694
432	877
432	921
433	55
433	326
433	407
433	748
433	771
433	889
433	961
433	991
434	390
434	454
434	667
434	809
434	895
434	926
435	183
435	468
435	612
435	840
435	904
435	984
436	165
436	646
436	686
436	745
436	855
436	989
437	219
437	556
437	607
437	882
437	928
437	974
438	133
438	321
438	571
438	572
438	609
438	810
439	168
439	494
439	541
439	677
439	882
439	964
439	991
439	998
440	601
440	830
440	878
440	949
440	958
440	973
440	997
441	63
441	315
441	569
441	668
441	699
441	946
441	950
441	957
442	363
442	389
442	665
442	745
442	773
442	930
443	709
443	722
443	792
443	892
443	950
443	976
444	325
444	563
444	909
444	910
444	985
444	991
445	62
445	501
445	806
445	971
445	973
445	996
446	319
446	421
446	941
446	961
446	963
446	965
447	291
447	525
447	680
447	692
447	897
447	916
448	357
448	480
448	872
448	879
448	909
448	949
449	140
449	480
449	628
449	698
449	734
449	956
450	248
450	650
450	804
450	831
450	875
450	980
451	506
451	537
451	640
451	740
451	940
451	959
451	973
452	102
452	685
452	690
452	872
452	899
452	938
452	961
452	993
453	384
453	644
453	721
453	916
453	961
453	965
453	971
453	981
453	990
454	29
454	280
454	285
454	434
454	947
454	979
455	249
455	459
455	530
455	551
455	884
455	989
456	82
456	515
456	670
456	874
456	914
456	933
456	986
457	291
457	878
457	928
457	930
457	951
457	965
458	1
458	641
458	816
458	894
458	929
459	455
459	544
459	814
459	919
459	936
459	939
459	951
459	969
460	27
460	138
460	188
460	666
460	733
460	803
460	957
460	962
461	291
461	705
461	746
461	905
461	991
461	996
462	150
462	274
462	562
462	826
462	966
462	967
463	479
463	682
463	812
463	926
463	940
463	968
463	991
464	644
464	722
464	798
464	872
464	912
464	989
464	991
465	117
465	499
465	700
465	701
465	796
465	975
466	179
466	666
466	742
466	901
466	936
466	988
466	992
467	728
467	749
467	786
467	859
467	877
467	985
468	175
468	435
468	615
468	756
468	929
468	984
469	66
469	374
469	542
469	629
469	960
469	970
470	528
470	626
470	634
470	753
470	808
470	855
471	44
471	508
471	704
471	913
471	934
471	940
471	953
471	964
472	258
472	600
472	718
472	727
472	845
472	873
472	968
473	648
473	664
473	727
473	794
473	862
473	868
473	985
474	428
474	742
474	827
474	829
474	844
474	912
474	962
474	985
475	268
475	535
475	696
475	819
475	963
475	999
476	283
476	401
476	666
476	676
476	780
476	971
477	654
477	758
477	787
477	919
477	941
477	945
477	958
477	980
478	92
478	360
478	581
478	720
478	815
478	922
479	463
479	748
479	758
479	865
479	878
479	946
479	986
479	990
479	998
480	39
480	448
480	449
480	774
480	832
480	912
481	90
481	664
481	721
481	800
481	865
481	869
482	668
482	702
482	839
482	940
482	972
482	989
483	779
483	885
483	906
483	967
483	969
483	986
484	53
484	417
484	520
484	548
484	626
484	810
484	900
484	965
485	162
485	250
485	416
485	489
485	507
485	527
486	509
486	520
486	898
486	913
486	938
486	945
486	968
486	1000
487	342
487	499
487	689
487	739
487	833
487	935
487	960
487	991
488	110
488	517
488	699
488	854
488	937
488	953
488	954
488	977
488	992
489	246
489	323
489	395
489	485
489	593
489	738
489	932
490	507
490	523
490	685
490	864
490	950
490	981
490	989
491	44
491	73
491	107
491	618
491	835
491	942
491	947
491	958
491	961
492	371
492	549
492	875
492	878
492	893
492	938
492	987
493	71
493	239
493	614
493	834
493	847
493	954
493	978
493	988
494	68
494	439
494	607
494	760
494	780
494	874
494	991
495	411
495	424
495	617
495	661
495	718
495	728
495	787
495	794
495	885
495	898
496	196
496	419
496	851
496	866
496	907
496	911
496	937
496	977
496	995
496	999
497	135
497	580
497	626
497	659
497	892
497	921
497	940
497	994
498	254
498	744
498	809
498	822
498	917
498	963
498	989
499	465
499	487
499	654
499	684
499	828
499	920
499	926
500	17
500	300
500	674
500	890
500	916
500	969
500	973
500	997
500	1000
501	445
501	746
501	787
501	792
501	793
501	948
501	970
501	983
501	987
502	79
502	222
502	346
502	392
502	692
502	768
502	966
503	157
503	667
503	771
503	776
503	852
503	953
503	976
503	987
504	114
504	526
504	869
504	900
504	915
504	969
504	975
505	227
505	383
505	414
505	540
505	612
505	711
505	913
506	451
506	592
506	594
506	764
506	784
506	792
506	974
507	104
507	358
507	485
507	490
507	766
507	889
507	958
507	970
508	191
508	471
508	558
508	933
508	975
508	977
508	983
509	54
509	246
509	399
509	486
509	547
509	679
509	821
509	827
509	964
510	336
510	367
510	880
510	901
510	924
510	961
510	968
510	980
510	996
511	5
511	110
511	591
511	840
511	954
511	986
511	997
512	725
512	852
512	910
512	918
512	952
512	970
512	986
512	995
513	56
513	406
513	429
513	652
513	812
513	893
513	942
514	78
514	242
514	333
514	753
514	757
514	889
514	945
514	952
515	18
515	69
515	456
515	671
515	959
515	976
515	990
515	993
516	88
516	534
516	645
516	674
516	806
516	836
516	890
517	488
517	544
517	723
517	805
517	850
517	882
517	902
517	915
517	981
518	405
518	601
518	744
518	765
518	899
518	968
518	995
519	202
519	204
519	597
519	644
519	871
519	907
519	992
519	998
520	322
520	484
520	486
520	882
520	916
520	970
520	998
521	232
521	255
521	523
521	756
521	876
521	950
521	981
522	577
522	791
522	873
522	894
522	962
522	971
522	983
523	490
523	521
523	565
523	876
523	950
523	988
523	989
524	154
524	224
524	231
524	538
524	676
524	886
524	992
525	227
525	378
525	401
525	447
525	613
525	860
525	1000
526	267
526	504
526	550
526	775
526	808
526	841
526	944
527	485
527	715
527	749
527	753
527	856
527	961
527	964
527	1000
528	155
528	425
528	470
528	656
528	826
528	896
528	905
529	300
529	636
529	658
529	670
529	719
529	982
529	986
530	312
530	455
530	595
530	793
530	892
530	953
530	978
530	994
531	575
531	625
531	798
531	834
531	912
531	939
531	945
532	126
532	289
532	566
532	701
532	891
532	893
532	895
533	348
533	374
533	599
533	670
533	838
533	947
533	995
534	145
534	343
534	516
534	535
534	672
534	746
534	787
534	801
534	951
534	964
535	475
535	534
535	553
535	621
535	805
535	810
535	872
536	286
536	611
536	726
536	819
536	891
536	902
536	968
537	280
537	451
537	757
537	861
537	895
537	979
537	980
538	173
538	233
538	257
538	409
538	524
538	714
538	772
539	43
539	69
539	635
539	691
539	774
539	842
539	844
539	988
539	991
540	271
540	505
540	680
540	778
540	846
540	886
540	987
540	993
541	439
541	776
541	821
541	898
541	906
541	946
541	950
541	975
542	130
542	177
542	469
542	570
542	812
542	896
542	987
543	186
543	334
543	660
543	727
543	741
543	849
543	989
544	301
544	459
544	517
544	748
544	932
544	955
544	979
545	169
545	279
545	813
545	847
545	883
546	573
546	710
546	755
546	862
546	936
546	954
546	975
547	1
547	191
547	202
547	257
547	413
547	509
547	893
548	484
548	806
548	824
548	838
548	858
548	918
548	920
548	962
549	230
549	259
549	341
549	492
549	571
549	577
549	836
550	526
550	561
550	608
550	634
550	811
550	812
550	872
550	994
551	266
551	375
551	455
551	731
551	878
551	965
551	982
551	994
552	309
552	371
552	641
552	819
552	830
552	832
552	932
553	282
553	535
553	621
553	723
553	805
553	810
553	956
554	694
554	719
554	773
554	946
554	956
554	982
554	995
555	639
555	714
555	721
555	816
555	830
555	885
555	903
556	332
556	437
556	603
556	681
556	871
556	974
556	979
557	410
557	427
557	761
557	918
557	968
557	993
558	98
558	508
558	594
558	703
558	947
558	975
558	1000
559	259
559	756
559	795
559	815
559	937
559	947
559	961
559	962
559	988
560	14
560	176
560	397
560	799
560	956
560	987
560	990
560	996
560	998
561	157
561	335
561	550
561	637
561	978
561	989
561	993
561	996
561	999
562	148
562	462
562	650
562	665
562	673
562	914
562	961
562	985
563	274
563	276
563	351
563	444
563	730
563	864
563	933
563	947
563	998
564	232
564	350
564	640
564	955
564	956
564	969
564	995
564	997
565	346
565	523
565	772
565	836
565	914
565	916
565	956
565	970
565	998
566	150
566	379
566	532
566	745
566	889
566	903
566	959
566	973
566	988
566	990
567	63
567	432
567	723
567	813
567	823
567	877
567	921
567	944
568	156
568	623
568	798
568	833
568	880
568	942
568	970
568	985
569	204
569	298
569	334
569	441
569	724
569	899
569	925
569	980
569	983
570	56
570	363
570	542
570	835
570	910
570	967
570	983
570	987
570	991
571	123
571	289
571	399
571	438
571	549
571	730
571	802
571	913
571	988
571	993
572	438
572	824
572	859
572	871
572	921
572	946
572	977
572	987
573	6
573	70
573	546
573	710
573	755
573	814
573	862
573	954
574	393
574	419
574	659
574	809
574	914
574	934
574	974
574	991
574	993
574	999
575	531
575	625
575	702
575	834
575	939
575	956
575	981
575	1000
576	24
576	748
576	778
576	830
576	930
576	932
576	934
576	978
577	379
577	522
577	549
577	633
577	892
577	898
577	926
577	963
578	11
578	38
578	582
578	869
578	936
578	945
578	980
578	984
578	989
578	998
579	105
579	690
579	794
579	847
579	873
579	926
579	947
579	988
579	995
580	497
580	583
580	729
580	813
580	849
580	853
580	938
580	978
581	294
581	417
581	478
581	842
581	845
581	849
581	852
581	871
581	945
581	981
582	273
582	578
582	792
582	835
582	845
582	911
582	915
582	941
583	101
583	173
583	580
583	732
583	754
583	897
583	961
583	977
583	984
583	997
584	608
584	649
584	832
584	883
584	954
584	964
584	973
584	997
585	52
585	92
585	126
585	321
585	788
585	909
585	970
585	997
586	74
586	77
586	113
586	769
586	847
586	957
586	960
586	998
587	294
587	304
587	908
587	923
587	951
587	955
587	991
587	998
588	61
588	277
588	414
588	635
588	707
588	811
588	855
588	907
588	988
588	998
589	176
589	418
589	739
589	771
589	772
589	783
589	856
589	880
590	235
590	391
590	411
590	675
590	707
590	769
590	967
590	978
590	981
591	260
591	263
591	511
591	683
591	705
591	825
591	877
591	940
592	152
592	317
592	506
592	760
592	779
592	856
592	953
592	987
592	996
593	163
593	368
593	489
593	715
593	830
593	948
593	958
593	970
593	977
593	998
594	259
594	275
594	506
594	558
594	655
594	698
594	949
594	988
595	530
595	706
595	720
595	820
595	850
595	902
595	920
595	929
596	33
596	90
596	163
596	345
596	395
596	844
596	875
596	992
597	72
597	116
597	519
597	703
597	857
597	911
597	988
597	997
598	324
598	602
598	870
598	904
598	916
598	969
598	973
598	978
598	980
598	997
599	374
599	533
599	767
599	808
599	838
599	853
599	931
599	995
600	256
600	336
600	472
600	608
600	899
600	903
600	923
601	306
601	370
601	426
601	440
601	518
601	750
601	887
601	995
602	76
602	598
602	685
602	825
602	841
602	862
602	923
602	960
603	311
603	370
603	556
603	675
603	704
603	913
603	931
603	952
603	983
604	33
604	610
604	742
604	762
604	880
604	895
604	931
604	956
605	327
605	662
605	726
605	820
605	855
605	882
605	923
605	994
606	187
606	682
606	778
606	803
606	856
606	911
606	933
606	962
606	970
607	167
607	243
607	437
607	494
607	696
607	722
607	804
607	973
607	998
608	26
608	176
608	550
608	584
608	600
608	768
608	871
608	899
609	35
609	315
609	364
609	438
609	682
609	873
609	919
609	938
609	984
609	994
610	36
610	408
610	604
610	643
610	687
610	919
610	938
610	949
610	978
611	180
611	536
611	731
611	774
611	863
611	887
611	891
611	943
612	275
612	435
612	505
612	678
612	686
612	862
612	886
612	969
612	974
612	977
613	172
613	251
613	422
613	525
613	627
613	891
613	906
613	973
614	293
614	493
614	908
614	958
614	966
614	973
614	994
615	172
615	327
615	468
615	794
615	835
615	842
615	859
615	996
616	213
616	267
616	292
616	311
616	871
616	921
616	938
616	981
617	426
617	495
617	658
617	828
617	851
617	962
617	970
617	997
618	3
618	370
618	420
618	491
618	643
618	771
618	821
618	964
619	53
619	149
619	226
619	683
619	773
619	835
619	892
619	951
620	223
620	402
620	431
620	791
620	873
620	962
620	981
620	983
621	535
621	553
621	682
621	766
621	805
621	810
621	920
621	956
622	24
622	776
622	802
622	895
622	899
622	902
622	921
622	967
622	972
623	324
623	568
623	697
623	761
623	912
623	946
623	948
623	954
623	956
623	991
624	96
624	155
624	217
624	303
624	329
624	824
624	934
624	987
624	988
625	201
625	398
625	531
625	575
625	834
625	939
625	972
625	975
625	981
626	62
626	218
626	311
626	470
626	484
626	497
626	827
626	865
626	968
626	994
627	227
627	244
627	273
627	613
627	720
627	785
627	887
627	951
627	980
627	992
628	81
628	242
628	345
628	449
628	702
628	741
628	801
628	967
628	981
629	382
629	421
629	469
629	635
629	637
629	784
629	839
629	945
629	985
630	110
630	173
630	261
630	310
630	730
630	781
630	843
630	857
630	897
631	70
631	75
631	95
631	918
631	947
631	962
631	967
631	969
631	976
631	993
632	795
632	846
632	866
632	883
632	889
632	905
633	379
633	577
633	667
633	820
633	898
633	909
633	949
633	953
633	963
634	470
634	550
634	709
634	807
634	831
634	843
634	946
634	954
634	955
635	1
635	61
635	106
635	539
635	588
635	629
635	879
635	983
635	985
636	529
636	688
636	719
636	750
636	932
636	949
636	956
636	989
636	994
637	314
637	561
637	629
637	897
637	898
637	915
637	980
637	987
637	991
637	999
638	35
638	276
638	339
638	800
638	821
638	841
638	900
638	926
638	978
639	11
639	196
639	325
639	393
639	555
639	712
639	764
639	777
639	814
640	292
640	451
640	564
640	736
640	738
640	793
640	943
640	955
640	997
641	331
641	387
641	420
641	458
641	552
641	668
641	801
641	940
641	965
641	970
642	16
642	324
642	684
642	740
642	789
642	845
642	923
642	965
642	972
642	987
643	136
643	228
643	610
643	618
643	724
643	731
643	833
643	865
643	996
644	51
644	104
644	227
644	336
644	382
644	453
644	464
644	519
644	918
645	152
645	226
645	516
645	647
645	662
645	825
645	918
645	944
645	972
646	190
646	436
646	832
646	876
646	916
646	959
646	964
646	984
646	985
646	992
647	184
647	284
647	645
647	677
647	758
647	763
647	830
647	863
647	989
647	992
648	287
648	473
648	679
648	764
648	845
648	852
648	954
648	955
648	977
648	981
649	124
649	171
649	393
649	408
649	584
649	764
649	797
649	884
649	962
650	100
650	148
650	450
650	562
650	757
650	850
650	914
650	924
650	985
651	87
651	369
651	682
651	751
651	796
651	959
651	984
651	991
651	1000
652	19
652	59
652	513
652	807
652	865
652	923
652	946
652	978
652	984
652	988
653	42
653	65
653	328
653	416
653	429
653	713
653	735
653	753
653	943
654	260
654	477
654	499
654	806
654	839
654	917
654	938
654	943
654	973
655	236
655	594
655	701
655	844
655	907
655	913
655	966
655	981
655	986
655	991
656	425
656	528
656	701
656	823
656	826
656	896
656	905
656	966
656	980
657	663
657	722
657	743
657	779
657	885
657	906
657	952
657	986
657	997
658	159
658	318
658	529
658	617
658	699
658	735
658	760
658	794
658	913
658	936
659	427
659	497
659	574
659	678
659	742
659	754
659	786
659	840
659	861
660	99
660	366
660	369
660	543
660	716
660	830
660	862
660	962
660	963
660	985
661	160
661	179
661	495
661	662
661	830
661	932
661	976
661	999
662	87
662	605
662	645
662	661
662	792
662	808
662	851
662	907
662	964
662	969
663	41
663	657
663	743
663	779
663	885
663	906
663	965
663	979
663	986
664	95
664	230
664	473
664	481
664	873
664	879
664	939
664	969
664	979
664	992
665	442
665	562
665	718
665	878
665	895
665	905
665	928
665	961
665	982
665	995
666	417
666	460
666	466
666	476
666	870
666	884
666	899
666	952
666	997
667	44
667	347
667	434
667	503
667	633
667	890
667	926
667	930
667	949
668	142
668	346
668	359
668	441
668	482
668	641
668	702
668	798
668	895
668	972
669	37
669	306
669	717
669	728
669	778
669	803
669	909
669	930
669	936
669	1000
670	28
670	372
670	456
670	529
670	533
670	798
670	844
670	978
670	990
670	998
670	999
671	36
671	82
671	194
671	390
671	391
671	515
671	717
671	817
671	894
671	946
672	396
672	534
672	725
672	749
672	819
672	914
672	942
672	957
672	983
672	988
672	993
673	142
673	166
673	197
673	231
673	359
673	382
673	562
673	731
673	905
673	923
674	241
674	385
674	432
674	500
674	516
674	683
674	923
674	924
674	957
674	961
675	287
675	307
675	429
675	590
675	603
675	678
675	791
675	805
675	828
675	934
675	950
676	351
676	476
676	524
676	817
676	827
676	864
676	886
676	938
676	948
676	964
676	992
677	120
677	419
677	439
677	647
677	744
677	750
677	767
677	869
677	897
677	979
678	368
678	612
678	659
678	675
678	688
678	804
678	879
678	904
678	949
678	974
679	211
679	301
679	509
679	648
679	747
679	825
679	902
679	909
679	932
679	971
680	316
680	389
680	403
680	447
680	540
680	831
680	838
680	850
680	967
680	985
681	556
681	818
681	917
681	927
681	949
681	959
681	965
681	976
682	257
682	353
682	463
682	606
682	609
682	621
682	651
682	844
682	860
682	941
682	993
683	231
683	591
683	619
683	674
683	848
683	853
683	878
683	922
683	923
683	962
684	4
684	95
684	165
684	307
684	415
684	499
684	642
684	726
684	835
684	920
685	201
685	294
685	452
685	490
685	602
685	698
685	939
685	942
685	956
685	973
685	978
686	200
686	436
686	612
686	788
686	871
686	953
686	960
686	975
686	985
686	995
687	84
687	95
687	127
687	355
687	423
687	610
687	762
687	783
687	909
687	979
688	197
688	338
688	636
688	678
688	797
688	857
688	890
688	897
688	916
688	938
688	954
689	278
689	397
689	398
689	487
689	821
689	914
689	929
689	931
689	943
689	951
689	994
690	157
690	158
690	270
690	452
690	579
690	691
690	785
690	916
690	929
690	955
691	14
691	136
691	215
691	376
691	406
691	539
691	690
691	785
691	845
691	913
691	918
692	270
692	346
692	392
692	447
692	502
692	736
692	917
692	945
692	953
692	1000
693	64
693	141
693	339
693	352
693	822
693	897
693	903
693	912
694	272
694	432
694	554
694	698
694	832
694	896
694	936
694	939
694	942
694	968
694	976
695	139
695	195
695	401
695	759
695	822
695	829
695	847
695	954
695	965
695	976
695	998
696	134
696	268
696	340
696	408
696	475
696	607
696	736
696	963
696	986
696	999
697	89
697	623
697	704
697	740
697	811
697	813
697	842
697	850
697	862
697	893
697	987
698	140
698	449
698	594
698	685
698	694
698	741
698	840
698	868
698	956
698	957
699	73
699	207
699	318
699	441
699	488
699	658
699	770
699	860
699	928
699	995
700	246
700	342
700	353
700	354
700	465
700	780
700	905
700	951
700	962
700	963
701	137
701	366
701	465
701	532
701	655
701	656
701	830
701	882
701	957
701	986
702	396
702	482
702	575
702	628
702	668
702	717
702	776
702	895
702	972
702	988
703	351
703	407
703	558
703	597
703	712
703	857
703	887
703	909
703	976
703	988
704	39
704	302
704	356
704	471
704	603
704	697
704	750
704	814
704	841
704	878
705	141
705	461
705	591
705	722
705	746
705	926
705	971
705	988
705	991
705	996
706	348
706	595
706	822
706	865
706	874
706	885
706	894
706	925
706	930
706	942
707	219
707	257
707	424
707	588
707	590
707	814
707	846
707	899
707	949
707	954
708	50
708	261
708	369
708	395
708	744
708	840
708	864
708	896
708	935
708	964
708	994
709	89
709	443
709	634
709	882
709	917
709	918
709	924
709	983
709	989
709	999
710	388
710	546
710	573
710	755
710	808
710	862
710	914
710	954
710	980
710	981
711	23
711	50
711	198
711	238
711	505
711	715
711	913
711	947
711	970
711	985
711	989
712	4
712	127
712	363
712	639
712	703
712	762
712	787
712	875
712	960
712	973
712	990
713	77
713	264
713	428
713	653
713	758
713	781
713	801
713	827
713	902
713	937
713	975
714	36
714	233
714	251
714	253
714	284
714	390
714	538
714	555
714	861
714	976
714	999
715	125
715	527
715	593
715	711
715	777
715	855
715	871
715	904
715	905
715	982
715	1000
716	206
716	264
716	340
716	423
716	660
716	799
716	819
716	951
716	978
716	980
716	999
717	669
717	671
717	702
717	889
717	911
717	914
717	915
717	956
717	981
717	992
717	1000
718	151
718	373
718	472
718	495
718	665
718	803
718	952
718	959
718	977
718	985
718	996
719	529
719	554
719	636
719	778
719	802
719	876
719	880
719	932
719	935
719	982
719	995
720	308
720	359
720	478
720	595
720	627
720	751
720	770
720	849
720	884
720	982
720	989
721	15
721	322
721	370
721	382
721	392
721	453
721	481
721	555
721	770
721	896
721	965
722	59
722	443
722	464
722	607
722	657
722	705
722	727
722	783
722	928
722	939
722	999
723	67
723	134
723	179
723	405
723	517
723	553
723	567
723	747
723	944
723	997
723	999
724	26
724	321
724	415
724	569
724	643
724	728
724	794
724	877
724	951
724	955
724	983
725	34
725	344
725	414
725	512
725	672
725	749
725	798
725	912
725	948
725	991
725	994
726	189
726	233
726	536
726	605
726	684
726	766
726	807
726	845
726	854
726	878
726	953
727	186
727	334
727	472
727	473
727	543
727	722
727	852
727	913
727	924
727	957
727	989
728	307
728	467
728	495
728	669
728	724
728	749
728	859
728	863
728	912
728	983
728	985
729	17
729	133
729	199
729	248
729	580
729	745
729	867
729	868
729	883
729	955
729	964
729	988
730	76
730	130
730	295
730	563
730	571
730	630
730	788
730	809
730	957
730	961
730	964
730	999
731	400
731	424
731	551
731	611
731	643
731	673
731	737
731	760
731	824
731	902
731	954
732	117
732	583
732	909
732	910
732	922
732	960
732	969
732	979
732	990
732	995
733	460
733	750
733	788
733	845
733	859
733	939
733	947
733	954
733	960
733	972
733	995
734	449
734	735
734	855
734	878
734	916
734	952
734	954
734	987
734	990
734	993
734	996
735	51
735	653
735	658
735	734
735	737
735	740
735	746
735	889
735	896
735	940
735	942
736	16
736	166
736	640
736	692
736	696
736	824
736	884
736	890
736	951
736	989
736	991
737	55
737	149
737	731
737	735
737	887
737	890
737	945
737	947
737	955
737	963
737	977
738	176
738	489
738	640
738	808
738	845
738	854
738	877
738	889
738	936
738	937
738	946
739	34
739	40
739	183
739	487
739	589
739	772
739	783
739	804
739	831
739	835
739	880
740	81
740	282
740	331
740	360
740	405
740	426
740	451
740	642
740	697
740	735
740	949
741	222
741	543
741	628
741	698
741	816
741	830
741	932
741	966
741	987
741	991
741	995
742	311
742	466
742	474
742	604
742	659
742	851
742	920
742	950
742	991
742	994
742	996
743	112
743	260
743	330
743	657
743	663
743	779
743	799
743	885
743	906
743	986
743	990
744	210
744	273
744	498
744	518
744	677
744	708
744	886
744	920
744	926
744	952
744	990
745	89
745	320
745	412
745	436
745	442
745	566
745	729
745	762
745	869
745	920
745	953
745	983
746	141
746	163
746	361
746	461
746	501
746	534
746	705
746	735
746	880
746	971
746	991
746	996
747	328
747	402
747	679
747	723
747	752
747	921
747	935
747	962
747	964
747	975
747	989
747	993
748	354
748	409
748	433
748	479
748	544
748	576
748	858
748	877
748	888
748	913
748	943
748	999
749	467
749	527
749	672
749	725
749	728
749	859
749	910
749	931
749	943
749	949
749	984
749	985
750	171
750	601
750	636
750	677
750	704
750	733
750	803
750	823
750	886
750	907
750	930
750	931
751	213
751	409
751	651
751	720
751	814
751	849
751	854
751	904
751	909
751	941
751	953
751	982
752	311
752	367
752	396
752	427
752	747
752	810
752	820
752	833
752	841
752	851
752	910
752	974
753	78
753	121
753	271
753	342
753	470
753	514
753	527
753	653
753	815
754	355
754	583
754	659
754	784
754	802
754	873
754	893
754	896
754	902
754	971
754	985
754	999
755	112
755	204
755	245
755	546
755	573
755	710
755	792
755	798
755	862
755	922
755	954
755	982
756	8
756	9
756	49
756	60
756	78
756	175
756	468
756	521
756	559
756	944
756	984
756	998
757	98
757	128
757	146
757	280
757	514
757	537
757	650
757	843
757	924
757	925
757	985
757	995
758	66
758	179
758	414
758	477
758	479
758	647
758	713
758	776
758	876
758	899
758	975
758	993
759	152
759	161
759	695
759	785
759	863
759	874
759	916
759	939
759	945
759	962
759	990
759	999
760	20
760	68
760	94
760	304
760	494
760	592
760	658
760	731
760	874
760	910
760	985
760	997
761	65
761	223
761	263
761	410
761	557
761	623
761	957
761	968
761	977
761	993
762	604
762	687
762	712
762	745
762	814
762	836
762	886
762	895
762	931
762	956
762	966
762	986
763	31
763	164
763	240
763	647
763	769
763	817
763	882
763	904
763	905
763	914
763	967
763	972
764	46
764	171
764	277
764	325
764	393
764	416
764	506
764	639
764	648
764	649
764	845
764	848
765	98
765	373
765	518
765	797
765	879
765	995
766	302
766	507
766	621
766	726
766	788
766	819
766	821
766	877
766	881
766	899
766	977
766	1000
767	119
767	309
767	381
767	417
767	599
767	677
767	807
767	816
767	851
767	898
767	914
767	994
768	349
768	412
768	502
768	608
768	782
768	816
768	832
768	919
768	922
768	976
768	981
768	986
769	394
769	586
769	590
769	763
769	790
769	800
769	805
769	809
769	822
769	826
769	916
769	969
770	72
770	323
770	699
770	720
770	721
770	815
770	887
770	914
770	931
770	936
770	961
770	983
771	3
771	215
771	395
771	433
771	503
771	589
771	618
771	776
771	907
771	925
771	932
771	964
772	418
772	538
772	565
772	589
772	739
772	782
772	783
772	803
772	820
772	920
772	992
772	997
773	147
773	442
773	554
773	619
773	794
773	827
773	844
773	883
773	944
773	967
773	971
773	992
773	996
774	119
774	160
774	246
774	329
774	480
774	539
774	611
774	805
774	812
774	891
774	974
774	985
774	997
775	360
775	526
775	837
775	839
775	936
776	79
776	252
776	282
776	403
776	417
776	503
776	541
776	622
776	702
776	758
776	771
776	811
776	930
777	350
777	639
777	715
777	821
777	833
777	871
777	909
777	924
777	927
777	938
777	974
777	978
777	987
778	48
778	540
778	576
778	606
778	669
778	719
778	801
778	807
778	880
778	934
778	977
778	979
778	987
779	238
779	483
779	592
779	657
779	663
779	743
779	811
779	821
779	826
779	872
779	885
779	906
779	986
780	118
780	376
780	476
780	494
780	700
780	784
780	808
780	873
780	920
780	926
780	966
780	976
780	986
781	164
781	630
781	713
781	784
781	812
781	817
781	819
781	899
781	905
781	922
781	975
781	976
781	995
782	16
782	74
782	230
782	768
782	772
782	797
782	836
782	840
782	886
782	968
782	978
782	986
782	998
783	7
783	84
783	269
783	375
783	381
783	418
783	589
783	687
783	722
783	739
783	772
783	784
783	839
784	301
784	506
784	629
784	754
784	780
784	781
784	783
784	797
784	798
784	806
784	938
784	950
784	958
784	963
785	272
785	627
785	690
785	691
785	759
785	798
785	867
785	905
785	908
785	930
785	953
785	982
785	990
786	136
786	181
786	236
786	302
786	394
786	467
786	659
786	834
786	901
786	940
786	944
786	978
786	991
787	125
787	144
787	154
787	258
787	477
787	495
787	501
787	534
787	712
787	861
787	876
787	972
787	988
788	71
788	430
788	585
788	686
788	730
788	733
788	766
788	807
788	842
788	867
788	913
788	920
788	978
789	134
789	161
789	182
789	228
789	232
789	317
789	642
789	839
789	880
789	955
789	974
789	976
789	999
790	47
790	168
790	237
790	385
790	769
790	823
790	836
790	870
790	924
790	930
790	973
790	988
790	991
791	125
791	357
791	431
791	522
791	620
791	675
791	838
791	873
791	962
791	981
791	983
791	998
791	1000
792	443
792	501
792	506
792	582
792	662
792	755
792	799
792	807
792	920
792	933
792	952
792	972
792	986
793	75
793	253
793	279
793	313
793	413
793	501
793	530
793	640
793	868
793	925
793	957
793	973
793	989
794	327
794	377
794	473
794	495
794	579
794	615
794	658
794	724
794	773
794	842
794	902
794	931
794	996
795	297
795	559
795	632
795	831
795	846
795	866
795	889
795	926
796	465
796	651
796	828
796	851
796	853
796	871
796	892
796	915
796	957
796	963
796	965
796	974
796	1000
797	173
797	193
797	241
797	262
797	389
797	649
797	688
797	765
797	782
797	784
797	852
797	904
797	943
798	464
798	531
798	568
798	668
798	670
798	725
798	755
798	784
798	785
798	821
798	922
798	979
798	989
799	234
799	264
799	340
799	423
799	560
799	716
799	743
799	792
799	893
799	945
799	978
799	980
799	999
800	44
800	124
800	481
800	638
800	769
800	842
800	919
800	924
800	938
800	945
800	966
800	980
800	991
801	370
801	534
801	628
801	641
801	713
801	778
801	824
801	851
801	882
801	892
801	911
801	938
801	975
802	63
802	571
802	622
802	719
802	754
802	810
802	881
802	900
802	929
802	947
802	951
802	959
802	1000
803	42
803	460
803	606
803	669
803	718
803	750
803	772
803	821
803	864
803	871
803	895
803	977
803	980
804	245
804	310
804	450
804	607
804	678
804	739
804	825
804	836
804	859
804	870
804	905
804	949
804	979
804	986
805	351
805	517
805	535
805	553
805	621
805	675
805	769
805	774
805	810
805	904
805	920
805	956
805	977
805	997
806	24
806	46
806	61
806	64
806	180
806	284
806	445
806	516
806	548
806	654
806	784
806	856
806	884
806	963
807	203
807	208
807	282
807	290
807	634
807	652
807	726
807	767
807	778
807	788
807	792
807	832
807	944
807	971
808	105
808	215
808	252
808	470
808	526
808	599
808	662
808	710
808	738
808	780
808	853
808	920
808	947
808	975
809	83
809	223
809	254
809	434
809	498
809	574
809	730
809	769
809	877
809	907
809	923
809	979
809	989
809	991
810	1
810	438
810	484
810	535
810	553
810	621
810	752
810	802
810	805
810	814
810	865
810	904
810	918
810	978
811	222
811	310
811	368
811	550
811	588
811	697
811	776
811	779
811	873
811	911
811	915
811	927
811	945
811	973
812	97
812	194
812	321
812	463
812	513
812	542
812	550
812	774
812	781
812	816
812	906
812	909
812	978
812	997
813	98
813	206
813	207
813	385
813	545
813	567
813	580
813	697
813	825
813	847
813	883
813	922
813	945
813	956
814	28
814	273
814	459
814	573
814	639
814	704
814	707
814	751
814	762
814	810
814	841
814	935
814	938
814	954
814	986
815	13
815	20
815	88
815	167
815	308
815	358
815	413
815	478
815	559
815	753
815	770
815	964
815	976
815	999
816	66
816	107
816	208
816	229
816	284
816	291
816	335
816	458
816	555
816	741
816	767
816	768
816	812
816	943
817	31
817	99
817	164
817	296
817	671
817	676
817	763
817	781
817	837
817	904
817	960
817	972
817	976
817	979
818	320
818	681
818	831
818	861
818	917
818	924
818	927
818	959
818	965
819	343
819	475
819	536
819	552
819	672
819	716
819	766
819	781
819	870
819	891
819	895
819	920
819	948
819	978
819	996
820	30
820	38
820	156
820	426
820	430
820	595
820	605
820	633
820	752
820	772
820	877
820	906
820	934
820	939
820	987
821	90
821	400
821	509
821	541
821	618
821	638
821	689
821	766
821	777
821	779
821	798
821	803
821	836
821	873
821	966
822	378
822	401
822	406
822	498
822	693
822	695
822	706
822	769
822	854
822	864
822	914
822	930
822	958
822	972
822	999
823	37
823	288
823	567
823	656
823	750
823	790
823	827
823	833
823	886
823	888
823	935
823	955
823	968
823	990
823	999
824	21
824	58
824	158
824	383
824	548
824	572
824	624
824	731
824	736
824	801
824	848
824	943
824	952
824	957
824	972
825	124
825	591
825	602
825	645
825	679
825	804
825	813
825	869
825	883
825	950
825	954
825	973
825	979
825	989
825	990
826	385
826	420
826	425
826	462
826	528
826	656
826	769
826	779
826	828
826	839
826	870
826	872
826	879
826	896
826	932
827	59
827	225
827	322
827	387
827	474
827	509
827	626
827	676
827	713
827	773
827	823
827	931
827	935
827	947
827	966
828	499
828	617
828	675
828	796
828	826
828	853
828	855
828	877
828	964
828	972
828	982
828	983
828	985
828	990
828	994
829	20
829	128
829	170
829	194
829	276
829	286
829	383
829	474
829	695
829	848
829	861
829	937
829	950
829	974
829	980
830	55
830	193
830	199
830	251
830	440
830	552
830	555
830	576
830	593
830	647
830	660
830	661
830	701
830	741
830	967
831	99
831	235
831	450
831	634
831	680
831	739
831	795
831	818
831	838
831	844
831	883
831	933
831	944
831	964
831	985
832	210
832	300
832	303
832	347
832	480
832	552
832	584
832	646
832	694
832	768
832	807
832	915
832	944
832	957
832	969
833	403
833	487
833	568
833	643
833	752
833	777
833	823
833	844
833	882
833	902
833	907
833	978
833	982
833	984
833	995
834	200
834	399
834	493
834	531
834	575
834	625
834	786
834	866
834	911
834	939
834	951
834	955
834	956
834	967
834	975
834	981
835	251
835	286
835	407
835	491
835	570
835	582
835	615
835	619
835	684
835	739
835	838
835	844
835	901
835	934
835	937
835	992
836	296
836	362
836	403
836	516
836	549
836	565
836	762
836	782
836	790
836	804
836	821
836	852
836	853
836	907
836	943
836	982
837	103
837	416
837	775
837	817
837	898
837	918
837	923
837	924
837	933
837	936
838	374
838	533
838	548
838	599
838	680
838	791
838	831
838	835
838	871
838	874
838	878
838	884
838	902
838	931
838	947
838	995
839	20
839	482
839	629
839	654
839	775
839	783
839	789
839	826
839	842
839	844
839	855
839	869
839	886
839	896
839	916
839	968
839	993
840	49
840	337
840	350
840	435
840	511
840	659
840	698
840	708
840	782
840	904
840	909
840	916
840	935
840	971
840	983
840	987
841	42
841	174
841	178
841	526
841	602
841	638
841	704
841	752
841	814
841	842
841	895
841	921
841	930
841	932
841	982
841	985
842	327
842	413
842	539
842	581
842	615
842	697
842	788
842	794
842	800
842	839
842	841
842	851
842	852
842	858
842	931
842	996
843	98
843	103
843	120
843	255
843	263
843	361
843	630
843	634
843	757
843	870
843	894
843	919
843	924
843	947
843	955
843	981
844	114
844	372
844	474
844	539
844	596
844	655
844	670
844	682
844	773
844	831
844	833
844	835
844	839
844	848
844	881
844	910
844	996
845	191
845	273
845	343
845	472
845	581
845	582
845	642
845	648
845	691
845	726
845	733
845	738
845	764
845	860
845	911
845	915
845	951
846	264
846	297
846	389
846	540
846	632
846	707
846	795
846	866
846	889
846	891
847	36
847	70
847	110
847	356
847	493
847	545
847	579
847	586
847	695
847	813
847	863
847	873
847	883
847	922
847	927
847	945
847	956
848	169
848	376
848	387
848	683
848	764
848	824
848	829
848	844
848	878
848	903
848	929
848	937
848	950
848	959
848	965
848	968
848	1000
849	79
849	298
849	412
849	543
849	580
849	581
849	720
849	751
849	857
849	864
849	912
849	966
849	970
849	975
849	981
849	988
849	993
850	101
850	138
850	375
850	379
850	517
850	595
850	650
850	680
850	697
850	915
850	925
850	948
850	951
850	966
850	971
850	978
850	979
851	46
851	105
851	192
851	221
851	275
851	496
851	617
851	662
851	742
851	752
851	767
851	796
851	801
851	842
851	868
851	884
851	932
852	131
852	391
852	427
852	503
852	512
852	581
852	648
852	727
852	797
852	836
852	842
852	855
852	896
852	954
852	970
852	981
852	993
853	122
853	268
853	337
853	580
853	599
853	683
853	796
853	808
853	828
853	836
853	860
853	921
853	947
853	965
853	979
853	997
853	999
854	145
854	161
854	269
854	285
854	322
854	344
854	372
854	384
854	488
854	726
854	738
854	751
854	822
854	891
854	895
854	934
854	970
855	256
855	262
855	270
855	436
855	470
855	588
855	605
855	715
855	734
855	828
855	839
855	852
855	876
855	914
855	946
855	974
855	983
856	48
856	109
856	297
856	527
856	589
856	592
856	606
856	806
856	879
856	886
856	901
856	924
856	925
856	954
856	971
856	973
856	978
857	142
857	156
857	206
857	224
857	597
857	630
857	688
857	703
857	849
857	870
857	893
857	913
857	933
857	976
857	977
857	988
857	1000
858	69
858	91
858	131
858	158
858	216
858	258
858	404
858	548
858	748
858	842
858	900
858	907
858	919
858	946
858	950
858	960
859	26
859	241
859	372
859	467
859	572
859	615
859	728
859	733
859	749
859	804
859	910
859	922
859	931
859	943
859	974
859	985
859	992
860	242
860	338
860	525
860	682
860	699
860	845
860	853
860	869
860	884
860	906
860	936
860	953
860	954
860	967
860	982
860	987
860	997
861	54
861	74
861	168
861	170
861	537
861	659
861	714
861	787
861	818
861	829
861	920
861	926
861	945
861	953
861	982
861	986
861	992
861	994
862	86
862	112
862	245
862	473
862	546
862	573
862	602
862	612
862	660
862	697
862	710
862	755
862	916
862	954
862	980
862	981
862	982
862	995
863	51
863	91
863	122
863	317
863	611
863	647
863	728
863	759
863	847
863	883
863	889
863	896
863	898
863	976
863	980
863	983
863	993
863	1000
864	115
864	267
864	359
864	399
864	490
864	563
864	676
864	708
864	803
864	822
864	849
864	865
864	869
864	958
864	962
864	980
864	981
864	990
865	140
865	187
865	286
865	479
865	481
865	626
865	643
865	652
865	706
865	810
865	864
865	916
865	948
865	954
865	960
865	973
865	984
865	995
866	297
866	396
866	496
866	632
866	795
866	834
866	846
866	872
866	889
866	935
866	993
866	1000
867	296
867	358
867	415
867	729
867	785
867	788
867	920
867	934
867	942
867	958
867	959
867	960
867	961
867	965
867	973
867	987
867	991
867	1000
868	47
868	185
868	285
868	353
868	404
868	418
868	473
868	698
868	729
868	793
868	851
868	895
868	900
868	920
868	935
868	967
868	973
868	994
869	114
869	209
869	304
869	481
869	504
869	578
869	677
869	745
869	825
869	839
869	860
869	864
869	900
869	901
869	915
869	924
869	927
869	975
870	85
870	144
870	392
870	429
870	598
870	666
870	790
870	804
870	819
870	826
870	843
870	857
870	896
870	919
870	969
870	970
870	972
870	975
870	988
871	231
871	519
871	556
871	572
871	581
871	608
871	616
871	686
871	715
871	777
871	796
871	803
871	838
871	875
871	892
871	938
871	951
871	979
871	982
872	20
872	66
872	266
872	448
872	452
872	464
872	535
872	550
872	779
872	826
872	866
872	889
872	940
872	942
872	945
872	963
872	964
872	965
872	986
873	431
873	472
873	522
873	579
873	609
873	620
873	664
873	754
873	780
873	791
873	811
873	821
873	847
873	910
873	934
873	943
873	962
873	983
873	1000
874	30
874	102
874	242
874	312
874	388
874	391
874	456
874	494
874	706
874	759
874	760
874	838
874	880
874	899
874	928
874	936
874	937
874	950
874	1000
875	78
875	160
875	395
875	431
875	450
875	492
875	596
875	712
875	871
875	884
875	897
875	912
875	933
875	972
875	982
875	985
875	992
875	993
875	994
876	145
876	183
876	185
876	343
876	521
876	523
876	646
876	719
876	758
876	787
876	855
876	901
876	935
876	951
876	952
876	965
876	975
876	979
876	997
877	432
877	467
877	567
877	591
877	724
877	738
877	748
877	766
877	809
877	820
877	828
877	878
877	888
877	913
877	934
877	958
877	964
877	977
877	987
878	61
878	162
878	395
878	440
878	457
878	479
878	492
878	551
878	665
878	683
878	704
878	726
878	734
878	838
878	848
878	877
878	911
878	923
878	926
879	3
879	21
879	41
879	143
879	177
879	183
879	270
879	343
879	448
879	635
879	664
879	678
879	765
879	826
879	856
879	896
879	948
879	983
879	987
879	994
880	36
880	198
880	302
880	397
880	510
880	568
880	589
880	604
880	719
880	739
880	746
880	778
880	789
880	874
880	929
880	940
880	942
880	989
880	991
881	147
881	398
881	766
881	802
881	844
881	928
881	935
881	945
881	947
881	981
881	993
882	1
882	124
882	305
882	369
882	371
882	437
882	439
882	517
882	520
882	605
882	701
882	709
882	763
882	801
882	833
882	932
882	946
882	974
882	975
883	24
883	132
883	171
883	239
883	545
883	584
883	632
883	729
883	773
883	813
883	825
883	831
883	847
883	863
883	945
883	956
883	960
883	978
883	999
884	132
884	195
884	360
884	455
884	649
884	666
884	720
884	736
884	806
884	838
884	851
884	860
884	875
884	891
884	895
884	988
884	991
884	996
884	997
885	32
885	37
885	168
885	211
885	238
885	330
885	483
885	495
885	555
885	657
885	663
885	706
885	743
885	779
885	906
885	928
885	933
885	986
885	997
886	239
886	256
886	359
886	362
886	524
886	540
886	612
886	676
886	744
886	750
886	762
886	782
886	823
886	839
886	856
886	898
886	951
886	959
886	974
886	976
887	39
887	66
887	208
887	214
887	240
887	258
887	320
887	601
887	611
887	627
887	703
887	737
887	770
887	890
887	946
887	965
887	966
887	988
887	990
887	992
888	12
888	23
888	40
888	96
888	122
888	198
888	237
888	299
888	306
888	332
888	748
888	823
888	877
888	913
888	926
888	943
888	976
888	984
888	986
888	999
889	104
889	194
889	199
889	297
889	336
889	414
889	433
889	507
889	514
889	566
889	632
889	717
889	735
889	738
889	795
889	846
889	863
889	866
889	872
889	921
890	40
890	55
890	131
890	143
890	189
890	269
890	367
890	409
890	500
890	516
890	667
890	688
890	736
890	737
890	887
890	936
890	943
890	945
890	946
890	977
891	50
891	57
891	60
891	110
891	131
891	150
891	178
891	532
891	536
891	611
891	613
891	774
891	819
891	846
891	854
891	884
891	902
891	933
891	951
891	985
892	22
892	90
892	154
892	287
892	443
892	497
892	530
892	577
892	619
892	796
892	801
892	871
892	898
892	905
892	925
892	926
892	940
892	948
892	993
892	998
893	52
893	57
893	249
893	360
893	492
893	513
893	532
893	547
893	697
893	754
893	799
893	857
893	903
893	912
893	932
893	957
893	978
893	988
893	990
893	992
894	22
894	78
894	229
894	394
894	413
894	458
894	522
894	671
894	706
894	843
894	898
894	901
894	919
894	929
894	943
894	953
894	962
894	979
894	986
894	998
895	180
895	434
895	532
895	537
895	604
895	622
895	665
895	668
895	702
895	762
895	803
895	819
895	841
895	854
895	868
895	884
895	960
895	962
895	994
895	998
896	425
896	430
896	528
896	542
896	656
896	694
896	708
896	721
896	735
896	754
896	826
896	839
896	852
896	863
896	870
896	879
896	932
896	944
896	966
896	992
897	58
897	84
897	119
897	206
897	332
897	352
897	377
897	447
897	583
897	630
897	637
897	677
897	688
897	693
897	875
897	903
897	912
897	917
897	931
897	952
897	987
898	142
898	159
898	277
898	338
898	379
898	486
898	495
898	541
898	577
898	633
898	637
898	767
898	837
898	863
898	886
898	892
898	894
898	944
898	949
898	963
898	987
899	154
899	295
899	424
899	452
899	518
899	569
899	600
899	608
899	622
899	666
899	707
899	758
899	766
899	781
899	874
899	910
899	930
899	933
899	967
899	972
899	995
900	11
900	266
900	289
900	294
900	298
900	306
900	484
900	504
900	638
900	802
900	858
900	868
900	869
900	907
900	949
900	953
900	955
900	964
900	972
900	984
900	1000
901	29
901	41
901	103
901	192
901	229
901	322
901	378
901	407
901	412
901	466
901	510
901	786
901	835
901	856
901	869
901	876
901	894
901	931
901	997
901	998
901	1000
902	38
902	328
902	382
902	383
902	517
902	536
902	595
902	622
902	679
902	713
902	731
902	754
902	794
902	833
902	838
902	891
902	957
902	963
902	977
902	985
902	994
903	84
903	163
903	218
903	286
903	291
903	352
903	377
903	378
903	555
903	566
903	600
903	693
903	848
903	893
903	897
903	907
903	912
903	931
903	952
903	960
903	992
904	108
904	324
904	366
904	394
904	435
904	598
904	678
904	715
904	751
904	763
904	797
904	805
904	810
904	817
904	840
904	929
904	955
904	967
904	968
904	984
904	993
904	996
905	145
905	221
905	271
905	272
905	372
905	461
905	528
905	632
905	656
905	665
905	673
905	700
905	715
905	763
905	781
905	785
905	804
905	892
905	926
905	949
905	979
905	1000
906	32
906	149
906	210
906	211
906	238
906	330
906	396
906	483
906	541
906	613
906	657
906	663
906	743
906	779
906	812
906	820
906	860
906	885
906	922
906	986
906	994
906	997
907	63
907	203
907	216
907	339
907	404
907	496
907	519
907	588
907	655
907	662
907	750
907	771
907	809
907	833
907	836
907	858
907	900
907	903
907	915
907	925
907	950
907	960
908	5
908	93
908	193
908	281
908	293
908	587
908	614
908	785
908	958
908	960
908	994
909	243
909	347
909	444
909	448
909	585
909	633
909	669
909	679
909	687
909	703
909	732
909	751
909	777
909	812
909	840
909	921
909	923
909	933
909	948
909	955
909	988
909	996
909	997
910	6
910	93
910	216
910	403
910	444
910	512
910	570
910	732
910	749
910	752
910	760
910	844
910	859
910	873
910	899
910	940
910	946
910	953
910	955
910	962
910	969
910	984
910	996
911	67
911	123
911	237
911	243
911	318
911	496
911	582
911	597
911	606
911	717
911	801
911	811
911	834
911	845
911	878
911	939
911	951
911	964
911	969
911	972
911	979
911	985
911	990
912	262
912	306
912	326
912	352
912	362
912	377
912	464
912	474
912	480
912	531
912	623
912	693
912	725
912	728
912	849
912	875
912	893
912	897
912	903
912	931
912	952
912	970
912	971
913	10
913	12
913	23
913	471
913	486
913	505
913	571
913	603
913	655
913	658
913	691
913	711
913	727
913	748
913	788
913	857
913	877
913	888
913	929
913	955
913	976
913	998
913	999
914	100
914	148
914	237
914	267
914	456
914	562
914	565
914	574
914	650
914	672
914	689
914	710
914	717
914	763
914	767
914	770
914	822
914	855
914	922
914	924
914	967
914	979
914	985
915	201
915	281
915	308
915	504
915	517
915	582
915	637
915	717
915	796
915	811
915	832
915	845
915	850
915	869
915	907
915	934
915	940
915	942
915	949
915	971
915	973
915	985
915	998
916	304
916	405
916	447
916	453
916	500
916	520
916	565
916	598
916	646
916	688
916	690
916	734
916	759
916	769
916	839
916	840
916	862
916	865
916	925
916	955
916	968
916	971
916	1000
917	498
917	654
917	681
917	692
917	709
917	818
917	897
917	927
917	959
917	965
917	991
917	999
918	13
918	144
918	219
918	258
918	285
918	419
918	512
918	548
918	557
918	631
918	644
918	645
918	691
918	709
918	810
918	837
918	933
918	936
918	948
918	973
918	983
918	996
918	999
919	88
919	185
919	252
919	256
919	271
919	361
919	367
919	459
919	477
919	609
919	610
919	768
919	800
919	843
919	858
919	870
919	894
919	922
919	924
919	963
919	964
919	966
919	981
920	4
920	415
920	499
920	548
920	595
920	621
920	684
920	742
920	744
920	745
920	772
920	780
920	788
920	792
920	805
920	808
920	819
920	861
920	867
920	868
920	926
920	932
920	950
920	971
921	188
921	229
921	402
921	432
921	497
921	567
921	572
921	616
921	622
921	747
921	841
921	853
921	889
921	909
921	937
921	938
921	948
921	956
921	969
921	972
921	990
921	995
921	996
921	999
922	129
922	143
922	243
922	296
922	316
922	376
922	384
922	478
922	683
922	732
922	755
922	768
922	781
922	798
922	813
922	847
922	859
922	906
922	914
922	919
922	954
922	961
922	969
922	990
923	29
923	76
923	77
923	197
923	254
923	283
923	302
923	587
923	600
923	602
923	605
923	642
923	652
923	673
923	674
923	683
923	809
923	837
923	878
923	909
923	930
923	969
923	986
923	990
924	94
924	249
924	300
924	353
924	510
924	650
924	674
924	709
924	727
924	757
924	777
924	790
924	800
924	818
924	837
924	843
924	856
924	869
924	914
924	919
924	936
924	956
924	960
924	961
924	982
925	19
925	174
925	395
925	429
925	569
925	706
925	757
925	771
925	793
925	850
925	856
925	892
925	907
925	916
925	935
925	937
925	955
925	962
925	964
925	967
925	969
925	976
925	984
925	990
925	996
926	21
926	70
926	92
926	200
926	387
926	434
926	463
926	499
926	577
926	579
926	638
926	667
926	705
926	744
926	780
926	795
926	861
926	878
926	888
926	892
926	905
926	920
926	932
926	991
926	992
926	998
927	116
927	247
927	295
927	681
927	777
927	811
927	818
927	847
927	869
927	917
927	931
927	959
927	965
928	57
928	147
928	149
928	239
928	276
928	322
928	347
928	354
928	398
928	437
928	457
928	665
928	699
928	722
928	874
928	881
928	885
928	929
928	935
928	948
928	949
928	981
929	12
929	38
929	121
929	262
929	318
929	413
929	458
929	468
929	595
929	689
929	690
929	802
929	848
929	880
929	894
929	904
929	913
929	928
929	935
929	937
929	944
929	958
929	972
929	973
929	984
929	989
929	998
930	34
930	64
930	235
930	272
930	310
930	363
930	442
930	457
930	576
930	667
930	669
930	706
930	750
930	776
930	785
930	790
930	822
930	841
930	899
930	923
930	941
930	949
930	958
930	961
930	985
930	988
930	994
931	277
931	313
931	405
931	599
931	603
931	604
931	689
931	749
931	750
931	762
931	770
931	794
931	827
931	838
931	842
931	859
931	897
931	901
931	903
931	912
931	927
931	942
931	966
931	974
931	977
931	980
931	1000
932	9
932	119
932	123
932	138
932	236
932	489
932	544
932	552
932	576
932	636
932	661
932	679
932	719
932	741
932	771
932	826
932	841
932	851
932	882
932	893
932	896
932	920
932	926
932	934
932	944
932	952
932	987
933	2
933	15
933	167
933	226
933	244
933	381
933	456
933	508
933	563
933	606
933	792
933	831
933	837
933	857
933	875
933	885
933	891
933	899
933	909
933	918
933	948
933	967
933	974
933	977
934	96
934	136
934	155
934	187
934	217
934	303
934	416
934	471
934	574
934	576
934	624
934	675
934	778
934	820
934	835
934	854
934	867
934	873
934	877
934	915
934	932
934	940
934	944
934	949
934	966
934	967
934	987
934	997
935	36
935	72
935	119
935	147
935	213
935	241
935	307
935	309
935	398
935	487
935	708
935	719
935	747
935	814
935	823
935	827
935	840
935	866
935	868
935	876
935	881
935	925
935	928
935	929
935	963
935	975
935	981
935	994
936	58
936	59
936	117
936	183
936	189
936	299
936	306
936	414
936	459
936	466
936	546
936	578
936	658
936	669
936	694
936	738
936	770
936	775
936	837
936	860
936	874
936	890
936	918
936	924
936	944
936	953
936	970
936	990
937	127
937	138
937	149
937	202
937	218
937	312
937	323
937	332
937	339
937	354
937	411
937	488
937	496
937	559
937	713
937	738
937	829
937	835
937	848
937	874
937	921
937	925
937	929
937	945
937	970
937	980
937	989
937	996
938	27
938	182
938	192
938	230
938	292
938	334
938	335
938	382
938	396
938	425
938	452
938	486
938	492
938	580
938	609
938	610
938	616
938	654
938	676
938	688
938	777
938	784
938	800
938	801
938	814
938	871
938	921
938	971
939	87
939	106
939	189
939	200
939	269
939	285
939	420
939	421
939	459
939	531
939	575
939	625
939	664
939	685
939	694
939	722
939	733
939	759
939	820
939	834
939	911
939	943
939	955
939	956
939	961
939	972
939	975
939	981
940	69
940	134
940	159
940	160
940	204
940	208
940	209
940	364
940	422
940	451
940	463
940	471
940	482
940	497
940	591
940	641
940	735
940	786
940	872
940	880
940	892
940	910
940	915
940	934
940	942
940	952
940	966
940	979
941	93
941	213
941	267
941	319
941	332
941	421
941	446
941	477
941	582
941	682
941	751
941	930
941	961
941	963
941	970
941	975
941	978
941	989
942	205
942	209
942	224
942	236
942	291
942	367
942	384
942	420
942	422
942	491
942	513
942	568
942	672
942	685
942	694
942	706
942	735
942	867
942	872
942	880
942	915
942	931
942	940
942	952
942	954
942	966
942	971
942	979
942	995
943	65
943	79
943	210
943	231
943	252
943	278
943	288
943	611
943	640
943	653
943	654
943	689
943	748
943	749
943	797
943	816
943	824
943	836
943	859
943	873
943	888
943	890
943	894
943	939
943	952
943	955
943	972
943	977
943	983
944	91
944	109
944	250
944	302
944	345
944	526
944	567
944	645
944	723
944	756
944	773
944	786
944	807
944	831
944	832
944	896
944	898
944	929
944	932
944	934
944	936
944	948
944	977
944	984
944	987
944	990
944	992
944	997
944	999
945	58
945	148
945	477
945	486
945	514
945	531
945	578
945	581
945	629
945	692
945	737
945	759
945	799
945	800
945	811
945	813
945	847
945	861
945	872
945	881
945	883
945	890
945	937
945	948
945	957
945	975
945	978
945	1000
946	86
946	177
946	214
946	269
946	326
946	336
946	339
946	367
946	428
946	441
946	479
946	541
946	554
946	572
946	623
946	634
946	652
946	671
946	738
946	855
946	858
946	882
946	887
946	890
946	910
946	948
946	952
946	953
946	966
946	973
947	169
947	199
947	205
947	224
947	225
947	244
947	248
947	317
947	454
947	491
947	533
947	558
947	559
947	563
947	579
947	631
947	711
947	733
947	737
947	802
947	808
947	827
947	838
947	843
947	853
947	881
947	949
947	963
947	968
947	993
948	2
948	15
948	91
948	117
948	208
948	244
948	265
948	317
948	352
948	364
948	382
948	501
948	593
948	623
948	676
948	725
948	819
948	850
948	865
948	879
948	892
948	909
948	918
948	921
948	928
948	933
948	944
948	945
948	946
948	967
948	974
949	14
949	75
949	202
949	303
949	413
949	424
949	440
949	448
949	594
949	610
949	633
949	636
949	667
949	678
949	681
949	707
949	740
949	749
949	804
949	898
949	900
949	905
949	915
949	928
949	930
949	934
949	947
949	950
949	974
949	987
949	999
950	8
950	162
950	243
950	267
950	305
950	308
950	404
950	415
950	441
950	443
950	490
950	521
950	523
950	541
950	675
950	742
950	784
950	825
950	829
950	848
950	858
950	874
950	907
950	920
950	949
950	957
950	962
950	972
950	983
950	984
950	991
951	26
951	193
951	205
951	252
951	306
951	338
951	389
951	391
951	428
951	457
951	459
951	534
951	587
951	619
951	627
951	689
951	700
951	716
951	724
951	736
951	802
951	834
951	845
951	850
951	871
951	876
951	886
951	891
951	911
951	953
951	979
952	64
952	154
952	205
952	274
952	355
952	422
952	430
952	512
952	514
952	603
952	657
952	666
952	718
952	734
952	744
952	792
952	824
952	876
952	897
952	903
952	912
952	932
952	940
952	942
952	943
952	946
952	972
952	976
952	977
952	989
952	997
953	16
953	45
953	137
953	139
953	165
953	177
953	221
953	276
953	329
953	362
953	471
953	488
953	503
953	530
953	592
953	633
953	686
953	692
953	726
953	745
953	751
953	785
953	860
953	861
953	894
953	900
953	910
953	936
953	946
953	951
953	966
953	982
954	112
954	245
954	488
954	493
954	511
954	546
954	573
954	584
954	623
954	634
954	648
954	688
954	695
954	707
954	710
954	731
954	733
954	734
954	755
954	814
954	825
954	852
954	856
954	860
954	862
954	865
954	922
954	942
954	980
954	981
954	982
954	983
955	266
955	299
955	324
955	394
955	414
955	544
955	564
955	587
955	634
955	640
955	648
955	690
955	724
955	729
955	737
955	789
955	823
955	834
955	843
955	900
955	904
955	909
955	910
955	913
955	916
955	925
955	939
955	943
955	986
955	987
955	989
955	996
956	140
956	247
956	449
956	553
956	554
956	560
956	564
956	565
956	575
956	604
956	621
956	623
956	636
956	685
956	698
956	717
956	762
956	805
956	813
956	834
956	847
956	883
956	921
956	924
956	939
956	987
956	989
956	992
956	993
956	994
956	996
956	997
957	113
957	116
957	144
957	275
957	291
957	408
957	441
957	460
957	586
957	672
957	674
957	698
957	701
957	727
957	730
957	761
957	793
957	796
957	824
957	832
957	893
957	902
957	945
957	950
957	968
957	982
957	985
957	989
957	993
957	996
957	998
957	999
958	5
958	188
958	247
958	293
958	306
958	317
958	347
958	440
958	477
958	491
958	507
958	593
958	614
958	784
958	822
958	864
958	867
958	877
958	908
958	929
958	930
958	965
958	966
958	976
958	994
958	997
959	40
959	247
959	420
959	451
959	515
959	566
959	646
959	651
959	681
959	718
959	802
959	818
959	848
959	867
959	886
959	917
959	927
959	961
959	965
959	978
959	981
959	982
959	996
960	30
960	76
960	153
960	213
960	246
960	364
960	404
960	469
960	487
960	586
960	602
960	686
960	712
960	732
960	733
960	817
960	858
960	865
960	867
960	883
960	895
960	903
960	907
960	908
960	924
960	963
960	964
960	969
960	973
960	976
960	988
960	990
960	998
961	70
961	110
961	117
961	167
961	252
961	277
961	319
961	389
961	397
961	421
961	428
961	433
961	446
961	452
961	453
961	491
961	510
961	527
961	559
961	562
961	583
961	665
961	674
961	730
961	770
961	867
961	922
961	924
961	930
961	939
961	941
961	959
961	963
962	69
962	122
962	326
962	408
962	431
962	460
962	474
962	522
962	548
962	559
962	606
962	617
962	620
962	631
962	649
962	660
962	683
962	700
962	747
962	759
962	791
962	864
962	873
962	894
962	895
962	910
962	925
962	950
962	976
962	983
962	992
962	993
962	1000
963	10
963	115
963	301
963	355
963	446
963	475
963	498
963	577
963	633
963	660
963	696
963	700
963	737
963	784
963	796
963	806
963	872
963	898
963	902
963	919
963	935
963	941
963	947
963	960
963	961
963	970
963	971
963	973
963	975
963	982
963	989
963	999
963	1000
964	3
964	210
964	218
964	295
964	338
964	339
964	398
964	400
964	439
964	471
964	509
964	527
964	534
964	584
964	618
964	646
964	662
964	676
964	708
964	729
964	730
964	747
964	771
964	815
964	828
964	831
964	872
964	877
964	900
964	911
964	919
964	925
964	960
964	977
965	59
965	109
965	131
965	180
965	182
965	186
965	247
965	281
965	308
965	367
965	391
965	446
965	453
965	457
965	484
965	551
965	641
965	642
965	663
965	681
965	695
965	721
965	796
965	818
965	848
965	853
965	867
965	872
965	876
965	887
965	917
965	927
965	958
965	959
966	188
966	214
966	287
966	337
966	369
966	412
966	462
966	502
966	614
966	655
966	656
966	741
966	762
966	780
966	800
966	821
966	827
966	849
966	850
966	887
966	896
966	919
966	931
966	934
966	940
966	942
966	946
966	953
966	958
966	967
966	977
966	979
966	989
966	999
967	15
967	67
967	155
967	301
967	335
967	384
967	462
967	483
967	570
967	590
967	622
967	628
967	631
967	680
967	763
967	773
967	830
967	834
967	860
967	868
967	899
967	904
967	914
967	925
967	933
967	934
967	948
967	966
967	971
967	975
967	976
967	980
967	987
967	997
968	35
968	134
968	185
968	199
968	208
968	215
968	224
968	241
968	263
968	365
968	410
968	429
968	463
968	472
968	486
968	510
968	518
968	536
968	557
968	626
968	694
968	761
968	782
968	823
968	839
968	848
968	904
968	916
968	947
968	957
968	975
968	977
968	993
968	995
969	9
969	45
969	158
969	161
969	172
969	232
969	258
969	277
969	342
969	358
969	420
969	459
969	483
969	500
969	504
969	564
969	598
969	612
969	631
969	662
969	664
969	732
969	769
969	832
969	870
969	910
969	911
969	921
969	922
969	923
969	925
969	960
969	979
969	990
969	995
970	123
970	137
970	205
970	230
970	232
970	239
970	265
970	271
970	279
970	309
970	358
970	429
970	469
970	501
970	507
970	512
970	520
970	565
970	568
970	585
970	593
970	606
970	617
970	641
970	711
970	849
970	852
970	854
970	870
970	912
970	936
970	937
970	941
970	963
970	975
971	28
971	53
971	62
971	85
971	111
971	146
971	193
971	320
971	336
971	401
971	445
971	453
971	476
971	522
971	679
971	705
971	746
971	754
971	773
971	807
971	840
971	850
971	856
971	912
971	915
971	916
971	920
971	938
971	942
971	963
971	967
971	979
971	984
971	991
971	995
972	88
972	99
972	242
972	249
972	253
972	424
972	482
972	622
972	625
972	642
972	645
972	668
972	702
972	733
972	763
972	787
972	792
972	817
972	822
972	824
972	828
972	870
972	875
972	899
972	900
972	911
972	921
972	929
972	939
972	943
972	950
972	952
972	989
972	1000
973	27
973	40
973	62
973	115
973	117
973	405
973	440
973	445
973	451
973	500
973	566
973	584
973	598
973	607
973	613
973	614
973	654
973	685
973	712
973	790
973	793
973	811
973	825
973	856
973	865
973	867
973	868
973	915
973	918
973	929
973	946
973	960
973	963
973	982
973	994
973	996
974	17
974	58
974	118
974	214
974	244
974	271
974	307
974	314
974	348
974	355
974	437
974	506
974	556
974	574
974	612
974	678
974	752
974	774
974	777
974	789
974	796
974	829
974	855
974	859
974	882
974	886
974	931
974	933
974	948
974	949
974	975
974	978
974	980
974	981
974	989
974	998
974	1000
975	114
975	129
975	184
975	278
975	298
975	386
975	419
975	465
975	504
975	508
975	541
975	546
975	558
975	625
975	686
975	713
975	747
975	758
975	781
975	801
975	808
975	834
975	849
975	869
975	870
975	876
975	882
975	935
975	939
975	941
975	945
975	963
975	967
975	968
975	970
975	974
975	976
975	995
976	18
976	43
976	161
976	170
976	220
976	228
976	255
976	315
976	409
976	410
976	443
976	503
976	515
976	631
976	661
976	681
976	694
976	695
976	703
976	714
976	768
976	780
976	781
976	789
976	815
976	817
976	857
976	863
976	886
976	888
976	913
976	925
976	952
976	958
976	960
976	962
976	967
976	975
976	988
977	48
977	152
977	190
977	341
977	353
977	373
977	385
977	396
977	488
977	496
977	508
977	572
977	583
977	593
977	612
977	648
977	718
977	737
977	761
977	766
977	778
977	803
977	805
977	857
977	877
977	890
977	902
977	931
977	933
977	943
977	944
977	952
977	964
977	966
977	968
977	993
977	996
977	999
977	1000
978	13
978	264
978	299
978	340
978	423
978	493
978	530
978	561
978	576
978	580
978	590
978	598
978	610
978	638
978	652
978	670
978	685
978	716
978	777
978	782
978	786
978	788
978	799
978	810
978	812
978	819
978	833
978	850
978	856
978	883
978	893
978	941
978	945
978	959
978	974
978	980
978	982
978	986
978	999
979	48
979	81
979	83
979	137
979	254
979	397
979	454
979	537
979	544
979	556
979	663
979	664
979	677
979	687
979	732
979	778
979	798
979	804
979	809
979	817
979	825
979	850
979	853
979	871
979	876
979	894
979	905
979	911
979	914
979	940
979	942
979	951
979	966
979	969
979	971
979	981
979	984
979	990
979	996
980	118
980	119
980	166
980	169
980	235
980	248
980	261
980	279
980	298
980	314
980	356
980	357
980	450
980	477
980	510
980	537
980	569
980	578
980	598
980	627
980	637
980	656
980	710
980	716
980	799
980	800
980	803
980	829
980	862
980	863
980	864
980	931
980	937
980	954
980	967
980	974
980	978
980	981
980	988
980	997
981	182
981	338
981	361
981	453
981	490
981	517
981	521
981	575
981	581
981	590
981	616
981	620
981	625
981	628
981	648
981	655
981	710
981	717
981	768
981	791
981	834
981	843
981	849
981	852
981	862
981	864
981	881
981	919
981	928
981	935
981	939
981	954
981	959
981	974
981	979
981	980
981	983
981	998
981	1000
982	57
982	94
982	125
982	175
982	265
982	272
982	319
982	333
982	350
982	366
982	418
982	529
982	551
982	554
982	665
982	715
982	719
982	720
982	751
982	755
982	785
982	828
982	833
982	836
982	841
982	860
982	861
982	862
982	871
982	875
982	924
982	953
982	954
982	957
982	959
982	963
982	973
982	978
982	984
982	999
982	1000
983	66
983	107
983	150
983	202
983	205
983	304
983	344
983	380
983	383
983	389
983	431
983	501
983	508
983	522
983	569
983	570
983	603
983	620
983	635
983	672
983	709
983	724
983	728
983	745
983	770
983	791
983	828
983	840
983	855
983	863
983	873
983	879
983	918
983	943
983	950
983	954
983	962
983	981
983	995
983	997
983	1000
984	6
984	8
984	35
984	49
984	86
984	87
984	107
984	175
984	204
984	256
984	275
984	295
984	326
984	330
984	380
984	393
984	414
984	420
984	435
984	468
984	578
984	583
984	609
984	646
984	651
984	652
984	749
984	756
984	833
984	865
984	888
984	900
984	904
984	910
984	925
984	929
984	944
984	950
984	971
984	979
984	982
984	997
985	100
985	106
985	174
985	318
985	357
985	366
985	444
985	467
985	473
985	474
985	562
985	568
985	629
985	635
985	646
985	650
985	660
985	680
985	686
985	711
985	718
985	728
985	749
985	754
985	757
985	760
985	774
985	828
985	831
985	841
985	859
985	875
985	891
985	902
985	911
985	914
985	915
985	930
985	957
985	990
985	995
985	997
986	32
986	45
986	97
986	129
986	131
986	211
986	226
986	238
986	275
986	317
986	330
986	456
986	479
986	483
986	511
986	512
986	529
986	655
986	657
986	663
986	696
986	701
986	743
986	762
986	768
986	779
986	780
986	782
986	792
986	804
986	814
986	861
986	872
986	885
986	888
986	894
986	906
986	923
986	955
986	978
986	997
986	999
987	96
987	187
987	233
987	299
987	303
987	380
987	383
987	428
987	492
987	501
987	503
987	540
987	542
987	560
987	570
987	572
987	592
987	624
987	637
987	642
987	697
987	734
987	741
987	777
987	778
987	820
987	840
987	860
987	867
987	877
987	879
987	897
987	898
987	932
987	934
987	944
987	949
987	955
987	956
987	967
987	989
987	997
987	999
988	7
988	45
988	88
988	103
988	180
988	184
988	195
988	261
988	344
988	362
988	466
988	493
988	523
988	539
988	559
988	566
988	571
988	579
988	588
988	594
988	597
988	624
988	652
988	672
988	702
988	703
988	705
988	729
988	787
988	790
988	849
988	857
988	870
988	884
988	887
988	893
988	909
988	930
988	960
988	976
988	980
988	990
988	993
989	153
989	165
989	173
989	186
989	323
989	388
989	436
989	455
989	464
989	482
989	490
989	498
989	523
989	543
989	561
989	578
989	636
989	647
989	709
989	711
989	720
989	727
989	736
989	747
989	793
989	798
989	809
989	825
989	880
989	929
989	937
989	941
989	952
989	955
989	956
989	957
989	963
989	966
989	972
989	974
989	987
989	995
989	996
989	1000
990	87
990	89
990	101
990	126
990	131
990	168
990	177
990	180
990	219
990	382
990	387
990	400
990	408
990	453
990	479
990	515
990	560
990	566
990	670
990	712
990	732
990	734
990	743
990	744
990	759
990	785
990	823
990	825
990	828
990	864
990	887
990	893
990	911
990	921
990	922
990	923
990	925
990	936
990	944
990	960
990	969
990	979
990	985
990	988
990	995
991	27
991	90
991	141
991	166
991	181
991	197
991	206
991	212
991	246
991	358
991	409
991	433
991	439
991	444
991	461
991	463
991	464
991	487
991	494
991	539
991	570
991	574
991	587
991	623
991	637
991	651
991	655
991	705
991	725
991	736
991	741
991	742
991	746
991	786
991	790
991	800
991	809
991	867
991	880
991	884
991	917
991	926
991	950
991	971
991	996
992	7
992	13
992	33
992	50
992	71
992	80
992	120
992	135
992	150
992	157
992	167
992	178
992	194
992	279
992	345
992	351
992	375
992	400
992	407
992	408
992	466
992	488
992	519
992	524
992	596
992	627
992	646
992	647
992	664
992	676
992	717
992	772
992	773
992	835
992	859
992	861
992	875
992	887
992	893
992	896
992	903
992	926
992	944
992	956
992	962
993	24
993	64
993	69
993	72
993	126
993	240
993	263
993	275
993	302
993	356
993	384
993	386
993	391
993	410
993	452
993	515
993	540
993	557
993	561
993	571
993	574
993	631
993	672
993	682
993	734
993	747
993	758
993	761
993	839
993	849
993	852
993	863
993	866
993	875
993	881
993	892
993	904
993	947
993	956
993	957
993	962
993	968
993	977
993	988
993	1000
994	5
994	44
994	89
994	153
994	157
994	170
994	182
994	255
994	269
994	270
994	277
994	293
994	308
994	381
994	408
994	409
994	420
994	497
994	530
994	550
994	551
994	605
994	609
994	614
994	626
994	636
994	689
994	708
994	725
994	742
994	767
994	828
994	861
994	868
994	875
994	879
994	895
994	902
994	906
994	908
994	930
994	935
994	956
994	958
994	973
994	995
995	25
995	73
995	94
995	153
995	167
995	225
995	237
995	239
995	288
995	374
995	496
995	512
995	518
995	533
995	554
995	564
995	579
995	599
995	601
995	665
995	686
995	699
995	719
995	732
995	733
995	741
995	757
995	765
995	781
995	833
995	838
995	862
995	865
995	899
995	921
995	942
995	968
995	969
995	971
995	975
995	983
995	985
995	989
995	990
995	994
995	997
996	10
996	115
996	151
996	199
996	213
996	312
996	323
996	365
996	371
996	373
996	400
996	415
996	422
996	445
996	461
996	510
996	560
996	561
996	592
996	615
996	643
996	705
996	718
996	734
996	742
996	746
996	773
996	794
996	819
996	842
996	844
996	884
996	904
996	909
996	910
996	918
996	921
996	925
996	937
996	955
996	956
996	957
996	959
996	973
996	977
996	979
996	989
996	991
997	18
997	93
997	132
997	201
997	217
997	220
997	378
997	407
997	440
997	500
997	511
997	564
997	583
997	584
997	585
997	597
997	598
997	617
997	640
997	657
997	666
997	723
997	760
997	772
997	774
997	805
997	812
997	853
997	860
997	876
997	884
997	885
997	901
997	906
997	909
997	934
997	944
997	952
997	956
997	958
997	967
997	980
997	983
997	984
997	985
997	986
997	987
997	995
997	1000
998	68
998	74
998	77
998	111
998	113
998	126
998	159
998	251
998	279
998	304
998	326
998	348
998	355
998	360
998	381
998	385
998	402
998	414
998	417
998	439
998	479
998	519
998	520
998	560
998	563
998	565
998	578
998	586
998	587
998	588
998	593
998	607
998	670
998	695
998	756
998	782
998	791
998	892
998	894
998	895
998	901
998	913
998	915
998	926
998	929
998	957
998	960
998	974
998	981
999	8
999	21
999	56
999	69
999	160
999	268
999	346
999	392
999	402
999	423
999	475
999	496
999	561
999	574
999	637
999	661
999	670
999	696
999	709
999	714
999	716
999	722
999	723
999	730
999	748
999	754
999	759
999	789
999	799
999	815
999	822
999	823
999	853
999	883
999	888
999	913
999	917
999	918
999	921
999	944
999	949
999	957
999	963
999	966
999	977
999	978
999	982
999	986
999	987
1000	51
1000	57
1000	121
1000	134
1000	161
1000	215
1000	220
1000	268
1000	280
1000	282
1000	335
1000	486
1000	500
1000	525
1000	527
1000	558
1000	575
1000	651
1000	669
1000	692
1000	715
1000	717
1000	766
1000	791
1000	796
1000	802
1000	848
1000	857
1000	863
1000	866
1000	867
1000	873
1000	874
1000	900
1000	901
1000	905
1000	916
1000	931
1000	945
1000	962
1000	963
1000	972
1000	974
1000	977
1000	981
1000	982
1000	983
1000	989
1000	993
1000	997
