1	485
1	599
1	912
1	998
2	604
2	943
2	980
2	990
3	859
3	912
3	926
3	993
4	525
4	714
4	936
4	962
5	468
5	885
5	940
5	998
6	318
6	346
6	611
6	751
7	503
7	583
7	912
7	923
8	931
8	962
8	983
8	994
9	579
9	695
9	888
9	997
10	760
10	954
10	959
10	991
11	166
11	801
11	941
11	989
12	371
12	691
12	731
12	978
13	591
13	971
13	981
13	999
14	539
14	586
14	838
14	961
15	593
15	858
15	893
15	943
16	262
16	735
16	928
16	973
17	568
17	914
17	944
17	994
18	678
18	897
18	979
18	984
19	814
19	946
19	981
19	988
20	892
20	950
20	959
20	987
21	234
21	427
21	850
21	983
22	936
22	957
22	965
22	995
23	151
23	849
23	855
23	930
24	85
24	882
24	894
24	943
25	511
25	649
25	746
25	976
26	300
26	932
26	982
26	991
27	436
27	878
27	911
27	987
28	70
28	694
28	905
28	969
29	80
29	266
29	611
29	999
30	323
30	783
30	971
30	998
31	412
31	846
31	937
31	977
32	286
32	805
32	847
32	947
33	769
33	863
33	908
33	948
34	807
34	897
34	902
34	939
35	101
35	310
35	852
35	976
36	540
36	722
36	928
36	933
37	174
37	377
37	701
37	807
38	100
38	162
38	853
38	996
39	724
39	895
39	925
39	957
40	622
40	799
40	938
40	953
41	800
41	858
41	882
41	943
42	727
42	842
42	938
42	991
43	240
43	269
43	892
43	995
44	432
44	617
44	725
44	780
45	243
45	869
45	946
45	999
46	664
46	852
46	877
46	956
47	584
47	828
47	938
47	1000
48	866
48	962
48	965
48	980
49	601
49	938
49	945
49	963
50	609
50	821
50	966
50	975
51	647
51	803
51	919
51	922
52	319
52	821
52	906
52	988
53	602
53	670
53	869
53	991
54	147
54	474
54	561
54	607
55	660
55	748
55	871
55	967
56	287
56	471
56	617
56	645
57	225
57	824
57	826
57	920
58	482
58	656
58	695
58	994
59	558
59	588
59	649
59	698
60	72
60	842
60	985
60	991
61	687
61	872
61	955
61	972
62	644
62	787
62	832
62	841
63	948
63	950
63	987
63	994
64	468
64	855
64	930
64	940
65	506
65	907
65	969
65	988
66	100
66	471
66	848
66	908
67	390
67	898
67	945
67	999
68	558
68	644
68	795
68	990
69	120
69	550
69	685
69	936
70	28
70	420
70	832
70	905
71	353
71	804
71	934
71	978
72	60
72	967
72	974
72	981
73	375
73	669
73	953
73	956
74	604
74	628
74	882
74	984
75	590
75	653
75	929
75	972
76	510
76	698
76	955
76	973
77	880
77	897
77	979
77	996
78	885
78	957
78	979
78	991
79	200
79	528
79	718
79	971
80	29
80	411
80	670
80	873
81	574
81	672
81	906
81	988
82	399
82	866
82	897
82	979
83	643
83	884
83	926
83	993
84	341
84	773
84	973
84	985
85	24
85	916
85	923
85	985
86	849
86	930
86	940
86	999
87	550
87	691
87	955
87	978
88	98
88	729
88	941
88	989
89	186
89	685
89	754
89	968
90	399
90	467
90	937
90	984
91	389
91	630
91	853
91	956
92	732
92	873
92	948
92	986
93	336
93	700
93	844
93	961
94	197
94	740
94	899
94	984
95	642
95	920
95	927
95	929
96	840
96	915
96	991
96	996
97	212
97	990
97	992
97	997
98	88
98	738
98	813
98	959
99	439
99	770
99	921
99	990
100	38
100	66
100	697
100	881
101	35
101	165
101	317
101	664
102	299
102	499
102	893
102	935
103	658
103	682
103	879
103	959
104	807
104	913
104	970
104	993
105	870
105	885
105	900
105	944
106	440
106	618
106	898
106	920
107	447
107	732
107	855
107	977
108	367
108	372
108	843
108	939
109	192
109	698
109	946
109	999
110	710
110	814
110	841
110	905
111	418
111	602
111	687
111	837
112	421
112	461
112	956
112	983
113	815
113	850
113	921
113	929
114	562
114	564
114	801
114	876
115	578
115	809
115	847
115	893
116	806
116	917
116	995
116	998
117	405
117	852
117	916
117	956
118	636
118	700
118	994
118	999
119	777
119	784
119	844
119	942
120	69
120	694
120	905
120	916
121	430
121	889
121	951
121	958
122	746
122	893
122	904
122	973
123	727
123	906
123	914
123	959
124	410
124	539
124	890
124	949
125	625
125	672
125	964
125	984
126	391
126	881
126	908
126	977
127	536
127	560
127	763
127	967
128	379
128	506
128	871
128	983
129	801
129	947
129	978
129	992
130	630
130	812
130	920
130	993
131	254
131	765
131	981
131	999
132	462
132	732
132	983
132	994
133	870
133	967
133	974
134	757
134	856
134	930
134	974
135	866
135	897
135	916
135	979
136	235
136	474
136	773
136	994
137	815
137	899
137	982
137	989
138	278
138	931
138	966
138	991
139	729
139	919
139	955
139	998
140	701
140	968
140	971
140	977
141	352
141	481
141	643
141	744
142	668
142	670
142	834
142	930
143	155
143	630
143	920
143	927
144	252
144	752
144	901
144	937
145	722
145	958
145	980
145	994
146	678
146	733
146	952
146	994
147	54
147	456
147	530
147	840
148	840
148	908
148	919
148	955
149	360
149	598
149	719
149	930
150	624
150	828
150	938
150	1000
151	23
151	264
151	940
151	973
152	318
152	634
152	933
152	934
153	438
153	909
153	918
153	947
154	959
154	979
154	988
154	999
155	143
155	193
155	742
155	861
156	552
156	721
156	967
156	974
157	505
157	741
157	961
157	989
158	540
158	790
158	962
158	965
159	677
159	770
159	890
159	960
160	345
160	661
160	867
160	995
161	192
161	600
161	795
161	876
162	38
162	444
162	952
162	998
163	706
163	764
163	893
163	996
164	275
164	569
164	688
164	940
165	101
165	300
165	956
165	980
166	11
166	191
166	919
166	955
167	234
167	758
167	916
167	996
168	430
168	576
168	926
168	993
169	348
169	847
169	942
169	997
170	383
170	905
170	914
170	986
171	697
171	751
171	939
171	955
172	777
172	950
172	968
172	996
173	599
173	956
173	976
173	998
174	37
174	256
174	546
174	813
175	628
175	882
175	943
175	978
176	514
176	529
176	786
176	894
177	357
177	732
177	986
177	1000
178	528
178	802
178	902
178	910
179	425
179	757
179	795
179	890
180	750
180	903
180	949
180	959
181	960
181	963
181	969
181	978
182	510
182	937
182	984
182	988
183	798
183	917
183	951
183	969
184	745
184	902
184	959
184	971
185	214
185	960
185	963
185	991
186	89
186	668
186	832
186	890
187	253
187	960
187	981
187	993
188	354
188	863
188	979
188	993
189	266
189	311
189	638
189	900
190	331
190	385
190	833
190	878
191	166
191	522
191	728
191	977
192	109
192	161
192	981
192	999
193	155
193	307
193	633
193	862
194	611
194	662
194	851
194	961
195	734
195	745
195	777
195	998
196	451
196	718
196	737
196	831
197	94
197	679
197	967
197	999
198	713
198	882
198	943
198	996
199	684
199	957
199	978
199	996
200	79
200	740
200	803
200	990
201	720
201	917
201	947
201	969
202	590
202	809
202	963
202	983
203	358
203	805
203	809
203	952
204	338
204	763
204	800
204	844
205	763
205	882
205	884
205	997
206	592
206	841
206	922
206	968
207	490
207	951
207	952
207	962
208	369
208	403
208	930
208	958
209	371
209	960
209	968
209	969
210	560
210	906
210	935
210	982
211	671
211	755
211	766
211	839
212	97
212	361
212	870
212	904
213	491
213	734
213	942
213	975
214	185
214	713
214	882
214	943
215	829
215	958
215	968
215	991
216	481
216	483
216	776
216	922
217	822
217	901
217	970
217	996
218	464
218	574
218	720
218	843
219	519
219	847
219	939
219	997
220	346
220	460
220	687
220	985
221	827
221	919
221	994
221	999
222	532
222	701
222	836
222	999
223	778
223	936
223	986
223	995
224	672
224	958
224	972
224	988
225	57
225	929
225	967
225	974
226	836
226	895
226	898
226	925
227	413
227	492
227	995
227	996
228	417
228	480
228	968
228	970
229	231
229	290
229	924
229	960
230	584
230	800
230	836
230	900
230	974
231	229
231	917
231	920
231	932
231	1000
232	652
232	806
232	917
232	960
232	963
233	463
233	768
233	949
233	964
233	980
234	21
234	167
234	814
234	832
234	937
235	136
235	499
235	712
235	865
235	931
236	403
236	404
236	706
236	947
236	992
237	570
237	674
237	727
237	956
237	998
238	520
238	675
238	954
238	973
238	982
239	378
239	836
239	900
239	931
239	968
240	43
240	658
240	841
240	848
240	980
241	261
241	518
241	631
241	785
241	943
242	485
242	676
242	886
242	911
242	952
243	45
243	300
243	852
243	916
243	956
244	672
244	742
244	752
244	754
244	839
245	500
245	832
245	839
245	897
245	979
246	904
246	918
246	961
246	992
246	993
247	757
247	852
247	890
247	939
247	1000
248	720
248	753
248	990
248	992
248	997
249	380
249	393
249	773
249	845
249	925
250	850
250	890
250	893
250	906
250	939
251	379
251	875
251	961
251	989
251	995
252	144
252	569
252	752
252	878
252	901
253	187
253	527
253	818
253	924
253	942
254	131
254	518
254	673
254	702
254	838
255	667
255	749
255	909
255	978
255	994
256	174
256	542
256	563
256	905
256	947
257	637
257	747
257	834
257	933
257	996
258	290
258	776
258	910
258	922
258	996
259	603
259	657
259	926
259	940
259	993
260	292
260	644
260	769
260	817
260	967
261	241
261	713
261	907
261	943
261	988
262	16
262	306
262	757
262	949
262	971
263	466
263	575
263	803
263	859
263	873
264	151
264	433
264	535
264	937
264	953
265	728
265	746
265	799
265	884
265	894
266	29
266	189
266	907
266	938
266	1000
267	534
267	905
267	912
267	956
267	998
268	546
268	563
268	945
268	963
268	991
269	43
269	320
269	874
269	940
269	989
270	926
270	951
270	955
270	958
270	969
271	526
271	807
271	951
271	970
271	973
272	591
272	705
272	924
272	960
272	969
273	420
273	487
273	742
273	891
273	998
274	628
274	866
274	897
274	902
274	997
275	164
275	898
275	925
275	926
275	952
276	460
276	476
276	915
276	925
276	932
277	825
277	935
277	936
277	962
277	969
278	138
278	383
278	395
278	874
278	946
279	595
279	612
279	765
279	903
279	959
280	732
280	797
280	948
280	961
280	1000
281	497
281	704
281	967
281	974
281	991
282	548
282	846
282	864
282	937
282	977
283	616
283	775
283	850
283	899
283	906
284	430
284	827
284	895
284	935
284	970
285	319
285	764
285	883
285	899
285	932
286	32
286	842
286	847
286	891
286	988
287	56
287	570
287	912
287	956
287	998
288	489
288	610
288	942
288	949
288	998
289	445
289	838
289	899
289	906
289	929
290	229
290	258
290	397
290	529
290	848
291	354
291	666
291	919
291	955
291	972
292	260
292	322
292	534
292	830
292	946
293	727
293	914
293	962
293	966
293	976
294	296
294	390
294	478
294	681
294	942
295	428
295	793
295	939
295	948
295	986
296	294
296	783
296	807
296	945
296	982
297	703
297	852
297	896
297	927
297	956
298	751
298	781
298	891
298	967
298	974
299	102
299	499
299	724
299	893
299	935
300	26
300	165
300	243
300	879
300	986
301	632
301	633
301	728
301	777
301	857
302	787
302	850
302	871
302	983
302	993
303	304
303	734
303	748
303	971
303	998
304	303
304	507
304	559
304	655
304	778
305	859
305	972
305	990
305	994
305	997
306	262
306	411
306	565
306	680
306	734
307	193
307	622
307	632
307	633
307	995
308	684
308	738
308	918
308	976
308	988
309	824
309	867
309	887
309	941
309	989
310	35
310	347
310	421
310	813
310	827
311	189
311	391
311	575
311	702
311	873
312	357
312	853
312	951
312	960
312	988
313	396
313	839
313	896
313	986
313	992
314	496
314	767
314	981
314	984
314	985
315	320
315	427
315	582
315	654
315	987
316	644
316	873
316	959
316	964
316	991
317	101
317	675
317	896
317	955
317	956
318	6
318	152
318	473
318	751
318	813
319	52
319	285
319	739
319	924
319	996
320	269
320	315
320	814
320	869
320	905
321	663
321	867
321	939
321	957
321	963
322	292
322	485
322	753
322	850
322	878
323	30
323	975
323	984
323	996
323	997
324	901
324	938
324	981
324	987
324	1000
325	871
325	914
325	918
325	966
325	976
326	526
326	766
326	836
326	844
326	890
327	408
327	693
327	737
327	776
327	982
328	410
328	936
328	962
328	964
328	965
329	822
329	906
329	937
329	981
329	985
330	535
330	725
330	806
330	990
330	997
331	190
331	564
331	713
331	878
331	988
332	744
332	769
332	829
332	949
332	959
333	373
333	805
333	970
333	973
333	976
334	368
334	449
334	683
334	970
334	993
335	381
335	816
335	923
335	968
335	984
336	93
336	457
336	713
336	882
336	943
337	352
337	865
337	946
337	950
337	999
338	204
338	495
338	515
338	690
338	810
339	657
339	848
339	916
339	957
339	973
340	744
340	920
340	980
340	984
340	993
341	84
341	846
341	864
341	937
341	977
342	464
342	833
342	886
342	935
342	973
343	632
343	645
343	774
343	948
343	1000
344	439
344	472
344	673
344	855
344	977
345	160
345	378
345	652
345	847
345	969
346	6
346	220
346	985
346	991
346	994
347	310
347	557
347	688
347	852
347	916
348	169
348	646
348	805
348	847
348	908
349	442
349	607
349	882
349	922
349	943
350	391
350	498
350	788
350	846
350	977
351	723
351	748
351	819
351	979
351	991
352	141
352	337
352	800
352	816
352	836
353	71
353	666
353	731
353	944
353	978
354	188
354	291
354	435
354	955
354	976
355	651
355	670
355	921
355	990
355	997
356	605
356	766
356	876
356	989
356	991
357	177
357	312
357	438
357	785
357	876
358	203
358	758
358	814
358	837
358	928
359	870
359	900
359	944
359	968
359	999
360	149
360	480
360	740
360	945
360	963
361	212
361	513
361	744
361	885
361	985
362	668
362	828
362	938
362	972
362	1000
363	721
363	954
363	981
363	984
363	985
364	495
364	503
364	602
364	858
364	871
365	799
365	976
365	977
365	978
365	982
366	711
366	773
366	845
366	898
366	927
367	108
367	692
367	742
367	752
367	861
368	334
368	496
368	805
368	911
368	917
369	208
369	402
369	761
369	811
369	813
370	624
370	759
370	884
370	992
370	997
371	12
371	209
371	960
371	984
371	996
372	108
372	623
372	659
372	751
372	776
373	333
373	654
373	724
373	964
373	971
374	594
374	660
374	748
374	871
374	983
375	73
375	720
375	886
375	890
375	920
376	671
376	788
376	907
376	979
376	988
377	37
377	418
377	818
377	942
377	983
378	239
378	345
378	738
378	847
378	929
379	128
379	251
379	645
379	871
379	983
380	249
380	476
380	711
380	749
380	925
381	335
381	386
381	620
381	777
381	968
382	717
382	826
382	932
382	948
382	986
383	170
383	278
383	461
383	786
383	841
383	932
384	401
384	483
384	686
384	950
384	962
384	999
385	190
385	486
385	635
385	700
385	895
385	962
386	381
386	676
386	865
386	900
386	969
386	995
387	487
387	501
387	608
387	804
387	946
387	999
388	430
388	611
388	904
388	938
388	978
388	1000
389	91
389	719
389	769
389	900
389	940
389	968
390	67
390	294
390	517
390	818
390	886
390	991
391	126
391	311
391	350
391	822
391	869
391	977
392	418
392	507
392	672
392	915
392	932
392	991
393	249
393	459
393	733
393	878
393	931
393	994
394	422
394	513
394	596
394	735
394	749
394	934
395	278
395	561
395	611
395	816
395	846
395	961
396	313
396	419
396	627
396	948
396	981
396	986
397	290
397	695
397	699
397	973
397	981
397	982
398	541
398	623
398	715
398	932
398	982
398	991
399	82
399	90
399	893
399	937
399	981
399	985
400	654
400	733
400	830
400	865
400	878
400	994
401	384
401	427
401	579
401	640
401	786
401	883
402	369
402	514
402	659
402	696
402	959
402	980
403	208
403	236
403	487
403	654
403	744
403	976
404	236
404	507
404	718
404	734
404	831
404	971
405	117
405	882
405	938
405	939
405	983
405	1000
406	732
406	869
406	948
406	957
406	986
406	1000
407	508
407	746
407	894
407	914
407	918
407	953
408	327
408	647
408	860
408	948
408	986
408	1000
409	688
409	758
409	789
409	828
409	907
409	988
410	124
410	328
410	414
410	751
410	865
410	869
411	80
411	306
411	515
411	598
411	887
411	903
412	31
412	680
412	701
412	992
412	993
412	997
413	227
413	614
413	668
413	825
413	883
413	961
414	410
414	501
414	875
414	886
414	907
414	988
415	490
415	778
415	793
415	940
415	986
415	998
416	477
416	593
416	603
416	641
416	698
416	851
417	228
417	551
417	734
417	902
417	941
417	989
418	111
418	377
418	392
418	878
418	946
418	994
419	396
419	708
419	709
419	881
419	926
419	986
420	70
420	273
420	859
420	925
420	944
420	968
421	112
421	310
421	457
421	852
421	945
421	956
422	394
422	816
422	889
422	900
422	933
422	934
423	488
423	907
423	909
423	953
423	980
423	988
424	487
424	720
424	877
424	891
424	949
424	958
425	179
425	597
425	757
425	890
425	939
425	945
426	622
426	632
426	905
426	915
426	954
426	991
427	21
427	315
427	401
427	708
427	841
427	883
428	295
428	667
428	694
428	890
428	966
428	975
429	710
429	784
429	831
429	871
429	968
429	989
430	121
430	168
430	284
430	388
430	605
430	788
431	642
431	691
431	696
431	711
431	840
431	944
432	44
432	685
432	779
432	812
432	927
432	929
433	264
433	511
433	964
433	966
433	975
433	999
434	946
434	951
434	955
434	960
434	969
434	995
435	354
435	487
435	649
435	901
435	920
435	953
436	27
436	678
436	733
436	862
436	865
436	986
437	654
437	812
437	818
437	921
437	945
437	997
438	153
438	357
438	687
438	712
438	876
438	941
439	99
439	344
439	897
439	953
439	979
439	988
440	106
440	459
440	551
440	773
440	817
440	845
441	504
441	583
441	827
441	902
441	912
441	923
442	349
442	641
442	797
442	814
442	986
442	1000
443	665
443	791
443	850
443	903
443	977
443	995
444	162
444	537
444	757
444	845
444	925
444	998
445	289
445	518
445	905
445	934
445	943
445	944
446	508
446	911
446	963
446	981
446	987
446	999
447	107
447	924
447	963
447	989
447	992
447	997
448	641
448	648
448	664
448	915
448	932
448	991
449	334
449	665
449	702
449	855
449	861
449	995
450	673
450	703
450	796
450	836
450	853
450	896
451	196
451	655
451	726
451	819
451	915
451	991
452	646
452	867
452	957
452	964
452	985
452	987
453	465
453	535
453	725
453	739
453	903
453	984
454	590
454	751
454	922
454	981
454	984
454	985
455	525
455	731
455	770
455	847
455	928
455	990
456	147
456	615
456	629
456	676
456	778
456	854
457	336
457	421
457	604
457	945
457	966
457	976
458	512
458	570
458	777
458	783
458	877
458	945
459	393
459	440
459	678
459	687
459	946
459	999
460	220
460	276
460	679
460	927
460	948
460	952
461	112
461	383
461	787
461	904
461	933
461	961
462	132
462	618
462	645
462	840
462	942
462	993
463	233
463	587
463	791
463	799
463	838
463	889
464	218
464	342
464	710
464	757
464	831
464	890
465	453
465	617
465	808
465	956
465	973
465	998
466	263
466	638
466	645
466	886
466	952
466	964
467	90
467	883
467	984
467	992
467	996
467	997
468	5
468	64
468	806
468	849
468	930
468	940
469	515
469	829
469	842
469	915
469	997
469	999
470	569
470	777
470	815
470	850
470	906
470	929
471	56
471	66
471	491
471	617
471	725
471	792
472	344
472	634
472	786
472	901
472	958
472	975
473	318
473	728
473	743
473	813
473	947
473	967
474	54
474	136
474	809
474	909
474	975
474	988
475	631
475	729
475	887
475	930
475	941
475	943
476	276
476	380
476	785
476	912
476	923
476	984
477	416
477	558
477	607
477	649
477	729
477	904
478	294
478	667
478	788
478	844
478	924
478	960
479	782
479	830
479	975
479	984
479	996
479	1000
480	228
480	360
480	724
480	823
480	877
480	958
481	141
481	216
481	515
481	967
481	972
481	976
482	58
482	555
482	712
482	808
482	829
482	994
483	216
483	384
483	564
483	748
483	871
483	983
484	563
484	697
484	780
484	809
484	939
484	945
485	1
485	242
485	322
485	730
485	755
485	878
486	385
486	631
486	680
486	794
486	840
486	851
487	273
487	387
487	403
487	424
487	435
487	877
487	953
488	423
488	750
488	786
488	860
488	962
488	965
488	974
489	288
489	800
489	845
489	886
489	895
489	898
489	922
490	207
490	415
490	492
490	814
490	832
490	917
490	973
491	213
491	471
491	535
491	644
491	725
491	897
491	998
492	227
492	490
492	525
492	694
492	719
492	841
492	928
493	614
493	764
493	815
493	906
493	929
493	961
493	987
494	566
494	791
494	936
494	943
494	962
494	965
494	980
495	338
495	364
495	689
495	826
495	900
495	909
495	942
496	314
496	368
496	571
496	913
496	964
496	983
496	1000
497	281
497	516
497	678
497	764
497	775
497	972
497	985
498	350
498	585
498	626
498	692
498	763
498	977
498	983
499	102
499	235
499	299
499	833
499	893
499	935
499	979
500	245
500	637
500	846
500	937
500	977
500	983
500	987
501	387
501	414
501	602
501	936
501	966
501	975
501	978
502	617
502	720
502	859
502	860
502	877
502	891
502	896
503	7
503	364
503	810
503	818
503	844
503	918
503	942
504	441
504	583
504	810
504	912
504	923
504	942
504	980
505	157
505	604
505	738
505	874
505	896
505	961
505	989
506	65
506	128
506	587
506	624
506	752
506	779
506	970
507	304
507	392
507	404
507	604
507	728
507	858
507	943
508	407
508	446
508	768
508	809
508	945
508	948
508	963
509	725
509	826
509	846
509	907
509	909
509	935
509	988
510	76
510	182
510	851
510	919
510	955
510	972
510	978
511	25
511	433
511	848
511	881
511	885
511	945
511	982
512	458
512	587
512	690
512	947
512	984
512	985
512	996
513	361
513	394
513	585
513	656
513	904
513	961
513	989
514	176
514	402
514	746
514	795
514	830
514	894
514	944
515	338
515	411
515	469
515	481
515	542
515	927
515	982
516	497
516	590
516	638
516	919
516	953
516	972
516	985
517	390
517	723
517	787
517	844
517	942
517	952
517	954
518	241
518	254
518	445
518	713
518	882
518	943
518	971
519	219
519	640
519	805
519	847
519	887
519	914
519	976
520	238
520	875
520	919
520	955
520	963
520	972
520	976
521	577
521	710
521	788
521	902
521	932
521	972
521	998
522	191
522	616
522	870
522	968
522	971
522	977
522	986
523	727
523	739
523	793
523	880
523	914
523	966
523	976
524	827
524	849
524	909
524	930
524	940
524	956
524	988
525	4
525	455
525	492
525	708
525	805
525	847
525	964
526	271
526	326
526	684
526	833
526	865
526	931
526	970
527	253
527	810
527	836
527	964
527	976
527	986
527	1000
528	79
528	178
528	622
528	737
528	815
528	902
528	998
529	176
529	290
529	692
529	926
529	948
529	986
529	1000
530	147
530	565
530	772
530	805
530	883
530	895
530	913
531	577
531	656
531	730
531	803
531	904
531	934
531	961
532	222
532	729
532	923
532	950
532	992
532	994
532	999
533	737
533	946
533	981
533	982
533	989
533	991
533	999
534	267
534	292
534	667
534	738
534	890
534	939
534	998
535	264
535	330
535	453
535	491
535	743
535	914
535	976
536	127
536	560
536	665
536	709
536	934
536	950
536	977
537	444
537	574
537	830
537	834
537	863
537	894
537	967
538	543
538	671
538	812
538	835
538	885
538	952
538	973
539	14
539	124
539	790
539	835
539	844
539	883
539	895
540	36
540	158
540	822
540	873
540	888
540	903
540	970
541	398
541	723
541	842
541	909
541	956
541	982
541	991
542	256
542	515
542	590
542	796
542	818
542	940
542	942
543	538
543	898
543	925
543	950
543	955
543	987
543	999
544	630
544	913
544	920
544	929
544	972
544	984
544	996
545	691
545	814
545	905
545	926
545	940
545	954
545	992
546	174
546	268
546	748
546	871
546	945
546	983
546	992
547	607
547	705
547	808
547	922
547	960
547	969
547	985
548	282
548	578
548	702
548	930
548	934
548	978
548	998
549	594
549	628
549	719
549	871
549	928
549	963
549	994
550	69
550	87
550	735
550	847
550	865
550	934
550	978
551	417
551	440
551	803
551	899
551	906
551	915
551	932
552	156
552	662
552	857
552	884
552	948
552	986
552	993
553	715
553	785
553	909
553	928
553	952
553	973
553	988
554	569
554	775
554	815
554	906
554	929
554	931
554	960
555	482
555	579
555	589
555	681
555	931
555	968
555	985
556	584
556	648
556	657
556	857
556	884
556	926
556	993
557	347
557	682
557	696
557	764
557	891
557	955
557	972
558	59
558	68
558	477
558	641
558	663
558	698
558	805
559	304
559	734
559	745
559	902
559	963
559	985
559	998
560	127
560	210
560	536
560	787
560	861
560	921
560	990
560	992
561	54
561	395
561	820
561	888
561	950
561	981
561	994
561	999
562	114
562	710
562	778
562	902
562	906
562	967
562	985
562	998
563	256
563	268
563	484
563	697
563	809
563	935
563	945
563	963
564	114
564	331
564	483
564	820
564	871
564	888
564	983
564	988
565	306
565	530
565	857
565	898
565	912
565	936
565	945
565	965
566	494
566	764
566	791
566	935
566	957
566	962
566	965
566	995
567	707
567	782
567	843
567	975
567	984
567	990
567	996
568	17
568	718
568	724
568	778
568	796
568	901
568	971
568	991
569	164
569	252
569	470
569	554
569	756
569	841
569	850
569	940
570	237
570	287
570	458
570	674
570	912
570	956
570	959
570	998
571	496
571	765
571	768
571	939
571	964
571	983
571	987
571	998
572	749
572	785
572	828
572	882
572	938
572	943
572	988
572	1000
573	657
573	659
573	721
573	740
573	927
573	981
573	984
573	985
574	81
574	218
574	537
574	742
574	755
574	821
574	872
574	894
575	263
575	311
575	625
575	638
575	640
575	670
575	845
575	873
576	168
576	747
576	866
576	890
576	897
576	938
576	979
576	1000
577	521
577	531
577	626
577	634
577	672
577	788
577	861
577	932
578	115
578	548
578	630
578	824
578	856
578	929
578	930
578	940
579	9
579	401
579	555
579	680
579	834
579	857
579	931
579	993
580	722
580	862
580	866
580	868
580	897
580	918
580	979
581	674
581	822
581	900
581	912
581	922
581	949
581	972
581	998
582	315
582	801
582	807
582	934
582	979
582	982
582	991
582	996
583	7
583	441
583	504
583	688
583	810
583	912
583	923
583	978
584	47
584	230
584	556
584	711
584	779
584	796
584	929
584	942
585	498
585	513
585	613
585	924
585	960
585	969
585	977
585	992
586	14
586	826
586	897
586	907
586	909
586	935
586	953
586	988
587	463
587	506
587	512
587	690
587	767
587	837
587	945
587	946
588	59
588	699
588	802
588	908
588	919
588	949
588	955
588	972
589	555
589	637
589	806
589	834
589	926
589	951
589	957
589	960
590	75
590	202
590	454
590	516
590	542
590	776
590	786
590	985
591	13
591	272
591	721
591	831
591	931
591	950
591	987
591	999
592	206
592	772
592	793
592	903
592	927
592	949
592	959
592	966
593	15
593	416
593	603
593	634
593	649
593	815
593	913
593	970
594	374
594	549
594	660
594	748
594	871
594	896
594	903
594	983
595	279
595	721
595	768
595	812
595	813
595	843
595	947
595	981
596	394
596	685
596	715
596	910
596	933
596	957
596	965
596	978
597	425
597	625
597	741
597	829
597	853
597	879
597	959
597	980
598	149
598	411
598	670
598	826
598	904
598	957
598	963
598	988
599	1
599	173
599	674
599	746
599	789
599	912
599	956
599	998
600	161
600	840
600	853
600	880
600	914
600	949
600	959
600	966
601	49
601	826
601	914
601	953
601	966
601	975
601	976
601	988
602	53
602	111
602	364
602	501
602	669
602	896
602	955
602	989
603	259
603	416
603	593
603	619
603	653
603	855
603	954
603	983
604	2
604	74
604	457
604	505
604	507
604	702
604	858
604	943
605	356
605	430
605	673
605	755
605	788
605	839
605	861
605	916
606	914
606	919
606	951
606	955
606	962
606	966
606	972
606	976
607	54
607	349
607	477
607	547
607	653
607	693
607	807
607	994
608	387
608	738
608	804
608	813
608	819
608	930
608	933
608	978
609	50
609	759
609	936
609	947
609	960
609	977
609	992
609	995
610	288
610	793
610	845
610	853
610	879
610	949
610	972
610	980
611	6
611	29
611	194
611	388
611	395
611	787
611	961
611	989
612	279
612	715
612	789
612	924
612	951
612	966
612	975
612	991
613	585
613	630
613	781
613	912
613	967
613	974
613	990
613	992
614	413
614	493
614	848
614	893
614	937
614	973
614	980
614	985
615	456
615	795
615	852
615	871
615	886
615	893
615	928
615	935
616	283
616	522
616	839
616	881
616	948
616	949
616	986
616	1000
617	44
617	56
617	465
617	471
617	502
617	644
617	645
617	707
618	106
618	462
618	837
618	859
618	921
618	954
618	992
618	997
619	603
619	704
619	722
619	756
619	779
619	855
619	897
619	954
620	381
620	833
620	892
620	893
620	907
620	935
620	958
620	988
621	731
621	847
621	860
621	889
621	891
621	953
621	978
621	982
622	40
622	307
622	426
622	528
622	628
622	632
622	633
622	728
622	821
623	372
623	398
623	651
623	767
623	820
623	837
623	838
623	947
623	970
624	150
624	370
624	506
624	811
624	814
624	832
624	905
624	921
624	992
625	125
625	575
625	597
625	783
625	873
625	972
625	990
625	992
625	997
626	498
626	577
626	702
626	780
626	800
626	835
626	845
626	908
626	911
627	396
627	754
627	779
627	881
627	919
627	926
627	944
627	948
627	986
628	74
628	175
628	274
628	549
628	622
628	632
628	633
628	713
628	823
629	456
629	926
629	928
629	934
629	952
629	972
629	981
629	986
629	1000
630	91
630	130
630	143
630	544
630	578
630	613
630	812
630	874
630	927
631	241
631	475
631	486
631	642
631	876
631	941
631	993
631	998
631	1000
632	301
632	307
632	343
632	426
632	622
632	628
632	633
632	806
632	971
633	193
633	301
633	307
633	622
633	628
633	632
633	728
633	874
633	900
634	152
634	472
634	577
634	593
634	682
634	781
634	838
634	901
634	964
635	385
635	846
635	888
635	937
635	945
635	977
635	987
635	995
635	999
636	118
636	675
636	711
636	745
636	778
636	878
636	898
636	925
636	998
637	257
637	500
637	589
637	826
637	834
637	933
637	934
637	950
637	978
638	189
638	466
638	516
638	575
638	783
638	922
638	932
638	985
638	1000
639	667
639	707
639	757
639	776
639	939
639	941
639	961
639	990
639	992
640	401
640	519
640	575
640	662
640	860
640	913
640	918
640	964
640	983
641	416
641	442
641	448
641	558
641	666
641	697
641	698
641	806
641	886
642	95
642	431
642	631
642	654
642	840
642	890
642	900
642	926
642	958
643	83
643	141
643	705
643	863
643	866
643	897
643	977
643	979
643	982
644	62
644	68
644	260
644	316
644	491
644	617
644	725
644	739
644	830
645	56
645	343
645	379
645	462
645	466
645	617
645	725
645	796
645	836
646	348
646	452
646	756
646	784
646	812
646	868
646	928
646	952
646	954
647	51
647	408
647	662
647	776
647	891
647	922
647	971
647	972
647	985
648	448
648	556
648	803
648	821
648	921
648	975
648	990
648	992
648	997
649	25
649	59
649	435
649	477
649	593
649	802
649	881
649	887
649	978
650	781
650	786
650	905
650	915
650	932
650	967
650	974
650	991
650	995
651	355
651	623
651	792
651	828
651	864
651	899
651	990
651	992
651	997
652	232
652	345
652	789
652	966
652	975
653	75
653	603
653	607
653	664
653	670
653	679
653	698
653	840
653	868
654	315
654	373
654	400
654	403
654	437
654	642
654	692
654	855
654	968
655	304
655	451
655	672
655	819
655	842
655	938
655	947
655	979
655	991
656	58
656	513
656	531
656	683
656	784
656	849
656	896
656	904
656	989
657	259
657	339
657	556
657	573
657	857
657	861
657	884
657	926
657	993
658	103
658	240
658	688
658	802
658	969
658	973
658	976
658	980
658	1000
659	372
659	402
659	573
659	766
659	782
659	843
659	910
659	941
659	959
660	55
660	374
660	594
660	731
660	748
660	861
660	871
660	971
660	983
661	160
661	691
661	694
661	828
661	883
661	913
661	938
661	993
661	1000
662	194
662	552
662	640
662	647
662	819
662	887
662	918
662	983
662	987
663	321
663	558
663	670
663	867
663	887
663	913
663	918
663	964
663	995
664	46
664	101
664	448
664	653
664	747
664	807
664	923
664	938
664	1000
665	443
665	449
665	536
665	683
665	809
665	813
665	867
665	983
665	987
666	291
666	353
666	641
666	670
666	692
666	698
666	757
666	890
666	939
667	255
667	428
667	478
667	534
667	639
667	757
667	890
667	939
667	944
668	142
668	186
668	362
668	413
668	689
668	708
668	758
668	778
668	814
668	916
669	73
669	602
669	724
669	749
669	771
669	775
669	874
669	893
669	942
669	971
670	53
670	80
670	142
670	355
670	575
670	598
670	653
670	663
670	666
670	679
671	211
671	376
671	538
671	672
671	675
671	713
671	742
671	755
671	839
671	861
672	81
672	125
672	224
672	244
672	392
672	577
672	655
672	671
672	979
672	991
673	254
673	344
673	450
673	605
673	674
673	682
673	822
673	838
673	864
673	970
674	237
674	570
674	581
674	599
674	673
674	701
674	916
674	956
674	986
674	998
675	238
675	317
675	636
675	671
675	699
675	761
675	848
675	885
675	908
675	980
676	242
676	386
676	456
676	835
676	886
676	889
676	928
676	952
676	958
676	973
677	159
677	806
677	856
677	914
677	915
677	924
677	951
677	969
677	994
677	995
678	18
678	146
678	436
678	459
678	497
678	879
678	922
678	985
678	993
678	994
679	197
679	460
679	653
679	670
679	681
679	780
679	807
679	886
679	904
679	911
680	306
680	412
680	486
680	579
680	784
680	849
680	888
680	895
680	913
680	993
681	294
681	555
681	679
681	802
681	856
681	870
681	951
681	960
681	963
681	995
682	103
682	557
682	634
682	673
682	789
682	822
682	838
682	864
682	901
682	928
683	334
683	656
683	665
683	687
683	753
683	813
683	837
683	869
683	894
683	967
684	199
684	308
684	526
684	706
684	859
684	886
684	926
684	952
684	990
684	997
685	69
685	89
685	432
685	596
685	775
685	889
685	934
685	975
685	984
685	996
686	384
686	794
686	875
686	878
686	880
686	936
686	950
686	965
686	987
686	995
687	61
687	111
687	220
687	438
687	459
687	683
687	867
687	919
687	945
687	955
688	164
688	347
688	409
688	583
688	658
688	694
688	699
688	841
688	980
688	985
689	495
689	668
689	694
689	795
689	810
689	841
689	905
689	912
689	923
689	1000
690	338
690	512
690	587
690	706
690	723
690	844
690	914
690	928
690	952
690	1000
691	12
691	87
691	431
691	545
691	661
691	722
691	736
691	898
691	933
691	954
692	367
692	498
692	529
692	654
692	666
692	702
692	763
692	822
692	861
692	977
693	327
693	607
693	762
693	839
693	870
693	907
693	909
693	958
693	968
693	988
694	28
694	120
694	428
694	492
694	661
694	688
694	689
694	706
694	841
694	916
695	9
695	58
695	397
695	707
695	733
695	936
695	988
695	992
695	994
695	997
696	402
696	431
696	557
696	747
696	840
696	854
696	874
696	904
696	913
696	961
697	100
697	171
697	484
697	563
697	641
697	773
697	809
697	872
697	919
697	955
698	59
698	76
698	109
698	416
698	558
698	641
698	653
698	666
698	807
698	880
699	397
699	588
699	675
699	688
699	741
699	758
699	791
699	863
699	973
699	980
700	93
700	118
700	385
700	705
700	714
700	729
700	820
700	883
700	970
700	996
701	37
701	140
701	222
701	412
701	674
701	805
701	956
701	970
701	993
701	998
702	254
702	311
702	449
702	548
702	604
702	626
702	692
702	763
702	908
702	1000
703	297
703	450
703	771
703	852
703	916
703	936
703	962
703	965
703	977
703	978
704	281
704	619
704	756
704	794
704	855
704	862
704	954
704	955
704	965
704	995
705	272
705	547
705	643
705	700
705	730
705	780
705	820
705	928
705	951
705	969
706	163
706	236
706	684
706	690
706	694
706	835
706	886
706	928
706	952
706	973
707	567
707	617
707	639
707	695
707	803
707	875
707	921
707	990
707	992
707	997
708	419
708	427
708	525
708	668
708	883
708	914
708	915
708	932
708	982
708	990
709	419
709	536
709	761
709	777
709	836
709	869
709	958
709	968
709	977
709	981
710	110
710	429
710	464
710	521
710	562
710	745
710	763
710	831
710	868
710	902
711	366
711	380
711	431
711	584
711	636
711	773
711	817
711	845
711	896
711	911
711	925
712	235
712	438
712	482
712	842
712	878
712	920
712	932
712	982
712	991
712	994
712	997
713	198
713	214
713	261
713	331
713	336
713	518
713	628
713	671
713	882
713	931
713	943
714	4
714	700
714	827
714	865
714	881
714	943
714	946
714	950
714	981
714	987
714	999
715	398
715	553
715	596
715	612
715	806
715	917
715	924
715	951
715	960
715	963
715	995
716	762
716	836
716	852
716	896
716	916
716	935
716	946
716	950
716	956
716	987
716	999
717	382
717	732
717	761
717	797
717	881
717	926
717	948
717	967
717	986
717	999
717	1000
718	79
718	196
718	404
718	568
718	745
718	792
718	831
718	866
718	965
718	971
718	998
719	149
719	389
719	492
719	549
719	809
719	870
719	899
719	910
719	963
719	968
719	971
720	201
720	218
720	248
720	375
720	424
720	502
720	724
720	876
720	920
720	953
720	958
721	156
721	363
721	573
721	591
721	595
721	740
721	759
721	902
721	937
721	984
721	985
722	36
722	145
722	580
722	619
722	691
722	756
722	868
722	891
722	930
722	954
722	978
723	351
723	517
723	541
723	690
723	726
723	819
723	860
723	932
723	979
723	982
723	991
724	39
724	299
724	373
724	480
724	568
724	669
724	720
724	860
724	877
724	921
724	958
725	44
725	330
725	453
725	471
725	491
725	509
725	644
725	645
725	802
725	858
725	934
726	451
726	723
726	804
726	819
726	880
726	915
726	932
726	979
726	982
726	989
726	991
727	42
727	123
727	237
727	293
727	523
727	800
727	880
727	914
727	918
727	966
727	976
728	191
728	265
728	301
728	473
728	507
728	622
728	633
728	830
728	872
728	952
728	973
729	88
729	139
729	475
729	477
729	532
729	700
729	910
729	941
729	953
729	981
729	989
730	485
730	531
730	705
730	742
730	780
730	811
730	835
730	928
730	964
730	974
730	997
731	12
731	353
731	455
731	621
731	660
731	889
731	929
731	933
731	934
731	978
731	996
732	92
732	107
732	132
732	177
732	280
732	406
732	717
732	838
732	986
732	988
732	1000
733	146
733	393
733	400
733	436
733	695
733	833
733	878
733	943
733	950
733	979
733	994
734	195
734	213
734	303
734	306
734	404
734	417
734	559
734	902
734	961
734	969
734	998
735	16
735	394
735	550
735	799
735	868
735	901
735	930
735	933
735	939
735	957
735	996
736	691
736	767
736	773
736	817
736	843
736	845
736	895
736	898
736	925
736	953
736	995
737	196
737	327
737	528
737	533
737	828
737	891
737	902
737	956
737	972
737	985
737	998
738	98
738	308
738	378
738	505
738	534
738	608
738	749
738	811
738	813
738	951
738	964
739	319
739	453
739	523
739	644
739	804
739	824
739	829
739	844
739	869
739	941
739	989
740	94
740	200
740	360
740	573
740	721
740	768
740	934
740	937
740	981
740	984
740	985
741	157
741	597
741	699
741	772
741	832
741	853
741	903
741	927
741	949
741	959
741	980
742	155
742	244
742	273
742	367
742	574
742	671
742	730
742	755
742	788
742	917
742	989
743	473
743	535
743	834
743	872
743	919
743	955
743	956
743	972
743	990
743	992
743	997
744	141
744	332
744	340
744	361
744	403
744	848
744	881
744	935
744	968
744	980
744	982
745	184
745	195
745	559
745	636
745	710
745	718
745	782
745	805
745	831
745	912
745	971
745	998
746	25
746	122
746	265
746	407
746	514
746	599
746	753
746	790
746	863
746	884
746	894
746	967
747	257
747	576
747	664
747	696
747	750
747	828
747	885
747	911
747	922
747	938
747	942
747	1000
748	55
748	303
748	351
748	374
748	483
748	546
748	594
748	660
748	871
748	909
748	937
748	983
749	255
749	380
749	394
749	572
749	669
749	738
749	808
749	860
749	944
749	957
749	964
749	975
750	180
750	488
750	747
750	828
750	839
750	846
750	864
750	937
750	938
750	949
750	977
750	1000
751	6
751	171
751	298
751	318
751	372
751	410
751	454
751	781
751	798
751	967
751	974
751	986
752	144
752	244
752	252
752	367
752	506
752	767
752	781
752	824
752	838
752	849
752	901
752	970
753	248
753	322
753	683
753	746
753	795
753	817
753	872
753	894
753	920
753	950
753	967
753	973
754	89
754	244
754	627
754	797
754	808
754	840
754	895
754	948
754	962
754	970
754	986
754	993
755	211
755	485
755	574
755	605
755	671
755	742
755	788
755	839
755	861
755	877
755	981
755	999
756	569
756	619
756	646
756	704
756	722
756	758
756	760
756	855
756	868
756	913
756	954
756	1000
757	134
757	179
757	247
757	262
757	425
757	444
757	464
757	639
757	666
757	667
757	890
757	939
758	167
758	358
758	409
758	668
758	699
758	756
758	814
758	832
758	894
758	905
758	940
758	993
759	370
759	609
759	721
759	797
759	849
759	875
759	948
759	962
759	986
759	990
759	995
759	1000
760	10
760	756
760	784
760	790
760	812
760	814
760	870
760	886
760	928
760	952
760	954
760	989
761	369
761	675
761	709
761	717
761	831
761	885
761	888
761	900
761	908
761	931
761	971
761	973
762	693
762	716
762	816
762	870
762	892
762	900
762	923
762	944
762	953
762	968
762	971
762	980
763	127
763	204
763	205
763	498
763	692
763	702
763	710
763	842
763	869
763	908
763	977
763	997
764	163
764	285
764	493
764	497
764	557
764	566
764	815
764	850
764	872
764	891
764	929
764	972
765	131
765	279
765	571
765	780
765	829
765	853
765	895
765	903
765	927
765	949
765	959
765	980
766	211
766	326
766	356
766	659
766	785
766	876
766	887
766	910
766	941
766	974
766	989
766	998
767	314
767	587
767	623
767	736
767	752
767	781
767	846
767	921
767	937
767	977
767	996
768	233
768	508
768	571
768	595
768	740
768	799
768	913
768	925
768	957
768	964
768	981
768	985
769	33
769	260
769	332
769	389
769	793
769	799
769	879
769	884
769	917
769	959
769	978
769	996
770	99
770	159
770	455
770	792
770	821
770	919
770	921
770	954
770	957
770	990
770	992
770	997
771	669
771	703
771	851
771	854
771	865
771	874
771	904
771	919
771	955
771	961
771	972
771	976
772	530
772	592
772	741
772	792
772	853
772	894
772	925
772	944
772	949
772	990
772	992
772	997
773	84
773	136
773	249
773	366
773	440
773	697
773	711
773	736
773	816
773	845
773	898
773	925
773	970
774	343
774	817
774	825
774	838
774	845
774	847
774	898
774	924
774	925
774	947
774	960
774	966
774	969
775	283
775	497
775	554
775	669
775	685
775	815
775	875
775	906
775	929
775	962
775	965
775	974
775	995
776	216
776	258
776	327
776	372
776	590
776	639
776	647
776	794
776	800
776	922
776	972
776	975
776	985
777	119
777	172
777	195
777	301
777	381
777	458
777	470
777	709
777	794
777	931
777	942
777	968
777	988
778	223
778	304
778	415
778	456
778	562
778	568
778	636
778	668
778	780
778	886
778	894
778	902
778	952
779	432
779	506
779	584
779	619
779	627
779	781
779	824
779	864
779	927
779	929
779	970
779	978
779	986
780	44
780	484
780	626
780	679
780	705
780	730
780	765
780	778
780	796
780	835
780	905
780	911
780	952
781	298
781	613
781	634
781	650
781	751
781	752
781	767
781	779
781	838
781	945
781	967
781	974
781	994
782	479
782	567
782	659
782	745
782	843
782	854
782	975
782	984
782	987
782	996
783	30
783	296
783	458
783	625
783	638
783	796
783	851
783	873
783	882
783	942
783	945
783	966
783	995
784	119
784	429
784	646
784	656
784	680
784	760
784	868
784	904
784	954
784	961
784	965
784	982
784	989
785	241
785	357
785	476
785	553
785	572
785	766
785	858
785	873
785	882
785	941
785	943
785	948
785	989
786	176
786	383
786	401
786	472
786	488
786	590
786	650
786	860
786	877
786	901
786	953
786	958
786	969
787	62
787	302
787	461
787	517
787	560
787	611
787	833
787	835
787	874
787	928
787	961
787	977
787	989
788	350
788	376
788	430
788	478
788	521
788	577
788	605
788	742
788	755
788	853
788	861
788	880
788	945
789	409
789	599
789	612
789	652
789	682
789	940
789	966
789	975
790	158
790	539
790	746
790	760
790	794
790	816
790	818
790	836
790	927
790	942
790	962
790	965
790	974
791	443
791	463
791	494
791	566
791	699
791	811
791	848
791	875
791	936
791	962
791	965
791	974
791	980
792	471
792	651
792	718
792	770
792	772
792	821
792	921
792	954
792	963
792	970
792	990
792	992
792	997
793	295
793	415
793	523
793	592
793	610
793	769
793	879
793	903
793	927
793	949
793	952
793	959
793	980
794	486
794	686
794	704
794	776
794	777
794	790
794	802
794	807
794	844
794	936
794	945
794	965
794	966
795	68
795	161
795	179
795	514
795	615
795	689
795	753
795	801
795	817
795	863
795	876
795	910
795	941
796	450
796	542
796	568
796	584
796	645
796	780
796	783
796	820
796	867
796	888
796	910
796	946
796	971
797	280
797	442
797	717
797	754
797	759
797	839
797	877
797	914
797	948
797	969
797	986
797	996
797	1000
798	183
798	751
798	815
798	820
798	838
798	921
798	946
798	950
798	990
798	992
798	994
798	997
798	999
799	40
799	265
799	365
799	463
799	735
799	768
799	769
799	834
799	889
799	934
799	938
799	978
799	996
800	41
800	204
800	230
800	352
800	489
800	626
800	727
800	776
800	891
800	922
800	923
800	944
800	999
801	11
801	114
801	129
801	582
801	795
801	808
801	912
801	926
801	936
801	939
801	941
801	989
801	996
802	178
802	588
802	649
802	658
802	681
802	725
802	794
802	848
802	874
802	908
802	976
802	980
802	982
803	51
803	200
803	263
803	531
803	551
803	648
803	707
803	821
803	874
803	954
803	990
803	992
803	997
804	71
804	387
804	608
804	726
804	739
804	876
804	888
804	910
804	928
804	941
804	950
804	966
804	989
804	994
805	32
805	203
805	333
805	348
805	368
805	519
805	525
805	530
805	558
805	701
805	745
805	847
805	869
805	970
806	116
806	232
806	330
806	468
806	589
806	632
806	641
806	677
806	715
806	856
806	924
806	947
806	951
806	969
807	34
807	37
807	104
807	271
807	296
807	582
807	607
807	664
807	679
807	698
807	794
807	836
807	942
807	998
808	465
808	482
808	547
808	749
808	754
808	801
808	889
808	926
808	933
808	934
808	944
808	957
808	978
808	996
809	115
809	202
809	203
809	474
809	484
809	508
809	563
809	665
809	697
809	719
809	847
809	945
809	963
809	976
810	338
810	503
810	504
810	527
810	583
810	689
810	839
810	853
810	889
810	906
810	912
810	923
810	942
810	945
811	369
811	624
811	730
811	738
811	791
811	813
811	831
811	837
811	875
811	936
811	947
811	961
811	965
811	972
812	130
812	432
812	437
812	538
812	595
812	630
812	646
812	760
812	819
812	860
812	927
812	928
812	929
812	973
813	98
813	174
813	310
813	318
813	369
813	473
813	595
813	608
813	665
813	683
813	738
813	811
813	837
813	879
814	19
814	110
814	234
814	320
814	358
814	442
814	490
814	545
814	624
814	668
814	758
814	760
814	825
814	957
815	113
815	137
815	470
815	493
815	528
815	554
815	593
815	764
815	775
815	798
815	832
815	850
815	899
815	906
816	335
816	352
816	395
816	422
816	762
816	773
816	790
816	840
816	874
816	904
816	958
816	961
816	968
816	989
817	260
817	440
817	711
817	736
817	753
817	774
817	795
817	894
817	925
817	928
817	935
817	962
817	967
817	986
818	253
818	377
818	390
818	437
818	503
818	542
818	790
818	836
818	844
818	919
818	942
818	945
818	948
818	963
818	979
819	351
819	451
819	608
819	655
819	662
819	723
819	726
819	812
819	842
819	915
819	932
819	935
819	979
819	982
819	991
820	561
820	564
820	623
820	700
820	705
820	796
820	798
820	827
820	843
820	888
820	950
820	987
820	994
820	998
820	999
821	50
821	52
821	574
821	622
821	648
821	770
821	792
821	803
821	842
821	899
821	921
821	954
821	990
821	992
821	997
822	217
822	329
822	391
822	540
822	581
822	673
822	682
822	692
822	838
822	870
822	907
822	909
822	935
822	953
822	988
823	480
823	628
823	856
823	858
823	879
823	914
823	917
823	927
823	949
823	951
823	959
823	963
823	980
823	988
823	995
824	57
824	309
824	578
824	739
824	752
824	779
824	869
824	910
824	920
824	927
824	941
824	979
824	982
824	984
824	989
825	277
825	413
825	774
825	814
825	875
825	904
825	905
825	916
825	917
825	940
825	951
825	957
825	969
825	989
825	995
826	57
826	382
826	495
826	509
826	586
826	598
826	601
826	637
826	892
826	907
826	909
826	935
826	953
826	958
826	988
827	221
827	284
827	310
827	441
827	524
827	714
827	820
827	888
827	910
827	946
827	950
827	981
827	987
827	994
827	999
828	47
828	150
828	362
828	409
828	572
828	651
828	661
828	737
828	747
828	750
828	859
828	885
828	911
828	938
828	1000
829	215
829	332
829	469
829	482
829	597
829	739
829	765
829	873
829	879
829	903
829	921
829	949
829	959
829	980
829	982
830	292
830	400
830	479
830	514
830	537
830	644
830	728
830	863
830	872
830	884
830	894
830	933
830	953
830	967
830	971
831	196
831	404
831	429
831	464
831	591
831	710
831	718
831	745
831	761
831	811
831	881
831	902
831	959
831	983
831	998
832	62
832	70
832	186
832	234
832	245
832	490
832	624
832	741
832	758
832	815
832	883
832	905
832	916
832	940
832	947
833	190
833	342
833	499
833	526
833	620
833	733
833	787
833	878
833	889
833	893
833	903
833	931
833	933
833	935
833	994
834	142
834	257
834	537
834	579
834	589
834	637
834	743
834	799
834	864
834	889
834	930
834	933
834	934
834	973
834	978
834	996
835	538
835	539
835	626
835	676
835	706
835	730
835	780
835	787
835	855
835	862
835	886
835	898
835	911
835	952
835	973
835	981
836	222
836	226
836	230
836	239
836	326
836	352
836	450
836	527
836	645
836	709
836	716
836	790
836	807
836	818
836	844
836	942
837	111
837	358
837	587
837	618
837	623
837	683
837	811
837	813
837	843
837	907
837	911
837	941
837	954
837	990
837	992
837	997
838	14
838	254
838	289
838	463
838	623
838	634
838	673
838	682
838	732
838	752
838	774
838	781
838	798
838	822
838	864
838	970
839	211
839	244
839	245
839	313
839	605
839	616
839	671
839	693
839	750
839	755
839	797
839	810
839	841
839	926
839	948
839	986
840	96
840	147
840	148
840	431
840	462
840	486
840	600
840	642
840	653
840	696
840	754
840	816
840	849
840	913
840	970
840	993
841	62
841	110
841	206
841	240
841	383
841	427
841	492
841	569
841	688
841	689
841	694
841	839
841	883
841	905
841	927
841	996
842	42
842	60
842	286
842	469
842	541
842	655
842	712
842	763
842	819
842	821
842	913
842	932
842	979
842	982
842	990
842	991
843	108
843	218
843	567
843	595
843	659
843	736
843	782
843	820
843	837
843	854
843	869
843	947
843	975
843	984
843	989
843	996
844	93
844	119
844	204
844	326
844	478
844	503
844	517
844	539
844	690
844	739
844	794
844	818
844	836
844	909
844	942
844	958
844	1000
845	249
845	366
845	440
845	444
845	489
845	575
845	610
845	626
845	711
845	736
845	773
845	774
845	887
845	895
845	898
845	925
845	992
846	31
846	282
846	341
846	350
846	395
846	500
846	509
846	635
846	750
846	767
846	851
846	864
846	920
846	937
846	953
846	977
847	32
847	115
847	169
847	219
847	286
847	345
847	348
847	378
847	455
847	519
847	525
847	550
847	621
847	774
847	805
847	809
847	997
848	66
848	240
848	290
848	339
848	511
848	614
848	675
848	744
848	791
848	802
848	872
848	882
848	908
848	918
848	939
848	976
848	982
849	23
849	86
849	468
849	524
849	656
849	680
849	752
849	759
849	840
849	883
849	894
849	913
849	930
849	940
849	970
849	987
849	993
850	21
850	113
850	250
850	283
850	302
850	322
850	443
850	470
850	569
850	764
850	815
850	874
850	899
850	906
850	929
850	962
850	990
851	194
851	416
851	486
851	510
851	771
851	783
851	846
851	865
851	919
851	930
851	946
851	950
851	955
851	972
851	987
851	994
851	999
852	35
852	46
852	117
852	243
852	247
852	297
852	347
852	421
852	615
852	703
852	716
852	856
852	896
852	900
852	916
852	930
852	956
853	38
853	91
853	312
853	450
853	597
853	600
853	610
853	741
853	765
853	772
853	788
853	810
853	873
853	879
853	903
853	949
853	980
854	456
854	696
854	771
854	782
854	843
854	861
854	874
854	893
854	904
854	934
854	961
854	964
854	970
854	975
854	984
854	996
854	997
855	23
855	64
855	107
855	344
855	449
855	603
855	619
855	654
855	704
855	756
855	835
855	868
855	869
855	887
855	890
855	954
855	986
856	134
856	578
856	677
856	681
856	806
856	823
856	852
856	865
856	906
856	917
856	924
856	947
856	951
856	960
856	963
856	969
856	974
857	301
857	552
857	556
857	565
857	579
857	657
857	875
857	884
857	885
857	926
857	962
857	963
857	965
857	974
857	993
857	995
857	998
858	15
858	41
858	364
858	507
858	604
858	725
858	785
858	823
858	861
858	917
858	924
858	943
858	951
858	960
858	962
858	963
858	993
859	3
859	263
859	305
859	420
859	502
859	618
859	684
859	828
859	860
859	877
859	917
859	921
859	936
859	953
859	958
859	990
859	997
860	408
860	488
860	502
860	621
860	640
860	723
860	724
860	749
860	786
860	812
860	859
860	877
860	891
860	896
860	899
860	920
860	964
861	155
861	367
861	449
861	560
861	577
861	605
861	657
861	660
861	671
861	692
861	755
861	788
861	854
861	858
861	908
861	946
861	977
861	986
862	193
862	436
862	580
862	704
862	835
862	866
862	868
862	897
862	934
862	979
863	33
863	188
863	537
863	643
863	699
863	746
863	795
863	830
863	894
863	897
863	908
863	931
863	941
863	949
863	967
863	973
863	980
863	982
864	282
864	341
864	651
864	673
864	682
864	750
864	779
864	834
864	838
864	846
864	873
864	895
864	901
864	937
864	970
864	977
864	991
864	994
865	235
865	337
865	386
865	400
865	410
865	436
865	526
865	550
865	714
865	771
865	851
865	856
865	931
865	946
865	950
865	994
865	998
865	999
866	48
866	82
866	135
866	274
866	576
866	580
866	643
866	718
866	862
866	868
866	881
866	897
866	898
866	966
866	979
867	160
867	309
867	321
867	452
867	663
867	665
867	687
867	796
867	887
867	911
867	913
867	918
867	925
867	957
867	964
867	982
867	983
867	987
868	580
868	646
868	653
868	710
868	722
868	735
868	756
868	784
868	855
868	862
868	866
868	897
868	912
868	954
868	974
868	979
869	45
869	53
869	320
869	391
869	406
869	410
869	683
869	709
869	739
869	763
869	805
869	824
869	843
869	855
869	930
869	947
869	977
869	983
870	105
870	133
870	212
870	359
870	522
870	681
870	693
870	719
870	760
870	762
870	822
870	895
870	923
870	931
870	944
870	958
870	968
870	971
870	984
871	55
871	128
871	302
871	325
871	364
871	374
871	379
871	429
871	483
871	546
871	549
871	564
871	594
871	615
871	660
871	748
871	877
871	909
871	983
872	61
872	574
872	697
872	728
872	743
872	753
872	764
872	830
872	848
872	884
872	894
872	915
872	919
872	955
872	967
872	972
872	980
872	984
872	989
873	80
873	92
873	263
873	311
873	316
873	540
873	575
873	625
873	783
873	785
873	829
873	853
873	864
873	882
873	927
873	949
873	959
873	968
873	989
874	269
874	278
874	505
874	630
874	633
874	669
874	696
874	771
874	787
874	802
874	803
874	816
874	850
874	854
874	893
874	896
874	913
874	961
874	989
875	251
875	414
875	520
875	686
875	707
875	759
875	775
875	791
875	811
875	825
875	857
875	880
875	892
875	957
875	962
875	965
875	974
875	975
875	995
876	114
876	161
876	356
876	357
876	438
876	631
876	720
876	766
876	795
876	804
876	887
876	891
876	892
876	910
876	941
876	947
876	961
876	977
876	989
877	46
877	424
877	458
877	480
877	487
877	502
877	724
877	755
877	786
877	797
877	859
877	860
877	871
877	891
877	901
877	958
877	964
877	976
877	997
878	27
878	190
878	252
878	322
878	331
878	393
878	400
878	418
878	485
878	636
878	686
878	712
878	733
878	833
878	931
878	951
878	980
878	994
878	996
879	103
879	300
879	597
879	610
879	678
879	769
879	793
879	813
879	823
879	829
879	853
879	903
879	949
879	959
879	975
879	976
879	980
879	987
879	990
880	77
880	523
880	600
880	686
880	698
880	726
880	727
880	788
880	875
880	892
880	910
880	914
880	918
880	936
880	962
880	965
880	966
880	974
880	976
881	100
881	126
881	419
881	511
881	616
881	627
881	649
881	714
881	717
881	744
881	831
881	866
881	948
881	962
881	980
881	982
881	985
881	986
881	1000
882	24
882	41
882	74
882	175
882	198
882	205
882	214
882	336
882	349
882	405
882	518
882	572
882	713
882	783
882	785
882	848
882	873
882	908
882	943
883	285
883	401
883	413
883	427
883	467
883	530
883	539
883	661
883	700
883	708
883	832
883	841
883	849
883	908
883	927
883	945
883	987
883	993
883	994
884	83
884	205
884	265
884	370
884	552
884	556
884	657
884	746
884	769
884	830
884	857
884	872
884	894
884	926
884	936
884	967
884	970
884	993
884	997
885	5
885	78
885	105
885	361
885	511
885	538
885	675
885	747
885	761
885	828
885	857
885	911
885	938
885	965
885	973
885	974
885	982
885	1000
886	242
886	342
886	375
886	390
886	414
886	466
886	489
886	615
886	641
886	676
886	679
886	684
886	706
886	760
886	778
886	835
886	928
886	935
886	952
886	973
887	309
887	411
887	475
887	519
887	649
887	662
887	663
887	766
887	845
887	855
887	867
887	876
887	910
887	941
887	957
887	964
887	971
887	983
887	987
887	989
888	9
888	540
888	561
888	564
888	635
888	680
888	761
888	796
888	804
888	820
888	827
888	910
888	923
888	946
888	981
888	985
888	987
888	992
888	994
888	999
889	121
889	422
889	463
889	621
889	676
889	685
889	731
889	799
889	808
889	810
889	833
889	834
889	930
889	933
889	934
889	954
889	957
889	978
889	988
889	996
890	124
890	159
890	179
890	186
890	247
890	250
890	326
890	375
890	425
890	428
890	464
890	534
890	576
890	642
890	666
890	667
890	757
890	855
890	939
890	979
891	273
891	286
891	298
891	424
891	502
891	557
891	621
891	647
891	722
891	737
891	764
891	800
891	860
891	876
891	877
891	922
891	956
891	964
891	985
891	1000
892	20
892	43
892	620
892	762
892	826
892	875
892	876
892	880
892	907
892	909
892	932
892	935
892	936
892	953
892	962
892	965
892	974
892	983
892	988
892	995
893	15
893	102
893	115
893	122
893	163
893	250
893	299
893	399
893	499
893	614
893	615
893	620
893	669
893	833
893	854
893	874
893	896
893	935
893	942
893	961
894	24
894	176
894	265
894	407
894	514
894	537
894	574
894	683
894	746
894	753
894	758
894	772
894	778
894	817
894	830
894	849
894	863
894	872
894	884
894	983
895	39
895	226
895	284
895	385
895	489
895	530
895	539
895	680
895	736
895	754
895	765
895	845
895	864
895	870
895	898
895	925
895	949
895	965
895	968
895	993
896	297
896	313
896	317
896	450
896	502
896	505
896	594
896	602
896	656
896	711
896	716
896	852
896	860
896	874
896	893
896	904
896	916
896	956
896	960
896	961
897	18
897	34
897	77
897	82
897	135
897	245
897	274
897	439
897	491
897	576
897	580
897	586
897	619
897	643
897	862
897	863
897	866
897	868
897	944
897	954
897	979
898	67
898	106
898	226
898	275
898	366
898	489
898	543
898	565
898	636
898	691
898	736
898	773
898	774
898	835
898	845
898	866
898	895
898	925
898	942
898	954
898	988
899	94
899	137
899	283
899	285
899	289
899	551
899	651
899	719
899	815
899	821
899	850
899	860
899	906
899	908
899	921
899	929
899	947
899	954
899	990
899	992
899	997
900	105
900	189
900	230
900	239
900	359
900	386
900	389
900	422
900	495
900	581
900	633
900	642
900	761
900	762
900	852
900	901
900	923
900	944
900	958
900	968
900	971
901	144
901	217
901	252
901	324
901	435
901	472
901	568
901	634
901	682
901	735
901	752
901	786
901	864
901	877
901	900
901	948
901	953
901	958
901	964
901	979
901	991
902	34
902	178
902	184
902	274
902	417
902	441
902	521
902	528
902	559
902	562
902	710
902	721
902	734
902	737
902	778
902	831
902	963
902	971
902	987
902	996
902	998
903	180
903	279
903	411
903	443
903	453
903	540
903	592
903	594
903	741
903	765
903	793
903	829
903	833
903	853
903	879
903	927
903	949
903	953
903	959
903	976
903	980
904	122
904	212
904	246
904	388
904	461
904	477
904	513
904	531
904	598
904	656
904	679
904	696
904	771
904	784
904	816
904	825
904	854
904	896
904	961
904	968
904	989
904	990
905	28
905	70
905	110
905	120
905	170
905	256
905	267
905	320
905	426
905	445
905	545
905	624
905	650
905	689
905	758
905	780
905	825
905	832
905	841
905	916
905	940
905	995
906	52
906	81
906	123
906	210
906	250
906	283
906	289
906	329
906	470
906	493
906	551
906	554
906	562
906	775
906	810
906	815
906	850
906	856
906	899
906	929
906	990
906	992
907	65
907	261
907	266
907	376
907	409
907	414
907	423
907	509
907	586
907	620
907	693
907	822
907	826
907	837
907	892
907	909
907	922
907	935
907	953
907	976
907	986
907	988
908	33
908	66
908	126
908	148
908	348
908	588
908	626
908	675
908	702
908	761
908	763
908	802
908	848
908	861
908	863
908	882
908	883
908	899
908	960
908	976
908	977
908	999
909	153
909	255
909	423
909	474
909	495
909	509
909	524
909	541
909	553
909	586
909	693
909	748
909	822
909	826
909	844
909	871
909	892
909	907
909	911
909	935
909	953
909	959
909	988
910	178
910	258
910	596
910	659
910	719
910	729
910	766
910	795
910	796
910	804
910	824
910	827
910	876
910	880
910	887
910	888
910	938
910	941
910	950
910	951
910	981
910	994
910	999
911	27
911	242
911	368
911	446
911	626
911	679
911	711
911	747
911	780
911	828
911	835
911	837
911	867
911	885
911	909
911	938
911	952
911	969
911	973
911	1000
912	1
912	3
912	7
912	267
912	287
912	441
912	476
912	504
912	565
912	570
912	581
912	583
912	599
912	613
912	689
912	745
912	801
912	810
912	868
912	923
912	956
912	985
912	998
913	104
913	496
913	530
913	544
913	593
913	640
913	661
913	663
913	680
913	696
913	756
913	768
913	840
913	842
913	849
913	867
913	874
913	939
913	956
913	970
913	983
913	987
913	993
914	17
914	123
914	170
914	293
914	325
914	407
914	519
914	523
914	535
914	600
914	601
914	606
914	677
914	690
914	708
914	727
914	797
914	823
914	880
914	918
914	966
914	976
914	981
915	96
915	276
915	392
915	426
915	448
915	451
915	469
915	551
915	650
915	677
915	708
915	726
915	819
915	872
915	917
915	932
915	933
915	973
915	975
915	979
915	982
915	991
915	994
916	85
916	117
916	120
916	135
916	167
916	243
916	339
916	347
916	605
916	668
916	674
916	694
916	703
916	716
916	825
916	832
916	852
916	896
916	905
916	940
916	951
916	955
916	956
917	116
917	183
917	201
917	231
917	232
917	368
917	490
917	715
917	742
917	769
917	823
917	825
917	856
917	858
917	859
917	915
917	924
917	947
917	951
917	960
917	969
917	982
917	995
918	153
918	246
918	308
918	325
918	407
918	503
918	580
918	640
918	662
918	663
918	727
918	848
918	867
918	880
918	914
918	940
918	964
918	966
918	976
918	983
918	987
918	990
918	991
919	51
919	139
919	148
919	166
919	221
919	291
919	510
919	516
919	520
919	588
919	606
919	627
919	687
919	697
919	743
919	770
919	771
919	818
919	851
919	872
919	955
919	972
919	993
920	57
920	95
920	106
920	130
920	143
920	231
920	340
920	375
920	435
920	544
920	712
920	720
920	753
920	824
920	846
920	860
920	924
920	925
920	927
920	929
920	953
920	958
920	960
920	964
921	99
921	113
921	355
921	437
921	560
921	618
921	624
921	648
921	707
921	724
921	767
921	770
921	792
921	798
921	821
921	829
921	859
921	899
921	990
921	992
921	993
921	994
921	997
921	1000
922	51
922	206
922	216
922	258
922	349
922	454
922	489
922	547
922	581
922	638
922	647
922	678
922	747
922	776
922	800
922	891
922	907
922	941
922	944
922	965
922	972
922	978
922	981
922	985
923	7
923	85
923	335
923	441
923	476
923	504
923	532
923	583
923	664
923	689
923	762
923	800
923	810
923	870
923	888
923	900
923	912
923	931
923	933
923	939
923	950
923	960
923	968
923	971
924	229
924	253
924	272
924	319
924	447
924	478
924	585
924	612
924	677
924	715
924	774
924	806
924	856
924	858
924	917
924	920
924	938
924	942
924	947
924	951
924	963
924	969
924	971
924	992
924	995
925	39
925	226
925	249
925	275
925	276
925	380
925	420
925	444
925	543
925	636
925	711
925	736
925	768
925	772
925	773
925	774
925	817
925	845
925	867
925	895
925	898
925	920
925	931
925	943
925	958
926	3
926	83
926	168
926	259
926	270
926	275
926	419
926	529
926	545
926	556
926	589
926	627
926	629
926	642
926	657
926	684
926	717
926	801
926	808
926	839
926	857
926	884
926	948
926	986
926	993
926	1000
927	95
927	143
927	297
927	366
927	432
927	460
927	515
927	573
927	592
927	630
927	741
927	765
927	779
927	790
927	793
927	812
927	823
927	824
927	841
927	873
927	883
927	903
927	920
927	949
927	959
927	973
928	16
928	36
928	358
928	455
928	492
928	549
928	553
928	615
928	629
928	646
928	676
928	682
928	690
928	705
928	706
928	730
928	760
928	787
928	804
928	812
928	817
928	886
928	940
928	948
928	952
928	973
929	75
929	95
929	113
929	225
929	289
929	378
929	432
929	470
929	493
929	544
929	554
929	578
929	584
929	731
929	764
929	775
929	779
929	812
929	850
929	899
929	906
929	920
929	937
929	959
929	970
929	974
929	997
930	23
930	64
930	86
930	134
930	142
930	149
930	208
930	468
930	475
930	524
930	548
930	578
930	608
930	722
930	735
930	834
930	849
930	851
930	852
930	869
930	889
930	933
930	940
930	944
930	957
930	959
930	978
931	8
931	138
931	235
931	239
931	393
931	526
931	554
931	555
931	579
931	591
931	713
931	761
931	777
931	833
931	863
931	865
931	870
931	878
931	923
931	925
931	944
931	958
931	963
931	971
931	980
931	994
931	996
932	26
932	231
932	276
932	285
932	382
932	383
932	392
932	398
932	448
932	521
932	551
932	577
932	638
932	650
932	708
932	712
932	723
932	726
932	819
932	842
932	892
932	915
932	946
932	979
932	982
932	991
932	1000
933	36
933	152
933	257
933	422
933	461
933	596
933	608
933	637
933	691
933	731
933	735
933	808
933	830
933	833
933	834
933	889
933	915
933	923
933	930
933	934
933	943
933	944
933	957
933	970
933	975
933	978
933	996
934	71
934	152
934	394
934	422
934	445
934	531
934	536
934	548
934	550
934	582
934	629
934	637
934	685
934	725
934	731
934	740
934	799
934	808
934	834
934	854
934	862
934	889
934	933
934	944
934	966
934	967
934	978
934	996
935	102
935	210
935	277
935	284
935	299
935	342
935	499
935	509
935	563
935	566
935	586
935	615
935	620
935	716
935	744
935	817
935	819
935	822
935	826
935	833
935	886
935	892
935	893
935	907
935	909
935	953
935	954
935	988
936	4
936	22
936	69
936	223
936	277
936	328
936	494
936	501
936	565
936	609
936	686
936	695
936	703
936	791
936	794
936	801
936	811
936	859
936	880
936	884
936	892
936	951
936	962
936	965
936	974
936	987
936	995
936	997
937	31
937	90
937	144
937	182
937	234
937	264
937	282
937	329
937	341
937	399
937	500
937	614
937	635
937	721
937	740
937	748
937	750
937	767
937	846
937	864
937	929
937	952
937	970
937	977
937	979
937	981
937	984
937	985
938	40
938	42
938	47
938	49
938	150
938	266
938	324
938	362
938	388
938	405
938	572
938	576
938	655
938	661
938	664
938	747
938	750
938	799
938	828
938	885
938	910
938	911
938	924
938	971
938	988
938	992
938	993
938	1000
939	34
939	108
939	171
939	219
939	247
939	250
939	295
939	321
939	405
939	425
939	484
939	534
939	571
939	639
939	666
939	667
939	735
939	757
939	801
939	848
939	890
939	913
939	923
939	955
939	957
939	964
939	983
939	987
940	5
940	64
940	86
940	151
940	164
940	259
940	269
940	389
940	415
940	468
940	524
940	542
940	545
940	569
940	578
940	758
940	789
940	825
940	832
940	849
940	905
940	916
940	918
940	928
940	930
940	941
940	952
940	976
941	11
941	88
941	309
941	417
941	438
941	475
941	631
941	639
941	659
941	729
941	739
941	766
941	785
941	795
941	801
941	804
941	824
941	837
941	863
941	876
941	887
941	910
941	922
941	940
941	947
941	987
941	989
941	999
942	119
942	169
942	213
942	253
942	288
942	294
942	377
942	462
942	495
942	503
942	504
942	517
942	542
942	584
942	669
942	747
942	777
942	783
942	790
942	807
942	810
942	818
942	836
942	844
942	893
942	898
942	924
942	945
942	981
943	2
943	15
943	24
943	41
943	175
943	198
943	214
943	241
943	261
943	336
943	349
943	445
943	475
943	494
943	507
943	518
943	572
943	604
943	713
943	714
943	733
943	785
943	858
943	882
943	925
943	933
943	960
943	965
943	984
944	17
944	105
944	353
944	359
944	420
944	431
944	445
944	514
944	627
944	667
944	749
944	762
944	772
944	800
944	808
944	870
944	897
944	900
944	922
944	930
944	931
944	933
944	934
944	946
944	957
944	968
944	977
944	978
944	996
945	49
945	67
945	268
945	296
945	360
945	421
945	425
945	437
945	457
945	458
945	484
945	508
945	511
945	546
945	563
945	565
945	587
945	635
945	687
945	781
945	783
945	788
945	794
945	809
945	810
945	818
945	883
945	942
945	963
946	19
946	45
946	109
946	278
946	292
946	337
946	387
946	418
946	434
946	459
946	533
946	587
946	714
946	716
946	796
946	798
946	827
946	851
946	861
946	865
946	888
946	932
946	944
946	950
946	960
946	972
946	981
946	987
946	994
946	999
947	32
947	129
947	153
947	201
947	236
947	256
947	473
947	512
947	595
947	609
947	623
947	655
947	774
947	806
947	811
947	832
947	843
947	856
947	869
947	876
947	899
947	917
947	924
947	941
947	951
947	960
947	968
947	969
947	978
947	995
948	33
948	63
948	92
948	280
948	295
948	343
948	382
948	396
948	406
948	408
948	460
948	508
948	529
948	552
948	616
948	627
948	717
948	754
948	759
948	785
948	797
948	818
948	839
948	881
948	901
948	926
948	928
948	963
948	981
948	986
948	1000
949	124
949	180
949	233
949	262
949	288
949	332
949	424
949	581
949	588
949	592
949	600
949	610
949	616
949	741
949	750
949	765
949	772
949	793
949	823
949	829
949	853
949	863
949	873
949	879
949	895
949	903
949	927
949	959
949	980
949	991
949	996
950	20
950	63
950	172
950	337
950	384
950	532
950	536
950	543
950	561
950	591
950	637
950	686
950	714
950	716
950	733
950	753
950	798
950	804
950	820
950	827
950	851
950	865
950	910
950	923
950	946
950	958
950	970
950	981
950	987
950	994
950	999
951	121
951	183
951	207
951	270
951	271
951	312
951	434
951	589
951	606
951	612
951	677
951	681
951	705
951	715
951	738
951	806
951	823
951	825
951	856
951	858
951	878
951	910
951	916
951	917
951	924
951	936
951	947
951	955
951	960
951	969
951	995
952	146
952	162
952	203
952	207
952	242
952	275
952	460
952	466
952	517
952	538
952	553
952	629
952	646
952	676
952	684
952	690
952	706
952	728
952	760
952	778
952	780
952	793
952	835
952	886
952	911
952	928
952	937
952	940
952	954
952	973
952	995
953	40
953	73
953	264
953	407
953	423
953	435
953	439
953	487
953	516
953	586
953	601
953	621
953	720
953	729
953	736
953	762
953	786
953	822
953	826
953	830
953	846
953	859
953	892
953	901
953	903
953	907
953	909
953	920
953	935
953	964
953	967
953	988
954	10
954	238
954	363
954	426
954	517
954	545
954	603
954	618
954	619
954	646
954	691
954	704
954	722
954	756
954	760
954	770
954	784
954	792
954	803
954	821
954	837
954	855
954	868
954	889
954	897
954	898
954	899
954	935
954	952
954	990
954	992
954	997
955	61
955	76
955	87
955	139
955	148
955	166
955	171
955	270
955	291
955	317
955	354
955	434
955	510
955	520
955	543
955	557
955	588
955	602
955	606
955	687
955	697
955	704
955	743
955	771
955	851
955	872
955	916
955	919
955	939
955	951
955	972
955	990
956	46
956	73
956	91
956	112
956	117
956	165
956	173
956	237
956	243
956	267
956	287
956	297
956	317
956	421
956	465
956	524
956	541
956	570
956	599
956	674
956	701
956	716
956	737
956	743
956	852
956	891
956	896
956	912
956	913
956	916
956	969
956	998
957	22
957	39
957	78
957	199
957	321
957	339
957	406
957	452
957	566
957	589
957	596
957	598
957	735
957	749
957	768
957	770
957	808
957	814
957	825
957	867
957	875
957	887
957	889
957	930
957	933
957	939
957	944
957	964
957	978
957	983
957	987
957	996
958	121
958	145
958	208
958	215
958	224
958	270
958	424
958	472
958	480
958	620
958	642
958	676
958	693
958	709
958	720
958	724
958	786
958	816
958	826
958	844
958	859
958	870
958	877
958	900
958	901
958	920
958	925
958	931
958	950
958	971
958	980
958	987
959	10
959	20
959	98
959	103
959	123
959	154
959	180
959	184
959	279
959	316
959	332
959	402
959	570
959	592
959	597
959	600
959	659
959	741
959	765
959	769
959	793
959	823
959	829
959	831
959	873
959	879
959	903
959	909
959	927
959	929
959	930
959	949
959	986
960	159
960	181
960	185
960	187
960	209
960	229
960	232
960	272
960	312
960	371
960	434
960	478
960	547
960	554
960	585
960	589
960	609
960	681
960	715
960	774
960	856
960	858
960	896
960	908
960	917
960	920
960	923
960	943
960	946
960	947
960	951
960	969
960	982
961	14
961	93
961	157
961	194
961	246
961	251
961	280
961	395
961	413
961	461
961	493
961	505
961	513
961	531
961	611
961	639
961	696
961	734
961	771
961	784
961	787
961	811
961	816
961	854
961	874
961	876
961	893
961	896
961	904
961	964
961	969
961	979
961	989
962	4
962	8
962	48
962	158
962	207
962	277
962	293
962	328
962	384
962	385
962	488
962	494
962	566
962	606
962	703
962	754
962	759
962	775
962	790
962	791
962	817
962	850
962	857
962	858
962	875
962	880
962	881
962	892
962	936
962	965
962	974
962	976
962	995
963	49
963	181
963	185
963	202
963	232
963	268
963	321
963	360
963	446
963	447
963	508
963	520
963	549
963	559
963	563
963	598
963	681
963	715
963	719
963	792
963	809
963	818
963	823
963	856
963	857
963	858
963	902
963	924
963	931
963	945
963	948
963	969
963	995
964	125
964	233
964	316
964	328
964	373
964	433
964	452
964	466
964	496
964	525
964	527
964	571
964	634
964	640
964	663
964	730
964	738
964	749
964	768
964	854
964	860
964	867
964	877
964	887
964	891
964	901
964	918
964	920
964	939
964	953
964	957
964	961
964	973
964	987
965	22
965	48
965	158
965	328
965	488
965	494
965	565
965	566
965	596
965	686
965	703
965	704
965	718
965	775
965	784
965	790
965	791
965	794
965	811
965	857
965	875
965	880
965	885
965	892
965	895
965	922
965	936
965	943
965	962
965	970
965	974
965	985
965	987
965	995
966	50
966	138
966	293
966	325
966	428
966	433
966	457
966	501
966	523
966	592
966	600
966	601
966	606
966	612
966	652
966	727
966	774
966	783
966	789
966	794
966	804
966	866
966	880
966	914
966	918
966	934
966	975
966	976
966	982
966	984
967	55
967	72
967	127
967	133
967	156
967	197
967	225
967	260
967	281
967	298
967	473
967	481
967	537
967	562
967	613
967	650
967	683
967	717
967	746
967	751
967	753
967	781
967	817
967	830
967	863
967	872
967	884
967	934
967	953
967	974
967	977
967	988
967	990
968	89
968	140
968	172
968	206
968	209
968	215
968	228
968	239
968	335
968	359
968	381
968	389
968	420
968	429
968	522
968	555
968	654
968	693
968	709
968	719
968	744
968	762
968	777
968	816
968	870
968	873
968	895
968	900
968	904
968	923
968	944
968	947
968	971
968	992
969	28
969	65
969	181
969	183
969	201
969	209
969	270
969	272
969	277
969	345
969	386
969	434
969	547
969	585
969	658
969	677
969	705
969	734
969	774
969	786
969	797
969	806
969	825
969	856
969	911
969	917
969	924
969	947
969	951
969	956
969	960
969	961
969	963
969	977
969	995
970	104
970	217
970	228
970	271
970	284
970	333
970	334
970	506
970	526
970	540
970	593
970	623
970	673
970	700
970	701
970	752
970	754
970	773
970	779
970	792
970	805
970	838
970	840
970	849
970	854
970	864
970	884
970	913
970	929
970	933
970	937
970	950
970	965
970	983
970	993
971	13
971	30
971	79
971	140
971	184
971	262
971	303
971	373
971	404
971	518
971	522
971	568
971	632
971	647
971	660
971	669
971	718
971	719
971	745
971	761
971	762
971	796
971	830
971	870
971	887
971	900
971	902
971	923
971	924
971	931
971	938
971	958
971	968
971	997
971	998
972	61
972	75
972	224
972	291
972	305
972	362
972	481
972	497
972	510
972	516
972	520
972	521
972	544
972	557
972	581
972	588
972	606
972	610
972	625
972	629
972	647
972	737
972	743
972	764
972	771
972	776
972	811
972	851
972	872
972	919
972	922
972	946
972	955
972	974
972	985
972	986
973	16
973	76
973	84
973	122
973	151
973	238
973	271
973	333
973	339
973	342
973	397
973	465
973	490
973	538
973	553
973	614
973	658
973	676
973	699
973	706
973	728
973	753
973	761
973	812
973	834
973	835
973	863
973	885
973	886
973	911
973	915
973	927
973	928
973	952
973	964
973	980
974	72
974	133
974	134
974	156
974	225
974	230
974	281
974	298
974	488
974	613
974	650
974	730
974	751
974	766
974	775
974	781
974	790
974	791
974	856
974	857
974	868
974	875
974	880
974	885
974	892
974	929
974	936
974	962
974	965
974	967
974	972
974	981
974	984
974	993
974	995
975	50
975	213
975	323
975	428
975	433
975	472
975	474
975	479
975	501
975	567
975	601
975	612
975	648
975	652
975	685
975	749
975	776
975	782
975	789
975	843
975	854
975	875
975	879
975	915
975	933
975	966
975	983
975	984
975	996
976	25
976	35
976	173
976	293
976	308
976	325
976	333
976	354
976	365
976	403
976	457
976	481
976	519
976	520
976	523
976	527
976	535
976	601
976	606
976	658
976	727
976	771
976	802
976	809
976	848
976	877
976	879
976	880
976	903
976	907
976	908
976	914
976	918
976	940
976	962
976	966
976	979
976	980
976	982
977	31
977	107
977	126
977	140
977	191
977	282
977	341
977	344
977	350
977	365
977	391
977	443
977	498
977	500
977	522
977	536
977	585
977	609
977	635
977	643
977	692
977	703
977	709
977	750
977	763
977	767
977	787
977	846
977	861
977	864
977	869
977	876
977	908
977	937
977	944
977	967
977	969
977	990
977	993
978	12
978	71
978	87
978	129
978	175
978	181
978	199
978	255
978	353
978	365
978	388
978	501
978	510
978	548
978	550
978	583
978	596
978	608
978	621
978	637
978	649
978	703
978	722
978	731
978	769
978	779
978	799
978	808
978	834
978	889
978	922
978	930
978	933
978	934
978	944
978	947
978	957
978	989
978	996
979	18
979	77
979	78
979	82
979	135
979	154
979	188
979	245
979	351
979	376
979	439
979	499
979	576
979	580
979	582
979	643
979	655
979	672
979	723
979	726
979	733
979	818
979	819
979	824
979	842
979	862
979	866
979	868
979	890
979	897
979	901
979	915
979	932
979	937
979	961
979	976
979	982
979	986
979	991
980	2
980	48
980	145
980	165
980	233
980	240
980	340
980	402
980	423
980	494
980	504
980	597
980	610
980	614
980	658
980	675
980	688
980	699
980	741
980	744
980	762
980	765
980	791
980	793
980	802
980	823
980	829
980	853
980	863
980	872
980	878
980	879
980	881
980	903
980	931
980	949
980	958
980	973
980	976
980	990
981	13
981	19
981	72
981	131
981	187
981	192
981	314
981	324
981	329
981	363
981	396
981	397
981	399
981	446
981	454
981	533
981	561
981	573
981	595
981	629
981	709
981	714
981	729
981	740
981	755
981	768
981	827
981	835
981	888
981	910
981	914
981	922
981	937
981	942
981	946
981	948
981	950
981	974
981	984
981	985
981	999
982	26
982	137
982	210
982	238
982	296
982	327
982	365
982	397
982	398
982	511
982	515
982	533
982	541
982	582
982	621
982	643
982	708
982	712
982	723
982	726
982	744
982	784
982	802
982	819
982	824
982	829
982	842
982	848
982	863
982	867
982	881
982	885
982	915
982	917
982	932
982	960
982	966
982	976
982	979
982	991
982	998
983	8
983	21
983	112
983	128
983	132
983	202
983	302
983	374
983	377
983	379
983	405
983	483
983	496
983	498
983	500
983	546
983	564
983	571
983	594
983	603
983	640
983	660
983	662
983	665
983	748
983	831
983	867
983	869
983	871
983	887
983	892
983	894
983	913
983	918
983	939
983	957
983	970
983	975
983	984
983	987
983	989
984	18
984	74
984	90
984	94
984	125
984	182
984	314
984	323
984	335
984	340
984	363
984	371
984	453
984	454
984	467
984	476
984	479
984	512
984	544
984	567
984	573
984	685
984	721
984	740
984	782
984	824
984	843
984	854
984	870
984	872
984	937
984	943
984	966
984	974
984	975
984	981
984	983
984	985
984	995
984	996
985	60
985	84
985	85
985	220
985	314
985	329
985	346
985	361
985	363
985	399
985	452
985	454
985	497
985	512
985	516
985	547
985	555
985	559
985	562
985	573
985	590
985	614
985	638
985	647
985	678
985	688
985	721
985	737
985	740
985	768
985	776
985	881
985	888
985	891
985	912
985	922
985	937
985	965
985	972
985	981
985	984
985	999
986	92
986	170
986	177
986	223
986	295
986	300
986	313
986	382
986	396
986	406
986	408
986	415
986	419
986	436
986	442
986	522
986	527
986	529
986	552
986	616
986	627
986	629
986	674
986	717
986	732
986	751
986	754
986	759
986	779
986	797
986	817
986	839
986	855
986	861
986	881
986	907
986	926
986	948
986	959
986	972
986	979
986	1000
987	20
987	27
987	63
987	315
987	324
987	446
987	452
987	493
987	500
987	543
987	571
987	591
987	635
987	662
987	665
987	686
987	714
987	716
987	782
987	820
987	827
987	849
987	851
987	867
987	879
987	883
987	887
987	888
987	902
987	913
987	918
987	936
987	939
987	941
987	946
987	950
987	957
987	958
987	964
987	965
987	983
987	995
987	999
988	19
988	52
988	65
988	81
988	154
988	182
988	224
988	261
988	286
988	308
988	312
988	331
988	376
988	409
988	414
988	423
988	439
988	474
988	509
988	524
988	553
988	564
988	572
988	586
988	598
988	601
988	620
988	693
988	695
988	732
988	777
988	822
988	823
988	826
988	889
988	892
988	898
988	907
988	909
988	935
988	938
988	953
988	967
989	11
989	88
989	137
989	157
989	251
989	269
989	309
989	356
989	417
989	429
989	447
989	505
989	513
989	533
989	602
989	611
989	656
989	726
989	729
989	739
989	742
989	760
989	766
989	784
989	785
989	787
989	801
989	804
989	816
989	824
989	825
989	843
989	872
989	873
989	874
989	876
989	887
989	904
989	941
989	961
989	978
989	983
989	997
989	998
990	2
990	68
990	97
990	99
990	200
990	248
990	305
990	330
990	355
990	455
990	560
990	567
990	613
990	625
990	639
990	648
990	651
990	684
990	707
990	708
990	743
990	759
990	770
990	772
990	792
990	798
990	803
990	821
990	837
990	842
990	850
990	859
990	879
990	899
990	904
990	906
990	918
990	921
990	954
990	955
990	967
990	977
990	980
990	992
990	997
991	10
991	26
991	42
991	53
991	60
991	78
991	96
991	138
991	185
991	215
991	268
991	281
991	316
991	346
991	351
991	356
991	390
991	392
991	398
991	426
991	448
991	451
991	533
991	541
991	568
991	582
991	612
991	650
991	655
991	672
991	712
991	723
991	726
991	819
991	842
991	864
991	901
991	915
991	918
991	932
991	949
991	979
991	982
991	995
991	999
992	97
992	129
992	236
992	246
992	248
992	313
992	370
992	412
992	447
992	467
992	532
992	545
992	546
992	560
992	585
992	609
992	613
992	618
992	624
992	625
992	639
992	648
992	651
992	695
992	707
992	743
992	770
992	772
992	792
992	798
992	803
992	821
992	837
992	845
992	888
992	899
992	906
992	921
992	924
992	938
992	954
992	968
992	990
992	997
992	999
993	3
993	83
993	104
993	130
993	168
993	187
993	188
993	246
993	259
993	302
993	334
993	340
993	412
993	462
993	552
993	556
993	579
993	631
993	657
993	661
993	678
993	680
993	701
993	754
993	758
993	840
993	849
993	857
993	858
993	883
993	884
993	895
993	913
993	919
993	921
993	926
993	938
993	970
993	974
993	977
993	995
994	8
994	17
994	58
994	63
994	118
994	132
994	136
994	145
994	146
994	221
994	255
994	305
994	346
994	393
994	400
994	418
994	482
994	532
994	549
994	561
994	607
994	677
994	678
994	695
994	712
994	733
994	781
994	798
994	804
994	820
994	827
994	833
994	851
994	864
994	865
994	878
994	883
994	888
994	910
994	915
994	921
994	931
994	946
994	950
994	998
994	999
995	22
995	43
995	116
995	160
995	223
995	227
995	251
995	307
995	386
995	434
995	443
995	449
995	566
995	609
995	635
995	650
995	663
995	677
995	681
995	686
995	704
995	715
995	736
995	759
995	775
995	783
995	823
995	825
995	857
995	875
995	892
995	905
995	917
995	924
995	936
995	947
995	951
995	952
995	962
995	963
995	965
995	969
995	974
995	984
995	987
995	991
995	993
996	38
996	77
996	96
996	163
996	167
996	172
996	198
996	199
996	217
996	227
996	257
996	258
996	319
996	323
996	371
996	467
996	479
996	512
996	544
996	567
996	582
996	685
996	700
996	731
996	735
996	767
996	769
996	782
996	797
996	799
996	801
996	808
996	834
996	841
996	843
996	854
996	878
996	889
996	902
996	931
996	933
996	934
996	944
996	949
996	957
996	975
996	978
996	984
997	9
997	97
997	169
997	205
997	219
997	248
997	274
997	305
997	323
997	330
997	355
997	370
997	412
997	437
997	447
997	467
997	469
997	618
997	625
997	648
997	651
997	684
997	695
997	707
997	712
997	730
997	743
997	763
997	770
997	772
997	792
997	798
997	803
997	821
997	837
997	847
997	854
997	859
997	877
997	884
997	899
997	921
997	929
997	936
997	954
997	971
997	989
997	990
997	992
998	1
998	5
998	30
998	116
998	139
998	162
998	173
998	195
998	237
998	267
998	273
998	287
998	288
998	303
998	415
998	444
998	465
998	491
998	521
998	528
998	534
998	548
998	559
998	562
998	570
998	571
998	581
998	599
998	631
998	636
998	674
998	701
998	718
998	734
998	737
998	745
998	766
998	807
998	820
998	831
998	857
998	865
998	902
998	912
998	956
998	971
998	982
998	989
998	994
999	13
999	29
999	45
999	67
999	86
999	109
999	118
999	131
999	154
999	192
999	197
999	221
999	222
999	337
999	359
999	384
999	387
999	433
999	446
999	459
999	469
999	532
999	533
999	543
999	561
999	591
999	635
999	714
999	716
999	717
999	755
999	798
999	800
999	820
999	827
999	851
999	865
999	888
999	908
999	910
999	941
999	946
999	950
999	981
999	985
999	987
999	991
999	992
999	994
1000	47
1000	150
1000	177
1000	231
1000	247
1000	266
1000	280
1000	324
1000	343
1000	362
1000	388
1000	405
1000	406
1000	408
1000	442
1000	479
1000	496
1000	527
1000	529
1000	572
1000	576
1000	616
1000	629
1000	631
1000	638
1000	658
1000	661
1000	664
1000	689
1000	690
1000	702
1000	717
1000	732
1000	747
1000	750
1000	756
1000	759
1000	797
1000	828
1000	844
1000	881
1000	885
1000	891
1000	911
1000	921
1000	926
1000	932
1000	938
1000	948
1000	986
