1	887
1	888
1	912
1	982
2	654
2	808
2	843
2	979
3	435
3	686
3	840
3	907
4	107
4	625
4	639
4	646
5	102
5	145
5	261
5	674
6	74
6	457
6	950
6	997
7	214
7	481
7	532
7	972
8	379
8	937
8	960
8	984
9	628
9	703
9	740
9	962
10	295
10	510
10	810
10	969
10	998
11	86
11	214
11	784
11	944
12	21
12	713
12	719
12	850
13	357
13	391
13	846
13	912
14	507
14	841
14	914
14	989
14	998
14	1000
15	695
15	834
15	947
15	997
16	92
16	836
16	939
16	973
17	51
17	662
17	853
17	964
18	328
18	541
18	902
18	913
19	896
19	906
19	950
19	997
20	109
20	407
20	613
20	672
21	12
21	78
21	453
21	945
22	56
22	545
22	844
22	956
23	749
23	781
23	813
23	962
24	516
24	557
24	560
24	949
25	596
25	704
25	712
25	842
26	351
26	508
26	618
26	978
27	178
27	608
27	679
27	785
28	909
28	949
28	957
28	980
29	262
29	813
29	955
29	962
30	323
30	504
30	978
30	999
31	267
31	833
31	872
31	978
32	880
32	958
32	966
32	985
33	217
33	552
33	738
33	785
34	656
34	683
34	892
34	941
35	594
35	975
35	989
35	991
36	63
36	578
36	821
36	957
37	880
37	904
37	958
37	966
38	573
38	825
38	957
38	980
39	40
39	778
39	780
39	850
40	39
40	304
40	519
40	980
41	715
41	785
41	986
41	988
42	753
42	844
42	872
42	983
43	234
43	516
43	729
43	816
44	120
44	661
44	881
44	922
45	226
45	419
45	813
45	939
46	160
46	457
46	833
46	920
47	317
47	666
47	755
47	843
48	149
48	174
48	818
48	954
49	381
49	561
49	869
49	933
50	440
50	674
50	975
50	989
51	17
51	329
51	691
51	895
52	322
52	855
52	951
52	976
53	576
53	930
53	960
53	984
54	650
54	660
54	967
54	971
55	422
55	930
55	937
55	984
56	22
56	156
56	730
56	861
57	655
57	929
57	988
57	992
58	770
58	937
58	960
58	984
59	269
59	417
59	865
59	984
60	651
60	737
60	760
60	988
61	177
61	188
61	755
61	886
62	680
62	854
62	925
62	979
63	36
63	645
63	782
63	980
64	359
64	599
64	690
64	891
65	321
65	637
65	921
65	988
66	494
66	919
66	963
66	965
67	709
67	872
67	877
67	999
68	824
68	839
68	962
68	984
69	636
69	970
69	973
69	998
70	95
70	880
70	958
70	966
71	381
71	438
71	837
71	961
72	798
72	937
72	958
72	966
73	497
73	830
73	836
73	934
74	6
74	758
74	906
74	950
75	526
75	927
75	946
75	987
76	255
76	591
76	819
76	971
77	424
77	714
77	804
77	950
77	998
78	21
78	304
78	929
78	938
79	225
79	875
79	932
79	976
80	273
80	313
80	905
80	966
81	405
81	672
81	946
81	987
82	717
82	853
82	860
82	983
83	112
83	534
83	792
83	886
84	748
84	848
84	875
84	932
85	355
85	842
85	919
85	990
86	11
86	496
86	887
86	931
87	255
87	322
87	369
87	819
88	96
88	577
88	930
88	948
89	529
89	769
89	956
89	982
90	759
90	864
90	919
90	955
91	236
91	883
91	938
91	974
92	16
92	279
92	431
92	542
92	975
93	126
93	150
93	787
93	910
94	909
94	917
94	980
94	994
95	70
95	378
95	991
95	994
96	88
96	282
96	746
96	992
97	674
97	714
97	840
97	907
98	150
98	326
98	728
98	973
99	162
99	814
99	947
99	986
100	121
100	667
100	871
100	931
101	790
101	840
101	907
101	929
102	5
102	904
102	942
102	1000
103	632
103	741
103	871
103	911
104	358
104	664
104	792
104	907
105	541
105	595
105	850
105	980
106	460
106	895
106	969
106	988
107	4
107	927
107	946
107	998
108	515
108	833
108	920
108	999
109	20
109	637
109	890
109	986
110	175
110	679
110	741
110	959
111	674
111	869
111	907
111	1000
112	83
112	848
112	886
112	996
113	326
113	480
113	716
113	986
114	292
114	613
114	615
114	839
115	380
115	424
115	446
115	547
116	242
116	367
116	843
116	981
117	652
117	699
117	707
117	837
118	214
118	823
118	982
118	983
119	511
119	786
119	814
119	905
120	44
120	810
120	893
120	987
121	100
121	764
121	860
121	964
122	735
122	816
122	844
122	987
123	248
123	424
123	511
123	992
124	728
124	917
124	968
124	980
125	631
125	752
125	860
125	960
126	93
126	290
126	943
126	952
127	374
127	856
127	993
127	994
128	638
128	684
128	843
128	955
129	890
129	891
129	914
129	936
130	186
130	387
130	506
130	876
131	852
131	853
131	866
131	894
132	717
132	928
132	958
132	982
133	856
133	923
133	972
133	996
134	432
134	732
134	757
134	1000
135	330
135	517
135	652
135	656
136	760
136	841
136	922
136	969
137	242
137	434
137	684
137	801
138	492
138	560
138	857
138	983
139	498
139	828
139	878
139	908
140	811
140	828
140	967
140	985
141	193
141	749
141	767
141	950
142	569
142	887
142	912
142	971
143	163
143	231
143	251
143	705
144	262
144	578
144	773
144	932
145	5
145	383
145	934
145	993
146	827
146	838
146	928
146	982
147	512
147	599
147	734
147	918
148	513
148	646
148	851
148	952
149	48
149	437
149	578
149	922
150	93
150	98
150	691
150	995
151	643
151	734
151	759
151	770
152	153
152	340
152	692
152	938
153	152
153	731
153	964
153	996
154	694
154	930
154	963
154	984
155	570
155	705
155	878
155	967
156	56
156	179
156	209
156	800
157	220
157	927
157	987
157	990
158	550
158	889
158	892
158	904
159	434
159	610
159	912
159	982
160	46
160	198
160	942
160	999
161	474
161	721
161	818
161	992
162	99
162	935
162	979
162	997
163	143
163	213
163	464
163	914
164	668
164	838
164	982
164	993
165	566
165	754
165	991
165	993
166	673
166	810
166	946
166	987
167	326
167	345
167	956
167	972
168	889
168	933
168	976
168	1000
169	719
169	847
169	938
169	992
170	325
170	612
170	738
170	930
171	371
171	938
171	974
171	992
172	901
172	908
172	943
172	1000
173	200
173	223
173	254
173	878
174	48
174	299
174	949
174	954
175	110
175	643
175	763
175	887
176	272
176	569
176	861
176	935
177	61
177	405
177	757
177	875
178	27
178	397
178	608
178	857
179	156
179	866
179	941
179	972
180	354
180	571
180	935
180	981
181	571
181	801
181	981
181	996
182	805
182	937
182	960
182	984
183	866
183	884
183	956
183	972
184	510
184	677
184	932
184	945
185	470
185	559
185	643
185	943
186	130
186	537
186	713
186	952
187	927
187	964
187	989
187	992
188	61
188	750
188	972
188	976
189	554
189	776
189	940
189	962
190	493
190	766
190	910
190	984
191	550
191	840
191	898
191	907
192	236
192	888
192	928
192	982
193	141
193	474
193	909
193	980
194	392
194	780
194	901
194	997
195	407
195	643
195	800
195	972
196	362
196	853
196	964
196	977
197	259
197	819
197	864
197	891
198	160
198	719
198	808
198	817
199	439
199	592
199	800
199	806
200	173
200	638
200	945
200	962
201	427
201	451
201	861
201	995
202	502
202	787
202	836
202	951
203	722
203	906
203	996
203	997
204	239
204	417
204	568
204	615
205	539
205	671
205	969
205	979
206	407
206	789
206	973
206	998
207	430
207	787
207	795
207	937
207	974
208	588
208	891
208	919
208	971
209	156
209	819
209	910
209	941
210	685
210	826
210	878
210	962
211	648
211	851
211	945
211	999
212	725
212	929
212	974
212	992
213	163
213	423
213	975
213	985
214	7
214	11
214	118
214	845
215	523
215	822
215	914
215	936
216	310
216	820
216	950
216	972
217	33
217	698
217	825
217	883
218	523
218	771
218	843
218	979
219	752
219	760
219	851
219	999
220	157
220	730
220	884
220	962
220	989
221	880
221	958
221	966
221	993
222	628
222	808
222	980
222	981
223	173
223	743
223	815
223	946
223	966
224	672
224	769
224	967
224	988
225	79
225	708
225	757
225	794
226	45
226	838
226	939
226	976
227	408
227	735
227	861
227	987
228	585
228	958
228	966
228	986
229	356
229	527
229	602
229	971
230	427
230	827
230	902
230	938
230	995
231	143
231	715
231	756
231	878
231	941
232	615
232	727
232	918
232	983
232	990
233	543
233	581
233	902
233	953
233	995
234	43
234	516
234	560
234	786
234	985
235	329
235	934
235	991
235	993
235	994
236	91
236	192
236	741
236	820
236	856
237	302
237	437
237	707
237	760
237	969
238	449
238	525
238	561
238	943
238	996
239	204
239	696
239	713
239	854
239	975
240	334
240	907
240	927
240	946
240	987
241	672
241	726
241	922
241	944
241	988
242	116
242	137
242	968
242	979
242	981
243	406
243	783
243	901
243	907
243	939
244	665
244	702
244	859
244	936
244	977
245	303
245	744
245	797
245	941
245	971
246	852
246	942
246	978
246	979
246	999
247	890
247	929
247	950
247	976
247	997
248	123
248	852
248	861
248	894
248	951
249	616
249	626
249	697
249	784
249	936
250	732
250	908
250	933
250	966
250	1000
251	143
251	902
251	961
251	982
251	999
252	445
252	469
252	852
252	866
252	996
253	663
253	854
253	945
253	956
253	996
254	173
254	524
254	797
254	832
254	878
255	76
255	87
255	779
255	947
255	954
256	497
256	830
256	934
256	957
256	994
257	338
257	388
257	503
257	868
257	989
258	731
258	828
258	872
258	874
258	967
259	197
259	280
259	323
259	794
259	953
260	775
260	865
260	880
260	958
260	966
261	5
261	286
261	756
261	904
261	933
262	29
262	144
262	320
262	832
262	889
263	438
263	496
263	758
263	841
263	990
264	523
264	860
264	875
264	964
264	992
265	349
265	680
265	868
265	879
265	959
266	727
266	856
266	874
266	975
266	989
267	31
267	470
267	542
267	565
267	863
268	573
268	827
268	913
268	916
268	995
269	59
269	275
269	626
269	776
269	917
270	368
270	858
270	923
270	959
270	979
271	773
271	874
271	928
271	975
271	989
272	176
272	913
272	953
272	990
272	995
273	80
273	721
273	818
273	882
273	928
274	557
274	783
274	863
274	974
274	992
275	269
275	277
275	399
275	741
275	976
276	573
276	750
276	874
276	975
276	989
277	275
277	315
277	820
277	956
277	982
278	682
278	885
278	930
278	960
278	984
279	92
279	770
279	916
279	953
279	959
280	259
280	412
280	471
280	703
280	864
281	739
281	871
281	916
281	965
281	995
282	96
282	752
282	840
282	845
282	942
283	585
283	754
283	790
283	993
283	994
284	706
284	910
284	949
284	951
284	968
285	659
285	758
285	812
285	958
285	959
286	261
286	396
286	628
286	867
286	932
287	541
287	934
287	991
287	993
287	994
288	495
288	619
288	757
288	820
288	996
289	533
289	673
289	677
289	721
289	932
290	126
290	755
290	834
290	876
290	977
291	337
291	470
291	948
291	984
291	987
291	998
292	114
292	970
292	973
292	997
292	998
293	519
293	798
293	975
293	991
293	993
294	736
294	835
294	912
294	928
294	982
295	10
295	752
295	765
295	839
295	944
296	578
296	791
296	835
296	882
296	969
297	393
297	654
297	975
297	989
297	990
298	896
298	939
298	951
298	976
298	998
299	174
299	324
299	644
299	691
299	802
300	527
300	553
300	751
300	831
300	995
301	436
301	531
301	608
301	822
301	950
301	975
302	237
302	355
302	443
302	611
302	891
303	245
303	888
303	912
303	928
303	982
304	40
304	78
304	313
304	458
304	862
305	479
305	591
305	686
305	828
305	979
306	459
306	497
306	786
306	860
306	947
307	711
307	761
307	877
307	913
307	965
308	601
308	851
308	929
308	991
308	994
309	695
309	774
309	901
309	958
309	997
310	216
310	766
310	972
310	984
310	996
311	883
311	924
311	970
311	973
311	998
312	681
312	894
312	977
312	986
312	996
313	80
313	304
313	605
313	876
313	954
314	557
314	716
314	788
314	911
314	983
315	277
315	518
315	877
315	891
315	966
315	998
316	351
316	740
316	846
316	849
316	933
317	47
317	820
317	972
317	985
317	986
318	721
318	814
318	818
318	954
318	999
319	341
319	507
319	516
319	548
319	560
320	262
320	383
320	757
320	773
320	932
321	65
321	881
321	882
321	980
321	988
322	52
322	87
322	811
322	967
322	971
323	30
323	259
323	444
323	809
323	996
324	299
324	672
324	895
324	905
324	954
325	170
325	470
325	492
325	735
325	739
326	98
326	113
326	167
326	667
326	839
327	383
327	648
327	878
327	948
327	978
328	18
328	370
328	676
328	765
328	922
329	51
329	235
329	818
329	947
329	974
330	135
330	713
330	817
330	979
330	980
331	639
331	696
331	910
331	920
331	948
332	333
332	444
332	610
332	675
332	942
333	332
333	851
333	937
333	942
333	983
334	240
334	801
334	947
334	979
334	981
335	693
335	818
335	850
335	862
335	947
336	924
336	949
336	970
336	973
336	998
337	291
337	482
337	676
337	692
337	967
338	257
338	690
338	846
338	904
338	923
339	395
339	638
339	813
339	832
339	962
340	152
340	654
340	975
340	977
340	989
341	319
341	689
341	968
341	978
341	999
342	855
342	926
342	991
342	993
342	994
343	595
343	630
343	903
343	977
343	980
344	870
344	909
344	957
344	980
344	993
345	167
345	809
345	861
345	956
345	1000
346	476
346	623
346	687
346	961
346	987
347	444
347	768
347	870
347	906
347	917
348	517
348	551
348	955
348	969
348	988
349	265
349	728
349	953
349	965
349	995
350	458
350	496
350	862
350	924
350	947
351	26
351	316
351	508
351	618
351	699
352	592
352	755
352	856
352	900
352	996
353	396
353	535
353	686
353	920
353	945
354	180
354	785
354	858
354	881
354	988
355	85
355	302
355	858
355	891
355	919
356	229
356	377
356	532
356	837
356	940
357	13
357	842
357	868
357	879
357	980
358	104
358	435
358	790
358	907
358	942
359	64
359	645
359	945
359	957
359	980
360	546
360	835
360	846
360	923
360	952
361	458
361	537
361	944
361	952
361	961
362	196
362	385
362	642
362	842
362	937
363	750
363	874
363	917
363	975
363	989
364	593
364	780
364	845
364	912
364	948
365	547
365	652
365	884
365	900
365	926
366	718
366	781
366	816
366	821
366	946
367	116
367	493
367	589
367	805
367	974
368	270
368	567
368	882
368	922
368	988
369	87
369	904
369	930
369	992
369	999
370	328
370	468
370	697
370	787
370	940
371	171
371	482
371	602
371	878
371	971
372	410
372	537
372	910
372	962
372	975
372	991
373	652
373	851
373	859
373	914
373	976
374	127
374	747
374	991
374	993
374	994
375	551
375	709
375	943
375	964
375	992
375	998
376	420
376	686
376	936
376	958
376	992
376	995
377	356
377	572
377	579
377	960
377	989
378	95
378	819
378	839
378	885
378	991
379	8
379	442
379	754
379	784
379	995
380	115
380	929
380	938
380	974
380	992
381	49
381	71
381	647
381	889
381	1000
382	508
382	676
382	819
382	941
382	959
383	145
383	320
383	327
383	709
383	711
383	999
384	565
384	585
384	612
384	944
384	952
384	986
385	362
385	571
385	722
385	737
385	831
385	994
386	884
386	885
386	923
386	991
386	993
386	994
387	130
387	439
387	682
387	826
387	929
387	974
388	257
388	546
388	597
388	686
388	985
388	988
389	835
389	838
389	857
389	928
389	940
389	982
390	529
390	879
390	888
390	912
390	961
390	982
391	13
391	807
391	879
391	942
391	959
391	966
392	194
392	477
392	609
392	865
392	933
392	1000
393	297
393	607
393	709
393	874
393	975
393	989
394	715
394	861
394	866
394	906
394	956
394	977
395	339
395	699
395	834
395	939
395	951
395	976
396	286
396	353
396	708
396	844
396	911
396	932
397	178
397	452
397	592
397	593
397	666
397	681
398	412
398	598
398	616
398	697
398	766
398	890
399	275
399	482
399	659
399	827
399	839
399	871
400	727
400	790
400	840
400	898
400	907
400	926
401	485
401	823
401	839
401	931
401	953
401	964
402	463
402	829
402	871
402	925
402	931
402	985
403	685
403	700
403	946
403	991
403	993
403	994
404	482
404	509
404	804
404	862
404	966
404	976
405	81
405	177
405	628
405	677
405	932
405	975
406	243
406	666
406	682
406	774
406	896
406	939
407	20
407	195
407	206
407	737
407	746
407	882
408	227
408	498
408	898
408	932
408	965
408	983
409	514
409	749
409	779
409	813
409	909
409	962
410	372
410	505
410	810
410	910
410	946
410	987
411	421
411	581
411	654
411	793
411	893
411	898
412	280
412	398
412	427
412	723
412	753
412	794
413	865
413	880
413	921
413	958
413	965
413	966
414	796
414	843
414	867
414	952
414	961
414	981
415	598
415	675
415	846
415	927
415	935
415	987
416	427
416	500
416	515
416	913
416	965
416	995
417	59
417	204
417	431
417	817
417	841
417	950
418	620
418	684
418	707
418	746
418	867
418	981
419	45
419	761
419	854
419	878
419	955
419	997
420	376
420	597
420	924
420	970
420	973
420	998
421	411
421	495
421	687
421	850
421	884
421	956
422	55
422	552
422	762
422	848
422	887
422	969
423	213
423	626
423	782
423	925
423	959
423	961
424	77
424	115
424	123
424	900
424	942
424	978
425	539
425	655
425	881
425	882
425	922
425	969
426	695
426	792
426	809
426	814
426	845
426	977
427	201
427	230
427	412
427	416
427	954
427	995
428	442
428	764
428	765
428	953
428	965
428	994
429	437
429	726
429	810
429	872
429	969
429	988
430	207
430	489
430	703
430	896
430	939
430	950
431	92
431	417
431	481
431	632
431	829
431	859
432	134
432	437
432	780
432	803
432	901
432	997
433	584
433	793
433	815
433	875
433	932
433	983
434	137
434	159
434	745
434	828
434	912
434	928
435	3
435	358
435	571
435	714
435	840
435	898
436	301
436	737
436	882
436	915
436	969
436	991
437	149
437	237
437	429
437	432
437	918
437	988
438	71
438	263
438	626
438	944
438	952
438	961
439	199
439	387
439	487
439	683
439	790
439	931
439	989
440	50
440	525
440	688
440	790
440	898
440	907
441	641
441	684
441	892
441	929
441	935
441	992
442	379
442	428
442	877
442	891
442	953
442	995
443	302
443	732
443	756
443	843
443	889
443	1000
444	323
444	332
444	347
444	755
444	820
444	996
445	252
445	835
445	857
445	872
445	912
445	982
446	115
446	800
446	852
446	861
446	949
446	996
447	789
447	817
447	842
447	968
447	981
447	983
448	837
448	855
448	934
448	991
448	993
448	994
449	238
449	551
449	625
449	683
449	744
449	899
450	548
450	605
450	835
450	888
450	928
450	982
451	201
451	770
451	822
451	854
451	883
451	930
451	998
452	397
452	855
452	894
452	931
452	956
452	996
453	21
453	694
453	784
453	843
453	877
453	925
454	566
454	651
454	757
454	876
454	944
454	968
455	721
455	786
455	954
455	961
455	979
455	986
456	703
456	718
456	822
456	893
456	927
456	987
457	6
457	46
457	900
457	941
457	949
457	971
458	304
458	350
458	361
458	778
458	895
458	930
459	306
459	818
459	895
459	915
459	954
459	983
460	106
460	672
460	836
460	881
460	884
460	922
461	742
461	837
461	879
461	903
461	906
461	980
462	575
462	715
462	902
462	963
462	965
462	971
463	402
463	808
463	815
463	834
463	966
463	984
463	989
464	163
464	886
464	956
464	966
464	972
464	996
465	694
465	721
465	805
465	843
465	867
465	900
466	518
466	709
466	746
466	853
466	860
466	964
467	472
467	788
467	830
467	832
467	911
467	932
468	370
468	633
468	836
468	950
468	976
468	997
469	252
469	708
469	930
469	937
469	960
469	984
470	185
470	267
470	291
470	325
470	506
470	943
471	280
471	556
471	695
471	916
471	964
471	995
472	467
472	732
472	792
472	900
472	908
472	1000
473	511
473	782
473	823
473	859
473	931
473	968
474	161
474	193
474	635
474	917
474	928
474	980
475	502
475	879
475	923
475	939
475	955
475	976
476	346
476	671
476	766
476	936
476	963
476	975
477	392
477	653
477	908
477	916
477	933
477	1000
478	636
478	676
478	814
478	828
478	932
478	941
479	305
479	651
479	778
479	910
479	941
479	967
480	113
480	688
480	759
480	883
480	943
480	952
481	7
481	431
481	839
481	859
481	931
481	976
482	337
482	371
482	399
482	404
482	624
482	920
483	499
483	640
483	647
483	679
483	732
483	775
484	797
484	930
484	937
484	960
484	962
484	984
485	401
485	613
485	717
485	803
485	931
485	999
486	855
486	871
486	934
486	935
486	991
486	994
487	439
487	518
487	523
487	631
487	853
487	860
487	964
488	642
488	666
488	734
488	759
488	864
488	891
488	919
489	430
489	897
489	924
489	970
489	973
489	989
489	998
490	640
490	834
490	899
490	951
490	959
490	976
490	997
491	659
491	822
491	890
491	900
491	914
491	936
491	990
492	138
492	325
492	566
492	925
492	944
492	952
492	961
493	190
493	367
493	646
493	831
493	847
493	921
493	992
494	66
494	584
494	638
494	749
494	813
494	831
494	962
495	288
495	421
495	547
495	687
495	703
495	790
495	884
496	86
496	263
496	350
496	585
496	671
496	685
496	871
497	73
497	256
497	306
497	798
497	827
497	991
497	993
498	139
498	408
498	569
498	605
498	703
498	726
498	967
499	483
499	666
499	755
499	852
499	894
499	968
499	996
500	416
500	528
500	532
500	678
500	822
500	971
500	984
501	694
501	696
501	925
501	928
501	979
501	985
501	997
502	202
502	475
502	896
502	899
502	932
502	933
502	951
503	257
503	572
503	811
503	812
503	879
503	887
503	977
504	30
504	789
504	864
504	917
504	920
504	968
504	977
505	410
505	709
505	744
505	942
505	948
505	978
505	999
506	130
506	470
506	558
506	581
506	683
506	883
506	999
507	14
507	319
507	848
507	858
507	868
507	879
507	959
508	26
508	351
508	382
508	699
508	707
508	829
508	945
509	404
509	722
509	833
509	842
509	935
509	981
509	990
510	10
510	184
510	628
510	757
510	788
510	844
510	916
511	119
511	123
511	473
511	665
511	767
511	871
511	977
512	147
512	627
512	819
512	864
512	891
512	919
512	983
513	148
513	610
513	810
513	845
513	889
513	986
513	999
514	409
514	820
514	897
514	924
514	970
514	973
514	998
515	108
515	416
515	641
515	682
515	929
515	968
515	992
516	24
516	43
516	234
516	319
516	903
516	949
516	986
517	135
517	348
517	791
517	881
517	922
517	948
517	969
518	315
518	466
518	487
518	853
518	860
518	964
518	972
519	40
519	293
519	745
519	754
519	991
519	993
519	994
520	633
520	676
520	779
520	883
520	896
520	950
520	997
521	554
521	560
521	869
521	908
521	933
521	940
521	1000
522	713
522	877
522	902
522	904
522	953
522	965
522	995
523	215
523	218
523	264
523	487
523	853
523	860
523	964
524	254
524	746
524	821
524	909
524	917
524	958
524	980
525	238
525	440
525	827
525	902
525	946
525	990
525	999
526	75
526	897
526	924
526	965
526	970
526	973
526	998
527	229
527	300
527	553
527	622
527	827
527	913
527	953
528	500
528	607
528	689
528	733
528	756
528	920
528	978
529	89
529	390
529	711
529	835
529	928
529	982
529	993
530	842
530	867
530	925
530	945
530	969
530	979
530	982
531	301
531	650
531	866
531	941
531	964
531	967
531	971
532	7
532	356
532	500
532	540
532	823
532	841
532	871
533	289
533	579
533	788
533	823
533	844
533	972
533	990
534	83
534	614
534	619
534	852
534	933
534	952
534	956
535	353
535	704
535	789
535	813
535	938
535	978
535	999
536	544
536	552
536	565
536	722
536	931
536	987
536	997
537	186
537	361
537	372
537	561
537	734
537	944
537	991
538	555
538	783
538	885
538	934
538	991
538	993
538	994
539	205
539	425
539	569
539	650
539	910
539	941
539	985
540	532
540	692
540	847
540	885
540	929
540	973
540	992
541	18
541	105
541	287
541	631
541	895
541	905
541	954
542	92
542	267
542	570
542	883
542	961
542	970
542	983
543	233
543	768
543	769
543	807
543	870
543	903
543	917
544	536
544	617
544	622
544	743
544	833
544	902
544	920
545	22
545	619
545	665
545	741
545	829
545	894
545	972
546	360
546	388
546	858
546	923
546	945
546	955
546	1000
547	115
547	365
547	495
547	687
547	884
547	892
547	984
548	319
548	450
548	560
548	714
548	751
548	837
548	963
549	919
549	923
549	928
549	930
549	937
549	960
549	984
550	158
550	191
550	792
550	872
550	889
550	966
550	1000
551	348
551	375
551	449
551	633
551	666
551	951
551	997
552	33
552	422
552	536
552	846
552	848
552	858
552	959
553	300
553	527
553	831
553	902
553	912
553	913
553	995
554	189
554	521
554	584
554	749
554	785
554	813
554	962
555	538
555	567
555	723
555	835
555	888
555	912
555	982
556	471
556	663
556	765
556	794
556	891
556	965
556	995
557	24
557	274
557	314
557	847
557	938
557	974
557	992
558	506
558	681
558	873
558	956
558	972
558	977
558	996
559	185
559	566
559	693
559	791
559	905
559	944
559	952
560	24
560	138
560	234
560	319
560	521
560	548
560	646
560	963
561	49
561	238
561	537
561	651
561	776
561	836
561	883
561	943
562	591
562	673
562	677
562	680
562	858
562	887
562	933
562	959
563	629
563	684
563	883
563	894
563	923
563	964
563	966
563	971
563	989
564	764
564	795
564	806
564	897
564	924
564	970
564	973
564	998
565	267
565	384
565	536
565	606
565	917
565	952
565	961
565	998
566	165
566	454
566	492
566	559
566	611
566	620
566	651
566	996
567	368
567	555
567	626
567	835
567	888
567	912
567	928
567	982
568	204
568	694
568	702
568	777
568	904
568	908
568	999
568	1000
569	142
569	176
569	498
569	539
569	918
569	930
569	971
569	986
570	155
570	542
570	581
570	738
570	883
570	943
570	961
570	980
571	180
571	181
571	385
571	435
571	697
571	719
571	925
571	981
572	377
572	503
572	597
572	603
572	705
572	807
572	923
572	959
573	38
573	268
573	276
573	610
573	687
573	729
573	797
573	946
574	640
574	765
574	767
574	884
574	907
574	946
574	966
574	974
575	462
575	913
575	916
575	919
575	953
575	965
575	982
575	995
576	53
576	585
576	596
576	830
576	855
576	991
576	993
576	994
577	88
577	746
577	752
577	956
577	978
577	989
577	991
577	999
578	36
578	144
578	149
578	296
578	791
578	882
578	915
578	969
579	377
579	533
579	586
579	866
579	894
579	954
579	962
579	964
580	656
580	745
580	867
580	917
580	925
580	935
580	978
580	981
581	233
581	411
581	506
581	570
581	729
581	776
581	913
581	955
582	652
582	686
582	700
582	761
582	833
582	845
582	940
582	999
583	602
583	656
583	705
583	893
583	910
583	967
583	971
583	986
584	433
584	494
584	554
584	749
584	813
584	867
584	962
584	986
585	228
585	283
585	384
585	496
585	576
585	885
585	991
585	994
586	579
586	641
586	702
586	892
586	929
586	938
586	974
586	992
587	625
587	685
587	896
587	958
587	964
587	995
587	996
587	998
588	208
588	599
588	620
588	734
588	748
588	864
588	891
588	923
589	367
589	801
589	808
589	854
589	892
589	925
589	979
589	981
590	687
590	720
590	852
590	865
590	880
590	958
590	966
591	76
591	305
591	562
591	676
591	732
591	941
591	971
591	978
592	199
592	352
592	397
592	606
592	733
592	786
592	852
592	898
593	364
593	397
593	617
593	646
593	704
593	851
593	942
593	991
594	35
594	607
594	727
594	750
594	894
594	975
594	988
594	989
595	105
595	343
595	772
595	786
595	850
595	895
595	947
595	954
596	25
596	576
596	613
596	884
596	962
596	964
596	966
596	998
596	999
597	388
597	420
597	572
597	669
597	679
597	846
597	857
597	858
598	398
598	415
598	722
598	784
598	893
598	927
598	946
598	987
599	64
599	147
599	588
599	627
599	770
599	894
599	914
599	919
600	635
600	724
600	768
600	903
600	957
600	974
600	980
600	1000
601	308
601	731
601	855
601	885
601	934
601	979
601	993
601	994
602	229
602	371
602	583
602	621
602	754
602	906
602	936
602	971
603	572
603	634
603	731
603	841
603	953
603	962
603	981
603	987
604	609
604	621
604	636
604	731
604	797
604	828
604	967
604	984
605	313
605	450
605	498
605	739
605	949
605	952
605	961
605	963
606	565
606	592
606	614
606	629
606	866
606	955
606	972
606	996
607	393
607	528
607	594
607	727
607	874
607	965
607	975
607	989
608	27
608	178
608	301
608	831
608	850
608	857
608	923
608	959
609	392
609	604
609	674
609	747
609	799
609	821
609	972
609	1000
610	159
610	332
610	513
610	573
610	789
610	896
610	942
610	948
611	302
611	566
611	690
611	706
611	770
611	779
611	891
611	919
612	170
612	384
612	717
612	745
612	881
612	883
612	952
612	990
613	20
613	114
613	485
613	596
613	665
613	667
613	841
613	949
614	534
614	606
614	719
614	741
614	866
614	896
614	950
614	972
615	114
615	204
615	232
615	765
615	823
615	828
615	839
615	940
616	249
616	398
616	662
616	767
616	914
616	920
616	936
616	942
617	544
617	593
617	816
617	833
617	845
617	902
617	948
617	978
618	26
618	351
618	699
618	707
618	711
618	712
618	824
618	943
619	288
619	534
619	545
619	861
619	886
619	894
619	954
619	973
620	418
620	566
620	588
620	766
620	789
620	910
620	957
620	964
621	602
621	604
621	777
621	819
621	826
621	910
621	967
621	971
622	527
622	544
622	689
622	704
622	845
622	847
622	920
622	978
622	999
623	346
623	737
623	785
623	824
623	915
623	922
623	946
623	969
623	988
624	482
624	802
624	807
624	837
624	848
624	855
624	887
624	923
624	959
625	4
625	449
625	587
625	738
625	739
625	740
625	874
625	949
625	961
626	249
626	269
626	423
626	438
626	567
626	876
626	943
626	944
626	971
627	512
627	599
627	670
627	734
627	759
627	832
627	864
627	919
627	954
628	9
628	222
628	286
628	405
628	510
628	773
628	849
628	938
628	987
629	563
629	606
629	763
629	921
629	926
629	930
629	937
629	960
629	984
630	343
630	660
630	718
630	816
630	873
630	893
630	927
630	949
630	987
631	125
631	487
631	541
631	691
631	815
631	818
631	825
631	905
631	986
632	103
632	431
632	665
632	829
632	839
632	868
632	871
632	873
632	939
633	468
633	520
633	551
633	719
633	865
633	950
633	951
633	976
633	997
634	603
634	655
634	739
634	804
634	847
634	929
634	938
634	974
634	992
635	474
635	600
635	720
635	772
635	825
635	916
635	946
635	957
635	980
636	69
636	478
636	604
636	837
636	878
636	910
636	941
636	958
636	967
637	65
637	109
637	882
637	945
637	962
637	969
637	979
637	981
637	988
638	128
638	200
638	339
638	494
638	749
638	813
638	954
638	962
638	973
639	4
639	331
639	656
639	851
639	861
639	868
639	948
639	978
639	999
640	483
640	490
640	574
640	649
640	775
640	799
640	852
640	908
640	1000
641	441
641	515
641	586
641	826
641	845
641	935
641	938
641	961
641	974
642	362
642	488
642	719
642	736
642	835
642	843
642	935
642	979
642	981
643	151
643	175
643	185
643	195
643	852
643	856
643	866
643	886
643	996
644	299
644	708
644	730
644	780
644	796
644	805
644	964
644	966
644	978
645	63
645	359
645	742
645	834
645	870
645	872
645	890
645	957
645	980
646	4
646	148
646	493
646	560
646	593
646	789
646	920
646	948
646	978
647	381
647	483
647	711
647	747
647	775
647	924
647	933
647	944
647	1000
648	211
648	327
648	711
648	713
648	895
648	944
648	971
648	982
648	989
648	998
649	640
649	732
649	747
649	904
649	932
649	933
649	943
649	950
649	1000
650	54
650	531
650	539
650	764
650	812
650	846
650	848
650	910
650	967
651	60
651	454
651	479
651	561
651	566
651	698
651	744
651	944
651	960
652	117
652	135
652	365
652	373
652	582
652	728
652	740
652	744
652	1000
653	477
653	716
653	921
653	926
653	930
653	937
653	960
653	984
653	985
654	2
654	297
654	340
654	411
654	727
654	750
654	904
654	975
654	989
655	57
655	425
655	634
655	892
655	955
655	974
655	979
655	982
655	992
656	34
656	135
656	580
656	583
656	639
656	808
656	925
656	935
656	979
657	716
657	885
657	921
657	926
657	930
657	937
657	958
657	960
657	984
658	723
658	787
658	807
658	877
658	916
658	945
658	956
658	965
658	990
659	285
659	399
659	491
659	751
659	803
659	899
659	939
659	951
659	997
660	54
660	630
660	921
660	926
660	930
660	937
660	960
660	984
660	989
661	44
661	784
661	791
661	841
661	876
661	915
661	964
661	969
661	988
662	17
662	616
662	822
662	840
662	890
662	914
662	936
662	940
662	997
663	253
663	556
663	806
663	897
663	924
663	966
663	970
663	973
663	998
664	104
664	790
664	840
664	898
664	907
664	943
664	977
664	985
664	998
665	244
665	511
665	545
665	613
665	632
665	701
665	720
665	826
665	931
666	47
666	397
666	406
666	488
666	499
666	551
666	809
666	972
666	996
667	100
667	326
667	613
667	701
667	829
667	931
667	942
667	948
667	976
668	164
668	800
668	838
668	888
668	912
668	916
668	928
668	941
668	945
668	982
669	597
669	692
669	804
669	805
669	826
669	892
669	929
669	992
669	993
669	994
670	627
670	771
670	806
670	893
670	897
670	924
670	951
670	970
670	973
670	998
671	205
671	476
671	496
671	749
671	772
671	827
671	884
671	911
671	974
671	978
672	20
672	81
672	224
672	241
672	324
672	460
672	724
672	881
672	969
672	988
673	166
673	289
673	562
673	764
673	802
673	857
673	862
673	887
673	923
673	959
674	5
674	50
674	97
674	111
674	609
674	772
674	777
674	900
674	933
674	1000
675	332
675	415
675	685
675	691
675	749
675	861
675	932
675	964
675	975
675	994
675	997
676	328
676	337
676	382
676	478
676	520
676	591
676	771
676	819
676	967
676	971
677	184
677	289
677	405
677	562
677	708
677	751
677	793
677	874
677	875
677	946
678	500
678	721
678	786
678	850
678	895
678	918
678	936
678	947
678	964
678	1000
679	27
679	110
679	483
679	597
679	784
679	802
679	858
679	867
679	959
679	996
680	62
680	265
680	562
680	693
680	733
680	758
680	782
680	887
680	900
680	923
681	312
681	397
681	558
681	856
681	886
681	956
681	978
681	987
681	995
681	996
682	278
682	387
682	406
682	515
682	826
682	888
682	929
682	938
682	974
682	992
683	34
683	439
683	449
683	506
683	796
683	847
683	863
683	943
683	952
683	961
684	128
684	137
684	418
684	441
684	563
684	758
684	768
684	925
684	935
684	979
685	210
685	403
685	496
685	587
685	675
685	829
685	841
685	859
685	931
685	933
686	3
686	305
686	353
686	376
686	388
686	582
686	795
686	851
686	945
686	948
687	346
687	421
687	495
687	547
687	573
687	590
687	715
687	869
687	884
687	972
688	440
688	480
688	819
688	854
688	901
688	936
688	962
688	984
688	995
688	999
689	341
689	528
689	622
689	901
689	916
689	940
689	942
689	948
689	959
689	999
690	64
690	338
690	611
690	734
690	753
690	770
690	859
690	872
690	919
690	990
691	51
691	150
691	299
691	631
691	675
691	754
691	814
691	815
691	950
691	954
692	152
692	337
692	540
692	669
692	779
692	805
692	938
692	974
692	992
692	996
693	335
693	559
693	680
693	729
693	776
693	833
693	943
693	944
693	952
693	961
694	154
694	453
694	465
694	501
694	568
694	806
694	817
694	854
694	979
694	981
695	15
695	309
695	426
695	471
695	774
695	782
695	803
695	901
695	981
695	997
696	239
696	331
696	501
696	714
696	719
696	739
696	842
696	918
696	925
696	935
697	249
697	370
697	398
697	571
697	731
697	890
697	914
697	936
697	963
697	990
698	217
698	651
698	701
698	744
698	747
698	765
698	876
698	943
698	944
698	985
699	117
699	351
699	395
699	508
699	618
699	703
699	707
699	832
699	906
699	952
700	403
700	582
700	798
700	800
700	830
700	855
700	934
700	993
700	994
700	996
701	665
701	667
701	698
701	762
701	823
701	839
701	859
701	895
701	931
701	945
702	244
702	568
702	586
702	884
702	909
702	928
702	942
702	950
702	963
702	987
703	9
703	280
703	430
703	456
703	495
703	498
703	699
703	975
703	978
703	987
704	25
704	535
704	593
704	622
704	837
704	948
704	955
704	978
704	997
704	999
705	143
705	155
705	572
705	583
705	795
705	814
705	910
705	941
705	983
705	986
706	284
706	611
706	792
706	869
706	889
706	904
706	908
706	933
706	957
706	1000
707	117
707	237
707	418
707	508
707	618
707	699
707	764
707	795
707	873
707	973
708	225
708	396
708	469
708	644
708	677
708	849
708	872
708	897
708	911
708	996
709	67
709	375
709	383
709	393
709	466
709	505
709	942
709	948
709	978
709	999
710	804
710	858
710	862
710	883
710	904
710	958
710	960
710	967
710	989
710	998
711	307
711	383
711	529
711	618
711	647
711	648
711	844
711	954
711	961
711	984
711	997
712	25
712	618
712	807
712	845
712	897
712	898
712	905
712	953
712	957
712	973
712	993
713	12
713	186
713	239
713	330
713	522
713	648
713	808
713	832
713	925
713	935
713	979
714	77
714	97
714	435
714	548
714	696
714	790
714	840
714	890
714	898
714	907
714	985
715	41
715	231
715	394
715	462
715	687
715	735
715	767
715	849
715	862
715	958
715	999
716	113
716	314
716	653
716	657
716	921
716	926
716	930
716	937
716	960
716	984
716	990
717	82
717	132
717	485
717	612
717	879
717	916
717	917
717	925
717	956
717	962
717	988
718	366
718	456
718	630
718	781
718	816
718	911
718	927
718	930
718	946
718	970
718	987
719	12
719	169
719	198
719	571
719	614
719	633
719	642
719	696
719	796
719	867
719	981
720	590
720	635
720	665
720	865
720	880
720	950
720	958
720	966
721	161
721	273
721	289
721	318
721	455
721	465
721	678
721	818
721	850
721	899
721	905
722	203
722	385
722	509
722	536
722	598
722	796
722	899
722	924
722	925
722	935
722	981
723	412
723	555
723	658
723	758
723	794
723	862
723	902
723	916
723	953
723	965
723	968
724	600
724	672
724	736
724	763
724	820
724	825
724	870
724	903
724	917
724	957
724	970
725	212
725	748
725	888
725	890
725	893
725	902
725	934
725	937
725	983
725	998
725	1000
726	241
726	429
726	498
726	762
726	785
726	791
726	832
726	849
726	915
726	922
726	988
727	232
727	266
727	400
727	594
727	607
727	654
727	734
727	750
727	874
727	975
727	989
728	98
728	124
728	349
728	652
728	746
728	827
728	877
728	887
728	953
728	955
728	995
729	43
729	573
729	581
729	693
729	776
729	779
729	808
729	883
729	952
729	961
729	990
730	56
730	220
730	644
730	819
730	847
730	878
730	966
730	967
730	983
730	986
730	993
731	153
731	258
731	601
731	603
731	604
731	697
731	910
731	918
731	941
731	955
731	967
732	134
732	250
732	443
732	472
732	483
732	591
732	649
732	892
732	933
732	953
732	1000
733	528
733	592
733	680
733	792
733	849
733	884
733	919
733	921
733	951
733	965
733	989
734	147
734	151
734	488
734	537
734	588
734	627
734	690
734	727
734	864
734	883
734	919
735	122
735	227
735	325
735	715
735	893
735	898
735	927
735	946
735	987
735	988
735	1000
736	294
736	642
736	724
736	802
736	825
736	870
736	873
736	903
736	909
736	957
736	980
737	60
737	385
737	407
737	436
737	623
737	806
737	882
737	915
737	969
737	988
737	990
738	33
738	170
738	570
738	625
738	798
738	862
738	876
738	944
738	949
738	952
738	962
739	281
739	325
739	605
739	625
739	634
739	696
739	837
739	883
739	943
739	944
739	995
740	9
740	316
740	625
740	652
740	757
740	773
740	788
740	911
740	932
740	955
740	990
741	103
741	110
741	236
741	275
741	545
741	614
741	820
741	852
741	856
741	980
741	996
742	461
742	645
742	825
742	870
742	903
742	909
742	921
742	927
742	932
742	957
742	980
743	223
743	544
743	823
743	829
743	841
743	871
743	873
743	880
743	914
743	931
743	990
744	245
744	449
744	505
744	651
744	652
744	698
744	876
744	943
744	944
744	961
744	967
745	434
745	519
745	580
745	612
745	810
745	816
745	848
745	869
745	958
745	960
745	995
745	998
746	96
746	407
746	418
746	466
746	524
746	577
746	728
746	784
746	896
746	911
746	962
746	997
747	374
747	609
747	647
747	649
747	698
747	775
747	799
747	800
747	832
747	869
747	908
747	1000
748	84
748	588
748	725
748	884
748	907
748	928
748	935
748	952
748	969
748	992
748	996
748	999
749	23
749	141
749	409
749	494
749	554
749	584
749	638
749	671
749	675
749	813
749	924
749	962
750	188
750	276
750	363
750	594
750	654
750	727
750	874
750	899
750	939
750	972
750	975
750	989
751	300
751	548
751	659
751	677
751	757
751	788
751	844
751	849
751	875
751	911
751	929
751	932
752	125
752	219
752	282
752	295
752	577
752	789
752	834
752	942
752	967
752	977
752	978
752	993
753	42
753	412
753	690
753	810
753	866
753	895
753	898
753	936
753	944
753	971
753	976
753	988
754	165
754	283
754	379
754	519
754	602
754	691
754	798
754	830
754	885
754	991
754	993
754	994
755	47
755	61
755	290
755	352
755	444
755	499
755	800
755	820
755	822
755	972
755	985
755	996
756	231
756	261
756	443
756	528
756	792
756	869
756	873
756	889
756	949
756	960
756	983
756	1000
757	134
757	177
757	225
757	288
757	320
757	454
757	510
757	740
757	751
757	773
757	793
757	849
758	74
758	263
758	285
758	680
758	684
758	723
758	807
758	846
758	848
758	857
758	868
758	879
759	90
759	151
759	480
759	488
759	627
759	770
759	805
759	864
759	891
759	913
759	919
759	961
760	60
760	136
760	219
760	237
760	791
760	800
760	863
760	886
760	915
760	969
760	983
760	988
761	307
761	419
761	582
761	788
761	801
761	812
761	886
761	898
761	909
761	931
761	982
761	989
762	422
762	701
762	726
762	769
762	913
762	915
762	941
762	966
762	972
762	975
762	992
762	993
763	175
763	629
763	724
763	892
763	916
763	925
763	932
763	939
763	946
763	966
763	969
763	987
764	121
764	428
764	564
764	650
764	673
764	707
764	776
764	907
764	911
764	969
764	973
764	984
765	295
765	328
765	428
765	556
765	574
765	615
765	698
765	827
765	903
765	906
765	990
765	995
766	190
766	310
766	398
766	476
766	620
766	767
766	822
766	890
766	914
766	936
766	972
766	989
767	141
767	511
767	574
767	616
767	715
767	766
767	890
767	914
767	936
767	982
767	985
767	999
768	347
768	543
768	600
768	684
768	769
768	821
768	857
768	877
768	903
768	917
768	957
768	980
769	89
769	224
769	543
769	762
769	768
769	772
769	825
769	851
769	870
769	903
769	941
769	957
770	58
770	151
770	279
770	451
770	599
770	611
770	690
770	759
770	864
770	891
770	919
770	924
771	218
771	670
771	676
771	806
771	897
771	924
771	970
771	973
771	978
771	998
772	595
772	635
772	671
772	674
772	769
772	779
772	818
772	821
772	825
772	903
772	917
772	957
773	144
773	271
773	320
773	628
773	740
773	757
773	793
773	875
773	892
773	896
773	911
773	932
773	964
774	309
774	406
774	695
774	780
774	829
774	939
774	950
774	951
774	956
774	971
774	976
774	983
774	997
775	260
775	483
775	640
775	647
775	747
775	792
775	889
775	892
775	904
775	905
775	908
775	933
775	1000
776	189
776	269
776	561
776	581
776	693
776	729
776	764
776	876
776	934
776	940
776	943
776	961
776	978
777	568
777	621
777	674
777	799
777	869
777	889
777	904
777	909
777	922
777	933
777	948
777	949
777	1000
778	39
778	458
778	479
778	814
778	815
778	851
778	862
778	905
778	947
778	954
778	968
778	981
778	983
779	255
779	409
779	520
779	611
779	692
779	729
779	772
779	831
779	911
779	968
779	974
779	989
779	998
780	39
780	194
780	364
780	432
780	644
780	774
780	783
780	803
780	899
780	908
780	951
780	976
780	997
781	23
781	366
781	718
781	810
781	816
781	893
781	900
781	918
781	927
781	946
781	955
781	987
781	992
782	63
782	423
782	473
782	680
782	695
782	811
782	823
782	825
782	854
782	934
782	941
782	947
782	989
783	243
783	274
783	538
783	780
783	803
783	824
783	834
783	896
783	901
783	963
783	968
783	977
783	997
784	11
784	249
784	379
784	453
784	598
784	661
784	679
784	746
784	938
784	974
784	980
784	981
784	1000
785	27
785	33
785	41
785	354
785	554
785	623
785	726
785	906
785	915
785	922
785	969
785	988
785	995
786	119
786	234
786	306
786	455
786	592
786	595
786	678
786	850
786	905
786	914
786	947
786	954
786	975
787	93
787	202
787	207
787	370
787	658
787	794
787	812
787	877
787	916
787	953
787	965
787	966
787	995
788	314
788	467
788	510
788	533
788	740
788	751
788	761
788	844
788	905
788	907
788	911
788	932
788	982
789	206
789	447
789	504
789	535
789	610
789	620
789	646
789	752
789	833
789	857
789	900
789	948
789	957
790	101
790	283
790	358
790	400
790	439
790	440
790	495
790	664
790	714
790	823
790	898
790	907
790	985
791	296
791	517
791	559
791	578
791	661
791	726
791	760
791	854
791	882
791	922
791	949
791	969
791	990
792	83
792	104
792	426
792	472
792	550
792	706
792	733
792	756
792	775
792	889
792	904
792	908
792	982
793	411
793	433
793	677
793	757
793	773
793	844
793	849
793	875
793	911
793	922
793	928
793	932
793	986
794	225
794	259
794	412
794	556
794	723
794	787
794	902
794	913
794	953
794	973
794	977
794	984
794	995
795	207
795	564
795	686
795	705
795	707
795	859
795	875
795	899
795	901
795	952
795	962
795	988
795	996
796	414
796	644
796	683
796	719
796	722
796	808
796	817
796	867
796	935
796	940
796	951
796	979
796	989
797	245
797	254
797	484
797	573
797	604
797	811
797	819
797	841
797	877
797	905
797	910
797	940
797	971
798	72
798	293
798	497
798	700
798	738
798	754
798	799
798	879
798	885
798	934
798	991
798	993
798	994
799	609
799	640
799	747
799	777
799	798
799	859
799	889
799	904
799	908
799	925
799	933
799	988
799	1000
800	156
800	195
800	199
800	446
800	668
800	700
800	747
800	755
800	760
800	866
800	956
800	972
800	996
801	137
801	181
801	334
801	589
801	761
801	885
801	935
801	955
801	956
801	960
801	979
801	981
801	983
802	299
802	624
802	673
802	679
802	736
802	807
802	846
802	848
802	879
802	887
802	888
802	951
802	959
803	432
803	485
803	659
803	695
803	780
803	783
803	824
803	831
803	893
803	951
803	968
803	976
803	982
804	77
804	404
804	634
804	669
804	710
804	826
804	892
804	922
804	929
804	938
804	974
804	981
804	987
804	992
805	182
805	367
805	465
805	644
805	669
805	692
805	759
805	847
805	892
805	929
805	938
805	945
805	974
805	992
806	199
806	564
806	663
806	670
806	694
806	737
806	771
806	876
806	897
806	924
806	970
806	973
806	998
807	391
807	543
807	572
807	624
807	658
807	712
807	758
807	802
807	812
807	846
807	868
807	907
807	915
807	923
808	2
808	198
808	222
808	463
808	589
808	656
808	713
808	729
808	796
808	867
808	882
808	915
808	981
808	994
809	323
809	345
809	426
809	666
809	817
809	820
809	839
809	856
809	886
809	890
809	894
809	956
809	979
809	996
810	10
810	120
810	166
810	410
810	429
810	513
810	745
810	753
810	781
810	893
810	927
810	934
810	946
810	987
811	140
811	322
811	503
811	782
811	797
811	828
811	878
811	900
811	971
811	976
811	983
811	984
811	989
811	994
812	285
812	503
812	650
812	761
812	787
812	807
812	857
812	868
812	879
812	887
812	923
812	934
812	959
812	975
813	23
813	29
813	45
813	339
813	409
813	494
813	535
813	554
813	584
813	638
813	749
813	863
813	881
813	962
814	99
814	119
814	318
814	426
814	478
814	691
814	705
814	778
814	815
814	862
814	869
814	895
814	905
814	960
815	223
815	433
815	463
815	631
815	691
815	778
815	814
815	850
815	862
815	882
815	905
815	947
815	954
815	997
816	43
816	122
816	366
816	617
816	630
816	718
816	745
816	781
816	927
816	946
816	970
816	976
816	983
816	987
817	198
817	330
817	417
817	447
817	694
817	796
817	809
817	854
817	900
817	902
817	925
817	935
817	976
817	979
818	48
818	161
818	273
818	318
818	329
818	335
818	459
818	631
818	721
818	772
818	820
818	947
818	954
818	994
818	995
819	76
819	87
819	197
819	209
819	378
819	382
819	512
819	621
819	676
819	688
819	730
819	797
819	967
819	971
819	1000
820	216
820	236
820	277
820	288
820	317
820	444
820	514
820	724
820	741
820	755
820	809
820	818
820	886
820	963
820	996
821	36
821	366
821	524
821	609
821	768
821	772
821	847
821	903
821	909
821	917
821	936
821	943
821	957
821	980
821	990
822	215
822	301
822	451
822	456
822	491
822	500
822	662
822	755
822	766
822	830
822	863
822	890
822	914
822	936
822	987
823	118
823	401
823	473
823	532
823	533
823	615
823	701
823	743
823	782
823	790
823	841
823	871
823	899
823	909
823	931
824	68
824	618
824	623
824	783
824	803
824	834
824	836
824	846
824	899
824	950
824	951
824	975
824	976
824	994
824	997
825	38
825	217
825	631
825	635
825	724
825	736
825	742
825	769
825	772
825	782
825	830
825	870
825	903
825	917
825	957
826	210
826	387
826	621
826	641
826	665
826	669
826	682
826	804
826	892
826	938
826	968
826	974
826	978
826	985
826	992
827	146
827	230
827	268
827	399
827	497
827	525
827	527
827	671
827	728
827	765
827	877
827	913
827	916
827	960
827	995
828	139
828	140
828	258
828	305
828	434
828	478
828	604
828	615
828	811
828	886
828	906
828	910
828	967
828	968
828	993
829	402
829	431
829	508
829	545
829	632
829	667
829	685
829	743
829	774
829	841
829	859
829	871
829	931
829	961
829	981
830	73
830	256
830	467
830	576
830	700
830	754
830	822
830	825
830	855
830	893
830	934
830	961
830	991
830	993
830	994
831	300
831	385
831	493
831	494
831	553
831	608
831	779
831	803
831	910
831	927
831	946
831	957
831	975
831	991
831	1000
832	254
832	262
832	339
832	467
832	627
832	699
832	713
832	726
832	747
832	868
832	941
832	947
832	962
832	985
832	994
833	31
833	46
833	108
833	509
833	544
833	582
833	617
833	693
833	789
833	884
833	942
833	948
833	963
833	978
833	999
834	15
834	290
834	395
834	463
834	490
834	645
834	752
834	783
834	824
834	901
834	922
834	950
834	951
834	976
834	990
834	997
835	294
835	296
835	360
835	389
835	445
835	450
835	529
835	555
835	567
835	642
835	838
835	888
835	918
835	940
835	952
835	982
836	16
836	73
836	202
836	460
836	468
836	561
836	824
836	896
836	899
836	901
836	937
836	950
836	951
836	976
836	997
836	999
837	71
837	117
837	356
837	448
837	461
837	548
837	624
837	636
837	704
837	739
837	904
837	918
837	947
837	977
837	979
837	982
838	146
838	164
838	226
838	389
838	668
838	835
838	863
838	895
838	901
838	912
838	928
838	947
838	949
838	982
838	986
838	996
839	68
839	114
839	295
839	326
839	378
839	399
839	401
839	481
839	615
839	632
839	701
839	809
839	841
839	859
839	871
839	977
840	3
840	97
840	101
840	191
840	282
840	400
840	435
840	662
840	664
840	714
840	851
840	867
840	898
840	907
840	961
840	986
841	14
841	136
841	263
841	417
841	532
841	603
841	613
841	661
841	685
841	743
841	797
841	823
841	829
841	839
841	859
841	931
842	25
842	85
842	357
842	362
842	447
842	509
842	530
842	696
842	915
842	935
842	949
842	963
842	972
842	979
842	981
842	990
843	2
843	47
843	116
843	128
843	218
843	414
843	443
843	453
843	465
843	642
843	898
843	951
843	977
843	979
843	981
843	983
844	22
844	42
844	122
844	396
844	510
844	533
844	711
844	751
844	788
844	793
844	849
844	875
844	911
844	932
844	963
844	976
844	990
845	214
845	282
845	364
845	426
845	513
845	582
845	617
845	622
845	641
845	712
845	851
845	890
845	920
845	942
845	973
845	978
845	999
846	13
846	316
846	338
846	360
846	415
846	552
846	597
846	650
846	758
846	802
846	807
846	824
846	857
846	887
846	923
846	959
846	992
847	169
847	493
847	540
847	557
847	622
847	634
847	683
847	730
847	805
847	821
847	892
847	929
847	938
847	955
847	974
847	992
847	1000
848	84
848	112
848	422
848	507
848	552
848	624
848	650
848	745
848	758
848	802
848	857
848	868
848	879
848	918
848	923
848	985
848	998
849	316
849	628
849	708
849	715
849	726
849	733
849	751
849	757
849	793
849	844
849	875
849	911
849	945
849	950
849	963
849	990
849	996
850	12
850	39
850	105
850	335
850	421
850	595
850	608
850	678
850	721
850	786
850	815
850	862
850	895
850	947
850	954
850	963
850	992
851	148
851	211
851	219
851	308
851	333
851	373
851	593
851	639
851	686
851	769
851	778
851	840
851	845
851	920
851	953
851	978
851	999
852	131
852	246
852	248
852	252
852	446
852	499
852	534
852	590
852	592
852	640
852	643
852	741
852	856
852	873
852	894
852	939
852	956
853	17
853	82
853	131
853	196
853	466
853	487
853	518
853	523
853	860
853	886
853	918
853	949
853	960
853	964
853	977
853	983
853	986
854	62
854	239
854	253
854	419
854	451
854	589
854	688
854	694
854	782
854	791
854	817
854	896
854	925
854	928
854	931
854	981
854	985
855	52
855	342
855	448
855	452
855	486
855	576
855	601
855	624
855	700
855	830
855	885
855	934
855	965
855	971
855	991
855	993
855	994
856	127
856	133
856	236
856	266
856	352
856	643
856	681
856	741
856	809
856	852
856	861
856	945
856	968
856	972
856	974
856	992
856	996
857	138
857	178
857	389
857	445
857	597
857	608
857	673
857	758
857	768
857	789
857	812
857	846
857	848
857	858
857	868
857	887
857	959
858	270
858	354
858	355
858	507
858	546
858	552
858	562
858	597
858	679
858	710
858	857
858	870
858	887
858	923
858	936
858	959
858	974
859	244
859	373
859	431
859	473
859	481
859	685
859	690
859	701
859	795
859	799
859	829
859	839
859	841
859	871
859	882
859	931
859	985
860	82
860	121
860	125
860	264
860	306
860	466
860	487
860	518
860	523
860	853
860	862
860	916
860	949
860	964
860	977
860	983
860	985
861	56
861	176
861	201
861	227
861	248
861	345
861	394
861	446
861	619
861	639
861	675
861	856
861	866
861	955
861	956
861	979
861	996
861	1000
862	304
862	335
862	350
862	404
862	673
862	710
862	715
862	723
862	738
862	778
862	814
862	815
862	850
862	860
862	905
862	947
862	954
862	994
863	267
863	274
863	683
863	760
863	813
863	822
863	838
863	872
863	890
863	903
863	911
863	937
863	939
863	944
863	960
863	970
863	994
863	997
864	90
864	197
864	280
864	488
864	504
864	512
864	588
864	627
864	734
864	759
864	770
864	880
864	889
864	891
864	900
864	919
864	990
864	992
865	59
865	260
865	392
865	413
865	590
865	633
865	720
865	880
865	908
865	937
865	958
865	965
865	966
865	995
866	131
866	179
866	183
866	252
866	394
866	531
866	579
866	606
866	614
866	643
866	753
866	800
866	861
866	900
866	917
866	972
866	996
866	998
867	286
867	414
867	418
867	465
867	530
867	580
867	584
867	679
867	719
867	796
867	808
867	840
867	896
867	925
867	935
867	949
867	968
867	981
868	257
868	265
868	357
868	507
868	632
868	639
868	758
868	807
868	812
868	832
868	848
868	857
868	879
868	923
868	935
868	941
868	947
868	959
869	49
869	111
869	521
869	687
869	706
869	745
869	747
869	756
869	777
869	814
869	904
869	908
869	933
869	952
869	970
869	993
869	997
869	1000
870	344
870	347
870	543
870	645
870	724
870	736
870	742
870	769
870	825
870	858
870	903
870	909
870	920
870	922
870	928
870	957
870	959
870	977
870	980
871	100
871	103
871	281
871	399
871	402
871	486
871	496
871	511
871	532
871	632
871	743
871	823
871	829
871	839
871	859
871	898
871	929
871	931
871	977
872	31
872	42
872	67
872	258
872	429
872	445
872	550
872	645
872	690
872	708
872	863
872	878
872	890
872	936
872	939
872	953
872	976
872	984
872	991
873	558
873	630
873	632
873	707
873	736
873	743
873	756
873	852
873	878
873	888
873	895
873	958
873	965
873	966
873	967
873	984
873	987
873	995
873	998
874	258
874	266
874	271
874	276
874	363
874	393
874	607
874	625
874	677
874	727
874	750
874	910
874	963
874	968
874	971
874	975
874	984
874	986
874	989
875	79
875	84
875	177
875	264
875	433
875	677
875	751
875	773
875	793
875	795
875	844
875	849
875	911
875	914
875	932
875	945
875	946
875	961
875	977
876	130
876	290
876	313
876	454
876	626
876	661
876	698
876	738
876	744
876	776
876	806
876	931
876	943
876	944
876	952
876	953
876	954
876	961
876	968
877	67
877	307
877	315
877	442
877	453
877	522
877	658
877	728
877	768
877	787
877	797
877	827
877	902
877	916
877	953
877	964
877	965
877	968
877	984
878	139
878	155
878	173
878	210
878	231
878	254
878	327
878	371
878	419
878	636
878	730
878	811
878	872
878	873
878	879
878	941
878	967
878	981
878	987
879	265
879	357
879	390
879	391
879	461
879	475
879	503
879	507
879	717
879	758
879	798
879	802
879	812
879	848
879	868
879	878
879	887
879	959
879	985
880	32
880	37
880	70
880	221
880	260
880	413
880	590
880	720
880	743
880	864
880	865
880	884
880	888
880	906
880	958
880	963
880	966
881	44
881	321
881	354
881	425
881	460
881	517
881	612
881	672
881	813
881	882
881	906
881	911
881	914
881	915
881	920
881	922
881	969
881	980
881	988
882	273
882	296
882	321
882	368
882	407
882	425
882	436
882	578
882	637
882	737
882	791
882	808
882	815
882	859
882	881
882	939
882	969
882	978
882	988
883	91
883	217
883	311
883	451
883	480
883	506
883	520
883	542
883	561
883	563
883	570
883	612
883	710
883	729
883	734
883	739
883	944
883	961
883	965
884	183
884	220
884	365
884	386
884	421
884	460
884	495
884	547
884	574
884	596
884	671
884	687
884	702
884	733
884	748
884	833
884	880
884	900
884	995
885	278
885	378
885	386
885	538
885	540
885	585
885	601
885	657
885	754
885	798
885	801
885	855
885	897
885	901
885	934
885	990
885	991
885	993
885	994
886	61
886	83
886	112
886	464
886	619
886	643
886	681
886	760
886	761
886	809
886	820
886	828
886	853
886	918
886	936
886	945
886	956
886	967
886	972
886	996
887	1
887	86
887	142
887	175
887	422
887	503
887	562
887	624
887	673
887	680
887	728
887	802
887	812
887	846
887	857
887	858
887	879
887	919
887	923
887	986
888	1
888	192
888	303
888	390
888	450
888	555
888	567
888	668
888	682
888	725
888	802
888	835
888	873
888	880
888	895
888	912
888	923
888	926
888	928
888	982
889	158
889	168
889	262
889	381
889	443
889	513
889	550
889	706
889	756
889	775
889	777
889	792
889	799
889	864
889	904
889	908
889	942
889	948
889	999
889	1000
890	109
890	129
890	247
890	398
890	491
890	645
890	662
890	697
890	714
890	725
890	766
890	767
890	809
890	822
890	845
890	863
890	872
890	914
890	936
890	985
891	64
891	129
891	197
891	208
891	302
891	315
891	355
891	442
891	488
891	512
891	556
891	588
891	611
891	759
891	770
891	864
891	919
891	951
891	987
891	990
892	34
892	158
892	441
892	547
892	586
892	589
892	655
892	669
892	732
892	763
892	773
892	775
892	804
892	805
892	826
892	847
892	968
892	974
892	985
892	992
893	120
893	411
893	456
893	583
893	598
893	630
893	670
893	725
893	735
893	781
893	803
893	810
893	830
893	926
893	927
893	934
893	946
893	955
893	983
893	987
894	131
894	248
894	312
894	452
894	499
894	545
894	563
894	579
894	594
894	599
894	619
894	809
894	852
894	906
894	956
894	972
894	974
894	985
894	996
894	998
895	51
895	106
895	324
895	458
895	459
895	541
895	595
895	648
895	678
895	701
895	753
895	814
895	838
895	850
895	873
895	888
895	905
895	947
895	954
895	958
896	19
896	298
896	406
896	430
896	502
896	520
896	587
896	610
896	614
896	746
896	773
896	783
896	836
896	854
896	867
896	899
896	939
896	950
896	976
896	997
897	489
897	514
897	526
897	564
897	663
897	670
897	708
897	712
897	771
897	806
897	885
897	918
897	924
897	969
897	970
897	973
897	990
897	998
898	191
898	400
898	408
898	411
898	435
898	440
898	592
898	664
898	712
898	714
898	735
898	753
898	761
898	790
898	840
898	843
898	871
898	907
898	950
898	985
898	991
899	449
899	490
899	502
899	659
899	721
899	722
899	750
899	780
899	795
899	823
899	824
899	836
899	896
899	901
899	939
899	950
899	960
899	976
899	985
899	990
899	997
900	352
900	365
900	424
900	457
900	465
900	472
900	491
900	674
900	680
900	781
900	789
900	811
900	817
900	864
900	866
900	884
900	959
900	973
900	980
900	987
900	998
901	172
901	194
901	243
901	309
901	432
901	688
901	689
901	695
901	783
901	795
901	834
901	836
901	838
901	885
901	899
901	939
901	950
901	972
901	976
901	985
901	989
902	18
902	230
902	233
902	251
902	462
902	522
902	525
902	544
902	553
902	617
902	723
902	725
902	794
902	817
902	877
902	913
902	953
902	965
902	977
902	995
902	1000
903	343
903	461
903	516
903	543
903	600
903	724
903	736
903	742
903	765
903	768
903	769
903	772
903	821
903	825
903	863
903	870
903	909
903	913
903	944
903	953
903	980
904	37
904	102
904	158
904	261
904	338
904	369
904	522
904	568
904	649
904	654
904	706
904	710
904	775
904	777
904	792
904	799
904	837
904	869
904	889
904	913
904	933
904	1000
905	80
905	119
905	324
905	541
905	559
905	631
905	712
905	721
905	775
905	778
905	786
905	788
905	797
905	814
905	815
905	862
905	895
905	947
905	954
905	964
905	968
905	998
906	19
906	74
906	203
906	347
906	394
906	461
906	602
906	699
906	765
906	785
906	828
906	880
906	881
906	894
906	913
906	960
906	973
906	975
906	981
906	984
906	985
906	998
907	3
907	97
907	101
907	104
907	111
907	191
907	240
907	243
907	358
907	400
907	440
907	574
907	664
907	714
907	748
907	764
907	788
907	790
907	807
907	840
907	898
907	983
908	139
908	172
908	250
908	472
908	477
908	521
908	568
908	640
908	706
908	747
908	775
908	780
908	792
908	799
908	865
908	869
908	889
908	927
908	933
908	964
908	970
908	1000
909	28
909	94
909	193
909	344
909	409
909	524
909	702
909	736
909	742
909	761
909	777
909	821
909	823
909	870
909	903
909	917
909	940
909	944
909	957
909	963
909	977
909	980
909	994
910	93
910	190
910	209
910	284
910	331
910	372
910	410
910	479
910	539
910	583
910	620
910	621
910	636
910	650
910	705
910	731
910	797
910	828
910	831
910	874
910	931
910	968
910	999
911	103
911	314
911	396
911	467
911	671
911	708
911	718
911	740
911	746
911	751
911	764
911	773
911	779
911	788
911	793
911	844
911	849
911	863
911	875
911	881
911	984
911	995
911	998
912	1
912	13
912	142
912	159
912	294
912	303
912	364
912	390
912	434
912	445
912	553
912	555
912	567
912	668
912	838
912	888
912	928
912	948
912	949
912	964
912	982
912	986
912	997
913	18
913	268
913	272
913	307
913	416
913	527
913	553
913	575
913	581
913	759
913	762
913	794
913	827
913	902
913	903
913	904
913	906
913	916
913	918
913	960
913	965
913	991
913	995
914	14
914	129
914	163
914	215
914	373
914	491
914	599
914	616
914	662
914	697
914	743
914	766
914	767
914	786
914	822
914	875
914	881
914	890
914	915
914	936
914	940
914	985
914	995
915	436
915	459
915	578
915	623
915	661
915	726
915	737
915	760
915	762
915	785
915	807
915	808
915	842
915	881
915	914
915	916
915	922
915	940
915	969
915	977
915	978
915	986
915	988
916	268
916	279
916	281
916	471
916	477
916	510
916	575
916	635
916	658
916	668
916	689
916	717
916	723
916	763
916	787
916	827
916	860
916	877
916	913
916	915
916	945
916	953
916	995
917	94
917	124
917	269
917	347
917	363
917	474
917	504
917	524
917	543
917	565
917	580
917	717
917	724
917	768
917	772
917	821
917	825
917	866
917	909
917	940
917	957
917	966
917	980
918	147
918	232
918	437
918	569
918	678
918	696
918	731
918	781
918	835
918	837
918	848
918	853
918	886
918	897
918	913
918	931
918	942
918	947
918	959
918	965
918	975
918	982
918	989
919	66
919	85
919	90
919	208
919	355
919	488
919	512
919	549
919	575
919	599
919	611
919	627
919	690
919	733
919	734
919	759
919	770
919	864
919	887
919	891
919	934
919	938
919	992
920	46
920	108
920	331
920	353
920	482
920	504
920	528
920	544
920	616
920	622
920	646
920	845
920	851
920	870
920	881
920	942
920	947
920	948
920	953
920	967
920	978
920	986
920	993
920	999
921	65
921	413
921	493
921	629
921	653
921	657
921	660
921	716
921	733
921	742
921	926
921	930
921	937
921	954
921	960
921	979
921	984
922	44
922	136
922	149
922	241
922	328
922	368
922	425
922	460
922	517
922	623
922	726
922	777
922	785
922	791
922	793
922	804
922	834
922	870
922	881
922	915
922	947
922	953
922	969
922	988
923	133
923	270
923	338
923	360
923	386
923	475
923	546
923	549
923	563
923	572
923	588
923	608
923	624
923	673
923	680
923	807
923	812
923	846
923	848
923	858
923	868
923	887
923	888
923	959
924	311
924	336
924	350
924	420
924	489
924	514
924	526
924	564
924	647
924	663
924	670
924	722
924	749
924	770
924	771
924	806
924	897
924	962
924	969
924	970
924	973
924	986
924	998
925	62
925	402
925	423
925	453
925	492
925	501
925	530
925	571
925	580
925	589
925	656
925	684
925	696
925	713
925	717
925	722
925	763
925	799
925	817
925	854
925	867
925	962
925	968
925	988
925	1000
926	342
926	365
926	400
926	629
926	653
926	657
926	660
926	716
926	888
926	893
926	921
926	930
926	937
926	939
926	953
926	960
926	984
926	998
927	75
927	107
927	157
927	187
927	240
927	415
927	456
927	598
927	630
927	718
927	735
927	742
927	781
927	810
927	816
927	831
927	893
927	908
927	934
927	937
927	946
927	954
927	958
927	983
927	987
927	1000
928	132
928	146
928	192
928	271
928	273
928	294
928	303
928	389
928	434
928	450
928	474
928	501
928	529
928	549
928	567
928	668
928	702
928	748
928	793
928	838
928	854
928	870
928	888
928	912
928	982
928	986
929	57
929	78
929	101
929	212
929	247
929	308
929	380
929	387
929	441
929	515
929	540
929	586
929	634
929	669
929	682
929	751
929	804
929	805
929	847
929	871
929	938
929	957
929	959
929	974
929	982
929	985
929	992
930	53
930	55
930	88
930	154
930	170
930	278
930	369
930	451
930	458
930	469
930	484
930	549
930	569
930	629
930	653
930	657
930	660
930	716
930	718
930	921
930	926
930	937
930	940
930	960
930	967
930	983
930	984
931	86
931	100
931	401
931	402
931	439
931	452
931	473
931	481
931	485
931	536
931	665
931	667
931	685
931	701
931	743
931	761
931	823
931	829
931	841
931	854
931	859
931	871
931	876
931	910
931	918
931	978
931	988
932	79
932	84
932	144
932	184
932	286
932	289
932	320
932	396
932	405
932	408
932	433
932	467
932	478
932	502
932	649
932	675
932	740
932	742
932	751
932	763
932	773
932	788
932	793
932	844
932	875
932	985
932	999
933	49
933	168
933	250
933	261
933	316
933	392
933	477
933	502
933	521
933	534
933	562
933	647
933	649
933	674
933	685
933	706
933	732
933	775
933	777
933	799
933	869
933	904
933	908
933	955
933	977
933	997
933	1000
934	73
934	145
934	235
934	256
934	287
934	448
934	486
934	538
934	601
934	700
934	725
934	776
934	782
934	798
934	810
934	812
934	830
934	855
934	885
934	893
934	919
934	927
934	943
934	963
934	991
934	993
934	994
934	997
935	162
935	176
935	180
935	415
935	441
935	486
935	509
935	580
935	641
935	642
935	656
935	684
935	696
935	713
935	722
935	748
935	796
935	801
935	817
935	842
935	867
935	868
935	942
935	965
935	979
935	981
935	988
935	996
936	129
936	215
936	244
936	249
936	376
936	476
936	491
936	602
936	616
936	662
936	678
936	688
936	697
936	753
936	766
936	767
936	821
936	822
936	858
936	872
936	886
936	890
936	914
936	940
936	957
936	963
936	985
936	990
937	8
937	55
937	58
937	72
937	182
937	207
937	333
937	362
937	469
937	484
937	549
937	629
937	653
937	657
937	660
937	716
937	725
937	836
937	863
937	865
937	921
937	926
937	927
937	930
937	951
937	960
937	984
937	987
938	78
938	91
938	152
938	169
938	171
938	230
938	380
938	535
938	557
938	586
938	628
938	634
938	641
938	682
938	692
938	784
938	804
938	805
938	826
938	847
938	919
938	929
938	962
938	967
938	974
938	983
938	986
938	992
939	16
939	45
939	226
939	243
939	298
939	395
939	406
939	430
939	475
939	632
939	659
939	750
939	763
939	774
939	852
939	863
939	872
939	882
939	896
939	899
939	901
939	926
939	948
939	951
939	957
939	976
939	986
939	997
940	189
940	356
940	370
940	389
940	521
940	582
940	615
940	662
940	689
940	776
940	796
940	797
940	835
940	909
940	914
940	915
940	917
940	930
940	936
940	941
940	965
940	968
940	970
940	983
940	991
940	993
940	999
940	1000
941	34
941	179
941	209
941	231
941	245
941	382
941	457
941	478
941	479
941	531
941	539
941	591
941	636
941	668
941	705
941	731
941	762
941	769
941	782
941	832
941	868
941	878
941	940
941	954
941	967
941	971
941	980
941	985
942	102
942	160
942	246
942	282
942	332
942	333
942	358
942	391
942	424
942	505
942	593
942	610
942	616
942	667
942	689
942	702
942	709
942	752
942	833
942	845
942	889
942	918
942	920
942	935
942	948
942	977
942	978
942	995
942	999
943	126
943	172
943	185
943	238
943	375
943	470
943	480
943	561
943	570
943	618
943	626
943	649
943	664
943	683
943	693
943	698
943	739
943	744
943	776
943	821
943	876
943	934
943	952
943	961
943	968
943	976
943	977
943	990
943	999
944	11
944	241
944	295
944	361
944	384
944	438
944	454
944	492
944	537
944	559
944	626
944	647
944	648
944	651
944	693
944	698
944	738
944	739
944	744
944	753
944	863
944	876
944	883
944	903
944	909
944	952
944	963
944	972
944	996
945	21
945	184
945	200
945	211
945	253
945	353
945	359
945	508
945	530
945	546
945	637
945	658
945	668
945	686
945	701
945	805
945	849
945	856
945	875
945	886
945	916
945	962
945	963
945	979
945	980
945	982
945	988
945	993
945	994
946	75
946	81
946	107
946	166
946	223
946	240
946	366
946	403
946	410
946	525
946	573
946	574
946	598
946	623
946	635
946	677
946	718
946	735
946	763
946	781
946	810
946	816
946	831
946	875
946	893
946	927
946	974
946	987
946	992
946	997
947	15
947	99
947	255
947	306
947	329
947	334
947	335
947	350
947	595
947	678
947	778
947	782
947	786
947	815
947	818
947	832
947	837
947	838
947	850
947	862
947	868
947	895
947	905
947	918
947	920
947	922
947	952
947	986
947	993
947	998
948	88
948	291
948	327
948	331
948	364
948	505
948	517
948	610
948	617
948	639
948	646
948	667
948	686
948	689
948	704
948	709
948	777
948	789
948	833
948	889
948	912
948	920
948	939
948	942
948	971
948	978
948	983
948	984
948	990
948	999
948	1000
949	24
949	28
949	174
949	284
949	336
949	446
949	457
949	516
949	605
949	613
949	625
949	630
949	738
949	756
949	777
949	791
949	838
949	842
949	853
949	860
949	867
949	912
949	955
949	956
949	960
949	964
949	972
949	979
949	982
949	988
949	991
950	6
950	19
950	74
950	77
950	141
950	216
950	247
950	301
950	417
950	430
950	468
950	520
950	614
950	633
950	649
950	691
950	702
950	720
950	774
950	824
950	834
950	836
950	849
950	896
950	898
950	899
950	901
950	951
950	976
950	986
950	990
951	52
951	202
951	248
951	284
951	298
951	395
951	490
951	502
951	551
951	633
951	659
951	670
951	733
951	774
951	780
951	796
951	802
951	803
951	824
951	834
951	836
951	843
951	891
951	937
951	939
951	950
951	976
951	985
951	986
951	996
951	997
952	126
952	148
952	186
952	360
952	361
952	384
952	414
952	438
952	480
952	492
952	534
952	559
952	565
952	605
952	612
952	683
952	693
952	699
952	729
952	738
952	748
952	795
952	835
952	869
952	876
952	943
952	944
952	947
952	961
952	965
952	977
953	233
953	259
953	272
953	279
953	349
953	401
953	428
953	442
953	522
953	527
953	575
953	603
953	712
953	723
953	728
953	732
953	787
953	794
953	851
953	872
953	876
953	877
953	902
953	903
953	916
953	920
953	922
953	926
953	965
953	983
953	986
953	995
954	48
954	174
954	255
954	313
954	318
954	324
954	427
954	455
954	459
954	541
954	579
954	595
954	619
954	627
954	638
954	691
954	711
954	778
954	786
954	815
954	818
954	850
954	862
954	876
954	895
954	905
954	921
954	927
954	941
954	965
954	968
954	991
955	29
955	90
955	128
955	348
955	419
955	475
955	546
955	581
955	606
955	655
955	704
955	728
955	731
955	740
955	781
955	801
955	847
955	861
955	893
955	933
955	949
955	956
955	959
955	967
955	969
955	979
955	987
955	989
955	991
955	992
955	993
955	997
956	22
956	89
956	167
956	183
956	253
956	277
956	345
956	394
956	421
956	452
956	464
956	534
956	558
956	577
956	658
956	681
956	717
956	774
956	800
956	801
956	809
956	852
956	861
956	886
956	894
956	949
956	955
956	972
956	985
956	990
956	996
956	999
957	28
957	36
957	38
957	256
957	344
957	359
957	600
957	620
957	635
957	645
957	706
957	712
957	724
957	736
957	742
957	768
957	769
957	772
957	789
957	821
957	825
957	831
957	870
957	909
957	917
957	929
957	936
957	939
957	980
957	984
957	988
957	990
958	32
958	37
958	70
958	72
958	132
958	221
958	228
958	260
958	285
958	309
958	376
958	413
958	524
958	587
958	590
958	636
958	657
958	710
958	715
958	720
958	745
958	865
958	873
958	880
958	895
958	927
958	963
958	966
958	977
958	979
959	110
959	265
959	270
959	279
959	285
959	382
959	391
959	423
959	490
959	507
959	552
959	562
959	572
959	608
959	624
959	673
959	679
959	689
959	802
959	812
959	846
959	857
959	858
959	868
959	870
959	879
959	900
959	918
959	923
959	929
959	955
959	969
959	981
960	8
960	53
960	58
960	125
960	182
960	278
960	377
960	469
960	484
960	549
960	629
960	651
960	653
960	657
960	660
960	710
960	716
960	745
960	756
960	801
960	814
960	827
960	853
960	863
960	899
960	906
960	913
960	921
960	926
960	930
960	937
960	949
960	984
961	71
961	251
961	346
961	361
961	390
961	414
961	423
961	438
961	455
961	492
961	542
961	565
961	570
961	605
961	625
961	641
961	683
961	693
961	711
961	729
961	744
961	759
961	776
961	829
961	830
961	840
961	875
961	876
961	883
961	943
961	952
961	985
961	997
962	9
962	23
962	29
962	68
962	189
962	200
962	210
962	220
962	339
962	372
962	409
962	484
962	494
962	554
962	579
962	584
962	596
962	603
962	637
962	638
962	688
962	717
962	738
962	746
962	749
962	795
962	813
962	832
962	924
962	925
962	938
962	945
962	995
963	66
963	154
963	462
963	476
963	548
963	560
963	605
963	697
963	702
963	783
963	820
963	833
963	842
963	844
963	849
963	850
963	874
963	880
963	909
963	934
963	936
963	944
963	945
963	958
963	965
963	966
963	975
963	978
963	979
963	989
963	992
963	993
963	994
964	17
964	121
964	153
964	187
964	196
964	264
964	375
964	401
964	466
964	471
964	487
964	518
964	523
964	531
964	563
964	579
964	587
964	596
964	620
964	644
964	661
964	675
964	678
964	773
964	853
964	860
964	877
964	905
964	908
964	912
964	949
964	977
964	983
964	986
965	66
965	281
965	307
965	349
965	408
965	413
965	416
965	428
965	462
965	522
965	526
965	556
965	575
965	607
965	658
965	723
965	733
965	787
965	855
965	865
965	873
965	877
965	883
965	902
965	913
965	918
965	935
965	940
965	952
965	953
965	954
965	963
965	990
965	995
966	32
966	37
966	70
966	72
966	80
966	221
966	223
966	228
966	250
966	260
966	315
966	391
966	404
966	413
966	463
966	464
966	550
966	563
966	574
966	590
966	596
966	644
966	663
966	720
966	730
966	762
966	763
966	787
966	865
966	873
966	880
966	917
966	958
966	963
967	54
967	140
967	155
967	224
967	258
967	322
967	337
967	479
967	498
967	531
967	583
967	604
967	621
967	636
967	650
967	676
967	710
967	730
967	731
967	744
967	752
967	819
967	828
967	873
967	878
967	886
967	920
967	930
967	938
967	941
967	955
967	971
967	975
967	993
968	124
968	242
968	284
968	341
968	447
968	454
968	473
968	499
968	504
968	515
968	723
968	778
968	779
968	783
968	803
968	826
968	828
968	856
968	867
968	874
968	876
968	877
968	892
968	905
968	910
968	925
968	940
968	943
968	954
968	975
968	989
968	994
968	995
968	999
969	10
969	106
969	136
969	205
969	237
969	296
969	348
969	422
969	425
969	429
969	436
969	517
969	530
969	578
969	623
969	637
969	661
969	672
969	737
969	748
969	760
969	763
969	764
969	785
969	791
969	881
969	882
969	897
969	915
969	922
969	924
969	955
969	959
969	977
969	988
970	69
970	292
970	311
970	336
970	420
970	489
970	514
970	526
970	542
970	564
970	663
970	670
970	718
970	724
970	771
970	806
970	816
970	863
970	869
970	897
970	908
970	924
970	940
970	971
970	973
970	977
970	986
970	987
970	995
970	998
971	54
971	76
971	142
971	208
971	229
971	245
971	322
971	371
971	457
971	462
971	500
971	531
971	563
971	569
971	583
971	591
971	602
971	621
971	626
971	648
971	676
971	753
971	774
971	797
971	811
971	819
971	855
971	874
971	941
971	948
971	967
971	970
971	983
971	988
971	994
972	7
972	133
972	167
972	179
972	183
972	188
972	195
972	216
972	310
972	317
972	464
972	518
972	533
972	545
972	558
972	606
972	609
972	614
972	666
972	687
972	750
972	755
972	762
972	766
972	800
972	842
972	856
972	866
972	886
972	894
972	901
972	944
972	949
972	956
972	996
972	997
973	16
973	69
973	98
973	206
973	292
973	311
973	336
973	420
973	489
973	514
973	526
973	540
973	564
973	619
973	638
973	663
973	670
973	707
973	712
973	764
973	771
973	794
973	806
973	845
973	897
973	900
973	906
973	924
973	970
973	974
973	977
973	986
973	998
974	91
974	171
974	207
974	212
974	274
974	329
974	367
974	380
974	387
974	557
974	574
974	586
974	600
974	634
974	641
974	655
974	671
974	682
974	692
974	779
974	784
974	804
974	805
974	826
974	847
974	856
974	858
974	892
974	894
974	929
974	938
974	946
974	973
974	980
974	981
974	991
974	992
975	35
975	50
975	92
975	213
975	239
975	266
975	271
975	276
975	293
975	297
975	301
975	340
975	363
975	372
975	393
975	405
975	476
975	594
975	607
975	654
975	675
975	703
975	727
975	750
975	762
975	786
975	812
975	824
975	831
975	874
975	906
975	918
975	963
975	967
975	968
975	983
975	986
975	989
976	52
976	79
976	168
976	188
976	226
976	247
976	275
976	298
976	373
976	395
976	404
976	468
976	475
976	481
976	490
976	633
976	667
976	753
976	774
976	780
976	803
976	811
976	816
976	817
976	824
976	834
976	836
976	844
976	872
976	896
976	899
976	901
976	939
976	943
976	950
976	951
976	983
976	985
976	997
977	196
977	244
977	290
977	312
977	340
977	343
977	394
977	426
977	503
977	504
977	511
977	558
977	664
977	752
977	783
977	794
977	837
977	839
977	843
977	853
977	860
977	870
977	871
977	875
977	902
977	909
977	915
977	933
977	942
977	943
977	952
977	958
977	964
977	969
977	970
977	973
977	981
977	988
977	998
978	26
978	30
978	31
978	246
978	327
978	341
978	424
978	505
978	528
978	535
978	577
978	580
978	591
978	617
978	622
978	639
978	644
978	646
978	671
978	681
978	703
978	704
978	709
978	752
978	771
978	776
978	826
978	833
978	845
978	851
978	882
978	915
978	920
978	931
978	942
978	948
978	963
978	986
978	999
979	2
979	62
979	162
979	205
979	218
979	242
979	246
979	270
979	305
979	330
979	334
979	455
979	501
979	530
979	589
979	601
979	637
979	642
979	655
979	656
979	684
979	694
979	713
979	796
979	801
979	809
979	817
979	837
979	842
979	843
979	861
979	921
979	935
979	945
979	949
979	955
979	958
979	963
979	981
980	28
980	38
980	40
980	63
980	94
980	105
980	124
980	193
980	222
980	321
980	330
980	343
980	344
980	357
980	359
980	461
980	474
980	524
980	570
980	600
980	635
980	645
980	736
980	741
980	742
980	768
980	784
980	821
980	870
980	881
980	900
980	903
980	909
980	917
980	941
980	945
980	957
980	974
980	987
980	990
981	116
981	180
981	181
981	222
981	242
981	334
981	414
981	418
981	447
981	509
981	571
981	580
981	589
981	603
981	637
981	642
981	694
981	695
981	719
981	722
981	778
981	784
981	801
981	804
981	808
981	829
981	842
981	843
981	854
981	867
981	878
981	906
981	935
981	959
981	974
981	977
981	979
981	982
981	985
981	995
981	999
982	1
982	89
982	118
982	132
982	146
982	159
982	164
982	192
982	251
982	277
982	294
982	303
982	389
982	390
982	445
982	450
982	529
982	530
982	555
982	567
982	575
982	648
982	655
982	668
982	761
982	767
982	788
982	792
982	803
982	835
982	837
982	838
982	888
982	912
982	918
982	928
982	929
982	945
982	949
982	981
982	1000
983	42
983	82
983	118
983	138
983	232
983	314
983	333
983	408
983	433
983	447
983	459
983	512
983	542
983	705
983	725
983	730
983	756
983	760
983	774
983	778
983	801
983	811
983	816
983	843
983	853
983	860
983	893
983	907
983	927
983	930
983	938
983	940
983	948
983	953
983	964
983	971
983	975
983	976
983	987
983	988
983	999
984	8
984	53
984	55
984	58
984	59
984	68
984	154
984	182
984	190
984	278
984	291
984	310
984	463
984	469
984	484
984	500
984	547
984	549
984	604
984	629
984	653
984	657
984	660
984	688
984	711
984	716
984	764
984	794
984	811
984	872
984	873
984	874
984	877
984	906
984	911
984	921
984	926
984	930
984	937
984	948
984	957
984	960
985	32
985	140
985	213
985	234
985	317
985	388
985	402
985	501
985	539
985	653
985	664
985	698
985	714
985	755
985	767
985	790
985	826
985	832
985	848
985	854
985	859
985	860
985	879
985	890
985	892
985	894
985	898
985	899
985	901
985	906
985	914
985	929
985	932
985	936
985	941
985	951
985	956
985	961
985	976
985	981
985	990
985	992
986	41
986	99
986	109
986	113
986	228
986	312
986	317
986	384
986	455
986	513
986	516
986	569
986	583
986	584
986	631
986	705
986	730
986	793
986	838
986	840
986	853
986	874
986	887
986	912
986	915
986	920
986	924
986	928
986	938
986	939
986	947
986	950
986	951
986	953
986	964
986	970
986	973
986	975
986	978
986	989
986	997
986	998
987	75
987	81
987	120
987	122
987	157
987	166
987	227
987	240
987	291
987	346
987	410
987	415
987	456
987	536
987	598
987	603
987	628
987	630
987	681
987	702
987	703
987	718
987	735
987	763
987	781
987	804
987	810
987	816
987	822
987	873
987	878
987	891
987	893
987	900
987	927
987	937
987	946
987	955
987	970
987	980
987	983
987	991
987	994
988	41
988	57
988	60
988	65
988	106
988	224
988	241
988	321
988	348
988	354
988	368
988	388
988	429
988	437
988	594
988	623
988	637
988	661
988	672
988	717
988	726
988	735
988	737
988	753
988	760
988	785
988	795
988	799
988	881
988	882
988	915
988	922
988	925
988	931
988	935
988	945
988	949
988	957
988	969
988	971
988	977
988	983
988	991
989	14
989	35
989	50
989	187
989	220
989	257
989	266
989	271
989	276
989	297
989	340
989	363
989	377
989	393
989	439
989	463
989	489
989	563
989	577
989	594
989	607
989	648
989	654
989	660
989	710
989	727
989	733
989	750
989	761
989	766
989	779
989	782
989	796
989	811
989	874
989	901
989	918
989	955
989	963
989	968
989	975
989	986
989	991
989	998
990	85
990	157
990	232
990	263
990	272
990	297
990	491
990	509
990	525
990	533
990	612
990	658
990	690
990	697
990	716
990	729
990	737
990	740
990	743
990	765
990	791
990	821
990	834
990	842
990	844
990	849
990	864
990	885
990	891
990	897
990	899
990	936
990	943
990	948
990	950
990	956
990	957
990	965
990	980
990	985
990	991
990	993
990	994
990	995
990	997
991	35
991	95
991	165
991	235
991	287
991	293
991	308
991	342
991	372
991	374
991	378
991	386
991	403
991	436
991	448
991	486
991	497
991	519
991	537
991	538
991	576
991	577
991	585
991	593
991	754
991	798
991	830
991	831
991	855
991	872
991	885
991	898
991	913
991	934
991	940
991	949
991	954
991	955
991	974
991	987
991	988
991	989
991	990
991	993
991	994
992	57
992	96
992	123
992	161
992	169
992	171
992	187
992	212
992	264
992	274
992	369
992	375
992	376
992	380
992	441
992	493
992	515
992	540
992	557
992	586
992	634
992	655
992	669
992	682
992	692
992	748
992	762
992	781
992	804
992	805
992	826
992	846
992	847
992	850
992	856
992	864
992	892
992	919
992	929
992	938
992	946
992	955
992	963
992	974
992	985
993	127
993	145
993	164
993	165
993	221
993	235
993	283
993	287
993	293
993	342
993	344
993	374
993	386
993	403
993	448
993	497
993	519
993	529
993	538
993	576
993	601
993	669
993	700
993	712
993	730
993	752
993	754
993	762
993	798
993	828
993	830
993	855
993	869
993	885
993	920
993	934
993	940
993	945
993	947
993	955
993	963
993	967
993	990
993	991
993	994
994	94
994	95
994	127
994	235
994	256
994	283
994	287
994	308
994	342
994	374
994	385
994	386
994	403
994	428
994	448
994	486
994	519
994	538
994	576
994	585
994	601
994	669
994	675
994	700
994	754
994	798
994	808
994	811
994	818
994	824
994	830
994	832
994	855
994	862
994	863
994	885
994	909
994	934
994	945
994	963
994	968
994	971
994	987
994	990
994	991
994	993
995	150
995	201
995	230
995	233
995	268
995	272
995	281
995	300
995	349
995	376
995	379
995	416
995	427
995	442
995	471
995	522
995	553
995	556
995	575
995	587
995	681
995	688
995	728
995	739
995	745
995	765
995	785
995	787
995	794
995	818
995	827
995	865
995	873
995	884
995	902
995	911
995	913
995	914
995	916
995	942
995	953
995	962
995	965
995	968
995	970
995	981
995	990
996	112
996	133
996	153
996	181
996	203
996	238
996	252
996	253
996	288
996	310
996	312
996	323
996	352
996	444
996	446
996	452
996	464
996	499
996	558
996	566
996	587
996	606
996	643
996	666
996	679
996	681
996	692
996	700
996	708
996	741
996	748
996	755
996	795
996	800
996	809
996	820
996	838
996	849
996	856
996	861
996	866
996	886
996	894
996	935
996	944
996	951
996	956
996	972
997	6
997	15
997	19
997	162
997	194
997	203
997	247
997	292
997	309
997	419
997	432
997	468
997	490
997	501
997	520
997	536
997	551
997	633
997	659
997	662
997	675
997	695
997	704
997	711
997	746
997	774
997	780
997	783
997	815
997	824
997	834
997	836
997	863
997	869
997	896
997	899
997	912
997	933
997	934
997	939
997	946
997	951
997	955
997	961
997	972
997	976
997	986
997	990
997	999
998	10
998	14
998	69
998	77
998	107
998	206
998	291
998	292
998	298
998	311
998	315
998	336
998	375
998	420
998	451
998	489
998	514
998	526
998	564
998	565
998	587
998	596
998	648
998	663
998	664
998	670
998	710
998	725
998	745
998	771
998	779
998	806
998	848
998	866
998	873
998	894
998	897
998	900
998	905
998	906
998	911
998	924
998	926
998	947
998	970
998	973
998	977
998	986
998	989
999	30
999	67
999	108
999	160
999	211
999	219
999	246
999	251
999	318
999	341
999	369
999	383
999	485
999	505
999	506
999	513
999	525
999	535
999	568
999	577
999	582
999	596
999	622
999	639
999	688
999	689
999	704
999	709
999	715
999	748
999	767
999	833
999	836
999	845
999	851
999	889
999	910
999	920
999	932
999	940
999	942
999	943
999	948
999	956
999	968
999	978
999	981
999	983
999	997
1000	14
1000	102
1000	111
1000	134
1000	168
1000	172
1000	250
1000	345
1000	381
1000	392
1000	443
1000	472
1000	477
1000	521
1000	546
1000	550
1000	568
1000	600
1000	609
1000	640
1000	647
1000	649
1000	652
1000	674
1000	678
1000	706
1000	725
1000	732
1000	735
1000	747
1000	756
1000	775
1000	777
1000	784
1000	799
1000	819
1000	831
1000	847
1000	861
1000	869
1000	889
1000	902
1000	904
1000	908
1000	925
1000	927
1000	933
1000	940
1000	948
1000	982
