1	479
1	974
1	977
1	987
2	290
2	907
2	978
2	980
3	238
3	579
3	591
3	682
4	795
4	831
4	872
4	879
5	21
5	684
5	838
5	995
6	986
6	990
6	996
6	1000
7	793
7	857
7	875
7	928
8	244
8	738
8	811
8	885
9	986
9	990
9	996
9	1000
10	120
10	882
10	932
10	982
11	637
11	832
11	893
11	993
12	858
12	868
12	933
12	957
13	503
13	578
13	751
13	767
14	611
14	974
14	977
14	987
15	382
15	544
15	931
15	940
16	864
16	990
16	996
16	1000
17	518
17	704
17	872
17	879
18	908
18	932
18	939
18	982
19	168
19	502
19	642
19	657
20	762
20	909
20	919
20	951
21	5
21	684
21	826
21	838
22	431
22	938
22	956
22	973
23	515
23	578
23	751
23	767
24	814
24	964
24	971
24	994
25	869
25	918
25	950
25	999
26	406
26	971
26	994
27	737
27	845
27	937
27	954
28	474
28	547
28	628
28	636
29	441
29	771
29	895
29	962
30	799
30	808
30	841
30	876
31	707
31	782
31	846
31	893
32	622
32	942
32	977
32	987
33	467
33	792
33	978
33	980
34	882
34	905
34	952
34	982
35	504
35	862
35	969
35	988
36	941
36	955
36	961
36	975
37	887
37	927
37	959
37	992
38	877
38	907
38	978
38	980
39	49
39	432
39	919
39	951
40	444
40	759
40	833
40	851
41	562
41	679
41	916
41	983
42	877
42	907
42	978
42	980
43	747
43	990
43	996
43	1000
44	271
44	949
44	985
44	998
45	605
45	918
45	984
45	999
46	287
46	601
46	626
46	856
47	938
47	956
47	973
48	513
48	931
48	940
48	991
49	39
49	689
49	909
49	951
50	787
50	892
50	969
50	988
51	953
51	959
51	970
51	992
52	684
52	877
52	978
52	980
53	241
53	624
53	984
53	991
54	283
54	317
54	856
54	989
55	648
55	777
55	791
55	962
56	586
56	842
56	865
56	929
57	942
57	974
57	977
57	987
58	641
58	735
58	933
58	957
59	227
59	715
59	913
59	928
60	807
60	932
60	939
60	982
61	678
61	747
61	911
61	915
62	807
62	932
62	939
62	982
63	179
63	652
63	916
63	995
64	269
64	655
64	681
64	988
65	765
65	822
65	926
65	934
66	666
66	804
66	854
66	983
67	605
67	726
67	801
67	888
68	702
68	864
68	911
68	915
69	927
69	953
69	959
69	992
70	948
70	963
70	976
70	979
71	986
71	990
71	996
71	1000
72	78
72	779
72	818
72	897
73	766
73	973
73	987
73	999
74	104
74	702
74	975
74	980
74	994
75	816
75	852
75	978
75	980
76	875
76	896
76	916
76	992
76	999
77	812
77	889
77	971
77	994
78	72
78	235
78	881
78	901
79	965
79	985
79	994
79	998
80	790
80	808
80	876
80	945
81	813
81	829
81	863
81	936
82	385
82	666
82	804
82	854
83	905
83	932
83	939
83	982
84	942
84	957
84	977
84	987
85	93
85	562
85	679
85	916
86	673
86	797
86	846
86	860
87	535
87	624
87	984
87	991
88	362
88	565
88	653
88	902
89	421
89	574
89	596
89	766
90	532
90	843
90	969
90	988
91	266
91	931
91	934
91	940
92	590
92	659
92	772
92	874
93	85
93	588
93	916
93	983
94	941
94	955
94	961
94	975
95	651
95	705
95	826
95	838
96	744
96	899
96	969
96	988
97	581
97	727
97	969
97	988
98	921
98	940
98	943
98	960
99	442
99	836
99	925
99	962
100	814
100	889
100	971
100	994
101	704
101	818
101	839
101	872
102	949
102	965
102	968
102	998
103	988
103	990
103	996
103	1000
104	74
104	547
104	628
104	636
105	875
105	951
105	953
105	956
106	748
106	935
106	937
106	952
107	875
107	913
107	928
107	967
108	492
108	557
108	724
108	902
109	753
109	857
109	913
109	928
110	830
110	894
110	926
110	934
111	870
111	906
111	943
111	960
112	692
112	876
112	981
112	995
113	855
113	926
113	934
113	985
114	572
114	635
114	722
114	824
115	383
115	760
115	947
115	987
115	998
116	752
116	812
116	971
116	994
117	446
117	790
117	876
117	945
118	835
118	868
118	933
118	957
119	335
119	819
119	969
119	975
119	994
119	1000
120	10
120	797
120	849
120	860
121	932
121	939
121	950
121	982
122	874
122	897
122	975
122	976
122	982
123	601
123	845
123	935
123	954
124	807
124	968
124	985
124	998
125	937
125	963
125	976
125	979
126	854
126	957
126	973
126	977
127	450
127	562
127	679
127	916
128	858
128	868
128	933
128	957
129	949
129	968
129	985
129	998
130	965
130	968
130	985
130	998
131	848
131	870
131	920
131	972
132	394
132	593
132	736
132	942
133	756
133	857
133	913
133	976
134	216
134	895
134	900
134	962
135	986
135	990
135	996
135	1000
136	689
136	696
136	919
136	951
137	794
137	835
137	910
137	997
138	689
138	799
138	919
138	951
139	819
139	891
139	914
139	987
140	705
140	826
140	838
140	916
141	335
141	507
141	827
141	983
142	749
142	832
142	949
142	993
143	279
143	642
143	682
143	913
143	992
144	711
144	973
144	980
144	998
145	925
145	950
145	998
145	999
146	724
146	787
146	902
146	997
147	416
147	651
147	826
147	838
148	208
148	804
148	854
148	983
149	941
149	955
149	961
149	975
150	814
150	889
150	971
150	994
151	870
151	908
151	943
151	960
152	181
152	842
152	929
152	978
153	928
153	974
153	980
153	992
153	994
154	313
154	335
154	383
154	616
155	548
155	585
155	865
155	929
156	942
156	974
156	977
156	987
157	757
157	980
157	994
157	999
158	891
158	927
158	970
158	992
159	841
159	895
159	962
159	995
160	462
160	834
160	880
160	885
161	530
161	905
161	939
161	982
162	375
162	449
162	846
162	893
163	765
163	869
163	947
163	999
164	682
164	897
164	950
164	980
164	1000
165	529
165	560
165	801
165	888
166	748
166	845
166	937
166	954
167	717
167	840
167	891
167	914
168	19
168	502
168	642
168	657
169	640
169	677
169	776
169	789
170	736
170	902
170	976
170	988
170	999
171	753
171	756
171	875
171	913
172	780
172	802
172	873
172	897
173	789
173	897
173	940
173	963
174	676
174	741
174	961
174	979
174	992
174	994
175	473
175	593
175	627
175	736
176	180
176	561
176	742
176	757
177	252
177	640
177	677
177	789
178	953
178	959
178	970
178	992
179	63
179	562
179	679
179	916
180	176
180	561
180	742
180	757
181	152
181	865
181	929
181	993
182	949
182	968
182	985
182	998
183	965
183	968
183	985
183	998
184	905
184	932
184	939
184	982
185	709
185	813
185	829
185	863
186	751
186	968
186	975
186	978
186	999
187	949
187	974
187	985
187	998
188	234
188	818
188	872
188	941
189	756
189	888
189	914
189	915
189	944
190	714
190	721
190	772
190	874
191	653
191	724
191	787
191	902
192	986
192	990
192	996
192	1000
193	281
193	507
193	616
193	690
194	710
194	865
194	929
194	993
195	515
195	578
195	751
195	767
196	368
196	908
196	943
196	960
197	656
197	780
197	873
197	897
198	321
198	365
198	640
198	677
199	788
199	810
199	815
199	866
200	963
200	976
200	979
200	997
201	809
201	864
201	909
201	975
201	994
202	320
202	759
202	833
202	851
203	744
203	875
203	969
203	988
204	875
204	913
204	928
204	950
205	943
205	953
205	959
205	970
206	561
206	742
206	757
206	858
207	626
207	851
207	856
207	997
208	148
208	666
208	804
208	854
209	767
209	789
209	874
209	897
209	911
209	916
210	474
210	573
210	596
210	766
211	714
211	728
211	893
211	977
211	979
212	473
212	911
212	916
212	951
212	972
213	778
213	812
213	971
213	994
214	506
214	692
214	701
214	805
215	681
215	682
215	979
215	980
215	999
216	134
216	791
216	912
216	924
217	830
217	864
217	911
217	915
218	845
218	855
218	926
218	934
219	609
219	845
219	935
219	954
220	531
220	532
220	862
220	988
221	648
221	903
221	920
221	972
222	681
222	833
222	940
222	956
222	987
222	994
223	891
223	896
223	914
223	1000
224	537
224	864
224	893
224	978
224	998
225	651
225	684
225	826
225	838
226	835
226	910
226	925
226	981
227	59
227	499
227	573
227	766
228	747
228	953
228	970
228	992
229	816
229	907
229	978
229	980
230	949
230	965
230	968
230	985
230	998
231	818
231	831
231	834
231	879
231	881
232	753
232	888
232	933
232	951
232	973
233	709
233	813
233	829
233	863
233	999
234	188
234	412
234	683
234	770
234	881
235	78
235	831
235	872
235	879
235	881
236	882
236	932
236	939
236	943
236	982
237	327
237	786
237	894
237	926
237	934
238	3
238	353
238	579
238	591
238	682
239	529
239	726
239	888
239	979
240	453
240	797
240	849
240	860
240	967
241	53
241	250
241	624
241	984
241	991
242	901
242	927
242	959
242	970
242	992
243	581
243	818
243	857
243	982
243	1000
244	8
244	608
244	834
244	885
244	957
245	326
245	905
245	932
245	939
245	982
246	339
246	633
246	843
246	862
246	988
247	639
247	669
247	864
247	911
247	915
248	703
248	953
248	959
248	970
248	992
249	272
249	634
249	663
249	933
249	957
250	241
250	535
250	624
250	984
250	991
251	946
251	965
251	968
251	985
251	998
252	177
252	640
252	677
252	789
252	961
253	399
253	701
253	743
253	799
253	876
254	414
254	656
254	813
254	829
254	863
255	949
255	964
255	968
255	985
255	998
256	425
256	594
256	864
256	911
256	915
257	790
257	799
257	808
257	876
257	995
258	768
258	802
258	873
258	897
258	946
259	510
259	547
259	628
259	636
259	752
260	490
260	517
260	660
260	672
260	760
261	609
261	686
261	696
261	919
261	951
262	848
262	890
262	903
262	920
262	972
263	855
263	873
263	894
263	926
263	934
264	372
264	692
264	711
264	799
264	808
265	548
265	550
265	602
265	676
265	728
266	91
266	501
266	931
266	940
266	993
267	758
267	942
267	974
267	977
267	987
268	852
268	877
268	907
268	978
268	980
269	64
269	812
269	821
269	971
269	994
270	318
270	909
270	919
270	951
270	978
271	44
271	869
271	918
271	950
271	999
272	249
272	523
272	868
272	933
272	957
273	341
273	383
273	945
273	950
273	999
274	788
274	810
274	815
274	866
274	963
275	475
275	751
275	918
275	950
275	999
276	862
276	892
276	899
276	969
276	988
277	949
277	965
277	968
277	985
277	998
278	417
278	858
278	868
278	933
278	957
279	143
279	589
279	673
279	769
279	797
280	634
280	641
280	868
280	933
280	957
281	193
281	364
281	690
281	926
281	983
282	924
282	941
282	955
282	961
282	975
283	54
283	539
283	827
283	856
283	997
284	422
284	848
284	918
284	950
284	999
285	769
285	889
285	960
285	971
285	994
286	493
286	572
286	635
286	722
286	824
287	46
287	539
287	626
287	856
287	867
288	646
288	805
288	894
288	926
288	934
289	506
289	692
289	790
289	808
289	945
290	2
290	556
290	595
290	971
290	994
291	924
291	941
291	955
291	961
291	975
292	826
292	846
292	864
292	866
292	906
292	976
293	649
293	725
293	797
293	849
293	860
294	757
294	954
294	980
294	988
294	992
295	924
295	941
295	955
295	961
295	975
296	746
296	877
296	907
296	978
296	980
297	316
297	325
297	502
297	642
297	657
298	663
298	868
298	933
298	952
298	957
299	848
299	871
299	903
299	920
299	972
300	536
300	598
300	612
300	931
300	940
301	775
301	875
301	913
301	928
301	999
302	515
302	578
302	751
302	767
302	959
303	656
303	709
303	813
303	829
303	863
304	967
304	986
304	990
304	996
304	1000
305	842
305	941
305	955
305	961
305	975
306	585
306	586
306	865
306	929
306	989
307	863
307	910
307	957
307	972
307	982
307	992
308	857
308	875
308	913
308	928
308	997
309	917
309	948
309	963
309	976
309	979
310	866
310	948
310	963
310	976
310	979
311	917
311	948
311	963
311	976
311	979
312	314
312	421
312	499
312	596
312	766
313	154
313	524
313	894
313	926
313	934
314	312
314	636
314	896
314	911
314	976
315	517
315	552
315	660
315	672
315	760
316	297
316	325
316	502
316	642
316	812
317	54
317	345
317	626
317	856
317	949
318	270
318	630
318	706
318	909
318	919
319	656
319	813
319	829
319	863
319	977
320	202
320	374
320	759
320	833
320	851
321	198
321	365
321	677
321	789
321	890
322	924
322	941
322	955
322	961
322	975
323	433
323	646
323	765
323	926
323	934
324	729
324	764
324	938
324	956
324	973
325	297
325	316
325	502
325	642
325	657
326	245
326	508
326	974
326	977
326	987
327	237
327	393
327	598
327	804
327	854
328	396
328	551
328	655
328	681
329	476
329	835
329	910
329	925
329	986
330	555
330	832
330	846
330	893
330	991
331	344
331	792
331	918
331	950
331	999
332	692
332	790
332	808
332	876
332	945
333	927
333	953
333	959
333	970
333	992
334	719
334	871
334	903
334	920
334	972
335	119
335	141
335	154
335	616
335	690
336	482
336	786
336	894
336	926
336	934
337	429
337	634
337	663
337	858
337	957
338	400
338	572
338	635
338	722
338	824
339	246
339	688
339	862
339	969
339	988
340	860
340	888
340	910
340	920
340	994
340	997
341	273
341	445
341	754
341	950
341	999
342	760
342	766
342	975
342	999
342	1000
343	477
343	709
343	813
343	829
343	863
344	331
344	475
344	918
344	950
344	999
345	317
345	620
345	626
345	856
345	989
346	407
346	986
346	990
346	996
346	1000
347	680
347	948
347	963
347	976
347	979
348	790
348	799
348	808
348	876
348	882
349	546
349	620
349	856
349	989
349	997
350	497
350	555
350	576
350	832
350	893
351	394
351	593
351	627
351	736
351	827
352	641
352	971
352	973
352	975
352	992
352	998
353	238
353	579
353	591
353	682
354	884
354	936
354	942
354	974
354	977
355	768
355	780
355	802
355	873
355	897
356	694
356	824
356	854
356	940
356	999
356	1000
357	676
357	927
357	959
357	970
357	992
358	579
358	824
358	846
358	937
358	970
358	976
359	917
359	948
359	963
359	976
359	979
360	672
360	838
360	865
360	914
360	975
360	992
360	993
361	686
361	762
361	909
361	919
361	951
362	88
362	941
362	955
362	961
362	975
363	826
363	902
363	912
363	975
363	999
364	281
364	507
364	616
364	690
364	816
365	198
365	321
365	640
365	677
365	789
366	768
366	780
366	802
366	873
366	897
367	641
367	858
367	933
367	957
367	999
368	196
368	770
368	818
368	831
368	872
369	792
369	877
369	907
369	978
369	980
370	440
370	901
370	953
370	970
370	992
371	434
371	605
371	726
371	801
371	888
372	264
372	838
372	863
372	913
372	979
373	749
373	782
373	832
373	893
373	993
374	320
374	465
374	759
374	833
374	851
375	162
375	707
375	749
375	817
375	846
376	752
376	769
376	812
376	971
376	994
377	798
377	892
377	899
377	969
377	988
378	479
378	726
378	931
378	940
378	991
379	682
379	728
379	736
379	971
379	979
379	983
379	988
380	474
380	849
380	940
380	954
380	971
380	980
381	786
381	855
381	894
381	926
381	934
382	15
382	716
382	857
382	913
382	928
383	115
383	154
383	273
383	415
383	690
383	983
384	434
384	560
384	605
384	801
384	888
384	966
385	82
385	598
385	666
385	804
385	854
385	993
386	493
386	675
386	852
386	877
386	978
386	980
387	719
387	774
387	884
387	942
387	977
387	987
388	737
388	830
388	845
388	935
388	937
388	954
389	610
389	731
389	788
389	810
389	815
389	866
390	558
390	884
390	942
390	974
390	977
390	987
391	532
391	644
391	817
391	824
391	969
391	988
392	686
392	696
392	762
392	909
392	919
392	951
393	327
393	598
393	666
393	804
393	854
393	983
394	132
394	351
394	473
394	593
394	627
394	736
395	819
395	840
395	891
395	896
395	914
395	999
396	328
396	655
396	681
396	904
397	673
397	711
397	789
397	797
397	849
397	860
398	566
398	754
398	869
398	918
398	950
398	999
399	253
399	701
399	713
399	799
399	876
399	995
400	338
400	690
400	791
400	854
400	860
400	979
401	817
401	862
401	899
401	936
401	969
401	988
402	870
402	906
402	908
402	921
402	943
402	960
403	485
403	967
403	986
403	990
403	996
403	1000
404	817
404	869
404	918
404	950
404	984
404	999
405	869
405	873
405	918
405	950
405	991
405	999
406	26
406	665
406	710
406	798
406	842
406	929
407	346
407	810
407	951
407	975
407	982
407	994
408	587
408	733
408	793
408	834
408	880
408	885
409	945
409	967
409	986
409	990
409	996
409	1000
410	484
410	884
410	974
410	975
410	977
410	987
411	893
411	946
411	965
411	968
411	985
411	998
412	234
412	704
412	872
412	879
412	881
412	983
413	704
413	770
413	831
413	879
413	881
413	980
414	254
414	656
414	709
414	813
414	829
414	863
415	383
415	681
415	766
415	902
415	965
415	975
415	982
416	147
416	684
416	705
416	826
416	838
416	995
417	278
417	758
417	942
417	974
417	977
417	987
418	476
418	478
418	744
418	809
418	910
418	997
419	670
419	828
419	830
419	935
419	937
419	954
420	809
420	819
420	840
420	891
420	896
420	914
421	89
421	312
421	499
421	573
421	596
421	766
422	284
422	754
422	918
422	950
422	984
422	999
423	783
423	819
423	840
423	891
423	896
423	914
424	585
424	710
424	781
424	865
424	929
424	984
425	256
425	511
425	594
425	718
425	747
425	915
426	698
426	761
426	828
426	938
426	956
426	973
427	966
427	967
427	986
427	990
427	996
427	1000
428	966
428	967
428	986
428	990
428	996
428	1000
429	337
429	489
429	858
429	868
429	933
429	957
430	765
430	786
430	855
430	894
430	926
430	934
431	22
431	643
431	750
431	938
431	956
431	973
432	39
432	701
432	728
432	835
432	874
432	929
432	972
433	323
433	622
433	758
433	974
433	977
433	987
434	371
434	384
434	560
434	726
434	801
434	888
435	548
435	550
435	583
435	602
435	676
435	728
436	815
436	906
436	908
436	921
436	943
436	960
437	901
437	927
437	953
437	959
437	970
437	992
438	512
438	633
438	777
438	895
438	912
438	962
439	443
439	633
439	763
439	836
439	898
439	912
440	370
440	490
440	517
440	660
440	672
440	760
441	29
441	660
441	781
441	824
441	978
441	982
441	994
441	998
442	99
442	603
442	777
442	791
442	962
442	991
443	439
443	691
443	784
443	836
443	912
443	962
444	40
444	476
444	667
444	668
444	835
444	910
445	341
445	869
445	918
445	950
445	997
445	999
446	117
446	615
446	701
446	790
446	808
446	876
447	501
447	612
447	931
447	940
447	991
447	993
448	866
448	888
448	911
448	954
448	956
448	1000
449	162
449	882
449	905
449	932
449	939
449	982
450	127
450	466
450	652
450	916
450	960
450	995
451	824
451	882
451	962
451	963
451	973
451	998
452	680
452	828
452	845
452	935
452	937
452	992
453	240
453	649
453	711
453	725
453	849
453	860
454	887
454	927
454	953
454	959
454	970
454	992
455	549
455	825
455	870
455	921
455	943
455	960
456	554
456	678
456	747
456	864
456	911
456	915
457	624
457	863
457	876
457	888
457	940
457	972
458	896
458	917
458	948
458	963
458	976
458	979
459	461
459	538
459	645
459	836
459	912
459	962
460	698
460	773
460	935
460	938
460	956
460	973
461	459
461	586
461	781
461	842
461	865
461	929
462	160
462	600
462	780
462	834
462	880
462	885
463	542
463	647
463	668
463	794
463	809
463	910
464	870
464	906
464	908
464	943
464	960
464	969
465	374
465	552
465	611
465	833
465	851
465	911
466	450
466	652
466	679
466	805
466	916
466	957
467	33
467	604
467	814
467	821
467	971
467	994
468	559
468	824
468	935
468	940
468	972
468	973
469	828
469	845
469	854
469	935
469	937
469	954
470	713
470	792
470	852
470	907
470	978
470	980
471	949
471	965
471	968
471	979
471	985
471	998
472	576
472	707
472	749
472	782
472	832
472	893
473	175
473	212
473	394
473	593
473	627
473	736
474	28
474	210
474	380
474	510
474	628
474	636
475	275
475	344
475	869
475	950
475	980
475	999
476	329
476	418
476	444
476	794
476	809
476	835
477	343
477	828
477	830
477	935
477	937
477	954
478	418
478	794
478	809
478	835
478	910
478	984
479	1
479	378
479	501
479	513
479	931
479	940
480	643
480	750
480	831
480	938
480	956
480	973
481	495
481	871
481	903
481	920
481	972
481	997
482	336
482	706
482	855
482	894
482	926
482	934
483	625
483	748
483	935
483	937
483	947
483	954
484	410
484	694
484	774
484	942
484	974
484	987
485	403
485	659
485	714
485	721
485	772
485	874
486	906
486	908
486	921
486	943
486	960
486	995
487	712
487	924
487	930
487	941
487	955
487	961
487	975
488	683
488	770
488	818
488	872
488	879
488	881
488	902
489	429
489	528
489	717
489	783
489	819
489	891
489	914
490	260
490	440
490	517
490	536
490	660
490	672
490	760
491	687
491	807
491	905
491	932
491	939
491	954
491	982
492	108
492	653
492	724
492	787
492	798
492	902
492	989
493	286
493	386
493	746
493	852
493	907
493	978
493	980
494	543
494	906
494	908
494	921
494	943
494	960
494	964
495	481
495	697
495	848
495	871
495	903
495	920
495	972
496	697
496	848
496	871
496	903
496	920
496	939
496	972
497	350
497	863
497	874
497	902
497	960
497	994
497	999
498	898
498	900
498	917
498	948
498	963
498	976
498	979
499	227
499	312
499	421
499	573
499	596
499	766
499	768
500	602
500	716
500	813
500	866
500	900
500	934
500	998
501	266
501	447
501	479
501	536
501	931
501	940
501	991
502	19
502	168
502	297
502	316
502	325
502	642
502	657
503	13
503	515
503	621
503	745
503	751
503	767
503	868
504	35
504	695
504	843
504	862
504	892
504	969
504	988
505	546
505	677
505	888
505	916
505	972
505	975
505	988
506	214
506	289
506	790
506	799
506	805
506	808
506	876
507	141
507	193
507	364
507	615
507	616
507	690
507	829
508	326
508	739
508	884
508	942
508	974
508	977
508	987
509	618
509	848
509	871
509	903
509	920
509	972
509	997
510	259
510	474
510	547
510	628
510	636
510	836
510	859
511	425
511	556
511	678
511	702
511	864
511	911
511	915
512	438
512	645
512	777
512	895
512	912
512	962
512	991
513	48
513	479
513	612
513	804
513	931
513	940
513	993
514	590
514	658
514	714
514	721
514	772
514	830
514	874
515	23
515	195
515	302
515	503
515	578
515	751
515	767
516	647
516	751
516	773
516	874
516	957
516	969
516	1000
517	260
517	315
517	440
517	490
517	660
517	672
517	760
518	17
518	664
518	764
518	773
518	938
518	956
518	973
519	607
519	630
519	696
519	882
519	909
519	919
519	951
520	760
520	849
520	874
520	899
520	902
520	934
520	987
521	783
521	898
521	917
521	948
521	963
521	976
521	979
522	703
522	807
522	882
522	905
522	932
522	939
522	982
523	272
523	558
523	634
523	858
523	868
523	933
523	957
524	313
524	765
524	800
524	855
524	894
524	926
524	934
525	588
525	754
525	869
525	918
525	945
525	950
525	999
526	643
526	750
526	806
526	938
526	947
526	956
526	973
527	632
527	814
527	821
527	863
527	889
527	971
527	994
528	489
528	602
528	674
528	819
528	840
528	896
528	914
529	165
529	239
529	560
529	605
529	726
529	801
529	888
530	161
530	575
530	581
530	669
530	817
530	969
530	988
531	220
531	582
531	892
531	899
531	969
531	970
531	988
532	90
532	220
532	391
532	892
532	969
532	988
532	989
533	769
533	821
533	889
533	914
533	964
533	971
533	994
534	732
534	887
534	927
534	953
534	959
534	970
534	992
535	87
535	250
535	624
535	716
535	982
535	984
535	991
536	300
536	490
536	501
536	544
536	931
536	940
536	993
537	224
537	791
537	836
537	841
537	895
537	962
537	989
538	459
538	763
538	841
538	895
538	912
538	925
538	962
539	283
539	287
539	601
539	620
539	856
539	867
539	997
540	698
540	729
540	806
540	938
540	956
540	973
540	988
541	587
541	600
541	735
541	793
541	880
541	885
541	1000
542	463
542	667
542	794
542	809
542	810
542	835
542	910
543	494
543	776
543	825
543	908
543	921
543	943
543	960
544	15
544	536
544	612
544	634
544	931
544	940
544	993
545	958
545	966
545	967
545	986
545	990
545	996
545	1000
546	349
546	505
546	626
546	708
546	823
546	989
546	997
547	28
547	104
547	259
547	510
547	628
547	636
547	859
548	155
548	265
548	435
548	550
548	602
548	676
548	728
549	455
549	617
549	674
549	819
549	891
549	896
549	914
550	265
550	435
550	548
550	602
550	676
550	728
550	840
551	328
551	754
551	798
551	829
551	972
551	982
551	994
552	315
552	465
552	611
552	759
552	833
552	851
552	952
553	849
553	898
553	917
553	948
553	963
553	976
553	979
554	456
554	807
554	882
554	905
554	932
554	939
554	982
555	330
555	350
555	681
555	749
555	782
555	846
555	893
556	290
556	511
556	752
556	821
556	889
556	971
556	994
557	108
557	565
557	653
557	724
557	787
557	902
557	997
558	390
558	523
558	641
558	858
558	868
558	933
558	957
559	468
559	578
559	657
559	856
559	928
559	929
559	942
560	165
560	384
560	434
560	529
560	647
560	726
560	801
560	888
561	176
561	180
561	206
561	742
561	757
562	41
562	85
562	127
562	179
562	652
562	890
562	916
562	937
563	613
563	734
563	768
563	780
563	802
563	873
563	897
563	983
564	687
564	703
564	807
564	882
564	905
564	932
564	939
564	982
565	88
565	557
565	650
565	653
565	724
565	787
565	902
565	989
566	398
566	776
566	825
566	870
566	908
566	921
566	943
566	960
567	589
567	657
567	711
567	759
567	926
567	934
567	960
567	972
568	610
568	731
568	788
568	810
568	815
568	866
568	887
569	576
569	707
569	749
569	782
569	832
569	846
569	869
569	893
570	743
570	771
570	806
570	924
570	941
570	955
570	961
570	975
571	853
571	898
571	900
571	917
571	948
571	963
571	976
571	979
572	114
572	286
572	338
572	599
572	635
572	722
572	824
573	210
573	227
573	421
573	499
573	596
573	721
573	766
573	817
574	89
574	746
574	816
574	852
574	877
574	907
574	978
574	980
575	530
575	592
575	669
575	843
575	892
575	899
575	969
575	988
576	350
576	472
576	569
576	621
576	782
576	832
576	846
576	893
577	720
577	770
577	858
577	935
577	976
577	979
577	994
577	1000
578	13
578	23
578	195
578	302
578	515
578	559
578	767
578	805
579	3
579	238
579	353
579	358
579	591
579	682
579	982
580	584
580	758
580	774
580	910
580	942
580	974
580	977
580	987
581	97
581	243
581	530
581	744
581	843
581	909
581	969
581	988
582	531
582	727
582	778
582	822
582	892
582	899
582	969
582	988
583	435
583	742
583	757
583	775
583	777
583	859
583	916
583	971
584	580
584	884
584	918
584	942
584	974
584	977
584	987
584	995
585	155
585	306
585	424
585	710
585	781
585	798
585	842
585	885
586	56
586	306
586	461
586	665
586	710
586	798
586	865
586	929
587	408
587	541
587	600
587	738
587	803
587	834
587	880
587	885
588	93
588	525
588	754
588	869
588	950
588	991
588	995
588	999
589	279
589	567
589	649
589	673
589	693
589	725
589	849
589	860
590	92
590	514
590	658
590	659
590	714
590	721
590	772
590	874
591	3
591	238
591	353
591	579
591	682
591	849
592	575
592	683
592	770
592	818
592	831
592	872
592	879
592	881
593	132
593	175
593	351
593	394
593	473
593	625
593	627
593	736
594	256
594	425
594	639
594	678
594	747
594	864
594	911
594	915
595	290
595	752
595	812
595	821
595	865
595	889
595	971
595	994
596	89
596	210
596	312
596	421
596	499
596	573
596	766
596	992
597	624
597	958
597	966
597	967
597	986
597	990
597	996
597	1000
598	300
598	327
598	385
598	393
598	666
598	804
598	854
598	983
599	572
599	635
599	722
599	824
599	910
600	462
600	541
600	587
600	733
600	735
600	803
600	811
600	880
601	46
601	123
601	539
601	620
601	626
601	662
601	856
601	867
602	265
602	435
602	500
602	528
602	548
602	550
602	676
602	728
603	442
603	691
603	748
603	784
603	836
603	841
603	912
603	962
604	467
604	712
604	812
604	814
604	821
604	889
604	971
604	994
605	45
605	67
605	371
605	384
605	529
605	726
605	801
605	888
606	748
606	828
606	830
606	935
606	937
606	954
606	983
606	996
607	519
607	609
607	630
607	706
607	909
607	919
607	951
607	986
608	244
608	733
608	738
608	793
608	803
608	811
608	834
608	880
609	219
609	261
609	607
609	706
609	762
609	909
609	951
609	997
610	389
610	568
610	731
610	788
610	810
610	815
610	866
611	14
611	465
611	552
611	759
611	822
611	833
611	851
611	952
612	300
612	447
612	513
612	544
612	931
612	940
612	945
612	991
613	563
613	734
613	755
613	768
613	780
613	802
613	873
613	897
614	712
614	762
614	771
614	924
614	941
614	955
614	961
614	975
615	446
615	507
615	902
615	926
615	928
615	957
615	959
615	970
616	154
616	193
616	335
616	364
616	507
616	690
616	952
616	983
617	549
617	783
617	840
617	891
617	896
617	914
617	925
617	947
618	509
618	674
618	697
618	848
618	871
618	903
618	920
618	972
619	729
619	761
619	764
619	773
619	938
619	948
619	956
619	973
620	345
620	349
620	539
620	601
620	856
620	904
620	989
620	997
621	503
621	576
621	767
621	803
621	893
621	951
621	976
621	994
622	32
622	433
622	694
622	719
622	774
622	942
622	974
622	977
622	987
623	776
623	825
623	870
623	906
623	908
623	921
623	929
623	943
623	960
624	53
624	87
624	241
624	250
624	457
624	535
624	597
624	984
624	991
625	483
625	593
625	627
625	910
625	929
625	940
625	960
625	974
625	987
626	46
626	207
626	287
626	317
626	345
626	546
626	601
626	904
626	991
627	175
627	351
627	394
627	473
627	593
627	625
627	736
627	827
627	922
628	28
628	104
628	259
628	474
628	510
628	547
628	631
628	636
628	737
629	646
629	705
629	765
629	786
629	855
629	894
629	926
629	934
629	993
630	318
630	519
630	607
630	691
630	762
630	919
630	951
630	981
630	997
631	628
631	686
631	857
631	859
631	866
631	873
631	897
631	938
631	940
632	527
632	742
632	752
632	769
632	814
632	821
632	889
632	971
632	994
633	246
633	438
633	439
633	691
633	784
633	841
633	895
633	912
633	962
634	249
634	280
634	337
634	523
634	544
634	858
634	868
634	933
634	957
635	114
635	286
635	338
635	572
635	599
635	722
635	808
635	824
636	28
636	104
636	259
636	314
636	474
636	510
636	547
636	628
636	891
637	11
637	800
637	887
637	901
637	927
637	953
637	959
637	970
637	992
638	776
638	825
638	870
638	906
638	908
638	921
638	943
638	956
638	960
639	247
639	594
639	702
639	747
639	864
639	911
639	915
639	960
639	964
640	169
640	177
640	198
640	252
640	365
640	675
640	677
640	789
640	890
641	58
641	280
641	352
641	367
641	558
641	858
641	933
641	957
641	984
642	19
642	143
642	168
642	297
642	316
642	325
642	502
642	657
642	725
643	431
643	480
643	526
643	764
643	806
643	938
643	956
643	973
643	983
644	391
644	688
644	695
644	744
644	843
644	862
644	892
644	969
644	988
645	459
645	512
645	648
645	763
645	784
645	791
645	895
645	970
645	989
646	288
646	323
646	629
646	786
646	790
646	855
646	894
646	926
646	934
647	463
647	516
647	560
647	667
647	668
647	809
647	835
647	910
647	997
648	55
648	221
648	645
648	691
648	763
648	777
648	841
648	912
648	962
649	293
649	453
649	589
649	668
649	711
649	797
649	849
649	860
649	890
650	565
650	742
650	757
650	892
650	910
650	980
650	988
650	999
650	1000
651	95
651	147
651	225
651	684
651	705
651	826
651	838
651	984
651	995
652	63
652	450
652	466
652	562
652	679
652	916
652	966
652	983
652	995
653	88
653	191
653	492
653	557
653	565
653	787
653	890
653	902
653	989
654	833
654	909
654	916
654	931
654	933
654	951
654	976
654	979
654	1000
655	64
655	328
655	396
655	681
655	778
655	904
655	981
656	197
656	254
656	303
656	319
656	414
656	709
656	813
656	829
656	863
657	19
657	168
657	297
657	325
657	502
657	559
657	567
657	642
657	995
658	514
658	590
658	659
658	714
658	721
658	772
658	862
658	874
658	981
659	92
659	485
659	590
659	658
659	710
659	721
659	772
659	874
659	981
660	260
660	315
660	440
660	441
660	490
660	517
660	672
660	760
661	741
661	743
661	771
661	855
661	924
661	941
661	955
661	961
661	975
662	601
662	753
662	832
662	912
662	913
662	960
662	962
662	972
662	994
663	249
663	298
663	337
663	858
663	868
663	933
663	952
663	957
663	971
664	518
664	750
664	753
664	773
664	806
664	938
664	952
664	956
664	973
665	406
665	586
665	781
665	798
665	842
665	865
665	928
665	929
665	993
666	66
666	82
666	208
666	385
666	393
666	598
666	804
666	854
666	867
667	444
667	542
667	647
667	668
667	718
667	809
667	835
667	910
667	997
668	444
668	463
668	647
668	649
668	667
668	794
668	835
668	910
668	925
668	981
669	247
669	530
669	575
669	727
669	744
669	862
669	892
669	899
669	969
669	988
670	419
670	755
670	887
670	901
670	927
670	953
670	959
670	970
670	992
670	995
671	820
671	853
671	898
671	900
671	917
671	947
671	948
671	963
671	976
671	979
672	260
672	315
672	360
672	440
672	490
672	517
672	660
672	760
672	843
673	86
673	279
673	397
673	589
673	711
673	725
673	797
673	849
673	860
673	929
674	528
674	549
674	618
674	717
674	783
674	819
674	840
674	891
674	896
674	914
675	386
675	640
675	930
675	944
675	946
675	949
675	965
675	968
675	985
675	998
676	174
676	265
676	357
676	435
676	548
676	550
676	602
676	708
676	728
676	817
677	169
677	177
677	198
677	252
677	321
677	365
677	505
677	640
677	778
677	789
678	61
678	456
678	511
678	594
678	702
678	805
678	864
678	911
678	915
678	985
679	41
679	85
679	127
679	179
679	466
679	652
679	916
679	973
679	983
679	995
680	347
680	452
680	737
680	748
680	828
680	830
680	935
680	937
680	954
680	983
681	64
681	215
681	222
681	328
681	396
681	415
681	555
681	655
681	778
681	904
682	3
682	143
682	164
682	215
682	238
682	353
682	379
682	579
682	591
682	892
683	234
683	488
683	592
683	708
683	818
683	831
683	872
683	879
683	881
683	983
684	5
684	21
684	52
684	225
684	416
684	651
684	705
684	826
684	838
684	995
685	872
685	922
685	930
685	944
685	946
685	949
685	965
685	968
685	985
685	998
686	261
686	361
686	392
686	631
686	689
686	696
686	706
686	909
686	919
686	951
687	491
687	564
687	703
687	807
687	882
687	905
687	932
687	938
687	939
687	982
688	339
688	644
688	727
688	744
688	843
688	862
688	899
688	932
688	964
688	988
689	49
689	136
689	138
689	686
689	706
689	762
689	909
689	919
689	921
689	951
690	193
690	281
690	335
690	364
690	383
690	400
690	507
690	616
690	704
690	983
691	443
691	603
691	630
691	633
691	648
691	763
691	841
691	912
691	962
691	991
692	112
692	214
692	264
692	289
692	332
692	701
692	790
692	794
692	808
692	876
693	589
693	922
693	930
693	944
693	946
693	949
693	965
693	968
693	985
693	998
694	356
694	484
694	622
694	719
694	774
694	884
694	974
694	977
694	981
694	987
695	504
695	644
695	862
695	892
695	899
695	964
695	969
695	974
695	988
695	989
696	136
696	261
696	392
696	519
696	686
696	829
696	909
696	919
696	951
696	997
697	495
697	496
697	618
697	848
697	871
697	903
697	920
697	964
697	972
697	981
698	426
698	460
698	540
698	729
698	750
698	761
698	938
698	950
698	956
698	973
699	755
699	800
699	887
699	901
699	927
699	953
699	959
699	970
699	990
699	992
700	922
700	930
700	944
700	946
700	949
700	953
700	965
700	968
700	985
700	998
701	214
701	253
701	399
701	432
701	446
701	692
701	799
701	876
701	893
701	995
702	68
702	74
702	511
702	639
702	678
702	769
702	864
702	911
702	915
702	964
703	248
703	522
703	564
703	687
703	807
703	882
703	905
703	932
703	939
703	982
704	17
704	101
704	412
704	413
704	690
704	770
704	831
704	872
704	879
704	881
705	95
705	140
705	416
705	629
705	651
705	684
705	826
705	838
705	923
705	995
706	318
706	482
706	607
706	609
706	686
706	689
706	762
706	919
706	951
706	997
707	31
707	375
707	472
707	569
707	749
707	774
707	832
707	846
707	893
707	991
708	546
708	676
708	683
708	728
708	851
708	902
708	969
708	988
708	996
708	1000
709	185
709	233
709	303
709	343
709	414
709	656
709	813
709	829
709	863
709	939
710	194
710	406
710	424
710	585
710	586
710	659
710	781
710	842
710	865
710	929
711	144
711	264
711	397
711	453
711	567
711	649
711	673
711	725
711	797
711	849
711	860
712	487
712	604
712	614
712	720
712	743
712	771
712	924
712	941
712	955
712	961
712	975
713	399
713	470
713	746
713	792
713	816
713	852
713	877
713	907
713	945
713	978
713	980
714	190
714	211
714	485
714	514
714	590
714	658
714	721
714	772
714	874
714	981
714	984
715	59
715	716
715	753
715	775
715	857
715	875
715	883
715	913
715	928
715	945
715	964
716	382
716	500
716	535
716	715
716	753
716	756
716	775
716	857
716	875
716	913
716	928
717	167
717	489
717	674
717	783
717	819
717	840
717	862
717	891
717	896
717	914
717	964
718	425
718	667
718	818
718	833
718	842
718	879
718	909
718	915
718	937
718	951
718	954
719	334
719	387
719	622
719	694
719	884
719	942
719	964
719	974
719	977
719	987
719	995
720	577
720	712
720	743
720	771
720	924
720	941
720	955
720	961
720	975
721	190
721	485
721	514
721	573
721	590
721	658
721	659
721	714
721	772
721	874
721	981
722	114
722	286
722	338
722	572
722	599
722	635
722	824
722	867
723	820
723	853
723	898
723	900
723	917
723	948
723	963
723	976
723	979
723	990
724	108
724	146
724	191
724	492
724	557
724	565
724	760
724	787
724	902
724	989
724	997
725	293
725	453
725	589
725	642
725	673
725	711
725	797
725	849
725	860
725	890
725	921
726	67
726	239
726	371
726	378
726	434
726	529
726	560
726	605
726	801
726	847
726	888
727	97
727	582
727	669
727	688
727	744
727	843
727	892
727	899
727	969
727	988
727	989
728	211
728	265
728	379
728	432
728	435
728	548
728	550
728	602
728	676
728	708
728	817
729	324
729	540
729	619
729	698
729	764
729	773
729	806
729	818
729	938
729	956
729	973
730	878
730	886
730	924
730	936
730	958
730	966
730	967
730	986
730	990
730	996
730	1000
731	389
731	568
731	610
731	788
731	810
731	815
731	866
731	921
731	952
732	534
732	755
732	800
732	887
732	901
732	927
732	953
732	959
732	970
732	992
732	1000
733	408
733	600
733	608
733	738
733	793
733	811
733	834
733	880
733	881
733	885
733	989
734	563
734	613
734	768
734	780
734	802
734	873
734	878
734	897
734	983
735	58
735	541
735	600
735	738
735	758
735	803
735	834
735	880
735	885
735	981
735	989
736	132
736	170
736	175
736	351
736	379
736	394
736	473
736	593
736	627
736	792
736	827
737	27
737	388
737	628
737	680
737	748
737	828
737	830
737	845
737	935
737	937
737	954
738	8
738	587
738	608
738	733
738	735
738	793
738	811
738	834
738	880
738	885
738	892
739	508
739	772
739	774
739	805
739	884
739	942
739	974
739	977
739	981
739	987
739	990
740	756
740	851
740	873
740	897
740	928
740	932
740	977
740	985
740	987
740	998
740	1000
741	174
741	661
741	747
741	810
741	824
741	831
741	866
741	915
741	974
741	978
741	987
742	176
742	180
742	206
742	561
742	583
742	632
742	650
742	745
742	757
742	779
743	253
743	570
743	661
743	712
743	720
743	771
743	924
743	941
743	955
743	961
743	975
744	96
744	203
744	418
744	581
744	644
744	669
744	688
744	727
744	862
744	969
744	988
745	503
745	742
745	751
745	757
745	833
745	835
745	851
745	901
745	929
745	931
745	940
745	992
746	296
746	493
746	574
746	713
746	792
746	816
746	852
746	871
746	877
746	907
746	978
746	980
747	43
747	61
747	228
747	425
747	456
747	594
747	639
747	741
747	864
747	911
747	915
747	964
748	106
748	166
748	483
748	603
748	606
748	680
748	737
748	828
748	845
748	935
748	937
748	954
749	142
749	373
749	375
749	472
749	555
749	569
749	707
749	764
749	782
749	846
749	893
749	991
750	431
750	480
750	526
750	664
750	698
750	773
750	806
750	899
750	938
750	956
750	973
750	994
751	13
751	23
751	186
751	195
751	275
751	302
751	503
751	515
751	516
751	745
751	767
751	805
752	116
752	259
752	376
752	556
752	595
752	632
752	769
752	809
752	812
752	889
752	971
752	994
753	109
753	171
753	232
753	662
753	664
753	715
753	716
753	756
753	775
753	875
753	913
753	928
754	341
754	398
754	422
754	525
754	551
754	588
754	869
754	918
754	950
754	989
754	995
754	999
755	613
755	670
755	699
755	732
755	800
755	887
755	901
755	927
755	953
755	959
755	970
755	992
756	133
756	171
756	189
756	716
756	740
756	753
756	775
756	857
756	875
756	895
756	913
756	928
757	157
757	176
757	180
757	206
757	294
757	561
757	583
757	650
757	742
757	745
757	779
757	821
758	267
758	417
758	433
758	580
758	735
758	774
758	884
758	942
758	970
758	974
758	977
758	987
759	40
759	202
759	320
759	374
759	552
759	567
759	611
759	778
759	779
759	833
759	851
759	971
760	115
760	260
760	315
760	342
760	440
760	490
760	517
760	520
760	660
760	672
760	724
760	933
761	426
761	619
761	698
761	764
761	806
761	864
761	938
761	945
761	952
761	956
761	971
761	973
762	20
762	361
762	392
762	609
762	614
762	630
762	689
762	706
762	909
762	919
762	951
762	997
763	439
763	538
763	645
763	648
763	691
763	836
763	841
763	895
763	908
763	962
763	989
763	991
764	324
764	518
764	619
764	643
764	729
764	749
764	761
764	773
764	806
764	938
764	956
764	973
765	65
765	163
765	323
765	430
765	524
765	629
765	786
765	795
765	855
765	894
765	926
765	934
766	73
766	89
766	210
766	227
766	312
766	342
766	415
766	421
766	499
766	573
766	596
766	817
767	13
767	23
767	195
767	209
767	302
767	503
767	515
767	578
767	621
767	751
767	805
767	964
768	258
768	355
768	366
768	499
768	563
768	613
768	734
768	780
768	802
768	873
768	897
768	983
769	279
769	285
769	376
769	533
769	632
769	702
769	752
769	814
769	889
769	964
769	971
769	994
770	234
770	368
770	413
770	488
770	577
770	592
770	704
770	775
770	818
770	872
770	879
770	881
771	29
771	570
771	614
771	661
771	712
771	720
771	743
771	924
771	941
771	955
771	961
771	975
772	92
772	190
772	485
772	514
772	590
772	658
772	659
772	714
772	721
772	739
772	874
772	981
773	460
773	516
773	518
773	619
773	664
773	729
773	750
773	764
773	806
773	938
773	945
773	956
773	973
774	387
774	484
774	580
774	622
774	694
774	707
774	739
774	758
774	906
774	942
774	974
774	977
774	987
775	301
775	583
775	715
775	716
775	753
775	756
775	770
775	857
775	875
775	913
775	928
775	945
775	964
776	169
776	543
776	566
776	623
776	638
776	825
776	870
776	906
776	908
776	921
776	943
776	960
776	984
777	55
777	438
777	442
777	512
777	583
777	648
777	836
777	847
777	895
777	947
777	955
777	962
777	991
778	213
778	582
778	655
778	677
778	681
778	759
778	789
778	851
778	921
778	943
778	959
778	988
778	992
779	72
779	742
779	757
779	759
779	851
779	881
779	916
779	937
779	954
779	978
779	980
779	996
779	1000
780	172
780	197
780	355
780	366
780	462
780	563
780	613
780	734
780	768
780	802
780	873
780	897
780	983
781	424
781	441
781	461
781	585
781	665
781	710
781	798
781	842
781	865
781	923
781	929
781	949
781	993
782	31
782	373
782	472
782	555
782	569
782	576
782	749
782	832
782	846
782	893
782	956
782	991
782	993
783	423
783	489
783	521
783	617
783	674
783	717
783	819
783	840
783	891
783	896
783	914
783	930
783	947
784	443
784	603
784	633
784	645
784	791
784	836
784	841
784	895
784	907
784	912
784	933
784	962
784	968
785	803
785	844
785	850
785	861
785	922
785	930
785	944
785	946
785	949
785	965
785	968
785	985
785	998
786	237
786	336
786	381
786	430
786	629
786	646
786	765
786	855
786	894
786	926
786	930
786	934
786	993
787	50
787	146
787	191
787	492
787	557
787	565
787	653
787	724
787	890
787	902
787	989
787	997
787	998
788	199
788	274
788	389
788	568
788	610
788	731
788	810
788	815
788	866
788	952
788	987
789	169
789	173
789	177
789	209
789	252
789	321
789	365
789	397
789	640
789	677
789	778
789	881
789	890
790	80
790	117
790	257
790	289
790	332
790	348
790	446
790	506
790	646
790	692
790	799
790	876
790	995
791	55
791	216
791	400
791	442
791	537
791	645
791	784
791	836
791	841
791	895
791	912
791	933
791	962
792	33
792	331
792	369
792	470
792	713
792	736
792	746
792	816
792	852
792	877
792	907
792	978
792	980
793	7
793	408
793	541
793	608
793	733
793	738
793	803
793	811
793	834
793	880
793	885
793	979
793	981
794	137
794	463
794	476
794	478
794	542
794	668
794	692
794	795
794	809
794	835
794	910
794	981
794	997
795	4
795	765
795	794
795	809
795	882
795	934
795	950
795	965
795	978
795	980
795	982
795	985
795	999
796	851
796	857
796	918
796	926
796	928
796	935
796	937
796	939
796	940
796	976
796	979
796	982
796	999
797	86
797	120
797	240
797	279
797	293
797	397
797	649
797	673
797	711
797	725
797	849
797	890
797	997
798	377
798	406
798	492
798	551
798	585
798	586
798	665
798	781
798	865
798	867
798	904
798	929
798	984
799	30
799	138
799	253
799	257
799	264
799	348
799	399
799	506
799	701
799	790
799	808
799	876
799	995
800	524
800	637
800	699
800	732
800	755
800	887
800	901
800	927
800	938
800	953
800	959
800	970
800	992
801	67
801	165
801	371
801	384
801	434
801	529
801	560
801	605
801	726
801	847
801	872
801	888
801	904
802	172
802	258
802	355
802	366
802	563
802	613
802	734
802	768
802	780
802	873
802	897
802	983
802	996
803	587
803	600
803	608
803	621
803	735
803	785
803	793
803	811
803	834
803	880
803	885
803	978
803	981
804	66
804	82
804	148
804	208
804	327
804	385
804	393
804	513
804	598
804	666
804	854
804	856
804	867
804	983
805	214
805	288
805	466
805	506
805	578
805	678
805	739
805	751
805	767
805	915
805	916
805	933
805	957
805	974
806	526
806	540
806	570
806	643
806	664
806	729
806	750
806	761
806	764
806	773
806	938
806	947
806	956
806	973
807	60
807	62
807	124
807	491
807	522
807	554
807	564
807	687
807	703
807	882
807	905
807	932
807	939
807	982
808	30
808	80
808	257
808	264
808	289
808	332
808	348
808	446
808	506
808	635
808	692
808	799
808	838
808	876
809	201
809	418
809	420
809	463
809	476
809	478
809	542
809	647
809	667
809	752
809	794
809	795
809	910
809	997
810	199
810	274
810	389
810	407
810	542
810	568
810	610
810	731
810	741
810	788
810	815
810	866
810	923
810	952
811	8
811	600
811	608
811	733
811	738
811	793
811	803
811	834
811	880
811	885
811	954
811	959
811	981
811	989
812	77
812	116
812	213
812	269
812	316
812	376
812	595
812	604
812	752
812	814
812	821
812	889
812	971
812	994
813	81
813	185
813	233
813	254
813	303
813	319
813	343
813	414
813	500
813	656
813	709
813	829
813	847
813	863
814	24
814	100
814	150
814	467
814	527
814	604
814	632
814	769
814	812
814	821
814	889
814	971
814	973
814	994
815	199
815	274
815	389
815	436
815	568
815	610
815	731
815	788
815	810
815	866
815	923
815	952
816	75
816	229
816	364
816	574
816	713
816	746
816	792
816	852
816	877
816	904
816	907
816	945
816	978
816	980
817	375
817	391
817	401
817	404
817	530
817	573
817	676
817	728
817	766
817	871
817	961
817	972
817	975
817	999
818	72
818	101
818	188
818	231
818	243
818	368
818	488
818	592
818	683
818	718
818	729
818	770
818	839
818	879
818	881
819	119
819	139
819	395
819	420
819	423
819	489
819	528
819	549
819	674
819	717
819	783
819	840
819	891
819	896
819	914
820	671
820	723
820	853
820	898
820	900
820	907
820	917
820	948
820	963
820	976
820	979
821	269
821	467
821	527
821	533
821	556
821	595
821	604
821	632
821	757
821	812
821	814
821	889
821	952
821	971
821	994
822	65
822	582
822	611
822	833
822	849
822	860
822	932
822	937
822	943
822	953
822	954
822	959
822	960
822	982
822	992
823	546
823	837
823	844
823	850
823	861
823	922
823	930
823	944
823	946
823	949
823	965
823	968
823	985
823	998
824	114
824	286
824	338
824	356
824	358
824	391
824	441
824	451
824	468
824	572
824	599
824	635
824	722
824	741
824	909
825	455
825	543
825	566
825	623
825	638
825	776
825	870
825	906
825	908
825	921
825	943
825	960
825	984
825	987
825	989
826	21
826	95
826	140
826	147
826	225
826	292
826	363
826	416
826	651
826	684
826	705
826	838
826	901
826	923
826	995
827	141
827	283
827	351
827	627
827	736
827	856
827	911
827	915
827	939
827	951
827	965
827	982
827	983
827	985
827	998
828	419
828	426
828	452
828	469
828	477
828	606
828	680
828	737
828	748
828	830
828	845
828	935
828	937
828	952
828	954
829	81
829	185
829	233
829	254
829	303
829	319
829	343
829	414
829	507
829	551
829	656
829	696
829	709
829	813
829	863
830	110
830	217
830	388
830	419
830	477
830	514
830	606
830	680
830	737
830	828
830	845
830	925
830	935
830	937
830	954
831	4
831	231
831	235
831	368
831	413
831	480
831	592
831	683
831	704
831	741
831	872
831	879
831	881
831	912
831	983
832	11
832	142
832	330
832	350
832	373
832	472
832	569
832	576
832	662
832	707
832	782
832	846
832	893
832	991
832	993
833	40
833	202
833	222
833	320
833	374
833	465
833	552
833	611
833	654
833	718
833	745
833	759
833	822
833	851
833	952
834	160
834	231
834	244
834	408
834	462
834	587
834	608
834	733
834	735
834	738
834	793
834	803
834	811
834	880
834	885
834	989
835	118
835	137
835	226
835	329
835	432
835	444
835	476
835	478
835	542
835	647
835	667
835	668
835	745
835	794
835	910
835	981
836	99
836	439
836	443
836	459
836	510
836	537
836	603
836	763
836	777
836	784
836	791
836	841
836	912
836	925
836	962
836	991
837	823
837	844
837	850
837	861
837	922
837	930
837	944
837	946
837	949
837	965
837	968
837	985
837	996
837	998
838	5
838	21
838	95
838	140
838	147
838	225
838	360
838	372
838	416
838	651
838	684
838	705
838	808
838	826
838	923
838	995
839	101
839	818
839	870
839	872
839	906
839	925
839	933
839	950
839	953
839	957
839	970
839	992
839	994
839	996
839	999
839	1000
840	167
840	395
840	420
840	423
840	528
840	550
840	617
840	674
840	717
840	783
840	819
840	891
840	896
840	914
840	953
840	964
841	30
841	159
841	537
841	538
841	603
841	633
841	648
841	691
841	763
841	784
841	791
841	836
841	895
841	912
841	962
841	989
842	56
842	152
842	305
842	406
842	461
842	585
842	665
842	710
842	718
842	781
842	865
842	867
842	904
842	918
842	929
842	993
843	90
843	246
843	504
843	575
843	581
843	644
843	672
843	688
843	727
843	862
843	892
843	899
843	964
843	969
843	988
843	989
844	785
844	823
844	837
844	850
844	861
844	922
844	930
844	941
844	944
844	946
844	949
844	965
844	968
844	985
844	998
845	27
845	123
845	166
845	218
845	219
845	388
845	452
845	469
845	737
845	748
845	828
845	830
845	871
845	935
845	937
845	947
845	954
846	31
846	86
846	162
846	292
846	330
846	358
846	375
846	555
846	569
846	576
846	707
846	749
846	782
846	832
846	893
846	991
846	993
847	726
847	777
847	801
847	813
847	868
847	888
847	905
847	909
847	919
847	920
847	951
847	957
847	962
847	972
847	974
847	977
847	987
848	131
848	262
848	284
848	299
848	495
848	496
848	509
848	618
848	697
848	850
848	867
848	871
848	903
848	920
848	972
848	981
848	997
849	120
849	240
849	293
849	380
849	397
849	453
849	520
849	553
849	589
849	591
849	649
849	673
849	711
849	725
849	797
849	822
849	860
850	785
850	823
850	837
850	844
850	848
850	861
850	922
850	930
850	944
850	946
850	949
850	965
850	968
850	985
850	998
851	40
851	202
851	207
851	320
851	374
851	465
851	552
851	611
851	708
851	740
851	745
851	759
851	778
851	779
851	796
851	833
851	952
852	75
852	268
852	386
852	470
852	493
852	574
852	713
852	746
852	792
852	816
852	877
852	907
852	911
852	922
852	952
852	978
852	980
853	571
853	671
853	723
853	820
853	898
853	900
853	917
853	948
853	963
853	975
853	976
853	979
854	66
854	82
854	126
854	148
854	208
854	327
854	356
854	385
854	393
854	400
854	469
854	598
854	666
854	804
854	867
854	983
854	991
855	113
855	218
855	263
855	381
855	430
855	482
855	524
855	629
855	646
855	661
855	765
855	786
855	894
855	926
855	934
855	959
855	993
856	46
856	54
856	207
856	283
856	287
856	317
856	345
856	349
856	539
856	559
856	601
856	620
856	804
856	827
856	904
856	989
856	997
857	7
857	109
857	133
857	243
857	308
857	382
857	631
857	715
857	716
857	756
857	775
857	796
857	875
857	913
857	928
857	945
857	991
858	12
858	128
858	206
858	278
858	337
858	367
858	429
858	523
858	558
858	577
858	634
858	641
858	663
858	868
858	933
858	952
858	957
859	510
859	547
859	583
859	631
859	918
859	933
859	935
859	942
859	950
859	954
859	957
859	965
859	977
859	985
859	987
859	998
859	999
860	86
860	120
860	240
860	293
860	340
860	397
860	400
860	453
860	589
860	649
860	673
860	711
860	725
860	822
860	849
860	920
860	972
861	785
861	823
861	837
861	844
861	850
861	922
861	930
861	944
861	946
861	949
861	965
861	968
861	972
861	985
861	986
861	998
862	35
862	220
862	246
862	276
862	339
862	401
862	504
862	644
862	658
862	669
862	688
862	695
862	717
862	744
862	843
862	892
862	899
862	988
863	81
863	185
863	233
863	254
863	303
863	307
863	319
863	343
863	372
863	414
863	457
863	497
863	527
863	656
863	709
863	813
863	829
863	962
864	16
864	68
864	201
864	217
864	224
864	247
864	256
864	292
864	456
864	511
864	594
864	639
864	678
864	702
864	747
864	761
864	911
864	915
865	56
865	155
865	181
865	194
865	306
865	360
865	424
865	461
865	586
865	595
865	665
865	710
865	781
865	798
865	842
865	929
865	984
865	993
866	199
866	274
866	292
866	310
866	389
866	448
866	500
866	568
866	610
866	631
866	731
866	741
866	788
866	810
866	815
866	923
866	952
866	997
867	287
867	539
867	601
867	666
867	722
867	798
867	804
867	842
867	848
867	854
867	906
867	929
867	960
867	968
867	972
867	990
867	996
867	1000
868	12
868	118
868	128
868	272
868	278
868	280
868	298
868	429
868	503
868	523
868	558
868	634
868	663
868	847
868	858
868	933
868	942
868	957
869	25
869	163
869	271
869	398
869	404
869	405
869	445
869	475
869	525
869	569
869	588
869	754
869	918
869	925
869	927
869	950
869	984
869	995
870	111
870	131
870	151
870	402
870	455
870	464
870	566
870	623
870	638
870	776
870	825
870	839
870	906
870	908
870	921
870	943
870	960
870	981
870	989
871	299
871	334
871	481
871	495
871	496
871	509
871	618
871	697
871	746
871	817
871	845
871	848
871	903
871	920
871	945
871	947
871	972
871	981
871	997
872	4
872	17
872	101
872	188
872	235
872	368
872	412
872	488
872	592
872	683
872	685
872	704
872	770
872	801
872	831
872	839
872	879
872	881
872	983
873	172
873	197
873	258
873	263
873	355
873	366
873	405
873	563
873	613
873	631
873	734
873	740
873	768
873	780
873	802
873	897
873	983
874	92
874	122
874	190
874	209
874	432
874	485
874	497
874	514
874	516
874	520
874	590
874	658
874	659
874	714
874	721
874	772
874	894
874	967
874	981
875	7
875	76
875	105
875	107
875	171
875	203
875	204
875	301
875	308
875	715
875	716
875	753
875	756
875	775
875	857
875	883
875	913
875	928
875	964
876	30
876	80
876	112
876	117
876	253
876	257
876	332
876	348
876	399
876	446
876	457
876	506
876	692
876	701
876	790
876	799
876	808
876	983
876	995
877	38
877	42
877	52
877	268
877	296
877	369
877	386
877	574
877	713
877	746
877	792
877	816
877	852
877	907
877	952
877	978
877	980
877	988
877	989
878	730
878	734
878	883
878	886
878	897
878	936
878	958
878	966
878	967
878	986
878	990
878	996
878	1000
879	4
879	17
879	231
879	235
879	412
879	413
879	488
879	592
879	683
879	704
879	718
879	770
879	818
879	831
879	872
879	881
879	888
879	947
879	983
880	160
880	408
880	462
880	541
880	587
880	600
880	608
880	733
880	735
880	738
880	793
880	803
880	811
880	834
880	885
880	977
880	981
880	982
880	989
881	78
881	231
881	234
881	235
881	412
881	413
881	488
881	592
881	683
881	704
881	733
881	770
881	779
881	789
881	818
881	831
881	872
881	879
881	983
882	10
882	34
882	236
882	348
882	449
882	451
882	519
882	522
882	554
882	564
882	687
882	703
882	795
882	807
882	905
882	923
882	932
882	939
882	982
883	715
883	875
883	878
883	886
883	936
883	958
883	966
883	967
883	986
883	990
883	996
883	1000
884	354
884	387
884	390
884	410
884	508
884	584
884	694
884	719
884	739
884	758
884	932
884	942
884	964
884	974
884	976
884	977
884	981
884	987
884	995
885	8
885	160
885	244
885	408
885	462
885	541
885	585
885	587
885	733
885	735
885	738
885	793
885	803
885	811
885	834
885	880
885	980
885	981
885	989
886	730
886	878
886	883
886	936
886	951
886	958
886	966
886	967
886	972
886	986
886	990
886	996
886	1000
887	37
887	454
887	534
887	568
887	637
887	670
887	699
887	732
887	755
887	800
887	901
887	927
887	953
887	959
887	963
887	970
887	984
887	991
887	992
887	995
888	67
888	165
888	189
888	232
888	239
888	340
888	371
888	384
888	434
888	448
888	457
888	505
888	529
888	560
888	605
888	726
888	801
888	847
888	879
888	911
889	77
889	100
889	150
889	285
889	527
889	533
889	556
889	595
889	604
889	632
889	752
889	769
889	812
889	814
889	821
889	923
889	925
889	971
889	993
889	994
890	262
890	321
890	562
890	640
890	649
890	653
890	725
890	787
890	789
890	797
890	905
890	916
890	939
890	958
890	965
890	982
890	985
890	995
890	997
890	998
891	139
891	158
891	167
891	223
891	395
891	420
891	423
891	489
891	549
891	617
891	636
891	674
891	717
891	783
891	819
891	840
891	896
891	914
891	947
891	964
892	50
892	276
892	377
892	504
892	531
892	532
892	575
892	582
892	644
892	650
892	669
892	682
892	695
892	727
892	738
892	843
892	862
892	899
892	969
892	988
893	11
893	31
893	162
893	211
893	224
893	330
893	350
893	373
893	411
893	472
893	555
893	569
893	576
893	621
893	701
893	707
893	749
893	782
893	832
893	846
894	110
894	237
894	263
894	288
894	313
894	336
894	381
894	430
894	482
894	524
894	629
894	646
894	765
894	786
894	855
894	874
894	926
894	934
894	993
894	996
895	29
895	134
895	159
895	438
895	512
895	537
895	538
895	633
895	645
895	756
895	763
895	777
895	784
895	791
895	841
895	912
895	947
895	962
895	966
895	989
896	76
896	223
896	314
896	395
896	420
896	423
896	458
896	528
896	549
896	617
896	674
896	717
896	783
896	819
896	840
896	891
896	914
896	947
896	964
896	982
897	72
897	122
897	164
897	172
897	173
897	197
897	209
897	258
897	355
897	366
897	563
897	613
897	631
897	734
897	740
897	768
897	780
897	802
897	873
897	878
897	983
898	439
898	498
898	521
898	553
898	571
898	671
898	723
898	820
898	853
898	900
898	917
898	929
898	948
898	963
898	976
898	979
898	984
898	993
899	96
899	276
899	377
899	401
899	520
899	531
899	575
899	582
899	669
899	688
899	695
899	727
899	750
899	843
899	862
899	892
899	964
899	969
899	974
899	988
899	989
900	134
900	498
900	500
900	571
900	671
900	723
900	820
900	853
900	898
900	917
900	948
900	963
900	976
900	979
900	984
900	993
901	78
901	242
901	370
901	437
901	637
901	670
901	699
901	732
901	745
901	755
901	800
901	826
901	887
901	927
901	953
901	959
901	970
901	984
901	991
901	992
901	995
902	88
902	108
902	146
902	170
902	191
902	363
902	415
902	488
902	492
902	497
902	520
902	557
902	565
902	615
902	653
902	708
902	724
902	787
902	971
902	989
902	997
903	221
903	262
903	299
903	334
903	481
903	495
903	496
903	509
903	618
903	697
903	848
903	871
903	904
903	920
903	945
903	947
903	955
903	965
903	972
903	981
903	997
904	396
904	620
904	626
904	655
904	681
904	798
904	801
904	816
904	842
904	856
904	903
904	906
904	907
904	920
904	929
904	948
904	963
904	972
904	976
904	978
904	979
904	980
905	34
905	83
905	161
905	184
905	245
905	449
905	491
905	522
905	554
905	564
905	687
905	703
905	807
905	847
905	882
905	890
905	923
905	925
905	932
905	939
905	963
905	982
906	111
906	292
906	402
906	436
906	464
906	486
906	494
906	623
906	638
906	774
906	776
906	825
906	839
906	867
906	870
906	904
906	908
906	921
906	943
906	960
906	981
906	984
907	2
907	38
907	42
907	229
907	268
907	296
907	369
907	470
907	493
907	574
907	713
907	746
907	784
907	792
907	816
907	820
907	852
907	877
907	904
907	952
907	978
907	980
908	18
908	151
908	196
908	402
908	436
908	464
908	486
908	494
908	543
908	566
908	623
908	638
908	763
908	776
908	825
908	870
908	906
908	921
908	943
908	960
908	981
908	989
909	20
909	49
909	201
909	270
909	318
909	361
909	392
909	519
909	581
909	607
909	609
909	654
909	686
909	689
909	696
909	718
909	762
909	824
909	847
909	919
909	951
909	992
909	997
910	137
910	226
910	307
910	329
910	340
910	418
910	444
910	463
910	478
910	542
910	580
910	599
910	625
910	647
910	650
910	667
910	668
910	794
910	809
910	835
910	925
910	981
910	997
911	61
911	68
911	209
911	212
911	217
911	247
911	256
911	314
911	448
911	456
911	465
911	511
911	594
911	639
911	678
911	702
911	747
911	827
911	852
911	864
911	888
911	915
911	964
912	216
912	363
912	438
912	439
912	443
912	459
912	512
912	538
912	603
912	633
912	648
912	662
912	691
912	784
912	791
912	831
912	836
912	841
912	895
912	947
912	962
912	974
912	989
913	59
913	107
913	109
913	133
913	143
913	171
913	204
913	301
913	308
913	372
913	382
913	662
913	715
913	716
913	753
913	756
913	775
913	857
913	875
913	925
913	928
913	964
913	973
914	139
914	167
914	189
914	223
914	360
914	395
914	420
914	423
914	489
914	528
914	533
914	549
914	617
914	674
914	717
914	783
914	819
914	840
914	891
914	896
914	947
914	964
914	972
915	61
915	68
915	189
915	217
915	247
915	256
915	425
915	456
915	511
915	594
915	639
915	678
915	702
915	718
915	741
915	747
915	805
915	827
915	864
915	911
915	961
915	964
915	975
916	41
916	63
916	76
916	85
916	93
916	127
916	140
916	179
916	209
916	212
916	450
916	466
916	505
916	562
916	583
916	652
916	654
916	679
916	779
916	805
916	890
916	983
916	995
917	309
917	311
917	359
917	458
917	498
917	521
917	553
917	571
917	671
917	723
917	820
917	853
917	898
917	900
917	931
917	942
917	948
917	963
917	973
917	976
917	979
917	984
917	993
918	25
918	45
918	271
918	275
918	284
918	331
918	344
918	398
918	404
918	405
918	422
918	445
918	525
918	584
918	754
918	796
918	842
918	859
918	869
918	947
918	950
918	995
918	999
919	20
919	39
919	136
919	138
919	261
919	270
919	318
919	361
919	392
919	519
919	607
919	630
919	686
919	689
919	696
919	706
919	762
919	847
919	909
919	923
919	951
919	955
919	997
920	131
920	221
920	262
920	299
920	334
920	340
920	481
920	495
920	496
920	509
920	618
920	697
920	847
920	848
920	860
920	871
920	903
920	904
920	945
920	947
920	961
920	972
920	981
920	997
921	98
921	402
921	436
921	455
921	486
921	494
921	543
921	566
921	623
921	638
921	689
921	725
921	731
921	776
921	778
921	825
921	870
921	906
921	908
921	943
921	960
921	981
921	984
921	989
922	627
922	685
922	693
922	700
922	785
922	823
922	837
922	844
922	850
922	852
922	861
922	930
922	944
922	945
922	946
922	949
922	965
922	968
922	985
922	998
923	705
923	781
923	810
923	815
923	826
923	838
923	866
923	882
923	889
923	905
923	919
923	928
923	929
923	932
923	949
923	968
923	977
923	982
923	984
923	985
923	990
923	996
923	998
923	1000
924	216
924	282
924	291
924	295
924	322
924	487
924	570
924	614
924	661
924	712
924	720
924	730
924	743
924	771
924	941
924	955
924	961
924	975
925	99
925	145
925	226
925	329
925	538
925	617
925	668
925	830
925	836
925	839
925	869
925	889
925	905
925	910
925	913
925	932
925	935
925	937
925	939
925	954
925	971
925	982
925	994
925	996
925	999
926	65
926	110
926	113
926	218
926	237
926	263
926	281
926	288
926	313
926	323
926	336
926	381
926	430
926	482
926	524
926	567
926	615
926	629
926	646
926	765
926	786
926	796
926	855
926	894
926	934
926	993
927	37
927	69
927	158
927	242
927	333
927	357
927	437
927	454
927	534
927	637
927	670
927	699
927	732
927	755
927	800
927	869
927	887
927	901
927	953
927	959
927	970
927	976
927	984
927	991
927	992
927	995
928	7
928	59
928	107
928	109
928	153
928	204
928	301
928	308
928	382
928	559
928	615
928	665
928	715
928	716
928	740
928	753
928	756
928	775
928	796
928	857
928	875
928	913
928	923
928	945
928	964
928	983
929	56
929	152
929	155
929	181
929	194
929	306
929	406
929	424
929	432
929	461
929	559
929	586
929	623
929	625
929	665
929	673
929	710
929	745
929	781
929	798
929	842
929	865
929	867
929	898
929	904
929	923
929	984
930	487
930	675
930	685
930	693
930	700
930	783
930	785
930	786
930	823
930	837
930	844
930	850
930	861
930	922
930	944
930	946
930	949
930	965
930	968
930	985
930	998
931	15
931	48
931	91
931	266
931	300
931	378
931	447
931	479
931	501
931	513
931	536
931	544
931	612
931	654
931	745
931	917
931	940
931	991
931	993
932	10
932	18
932	60
932	62
932	83
932	121
932	184
932	236
932	245
932	449
932	491
932	522
932	554
932	564
932	687
932	688
932	703
932	740
932	807
932	822
932	882
932	884
932	905
932	923
932	925
932	939
932	982
933	12
933	58
933	118
933	128
933	232
933	249
933	272
933	278
933	280
933	298
933	367
933	429
933	523
933	558
933	634
933	641
933	654
933	663
933	760
933	784
933	791
933	805
933	839
933	858
933	859
933	868
933	957
934	65
934	91
934	110
934	113
934	218
934	237
934	263
934	288
934	313
934	323
934	336
934	381
934	430
934	482
934	500
934	520
934	524
934	567
934	629
934	646
934	765
934	786
934	795
934	855
934	894
934	926
934	992
934	993
935	106
935	123
935	219
935	388
935	419
935	452
935	460
935	468
935	469
935	477
935	483
935	577
935	606
935	680
935	737
935	748
935	796
935	828
935	830
935	845
935	859
935	925
935	937
935	952
935	954
935	975
935	983
935	985
936	81
936	354
936	401
936	730
936	878
936	883
936	886
936	958
936	966
936	967
936	986
936	990
936	996
936	1000
937	27
937	106
937	125
937	166
937	358
937	388
937	419
937	452
937	469
937	477
937	483
937	562
937	606
937	680
937	718
937	737
937	748
937	779
937	796
937	822
937	828
937	830
937	845
937	925
937	935
937	952
937	954
937	983
938	22
938	47
938	324
938	426
938	431
938	460
938	480
938	518
938	526
938	540
938	619
938	631
938	643
938	664
938	687
938	698
938	729
938	750
938	761
938	764
938	773
938	800
938	806
938	945
938	947
938	952
938	956
938	973
939	18
939	60
939	62
939	83
939	121
939	161
939	184
939	236
939	245
939	449
939	491
939	496
939	522
939	554
939	564
939	687
939	703
939	709
939	796
939	807
939	827
939	882
939	890
939	905
939	925
939	932
939	982
939	993
940	15
940	48
940	91
940	98
940	173
940	222
940	266
940	300
940	356
940	378
940	380
940	447
940	457
940	468
940	479
940	501
940	513
940	536
940	544
940	612
940	625
940	631
940	745
940	796
940	931
940	989
940	991
940	993
941	36
941	94
941	149
941	188
941	282
941	291
941	295
941	305
941	322
941	362
941	487
941	570
941	614
941	661
941	712
941	720
941	743
941	771
941	844
941	924
941	955
941	961
941	975
942	32
942	57
942	84
942	132
942	156
942	267
942	354
942	387
942	390
942	417
942	484
942	508
942	559
942	580
942	584
942	622
942	719
942	739
942	758
942	774
942	859
942	868
942	884
942	917
942	974
942	977
942	981
942	987
942	995
943	98
943	111
943	151
943	196
943	205
943	236
943	402
943	436
943	455
943	464
943	486
943	494
943	543
943	566
943	623
943	638
943	776
943	778
943	822
943	825
943	870
943	906
943	908
943	921
943	960
943	962
943	981
943	984
943	989
944	189
944	675
944	685
944	693
944	700
944	785
944	823
944	837
944	844
944	850
944	861
944	922
944	930
944	946
944	949
944	965
944	968
944	985
944	991
944	998
944	1000
945	80
945	117
945	273
945	289
945	332
945	409
945	525
945	612
945	713
945	715
945	761
945	773
945	775
945	816
945	857
945	871
945	903
945	920
945	922
945	928
945	938
945	950
945	956
945	972
945	973
945	978
945	980
945	991
945	999
946	251
946	258
946	411
946	675
946	685
946	693
946	700
946	785
946	823
946	837
946	844
946	850
946	861
946	922
946	930
946	944
946	949
946	951
946	965
946	968
946	976
946	985
946	998
947	115
947	163
947	483
947	526
947	617
947	671
947	777
947	783
947	806
947	845
947	871
947	879
947	891
947	895
947	896
947	903
947	912
947	914
947	918
947	920
947	938
947	950
947	954
947	956
947	962
947	972
947	973
947	983
947	995
947	999
948	70
948	309
948	310
948	311
948	347
948	359
948	458
948	498
948	521
948	553
948	571
948	619
948	671
948	723
948	820
948	853
948	898
948	900
948	904
948	917
948	963
948	976
948	979
948	981
948	984
948	993
948	998
949	44
949	102
949	129
949	142
949	182
949	187
949	230
949	255
949	277
949	317
949	471
949	675
949	685
949	693
949	700
949	781
949	785
949	823
949	837
949	844
949	850
949	861
949	922
949	923
949	930
949	944
949	946
949	965
949	968
949	985
949	998
950	25
950	121
950	145
950	164
950	204
950	271
950	273
950	275
950	284
950	331
950	341
950	344
950	398
950	404
950	405
950	422
950	445
950	475
950	525
950	588
950	698
950	754
950	795
950	839
950	859
950	869
950	918
950	945
950	947
950	991
950	999
951	20
951	39
951	49
951	105
951	136
951	138
951	212
951	232
951	261
951	270
951	361
951	392
951	407
951	519
951	607
951	609
951	621
951	630
951	654
951	686
951	689
951	696
951	706
951	718
951	762
951	827
951	847
951	886
951	909
951	919
951	946
952	34
952	106
952	298
952	552
952	611
952	616
952	663
952	664
952	731
952	761
952	788
952	810
952	815
952	821
952	828
952	833
952	851
952	852
952	858
952	866
952	877
952	907
952	935
952	937
952	938
952	954
952	956
952	957
952	973
952	978
952	980
953	51
953	69
953	105
953	178
953	205
953	228
953	248
953	333
953	370
953	437
953	454
953	534
953	637
953	670
953	699
953	700
953	732
953	755
953	800
953	822
953	839
953	840
953	887
953	901
953	927
953	958
953	959
953	970
953	984
953	991
953	992
953	995
954	27
954	123
954	166
954	219
954	294
954	380
954	388
954	419
954	448
954	469
954	477
954	483
954	491
954	606
954	680
954	718
954	737
954	748
954	779
954	811
954	822
954	828
954	830
954	845
954	859
954	925
954	935
954	937
954	947
954	952
954	956
954	983
955	36
955	94
955	149
955	282
955	291
955	295
955	305
955	322
955	362
955	487
955	570
955	614
955	661
955	712
955	720
955	743
955	771
955	777
955	903
955	919
955	924
955	941
955	961
955	975
955	987
956	22
956	47
956	105
956	222
956	324
956	426
956	431
956	448
956	460
956	480
956	518
956	526
956	540
956	619
956	638
956	643
956	664
956	698
956	729
956	750
956	761
956	764
956	773
956	782
956	806
956	938
956	945
956	947
956	952
956	954
956	973
957	12
957	58
957	84
957	118
957	126
957	128
957	244
957	249
957	272
957	278
957	280
957	298
957	307
957	337
957	367
957	429
957	466
957	516
957	523
957	558
957	615
957	634
957	641
957	663
957	805
957	839
957	847
957	858
957	859
957	868
957	933
957	952
958	545
958	597
958	730
958	878
958	883
958	886
958	890
958	936
958	953
958	962
958	966
958	967
958	986
958	990
958	993
958	996
958	997
958	1000
959	37
959	51
959	69
959	178
959	205
959	242
959	248
959	302
959	333
959	357
959	437
959	454
959	534
959	615
959	637
959	670
959	699
959	732
959	755
959	778
959	800
959	811
959	822
959	855
959	887
959	901
959	927
959	953
959	970
959	984
959	991
959	992
959	995
960	98
960	111
960	151
960	196
960	285
960	402
960	436
960	450
960	455
960	464
960	486
960	494
960	497
960	543
960	566
960	567
960	623
960	625
960	638
960	639
960	662
960	776
960	822
960	825
960	867
960	870
960	906
960	908
960	921
960	943
960	981
960	984
960	989
961	36
961	94
961	149
961	174
961	252
961	282
961	291
961	295
961	305
961	322
961	362
961	487
961	570
961	614
961	661
961	712
961	720
961	743
961	771
961	817
961	915
961	920
961	924
961	941
961	955
961	975
962	29
962	55
962	99
962	134
962	159
962	438
962	442
962	443
962	451
962	459
962	512
962	537
962	538
962	603
962	633
962	648
962	662
962	691
962	763
962	777
962	784
962	791
962	836
962	841
962	847
962	863
962	895
962	912
962	943
962	947
962	958
962	989
962	991
963	70
963	125
963	173
963	200
963	274
963	309
963	310
963	311
963	347
963	359
963	451
963	458
963	498
963	521
963	553
963	571
963	671
963	723
963	820
963	853
963	887
963	898
963	900
963	904
963	905
963	917
963	948
963	976
963	979
963	984
963	993
964	24
964	255
964	494
964	533
964	639
964	688
964	695
964	697
964	702
964	715
964	717
964	719
964	747
964	767
964	769
964	775
964	840
964	843
964	875
964	884
964	891
964	896
964	899
964	911
964	913
964	914
964	915
964	928
964	969
964	971
964	974
964	977
964	987
964	994
965	79
965	102
965	130
965	183
965	230
965	251
965	277
965	411
965	415
965	471
965	675
965	685
965	693
965	700
965	785
965	795
965	823
965	827
965	837
965	844
965	850
965	859
965	861
965	890
965	903
965	922
965	930
965	944
965	946
965	949
965	968
965	977
965	985
965	998
966	384
966	427
966	428
966	545
966	597
966	652
966	730
966	878
966	883
966	886
966	895
966	936
966	958
966	967
966	986
966	990
966	993
966	996
966	997
966	1000
967	107
967	240
967	304
967	403
967	409
967	427
967	428
967	545
967	597
967	730
967	874
967	878
967	883
967	886
967	936
967	958
967	966
967	986
967	990
967	993
967	996
967	997
967	1000
968	102
968	124
968	129
968	130
968	182
968	183
968	186
968	230
968	251
968	255
968	277
968	411
968	471
968	675
968	685
968	693
968	700
968	784
968	785
968	823
968	837
968	844
968	850
968	861
968	867
968	922
968	923
968	930
968	944
968	946
968	949
968	965
968	985
968	998
969	35
969	50
969	90
969	96
969	97
969	119
969	203
969	276
969	339
969	377
969	391
969	401
969	464
969	504
969	516
969	530
969	531
969	532
969	575
969	581
969	582
969	644
969	669
969	695
969	708
969	727
969	744
969	843
969	892
969	899
969	964
969	970
969	986
969	988
969	989
970	51
970	158
970	178
970	205
970	228
970	242
970	248
970	333
970	357
970	358
970	370
970	437
970	454
970	531
970	534
970	615
970	637
970	645
970	670
970	699
970	732
970	755
970	758
970	800
970	839
970	887
970	901
970	927
970	953
970	959
970	969
970	984
970	991
970	992
970	995
971	24
971	26
971	77
971	100
971	116
971	150
971	213
971	269
971	285
971	290
971	352
971	376
971	379
971	380
971	467
971	527
971	533
971	556
971	583
971	595
971	604
971	632
971	663
971	752
971	759
971	761
971	769
971	812
971	814
971	821
971	889
971	902
971	925
971	964
971	994
972	131
972	212
972	221
972	262
972	299
972	307
972	334
972	432
972	457
972	468
972	481
972	495
972	496
972	505
972	509
972	551
972	567
972	618
972	662
972	697
972	817
972	847
972	848
972	860
972	861
972	867
972	871
972	886
972	903
972	904
972	914
972	920
972	945
972	947
972	981
972	997
973	22
973	47
973	73
973	126
973	144
973	232
973	324
973	352
973	426
973	431
973	451
973	460
973	468
973	480
973	518
973	526
973	540
973	619
973	643
973	664
973	679
973	698
973	729
973	750
973	761
973	764
973	773
973	806
973	814
973	913
973	917
973	938
973	945
973	947
973	952
973	956
974	1
974	14
974	57
974	153
974	156
974	187
974	267
974	326
974	354
974	390
974	410
974	417
974	433
974	484
974	508
974	580
974	584
974	622
974	625
974	694
974	695
974	719
974	739
974	741
974	758
974	774
974	805
974	847
974	884
974	899
974	912
974	942
974	964
974	977
974	981
974	987
974	995
975	36
975	74
975	94
975	119
975	122
975	149
975	186
975	201
975	282
975	291
975	295
975	305
975	322
975	342
975	352
975	360
975	362
975	363
975	407
975	410
975	415
975	487
975	505
975	570
975	614
975	661
975	712
975	720
975	743
975	771
975	817
975	853
975	915
975	924
975	935
975	941
975	955
975	961
976	70
976	122
976	125
976	133
976	170
976	200
976	292
976	309
976	310
976	311
976	314
976	347
976	358
976	359
976	458
976	498
976	521
976	553
976	571
976	577
976	621
976	654
976	671
976	723
976	796
976	820
976	853
976	884
976	898
976	900
976	904
976	917
976	927
976	946
976	948
976	963
976	979
976	984
976	993
977	1
977	14
977	32
977	57
977	84
977	126
977	156
977	211
977	267
977	319
977	326
977	354
977	387
977	390
977	410
977	417
977	433
977	508
977	580
977	584
977	622
977	694
977	719
977	739
977	740
977	758
977	774
977	847
977	859
977	880
977	884
977	923
977	942
977	964
977	965
977	974
977	981
977	987
977	995
978	2
978	33
978	38
978	42
978	52
978	75
978	152
978	186
978	224
978	229
978	268
978	270
978	296
978	369
978	386
978	441
978	470
978	493
978	574
978	713
978	741
978	746
978	779
978	792
978	795
978	803
978	816
978	852
978	877
978	904
978	907
978	945
978	952
978	980
978	995
979	70
979	125
979	174
979	200
979	211
979	215
979	239
979	309
979	310
979	311
979	347
979	359
979	372
979	379
979	400
979	458
979	471
979	498
979	521
979	553
979	571
979	577
979	654
979	671
979	723
979	793
979	796
979	820
979	853
979	898
979	900
979	904
979	917
979	948
979	963
979	976
979	984
979	990
979	993
980	2
980	33
980	38
980	42
980	52
980	74
980	75
980	144
980	153
980	157
980	164
980	215
980	229
980	268
980	294
980	296
980	369
980	380
980	386
980	413
980	470
980	475
980	493
980	574
980	650
980	713
980	746
980	779
980	792
980	795
980	816
980	852
980	877
980	885
980	904
980	907
980	945
980	952
980	978
980	999
981	112
981	226
981	630
981	655
981	658
981	659
981	668
981	694
981	697
981	714
981	721
981	735
981	739
981	772
981	793
981	794
981	803
981	811
981	835
981	848
981	870
981	871
981	874
981	880
981	884
981	885
981	903
981	906
981	908
981	910
981	920
981	921
981	942
981	943
981	948
981	960
981	972
981	974
981	977
981	987
981	997
982	10
982	18
982	34
982	60
982	62
982	83
982	121
982	122
982	161
982	184
982	236
982	243
982	245
982	307
982	407
982	415
982	441
982	449
982	491
982	522
982	535
982	551
982	554
982	564
982	579
982	687
982	703
982	795
982	796
982	807
982	822
982	827
982	880
982	882
982	890
982	896
982	905
982	923
982	925
982	932
982	939
983	41
983	66
983	93
983	141
983	148
983	281
983	379
983	383
983	393
983	412
983	563
983	598
983	606
983	616
983	643
983	652
983	679
983	680
983	683
983	690
983	734
983	768
983	780
983	802
983	804
983	827
983	831
983	854
983	872
983	873
983	876
983	879
983	881
983	897
983	916
983	928
983	935
983	937
983	947
983	954
983	995
984	45
984	53
984	87
984	241
984	250
984	404
984	422
984	424
984	478
984	535
984	624
984	641
984	651
984	714
984	776
984	798
984	825
984	865
984	869
984	887
984	898
984	900
984	901
984	906
984	917
984	921
984	923
984	927
984	929
984	943
984	948
984	953
984	959
984	960
984	963
984	970
984	976
984	979
984	991
984	992
984	993
984	999
985	44
985	79
985	113
985	124
985	129
985	130
985	182
985	183
985	187
985	230
985	251
985	255
985	277
985	411
985	471
985	675
985	678
985	685
985	693
985	700
985	740
985	785
985	795
985	823
985	827
985	837
985	844
985	850
985	859
985	861
985	890
985	922
985	923
985	930
985	935
985	944
985	946
985	949
985	965
985	968
985	998
985	1000
986	6
986	9
986	71
986	135
986	192
986	304
986	329
986	346
986	403
986	409
986	427
986	428
986	545
986	597
986	607
986	730
986	861
986	878
986	883
986	886
986	936
986	958
986	966
986	967
986	969
986	990
986	993
986	996
986	997
986	1000
987	1
987	14
987	32
987	57
987	73
987	84
987	115
987	139
987	156
987	222
987	267
987	326
987	387
987	390
987	410
987	417
987	433
987	484
987	508
987	520
987	580
987	584
987	622
987	625
987	694
987	719
987	739
987	740
987	741
987	758
987	774
987	788
987	825
987	847
987	859
987	884
987	942
987	955
987	964
987	974
987	977
987	981
987	995
988	35
988	50
988	64
988	90
988	96
988	97
988	103
988	170
988	203
988	220
988	246
988	276
988	294
988	339
988	377
988	379
988	391
988	401
988	504
988	505
988	530
988	531
988	532
988	540
988	575
988	581
988	582
988	644
988	650
988	669
988	688
988	695
988	708
988	727
988	744
988	778
988	843
988	862
988	877
988	892
988	899
988	969
988	989
989	54
989	306
989	345
989	349
989	492
989	532
989	537
989	546
989	565
989	620
989	645
989	653
989	695
989	724
989	727
989	733
989	735
989	754
989	763
989	787
989	811
989	825
989	834
989	841
989	843
989	856
989	870
989	877
989	880
989	885
989	895
989	899
989	902
989	908
989	912
989	921
989	940
989	943
989	960
989	962
989	969
989	988
989	990
989	997
990	6
990	9
990	16
990	43
990	71
990	103
990	135
990	192
990	304
990	346
990	403
990	409
990	427
990	428
990	545
990	597
990	699
990	723
990	730
990	739
990	867
990	878
990	883
990	886
990	923
990	936
990	958
990	966
990	967
990	979
990	986
990	989
990	993
990	996
990	997
990	1000
991	48
991	53
991	87
991	241
991	250
991	330
991	378
991	405
991	442
991	447
991	501
991	512
991	535
991	588
991	612
991	624
991	626
991	691
991	707
991	749
991	763
991	777
991	782
991	832
991	836
991	846
991	854
991	857
991	887
991	901
991	927
991	931
991	940
991	944
991	945
991	950
991	953
991	959
991	962
991	970
991	984
991	992
991	993
991	995
991	999
992	37
992	51
992	69
992	76
992	143
992	153
992	158
992	174
992	178
992	228
992	242
992	248
992	294
992	307
992	333
992	352
992	357
992	360
992	370
992	437
992	452
992	454
992	534
992	596
992	637
992	670
992	699
992	732
992	745
992	755
992	778
992	800
992	822
992	839
992	887
992	901
992	909
992	927
992	934
992	953
992	959
992	970
992	984
992	991
992	995
993	11
993	142
993	181
993	194
993	266
993	360
993	373
993	385
993	447
993	513
993	536
993	544
993	629
993	665
993	781
993	782
993	786
993	832
993	842
993	846
993	855
993	865
993	889
993	894
993	898
993	900
993	917
993	926
993	931
993	934
993	939
993	940
993	948
993	958
993	963
993	966
993	967
993	976
993	979
993	984
993	986
993	990
993	991
993	996
993	1000
994	24
994	26
994	74
994	77
994	79
994	100
994	116
994	119
994	150
994	153
994	157
994	174
994	201
994	213
994	222
994	269
994	285
994	290
994	340
994	376
994	407
994	441
994	467
994	497
994	527
994	533
994	551
994	556
994	577
994	595
994	604
994	621
994	632
994	662
994	750
994	752
994	769
994	812
994	814
994	821
994	839
994	889
994	925
994	964
994	971
994	998
995	5
995	63
995	112
995	159
995	257
995	399
995	416
995	450
995	486
995	584
995	588
995	651
995	652
995	657
995	670
995	679
995	684
995	701
995	705
995	719
995	754
995	790
995	799
995	826
995	838
995	869
995	876
995	884
995	887
995	890
995	901
995	916
995	918
995	927
995	942
995	947
995	953
995	959
995	970
995	974
995	977
995	978
995	983
995	987
995	991
995	992
995	999
996	6
996	9
996	16
996	43
996	71
996	103
996	135
996	192
996	304
996	346
996	403
996	409
996	427
996	428
996	545
996	597
996	606
996	708
996	730
996	779
996	802
996	837
996	839
996	867
996	878
996	883
996	886
996	894
996	923
996	925
996	936
996	958
996	966
996	967
996	986
996	990
996	993
996	997
996	1000
997	137
997	146
997	200
997	207
997	283
997	308
997	340
997	349
997	418
997	445
997	481
997	509
997	539
997	546
997	557
997	609
997	620
997	630
997	647
997	667
997	696
997	706
997	724
997	762
997	787
997	794
997	797
997	809
997	848
997	856
997	866
997	871
997	890
997	902
997	903
997	909
997	910
997	919
997	920
997	958
997	966
997	967
997	972
997	981
997	986
997	989
997	990
997	996
997	1000
998	44
998	79
998	102
998	115
998	124
998	129
998	130
998	144
998	145
998	182
998	183
998	187
998	224
998	230
998	251
998	255
998	277
998	352
998	411
998	441
998	451
998	471
998	500
998	675
998	685
998	693
998	700
998	740
998	785
998	787
998	823
998	827
998	837
998	844
998	850
998	859
998	861
998	890
998	922
998	923
998	930
998	944
998	946
998	948
998	949
998	965
998	968
998	985
998	994
999	25
999	45
999	73
999	76
999	145
999	157
999	163
999	170
999	186
999	215
999	233
999	271
999	273
999	275
999	284
999	301
999	331
999	341
999	342
999	344
999	356
999	363
999	367
999	395
999	398
999	404
999	405
999	422
999	445
999	475
999	497
999	525
999	588
999	650
999	754
999	795
999	796
999	817
999	839
999	859
999	918
999	925
999	945
999	947
999	950
999	980
999	984
999	991
999	995
1000	6
1000	9
1000	16
1000	43
1000	71
1000	103
1000	119
1000	135
1000	164
1000	192
1000	223
1000	243
1000	304
1000	342
1000	346
1000	356
1000	403
1000	409
1000	427
1000	428
1000	448
1000	516
1000	541
1000	545
1000	577
1000	597
1000	650
1000	654
1000	708
1000	730
1000	732
1000	740
1000	779
1000	839
1000	867
1000	878
1000	883
1000	886
1000	923
1000	936
1000	944
1000	958
1000	966
1000	967
1000	985
1000	986
1000	990
1000	993
1000	996
1000	997
