1	54
1	748
1	922
1	937
2	825
2	893
2	981
2	985
3	118
3	707
3	828
3	994
4	161
4	274
4	939
4	975
5	23
5	772
5	780
5	1000
6	112
6	279
6	395
6	523
7	162
7	756
7	958
7	977
8	527
8	835
8	890
8	907
9	475
9	837
9	971
9	980
10	192
10	665
10	871
10	957
11	180
11	778
11	903
11	957
12	924
12	969
12	978
12	981
13	357
13	637
13	890
13	957
14	300
14	735
14	978
14	981
15	700
15	936
15	974
15	991
16	667
16	683
16	915
16	994
17	165
17	326
17	826
17	904
18	762
18	854
18	888
18	908
19	673
19	767
19	842
19	899
20	215
20	932
20	976
20	985
21	816
21	959
21	975
21	995
22	83
22	867
22	913
22	934
23	5
23	209
23	705
23	896
24	464
24	729
24	804
24	958
25	766
25	794
25	878
25	885
26	250
26	261
26	573
26	818
27	31
27	445
27	828
27	999
28	519
28	573
28	928
28	943
29	115
29	632
29	648
29	657
30	679
30	847
30	892
30	918
31	27
31	334
31	711
31	999
32	772
32	808
32	880
32	885
33	597
33	757
33	862
33	918
34	464
34	601
34	889
34	979
35	46
35	616
35	841
35	976
36	39
36	40
36	151
36	798
37	42
37	758
37	904
37	982
38	254
38	600
38	692
38	805
39	36
39	675
39	921
39	959
40	36
40	920
40	926
40	932
41	312
41	859
41	976
41	986
42	37
42	229
42	881
42	961
43	794
43	880
43	885
43	909
44	243
44	255
44	816
44	951
45	67
45	646
45	906
45	909
46	35
46	554
46	728
46	756
47	466
47	476
47	885
47	890
48	453
48	671
48	733
48	842
49	251
49	600
49	993
49	999
50	215
50	385
50	597
50	780
51	739
51	827
51	943
51	993
52	275
52	556
52	887
52	992
53	702
53	710
53	897
53	969
54	1
54	291
54	945
54	976
55	500
55	794
55	852
55	986
56	465
56	955
56	966
56	994
57	732
57	735
57	886
57	994
58	727
58	841
58	882
58	994
59	671
59	757
59	816
59	944
60	654
60	937
60	986
60	989
61	126
61	584
61	728
61	969
62	160
62	665
62	806
62	982
63	433
63	906
63	932
63	972
64	523
64	657
64	874
64	988
65	709
65	733
65	877
65	954
66	391
66	748
66	878
66	986
67	45
67	780
67	783
67	848
68	592
68	892
68	954
68	976
69	222
69	431
69	844
69	950
70	684
70	955
70	965
70	970
70	978
71	751
71	905
71	934
71	962
72	891
72	893
72	976
72	986
73	799
73	801
73	968
73	972
74	597
74	753
74	949
74	988
75	841
75	966
75	994
75	996
76	924
76	953
76	978
76	981
77	202
77	577
77	626
77	929
78	462
78	511
78	874
78	922
79	490
79	875
79	935
79	999
80	731
80	768
80	914
80	993
81	223
81	367
81	699
81	760
82	736
82	811
82	925
82	994
83	22
83	173
83	526
83	935
84	400
84	441
84	929
84	942
85	712
85	903
85	964
85	983
86	305
86	929
86	946
86	967
87	910
87	965
87	979
87	998
88	271
88	890
88	894
88	990
89	646
89	875
89	907
89	983
90	563
90	615
90	664
90	992
91	453
91	626
91	990
91	998
92	529
92	837
92	869
92	989
93	514
93	871
93	931
93	964
94	436
94	873
94	926
94	977
95	480
95	785
95	802
95	870
96	659
96	955
96	988
96	994
97	606
97	745
97	961
97	972
98	792
98	862
98	873
98	980
99	318
99	598
99	784
99	872
100	733
100	856
100	934
100	962
101	704
101	748
101	903
101	916
102	201
102	358
102	498
102	881
103	720
103	776
103	988
103	996
104	771
104	863
104	963
104	972
105	787
105	790
105	791
105	972
106	906
106	924
106	978
106	981
107	469
107	798
107	879
107	979
108	690
108	897
108	966
108	969
109	499
109	583
109	810
109	977
110	393
110	775
110	834
110	902
111	593
111	818
111	970
111	999
112	6
112	412
112	928
112	980
113	508
113	917
113	984
113	995
114	547
114	548
114	593
114	946
115	29
115	224
115	920
115	990
116	212
116	649
116	829
116	972
117	582
117	907
117	968
117	972
118	3
118	815
118	904
118	996
119	391
119	401
119	404
119	970
120	800
120	897
120	969
120	996
121	290
121	617
121	887
121	951
122	201
122	242
122	261
122	506
123	379
123	562
123	759
123	967
124	572
124	741
124	974
124	997
125	347
125	842
125	884
125	897
126	61
126	480
126	538
126	635
127	884
127	946
127	982
127	997
128	189
128	582
128	945
128	997
129	487
129	530
129	538
129	911
130	780
130	794
130	880
130	936
131	262
131	927
131	942
131	997
132	367
132	533
132	875
132	989
133	331
133	494
133	957
133	995
134	181
134	806
134	892
134	927
135	737
135	843
135	925
135	966
136	484
136	514
136	692
136	767
137	623
137	911
137	936
137	989
138	148
138	417
138	735
138	922
139	825
139	839
139	930
139	963
140	551
140	892
140	976
140	980
141	606
141	650
141	933
141	993
142	217
142	252
142	557
142	943
143	192
143	775
143	950
143	983
144	172
144	779
144	854
144	987
145	570
145	839
145	883
145	968
146	153
146	323
146	948
146	957
147	587
147	683
147	860
147	956
148	138
148	707
148	711
148	827
149	612
149	816
149	951
149	1000
150	444
150	825
150	901
150	985
151	36
151	899
151	956
151	957
152	630
152	913
152	953
152	987
153	146
153	634
153	795
153	976
154	377
154	945
154	967
154	997
155	750
155	875
155	931
155	946
156	228
156	593
156	779
156	783
157	353
157	624
157	700
157	976
158	316
158	581
158	918
158	995
159	178
159	280
159	831
159	896
160	62
160	619
160	933
160	982
161	4
161	595
161	838
161	930
162	7
162	858
162	930
162	977
163	639
163	849
163	925
163	994
164	924
164	952
164	968
164	981
165	17
165	826
165	869
165	917
166	392
166	517
166	628
166	965
167	393
167	847
167	956
167	985
168	671
168	726
168	899
168	959
169	640
169	852
169	860
169	903
170	627
170	755
170	914
170	949
171	288
171	408
171	837
171	980
172	144
172	275
172	815
172	986
173	83
173	599
173	729
173	887
174	623
174	778
174	898
174	984
175	197
175	208
175	529
175	848
176	669
176	875
176	949
176	999
177	223
177	383
177	900
177	979
178	159
178	495
178	734
178	969
179	504
179	549
179	693
179	926
180	11
180	332
180	742
180	768
181	134
181	626
181	892
181	986
182	516
182	559
182	561
182	799
183	602
183	785
183	884
183	978
183	982
184	237
184	410
184	629
184	980
185	717
185	818
185	820
185	982
186	655
186	675
186	960
186	984
187	258
187	522
187	915
187	977
188	536
188	578
188	991
188	998
189	128
189	330
189	823
189	953
190	576
190	750
190	765
190	853
191	555
191	927
191	992
191	996
192	10
192	143
192	678
192	888
193	237
193	713
193	973
193	998
194	917
194	950
194	967
194	999
195	302
195	603
195	816
195	829
196	587
196	624
196	834
196	956
197	175
197	829
197	866
197	904
198	516
198	517
198	785
198	829
199	405
199	703
199	723
199	990
200	809
200	897
200	900
200	969
201	102
201	122
201	582
201	655
202	77
202	920
202	929
202	989
203	598
203	710
203	926
203	955
204	459
204	502
204	763
204	989
205	246
205	682
205	887
205	946
206	689
206	799
206	906
206	920
207	776
207	870
207	988
207	991
208	175
208	489
208	536
208	848
209	23
209	969
209	981
209	983
210	330
210	571
210	714
210	945
211	532
211	733
211	937
211	976
212	116
212	317
212	664
212	961
213	361
213	460
213	941
213	946
214	508
214	679
214	834
214	902
215	20
215	50
215	567
215	880
216	496
216	832
216	857
216	907
217	142
217	882
217	901
217	993
218	640
218	938
218	957
218	988
219	766
219	772
219	885
219	959
220	872
220	975
220	985
220	989
221	329
221	855
221	984
221	995
222	69
222	488
222	701
222	970
223	81
223	177
223	345
223	805
224	115
224	499
224	950
224	977
225	601
225	700
225	936
225	938
226	253
226	590
226	721
226	849
227	722
227	813
227	946
227	971
228	156
228	452
228	506
228	950
229	42
229	521
229	582
229	774
230	644
230	665
230	889
230	940
230	992
231	702
231	866
231	897
231	969
231	998
232	437
232	450
232	644
232	664
232	916
233	808
233	821
233	837
233	980
233	996
234	297
234	464
234	655
234	774
234	973
235	551
235	625
235	750
235	954
235	986
236	539
236	684
236	884
236	926
236	952
237	184
237	193
237	522
237	593
237	771
238	594
238	658
238	916
238	931
238	979
239	799
239	824
239	826
239	924
239	968
240	260
240	365
240	445
240	842
240	845
241	467
241	804
241	895
241	904
241	971
242	122
242	595
242	635
242	947
242	975
243	44
243	900
243	965
243	996
243	998
244	428
244	609
244	822
244	920
244	992
245	469
245	686
245	841
245	915
245	979
246	205
246	882
246	914
246	948
246	993
247	460
247	545
247	572
247	834
247	956
248	608
248	952
248	955
248	978
248	981
249	734
249	793
249	884
249	896
249	963
250	26
250	352
250	889
250	982
250	987
251	49
251	463
251	470
251	697
251	970
252	142
252	306
252	319
252	975
252	987
253	226
253	427
253	751
253	917
253	962
254	38
254	415
254	724
254	805
254	922
255	44
255	286
255	591
255	665
255	779
256	492
256	690
256	897
256	968
256	969
257	577
257	710
257	848
257	877
257	969
258	187
258	510
258	952
258	978
258	981
259	659
259	843
259	955
259	987
259	995
260	240
260	565
260	673
260	693
260	932
261	26
261	122
261	800
261	868
261	987
262	131
262	429
262	757
262	861
262	877
263	696
263	906
263	920
263	932
263	985
264	393
264	647
264	703
264	875
264	918
265	913
265	934
265	935
265	951
265	962
266	634
266	793
266	844
266	884
266	896
267	681
267	766
267	813
267	936
267	980
268	293
268	684
268	738
268	846
268	985
269	520
269	607
269	741
269	742
269	933
270	475
270	570
270	734
270	836
270	996
271	88
271	644
271	765
271	914
271	931
272	295
272	653
272	657
272	968
272	972
273	282
273	816
273	866
273	870
273	992
274	4
274	862
274	921
274	942
274	977
275	52
275	172
275	455
275	758
275	971
276	803
276	812
276	894
276	935
276	984
277	413
277	451
277	602
277	937
277	986
278	793
278	797
278	844
278	913
278	1000
279	6
279	347
279	510
279	560
279	723
280	159
280	469
280	486
280	543
280	896
281	551
281	766
281	878
281	925
281	976
282	273
282	612
282	867
282	951
282	980
283	745
283	746
283	791
283	874
283	972
284	473
284	564
284	604
284	915
284	924
285	697
285	789
285	812
285	825
285	985
286	255
286	719
286	969
286	970
286	981
287	370
287	832
287	890
287	920
287	960
288	171
288	550
288	724
288	792
288	951
289	476
289	544
289	880
289	926
289	972
290	121
290	404
290	761
290	870
290	888
291	54
291	390
291	607
291	737
291	991
292	722
292	856
292	865
292	935
292	962
293	268
293	375
293	731
293	784
293	985
294	414
294	745
294	828
294	961
294	963
295	272
295	632
295	946
295	967
295	970
296	770
296	860
296	865
296	891
296	980
297	234
297	774
297	861
297	866
297	996
298	630
298	949
298	950
298	967
298	993
299	655
299	671
299	803
299	830
299	984
300	14
300	309
300	397
300	877
300	907
301	547
301	600
301	931
301	949
301	985
302	195
302	745
302	839
302	947
302	977
303	484
303	499
303	569
303	673
303	982
304	426
304	556
304	791
304	992
304	996
305	86
305	423
305	631
305	756
305	999
306	252
306	622
306	702
306	965
306	975
307	360
307	411
307	435
307	869
307	989
308	340
308	501
308	871
308	899
308	944
309	300
309	509
309	602
309	964
309	977
310	525
310	724
310	884
310	949
310	999
311	473
311	770
311	949
311	951
311	980
312	41
312	939
312	979
312	996
312	998
313	743
313	865
313	938
313	992
313	996
314	846
314	893
314	916
314	985
314	989
315	497
315	927
315	938
315	965
315	976
316	158
316	468
316	812
316	957
316	984
317	212
317	728
317	958
317	973
317	991
318	99
318	530
318	566
318	872
318	988
319	252
319	707
319	726
319	911
319	987
320	548
320	859
320	938
320	976
320	986
321	386
321	535
321	751
321	850
321	987
322	612
322	863
322	870
322	909
322	975
323	146
323	871
323	899
323	942
323	985
324	636
324	809
324	959
324	995
324	996
325	841
325	940
325	955
325	966
325	994
326	17
326	855
326	968
326	978
326	981
327	641
327	947
327	952
327	978
327	981
328	860
328	901
328	902
328	904
328	912
329	221
329	373
329	612
329	894
329	948
330	189
330	210
330	928
330	946
330	977
331	133
331	855
331	965
331	988
331	998
332	180
332	367
332	768
332	965
332	993
333	530
333	714
333	741
333	988
333	998
334	31
334	746
334	806
334	973
334	998
335	563
335	753
335	865
335	946
335	949
336	531
336	776
336	847
336	915
336	956
337	739
337	914
337	943
337	946
337	993
338	386
338	730
338	938
338	988
338	998
339	502
339	537
339	708
339	888
339	982
340	308
340	966
340	970
340	983
340	988
341	846
341	893
341	901
341	954
341	985
342	352
342	877
342	934
342	935
342	962
343	521
343	676
343	854
343	882
343	933
344	877
344	913
344	934
344	962
344	990
345	223
345	741
345	921
345	965
345	998
346	707
346	713
346	895
346	983
346	987
347	125
347	279
347	842
347	888
347	906
348	570
348	629
348	979
348	982
348	987
349	472
349	621
349	681
349	822
349	898
350	497
350	579
350	659
350	907
350	964
351	467
351	689
351	823
351	965
351	998
352	250
352	342
352	550
352	619
352	678
353	157
353	781
353	934
353	960
353	983
354	717
354	760
354	859
354	872
354	986
355	604
355	765
355	891
355	951
355	980
356	844
356	924
356	952
356	981
356	985
357	13
357	421
357	704
357	898
357	964
358	102
358	375
358	884
358	930
358	947
359	718
359	840
359	856
359	950
359	999
360	307
360	661
360	925
360	955
360	966
361	213
361	685
361	845
361	977
361	997
362	542
362	609
362	644
362	988
362	993
363	759
363	879
363	946
363	967
363	999
364	558
364	559
364	580
364	870
364	995
365	240
365	599
365	627
365	937
365	994
366	718
366	759
366	860
366	946
366	967
367	81
367	132
367	332
367	630
367	993
368	625
368	757
368	944
368	949
368	995
369	930
369	947
369	963
369	968
369	990
370	287
370	382
370	778
370	909
370	916
371	729
371	733
371	873
371	958
371	977
372	801
372	861
372	898
372	933
372	993
373	329
373	412
373	586
373	723
373	922
374	817
374	945
374	974
374	976
374	997
375	293
375	358
375	618
375	930
375	943
376	585
376	604
376	788
376	913
376	981
377	154
377	671
377	920
377	929
377	932
378	882
378	898
378	910
378	974
378	993
379	123
379	489
379	761
379	848
379	989
380	510
380	575
380	715
380	955
380	994
381	716
381	735
381	877
381	966
381	994
382	370
382	629
382	879
382	995
382	997
383	177
383	685
383	866
383	887
383	889
383	970
384	600
384	697
384	768
384	950
384	973
384	999
385	50
385	710
385	762
385	811
385	841
385	966
386	321
386	338
386	508
386	547
386	634
386	969
387	432
387	927
387	945
387	974
387	989
387	997
388	426
388	430
388	595
388	833
388	882
388	884
389	471
389	760
389	831
389	849
389	943
389	993
390	291
390	778
390	891
390	925
390	966
390	994
391	66
391	119
391	397
391	517
391	752
391	872
392	166
392	518
392	682
392	938
392	967
392	998
393	110
393	167
393	264
393	541
393	847
393	956
394	880
394	885
394	893
394	969
394	993
394	997
395	6
395	412
395	518
395	553
395	721
395	975
396	454
396	699
396	922
396	927
396	955
396	986
397	300
397	391
397	594
397	865
397	964
397	983
398	408
398	492
398	676
398	897
398	909
398	969
399	629
399	706
399	730
399	746
399	749
399	803
400	84
400	529
400	607
400	807
400	869
400	953
401	119
401	545
401	791
401	923
401	992
401	998
402	746
402	795
402	871
402	894
402	902
402	944
403	465
403	830
403	974
403	985
403	990
403	997
404	119
404	290
404	782
404	803
404	908
404	999
405	199
405	452
405	651
405	723
405	773
405	926
406	747
406	822
406	886
406	923
406	958
406	988
407	595
407	754
407	791
407	818
407	961
407	975
408	171
408	398
408	690
408	800
408	897
408	969
409	587
409	714
409	772
409	949
409	986
409	991
410	184
410	580
410	610
410	743
410	792
410	870
411	307
411	708
411	807
411	841
411	854
411	869
412	112
412	373
412	395
412	650
412	692
412	721
413	277
413	825
413	878
413	928
413	979
413	986
414	294
414	768
414	839
414	874
414	903
414	972
415	254
415	492
415	787
415	823
415	955
415	984
416	648
416	672
416	730
416	874
416	948
416	984
417	138
417	786
417	832
417	916
417	930
417	983
418	894
418	910
418	919
418	974
418	995
418	997
419	554
419	614
419	815
419	893
419	901
419	985
420	751
420	867
420	883
420	900
420	963
420	988
421	357
421	620
421	660
421	784
421	789
421	985
422	750
422	794
422	979
422	988
422	992
422	996
423	305
423	606
423	737
423	804
423	806
423	989
424	593
424	750
424	840
424	865
424	932
424	950
425	619
425	717
425	800
425	850
425	964
425	982
426	304
426	388
426	581
426	979
426	992
426	996
427	253
427	613
427	786
427	913
427	934
427	962
428	244
428	565
428	646
428	785
428	842
428	929
429	262
429	470
429	946
429	966
429	967
429	1000
430	388
430	558
430	902
430	919
430	941
430	983
431	69
431	695
431	950
431	951
431	967
431	999
432	387
432	806
432	813
432	974
432	997
432	1000
433	63
433	856
433	891
433	931
433	970
433	998
434	795
434	818
434	939
434	940
434	955
434	971
435	307
435	453
435	708
435	793
435	848
435	862
436	94
436	813
436	918
436	922
436	963
436	980
437	232
437	462
437	509
437	868
437	916
437	991
438	776
438	788
438	847
438	912
438	956
438	989
439	717
439	730
439	859
439	954
439	982
439	986
440	769
440	803
440	809
440	922
440	957
440	995
441	84
441	920
441	928
441	932
441	991
441	993
442	624
442	680
442	942
442	949
442	950
442	999
443	752
443	864
443	911
443	936
443	991
443	999
444	150
444	547
444	824
444	988
444	992
444	998
445	27
445	240
445	946
445	955
445	967
445	970
446	481
446	589
446	719
446	791
446	835
446	857
447	503
447	542
447	918
447	950
447	973
447	983
448	590
448	692
448	723
448	805
448	922
448	964
449	675
449	910
449	945
449	953
449	974
449	984
450	232
450	508
450	796
450	822
450	841
450	931
451	277
451	546
451	748
451	828
451	878
451	986
452	228
452	405
452	586
452	599
452	663
452	711
453	48
453	91
453	435
453	498
453	708
453	807
454	396
454	568
454	916
454	917
454	944
454	975
455	275
455	831
455	864
455	924
455	952
455	978
456	642
456	771
456	802
456	819
456	858
456	982
457	563
457	905
457	912
457	928
457	996
457	998
458	573
458	607
458	708
458	807
458	869
458	929
459	204
459	612
459	629
459	762
459	951
459	980
460	213
460	247
460	531
460	711
460	902
460	956
461	699
461	762
461	804
461	848
461	971
461	987
462	78
462	437
462	561
462	586
462	801
462	922
463	251
463	510
463	651
463	698
463	805
463	928
464	24
464	34
464	234
464	977
464	990
464	995
465	56
465	403
465	924
465	952
465	978
465	981
466	47
466	545
466	809
466	817
466	880
466	885
467	241
467	351
467	934
467	935
467	989
467	1000
468	316
468	969
468	971
468	979
468	985
468	996
469	107
469	245
469	280
469	844
469	917
469	1000
470	251
470	429
470	697
470	871
470	949
470	970
471	389
471	768
471	943
471	950
471	968
471	993
472	349
472	498
472	694
472	914
472	928
472	943
473	284
473	311
473	906
473	956
473	997
473	998
474	508
474	511
474	625
474	752
474	753
474	985
475	9
475	270
475	636
475	837
475	908
475	980
476	47
476	289
476	544
476	852
476	880
476	974
477	640
477	682
477	769
477	846
477	926
477	930
478	623
478	843
478	923
478	938
478	996
478	997
479	563
479	709
479	855
479	965
479	979
479	996
480	95
480	126
480	488
480	829
480	860
480	951
481	446
481	783
481	907
481	931
481	964
481	983
482	535
482	709
482	834
482	937
482	954
482	976
483	737
483	945
483	953
483	965
483	974
483	997
484	136
484	303
484	586
484	660
484	693
484	929
485	687
485	809
485	930
485	953
485	965
485	981
486	280
486	633
486	844
486	864
486	930
486	1000
487	129
487	601
487	872
487	929
487	936
487	975
487	990
488	222
488	480
488	514
488	687
488	906
488	920
488	932
489	208
489	379
489	507
489	612
489	788
489	807
489	848
490	79
490	562
490	718
490	831
490	871
490	967
490	997
491	537
491	558
491	813
491	895
491	930
491	982
491	987
492	256
492	398
492	415
492	513
492	897
492	911
492	969
493	542
493	748
493	814
493	859
493	892
493	954
493	983
494	133
494	574
494	575
494	645
494	821
494	894
494	940
495	178
495	734
495	774
495	793
495	883
495	884
495	896
496	216
496	769
496	774
496	801
496	833
496	866
496	928
497	315
497	350
497	642
497	856
497	877
497	935
497	962
498	102
498	453
498	472
498	760
498	768
498	801
498	933
499	109
499	224
499	303
499	646
499	767
499	920
499	932
500	55
500	788
500	821
500	940
500	944
500	948
500	957
501	308
501	624
501	808
501	847
501	912
501	956
501	991
502	204
502	339
502	818
502	887
502	895
502	959
502	987
503	447
503	509
503	742
503	778
503	835
503	868
503	940
504	179
504	614
504	626
504	674
504	725
504	797
504	913
505	648
505	657
505	726
505	749
505	810
505	943
505	955
506	122
506	228
506	585
506	653
506	879
506	881
506	963
507	489
507	522
507	529
507	807
507	848
507	869
507	981
508	113
508	214
508	386
508	450
508	474
508	874
508	931
509	309
509	437
509	503
509	857
509	869
509	933
509	964
510	258
510	279
510	380
510	463
510	553
510	805
510	915
511	78
511	474
511	681
511	712
511	755
511	801
511	968
512	655
512	781
512	917
512	940
512	946
512	957
512	995
513	492
513	718
513	737
513	749
513	788
513	845
513	985
514	93
514	136
514	488
514	687
514	906
514	929
514	962
515	553
515	587
515	599
515	635
515	684
515	814
515	887
516	182
516	198
516	557
516	651
516	870
516	928
516	980
517	166
517	198
517	391
517	853
517	888
517	957
517	985
518	392
518	395
518	556
518	845
518	979
518	996
518	998
519	28
519	621
519	860
519	882
519	933
519	977
519	993
520	269
520	531
520	712
520	739
520	766
520	882
520	914
521	229
521	343
521	524
521	630
521	826
521	947
521	968
522	187
522	237
522	507
522	644
522	691
522	921
522	926
523	6
523	64
523	524
523	575
523	744
523	930
523	961
524	521
524	523
524	868
524	947
524	963
524	989
524	995
525	310
525	647
525	712
525	759
525	865
525	950
525	998
526	83
526	722
526	876
526	877
526	935
526	962
526	1000
527	8
527	747
527	793
527	858
527	884
527	889
527	896
528	549
528	705
528	810
528	862
528	927
528	952
528	973
529	92
529	175
529	400
529	507
529	579
529	607
529	767
530	129
530	318
530	333
530	853
530	936
530	944
530	991
531	336
531	460
531	520
531	876
531	902
531	912
531	956
532	211
532	774
532	861
532	866
532	921
532	926
532	976
533	132
533	629
533	743
533	811
533	891
533	939
533	951
534	719
534	755
534	910
534	912
534	948
534	992
534	996
535	321
535	482
535	620
535	828
535	971
535	982
535	987
536	188
536	208
536	721
536	741
536	823
536	979
536	998
537	339
537	491
537	692
537	860
537	945
537	971
537	987
538	126
538	129
538	539
538	592
538	682
538	705
538	909
539	236
539	538
539	549
539	879
539	889
539	924
539	973
540	562
540	674
540	745
540	756
540	914
540	961
540	968
541	393
541	737
541	776
541	870
541	902
541	912
541	991
542	362
542	447
542	493
542	579
542	616
542	960
542	1000
543	280
543	742
543	755
543	760
543	801
543	850
543	993
544	289
544	476
544	766
544	772
544	794
544	875
544	947
545	247
545	401
545	466
545	772
545	780
545	880
545	885
546	451
546	709
546	863
546	892
546	937
546	942
546	976
547	114
547	301
547	386
547	444
547	562
547	783
547	840
548	114
548	320
548	844
548	902
548	967
548	988
548	993
549	179
549	528
549	539
549	577
549	853
549	861
549	955
550	288
550	352
550	715
550	762
550	806
550	971
550	987
551	140
551	235
551	281
551	820
551	849
551	859
551	941
552	668
552	674
552	675
552	816
552	874
552	968
552	972
553	395
553	510
553	515
553	692
553	712
553	863
553	922
554	46
554	419
554	660
554	698
554	773
554	886
554	985
555	191
555	752
555	765
555	872
555	936
555	989
555	996
556	52
556	304
556	518
556	687
556	908
556	923
556	948
557	142
557	516
557	743
557	761
557	891
557	935
557	980
558	364
558	430
558	491
558	785
558	792
558	963
558	980
559	182
559	364
559	641
559	732
559	743
559	808
559	883
560	279
560	599
560	841
560	910
560	925
560	958
560	969
560	985
561	182
561	462
561	612
561	890
561	953
561	974
561	985
561	997
562	123
562	490
562	540
562	547
562	680
562	791
562	867
562	994
563	90
563	335
563	457
563	479
563	764
563	873
563	905
563	938
564	284
564	625
564	753
564	782
564	954
564	976
564	986
564	990
565	260
565	428
565	585
565	646
565	674
565	774
565	909
565	928
566	318
566	765
566	770
566	911
566	914
566	936
566	963
566	990
567	215
567	682
567	794
567	837
567	899
567	908
567	982
567	998
568	454
568	583
568	737
568	772
568	811
568	898
568	955
568	963
569	303
569	827
569	893
569	906
569	907
569	920
569	929
569	932
570	145
570	270
570	348
570	850
570	888
570	895
570	905
570	987
571	210
571	606
571	803
571	880
571	885
571	933
571	953
571	997
572	124
572	247
572	900
572	908
572	948
572	988
572	992
572	996
573	26
573	28
573	458
573	631
573	632
573	680
573	750
573	875
574	494
574	639
574	781
574	812
574	835
574	916
574	960
574	964
575	380
575	494
575	523
575	843
575	925
575	955
575	966
575	994
576	190
576	590
576	601
576	765
576	853
576	900
576	975
576	990
577	77
577	257
577	549
577	603
577	687
577	907
577	928
577	929
578	188
578	669
578	709
578	892
578	937
578	976
578	986
578	998
579	350
579	529
579	542
579	781
579	820
579	863
579	916
579	991
580	364
580	410
580	855
580	864
580	924
580	952
580	978
580	981
581	158
581	426
581	796
581	855
581	864
581	952
581	978
581	981
582	117
582	128
582	201
582	229
582	653
582	783
582	961
582	963
583	109
583	568
583	728
583	810
583	823
583	845
583	921
583	958
584	61
584	597
584	727
584	802
584	941
584	958
584	971
584	994
585	376
585	506
585	565
585	638
585	668
585	670
585	817
585	961
586	373
586	452
586	462
586	484
586	711
586	918
586	928
586	942
587	147
587	196
587	409
587	515
587	788
587	902
587	956
587	962
588	691
588	782
588	797
588	814
588	835
588	873
588	921
588	977
589	446
589	836
589	850
589	852
589	863
589	931
589	972
589	983
590	226
590	448
590	576
590	723
590	724
590	787
590	915
590	981
591	255
591	643
591	877
591	883
591	913
591	960
591	962
591	1000
592	68
592	538
592	728
592	741
592	935
592	955
592	993
592	994
593	111
593	114
593	156
593	237
593	424
593	831
593	856
593	970
594	238
594	397
594	658
594	719
594	722
594	903
594	907
594	965
595	161
595	242
595	388
595	407
595	622
595	744
595	874
595	963
596	637
596	786
596	810
596	882
596	916
596	931
596	943
596	960
597	33
597	50
597	74
597	584
597	770
597	870
597	982
597	998
598	99
598	203
598	769
598	872
598	911
598	936
598	968
598	990
599	173
599	365
599	452
599	515
599	560
599	713
599	769
599	866
600	38
600	49
600	301
600	384
600	628
600	865
600	946
600	967
601	34
601	225
601	487
601	576
601	853
601	872
601	911
601	921
602	183
602	277
602	309
602	639
602	744
602	852
602	867
602	886
603	195
603	577
603	604
603	622
603	743
603	779
603	920
603	980
604	284
604	355
604	376
604	603
604	622
604	785
604	829
604	868
605	703
605	820
605	850
605	861
605	886
605	888
605	895
605	944
606	97
606	141
606	423
606	571
606	670
606	971
606	982
606	987
607	269
607	291
607	400
607	458
607	529
607	807
607	894
607	989
608	248
608	619
608	684
608	749
608	771
608	833
608	921
608	941
609	244
609	362
609	886
609	911
609	916
609	931
609	960
609	962
610	410
610	675
610	723
610	839
610	887
610	907
610	917
610	983
611	660
611	669
611	773
611	825
611	846
611	901
611	960
611	985
612	149
612	282
612	322
612	329
612	459
612	489
612	561
612	942
613	427
613	627
613	800
613	876
613	960
613	962
613	968
613	993
614	419
614	504
614	640
614	756
614	887
614	977
614	992
614	995
615	90
615	823
615	871
615	958
615	965
615	992
615	995
615	996
616	35
616	542
616	786
616	835
616	890
616	960
616	964
616	967
617	121
617	636
617	641
617	746
617	792
617	957
617	959
617	984
618	375
618	657
618	734
618	803
618	839
618	947
618	963
618	968
619	160
619	352
619	425
619	608
619	678
619	828
619	895
619	958
620	421
620	535
620	662
620	899
620	940
620	948
620	984
620	995
621	349
621	519
621	672
621	768
621	882
621	898
621	993
621	999
622	306
622	595
622	603
622	604
622	665
622	808
622	816
622	891
622	964
623	137
623	174
623	478
623	650
623	879
623	965
623	979
623	988
623	992
624	157
624	196
624	442
624	501
624	776
624	847
624	897
624	908
624	912
625	235
625	368
625	474
625	564
625	717
625	743
625	878
625	954
625	976
626	77
626	91
626	181
626	504
626	697
626	948
626	952
626	958
626	979
627	170
627	365
627	613
627	747
627	755
627	801
627	933
627	980
627	993
628	166
628	600
628	635
628	840
628	938
628	988
628	992
628	996
628	998
629	184
629	348
629	382
629	399
629	459
629	533
629	837
629	951
629	984
630	152
630	298
630	367
630	521
630	898
630	949
630	950
630	967
630	970
631	305
631	573
631	750
631	831
631	840
631	896
631	956
631	967
631	994
632	29
632	295
632	573
632	718
632	763
632	854
632	949
632	967
632	999
633	486
633	636
633	747
633	793
633	799
633	844
633	884
633	896
633	1000
634	153
634	266
634	386
634	733
634	795
634	892
634	928
634	930
634	954
635	126
635	242
635	515
635	628
635	691
635	833
635	926
635	958
635	964
636	324
636	475
636	617
636	633
636	894
636	917
636	959
636	964
636	995
637	13
637	596
637	835
637	870
637	903
637	920
637	931
637	960
637	993
638	585
638	787
638	792
638	837
638	881
638	930
638	947
638	972
638	997
639	163
639	574
639	602
639	782
639	832
639	958
639	960
639	983
639	986
640	169
640	218
640	477
640	614
640	756
640	873
640	889
640	973
640	977
641	327
641	559
641	617
641	837
641	856
641	966
641	971
641	983
641	994
642	456
642	497
642	777
642	877
642	913
642	934
642	935
642	952
642	989
643	591
643	647
643	666
643	695
643	751
643	913
643	935
643	950
643	962
644	230
644	232
644	271
644	362
644	522
644	753
644	778
644	886
644	983
645	494
645	779
645	812
645	848
645	881
645	899
645	917
645	984
645	995
646	45
646	89
646	428
646	499
646	565
646	693
646	842
646	928
646	983
647	264
647	525
647	643
647	753
647	868
647	946
647	949
647	970
647	999
648	29
648	416
648	505
648	662
648	678
648	730
648	782
648	812
648	948
649	116
649	668
649	799
649	835
649	858
649	880
649	881
649	972
649	993
650	141
650	412
650	623
650	898
650	928
650	933
650	936
650	943
650	993
651	405
651	463
651	516
651	711
651	721
651	800
651	805
651	923
651	953
652	777
652	855
652	864
652	908
652	924
652	952
652	978
652	981
652	990
653	272
653	506
653	582
653	668
653	745
653	791
653	951
653	968
653	990
654	60
654	777
654	797
654	850
654	919
654	925
654	956
654	966
654	986
655	186
655	201
655	234
655	299
655	512
655	738
655	809
655	948
655	957
656	696
656	716
656	727
656	865
656	915
656	941
656	955
656	969
656	994
657	29
657	64
657	272
657	505
657	618
657	791
657	839
657	961
657	972
658	238
658	594
658	832
658	835
658	857
658	905
658	958
658	960
658	975
659	96
659	259
659	350
659	667
659	731
659	841
659	939
659	978
659	994
660	421
660	484
660	554
660	611
660	686
660	893
660	901
660	919
660	985
661	360
661	698
661	813
661	911
661	919
661	953
661	974
661	997
661	1000
662	620
662	648
662	829
662	867
662	871
662	935
662	940
662	944
662	984
663	452
663	719
663	894
663	941
663	946
663	952
663	957
663	971
663	991
664	90
664	212
664	232
664	745
664	759
664	849
664	881
664	930
664	968
665	10
665	62
665	230
665	255
665	622
665	809
665	891
665	908
665	980
666	643
666	773
666	878
666	913
666	934
666	935
666	961
666	962
666	989
667	16
667	659
667	771
667	811
667	843
667	925
667	968
667	981
667	994
668	552
668	585
668	649
668	653
668	860
668	925
668	930
668	955
668	972
668	991
669	176
669	578
669	611
669	714
669	869
669	919
669	931
669	954
669	989
669	997
670	585
670	606
670	737
670	802
670	813
670	850
670	863
670	904
670	975
670	982
671	48
671	59
671	168
671	299
671	377
671	672
671	704
671	746
671	844
671	940
672	416
672	621
672	671
672	706
672	925
672	940
672	957
672	959
672	960
672	984
673	19
673	260
673	303
673	687
673	862
673	902
673	906
673	929
673	932
673	974
674	504
674	540
674	552
674	565
674	744
674	839
674	930
674	939
674	947
674	986
675	39
675	186
675	449
675	552
675	610
675	757
675	867
675	871
675	984
675	995
676	343
676	398
676	681
676	746
676	801
676	898
676	914
676	933
676	943
676	972
677	731
677	738
677	763
677	789
677	790
677	846
677	893
677	901
677	957
677	985
678	192
678	352
678	619
678	648
678	695
678	804
678	854
678	904
678	926
678	982
679	30
679	214
679	789
679	834
679	847
679	912
679	956
679	958
679	966
679	991
680	442
680	562
680	573
680	695
680	834
680	865
680	949
680	970
680	997
680	999
681	267
681	349
681	511
681	676
681	755
681	858
681	898
681	943
681	984
681	993
682	205
682	392
682	477
682	538
682	567
682	725
682	810
682	861
682	951
682	973
683	16
683	147
683	729
683	814
683	889
683	926
683	941
683	973
683	976
683	977
684	70
684	236
684	268
684	515
684	608
684	810
684	861
684	896
684	956
684	958
685	361
685	383
685	702
685	713
685	738
685	819
685	862
685	889
685	926
685	934
686	245
686	660
686	715
686	716
686	735
686	811
686	945
686	955
686	966
686	994
687	485
687	488
687	514
687	556
687	577
687	673
687	827
687	906
687	932
687	947
688	740
688	756
688	814
688	817
688	830
688	851
688	877
688	974
688	997
688	1000
689	206
689	351
689	754
689	895
689	905
689	927
689	968
689	979
689	988
689	996
690	108
690	256
690	408
690	701
690	702
690	759
690	897
690	959
690	969
690	999
691	522
691	588
691	635
691	704
691	789
691	797
691	830
691	921
691	941
691	958
692	38
692	136
692	412
692	448
692	537
692	553
692	915
692	922
692	928
692	984
693	179
693	260
693	484
693	646
693	767
693	914
693	920
693	929
693	932
693	958
694	472
694	822
694	838
694	910
694	919
694	945
694	953
694	974
694	983
694	997
695	431
695	643
695	678
695	680
695	775
695	917
695	949
695	967
695	991
695	999
696	263
696	656
696	699
696	716
696	727
696	843
696	965
696	966
696	991
696	994
697	251
697	285
697	384
697	470
697	626
697	865
697	875
697	899
697	967
697	970
698	463
698	554
698	661
698	743
698	750
698	963
698	966
698	970
698	985
698	997
699	81
699	396
699	461
699	696
699	727
699	811
699	925
699	966
699	982
699	994
700	15
700	157
700	225
700	752
700	851
700	911
700	936
700	964
700	984
700	990
701	222
701	690
701	702
701	765
701	779
701	822
701	843
701	897
701	942
701	969
702	53
702	231
702	306
702	685
702	690
702	701
702	897
702	942
702	969
702	980
703	199
703	264
703	605
703	752
703	865
703	927
703	932
703	936
703	943
703	996
704	101
704	357
704	671
704	691
704	786
704	832
704	852
704	903
704	964
704	992
705	23
705	528
705	538
705	729
705	861
705	889
705	960
705	971
705	973
705	998
706	399
706	672
706	730
706	803
706	944
706	955
706	957
706	968
706	995
706	997
707	3
707	148
707	319
707	346
707	758
707	876
707	904
707	971
707	982
707	989
708	339
708	411
708	435
708	453
708	458
708	724
708	807
708	848
708	851
708	869
709	65
709	479
709	482
709	546
709	578
709	897
709	917
709	937
709	954
709	986
710	53
710	203
710	257
710	385
710	727
710	732
710	948
710	955
710	966
710	994
711	31
711	148
711	452
711	460
711	586
711	651
711	784
711	805
711	827
711	849
711	942
712	85
712	511
712	520
712	525
712	553
712	760
712	882
712	898
712	914
712	943
712	993
713	193
713	346
713	599
713	685
713	725
713	749
713	797
713	861
713	873
713	956
713	994
714	210
714	333
714	409
714	669
714	858
714	900
714	905
714	923
714	988
714	992
714	996
715	380
715	550
715	686
715	735
715	819
715	843
715	915
715	925
715	939
715	955
715	980
716	381
716	656
716	686
716	696
716	796
716	864
716	920
716	939
716	955
716	966
716	994
717	185
717	354
717	425
717	439
717	625
717	779
717	790
717	909
717	937
717	986
717	990
718	359
718	366
718	490
718	513
718	632
718	787
718	802
718	949
718	970
718	982
718	999
719	286
719	446
719	534
719	594
719	663
719	726
719	867
719	917
719	964
719	983
719	990
720	103
720	777
720	832
720	855
720	864
720	924
720	952
720	978
720	981
720	986
720	1000
721	226
721	395
721	412
721	536
721	651
721	723
721	787
721	890
721	922
721	933
721	942
722	227
722	292
722	526
722	594
722	818
722	820
722	895
722	904
722	971
722	975
722	987
723	199
723	279
723	373
723	405
723	448
723	590
723	610
723	721
723	750
723	869
723	969
724	254
724	288
724	310
724	590
724	708
724	763
724	928
724	929
724	944
724	959
724	971
725	504
725	682
725	713
725	749
725	815
725	845
725	861
725	889
725	924
725	957
725	983
726	168
726	319
726	505
726	719
726	852
726	886
726	892
726	903
726	931
726	960
726	983
727	58
727	584
727	656
727	696
727	699
727	710
727	841
727	925
727	936
727	966
727	997
728	46
728	61
728	317
728	583
728	592
728	769
728	814
728	893
728	914
728	973
728	1000
729	24
729	173
729	371
729	683
729	705
729	749
729	766
729	771
729	802
729	828
729	886
730	338
730	399
730	416
730	439
730	648
730	706
730	795
730	894
730	917
730	959
730	987
731	80
731	293
731	659
731	677
731	738
731	784
731	846
731	893
731	901
731	945
731	985
732	57
732	559
732	710
732	788
732	941
732	974
732	975
732	977
732	978
732	981
732	997
733	48
733	65
733	100
733	211
733	371
733	634
733	878
733	937
733	954
733	976
733	986
734	178
734	249
734	270
734	495
734	618
734	793
734	822
734	858
734	896
734	939
734	974
735	14
735	57
735	138
735	381
735	686
735	715
735	841
735	843
735	904
735	959
735	994
736	82
736	832
736	836
736	857
736	869
736	878
736	916
736	922
736	964
736	983
736	990
737	135
737	291
737	423
737	483
737	513
737	541
737	568
737	670
737	804
737	904
737	982
738	268
738	655
738	677
738	685
738	731
738	773
738	825
738	846
738	901
738	981
738	985
739	51
739	337
739	520
739	801
739	827
739	903
739	914
739	929
739	933
739	993
739	995
740	688
740	749
740	851
740	876
740	910
740	919
740	923
740	945
740	953
740	974
740	997
741	124
741	269
741	333
741	345
741	536
741	592
741	883
741	896
741	965
741	988
741	996
742	180
742	269
742	503
742	543
742	768
742	778
742	914
742	933
742	943
742	972
742	993
743	313
743	410
743	533
743	557
743	559
743	603
743	625
743	698
743	851
743	909
743	951
744	523
744	595
744	602
744	674
744	810
744	839
744	881
744	930
744	954
744	961
744	972
745	97
745	283
745	294
745	302
745	540
745	653
745	664
745	821
745	842
745	891
745	947
745	961
746	283
746	334
746	399
746	402
746	617
746	671
746	676
746	790
746	917
746	959
746	961
746	995
747	406
747	527
747	627
747	633
747	850
747	854
747	876
747	894
747	939
747	952
747	963
747	978
748	1
748	66
748	101
748	451
748	493
748	839
748	892
748	929
748	933
748	937
748	954
748	976
749	399
749	505
749	513
749	608
749	713
749	725
749	729
749	740
749	889
749	921
749	941
749	961
750	155
750	190
750	235
750	422
750	424
750	573
750	631
750	698
750	723
750	840
750	908
750	946
751	71
751	253
751	321
751	420
751	643
751	816
751	856
751	913
751	934
751	935
751	962
751	965
752	391
752	443
752	474
752	555
752	700
752	703
752	861
752	872
752	879
752	911
752	936
752	944
753	74
753	335
753	474
753	564
753	644
753	647
753	759
753	783
753	905
753	950
753	987
753	999
754	407
754	689
754	876
754	883
754	885
754	900
754	918
754	927
754	967
754	988
754	992
754	998
755	170
755	511
755	534
755	543
755	627
755	681
755	915
755	933
755	943
755	992
755	993
755	994
756	7
756	46
756	305
756	540
756	614
756	640
756	688
756	776
756	845
756	941
756	958
756	973
757	33
757	59
757	262
757	368
757	675
757	798
757	849
757	924
757	940
757	948
757	984
757	990
758	37
758	275
758	707
758	807
758	850
758	895
758	927
758	936
758	953
758	971
758	982
758	987
759	123
759	363
759	366
759	525
759	664
759	690
759	753
759	836
759	927
759	950
759	967
759	991
760	81
760	354
760	389
760	498
760	543
760	712
760	768
760	775
760	897
760	898
760	901
760	993
761	290
761	379
761	557
761	792
761	837
761	840
761	842
761	891
761	908
761	951
761	954
761	980
762	18
762	385
762	459
762	461
762	550
762	820
762	828
762	854
762	888
762	957
762	961
762	982
763	204
763	632
763	677
763	724
763	787
763	818
763	820
763	850
763	888
763	895
763	935
763	987
764	563
764	785
764	819
764	823
764	824
764	923
764	965
764	979
764	986
764	987
764	992
764	998
765	190
765	271
765	355
765	555
765	566
765	576
765	701
765	853
765	906
765	911
765	936
765	990
766	25
766	219
766	267
766	281
766	520
766	544
766	729
766	772
766	780
766	794
766	885
766	943
767	19
767	136
767	499
767	529
767	693
767	906
767	920
767	929
767	932
767	939
767	971
767	990
768	80
768	180
768	332
768	384
768	414
768	471
768	498
768	621
768	742
768	760
768	835
768	943
769	440
769	477
769	496
769	598
769	599
769	728
769	802
769	810
769	833
769	910
769	977
769	995
770	296
770	311
770	566
770	597
770	785
770	808
770	811
770	878
770	891
770	908
770	951
770	980
771	104
771	237
771	456
771	608
771	667
771	729
771	814
771	862
771	887
771	941
771	973
771	999
772	5
772	32
772	219
772	409
772	544
772	545
772	568
772	766
772	824
772	880
772	885
772	963
773	405
773	554
773	611
773	666
773	738
773	784
773	789
773	829
773	846
773	893
773	901
773	942
773	985
774	229
774	234
774	297
774	495
774	496
774	532
774	565
774	819
774	845
774	873
774	958
774	973
774	978
775	110
775	143
775	695
775	760
775	822
775	829
775	944
775	948
775	953
775	974
775	992
775	997
775	999
776	103
776	207
776	336
776	438
776	541
776	624
776	756
776	788
776	834
776	902
776	956
776	975
776	991
777	642
777	652
777	654
777	720
777	855
777	864
777	915
777	921
777	924
777	952
777	978
777	981
777	1000
778	11
778	174
778	370
778	390
778	503
778	644
778	742
778	847
778	857
778	890
778	923
778	931
778	983
779	144
779	156
779	255
779	603
779	645
779	701
779	717
779	816
779	847
779	954
779	956
779	969
779	974
780	5
780	50
780	67
780	130
780	545
780	766
780	794
780	880
780	885
780	888
780	910
780	989
780	996
781	353
781	512
781	574
781	579
781	796
781	833
781	837
781	852
781	890
781	931
781	960
781	964
781	983
782	404
782	564
782	588
782	639
782	648
782	818
782	852
782	859
782	901
782	934
782	962
782	976
782	982
783	67
783	156
783	481
783	547
783	582
783	753
783	867
783	908
783	919
783	949
783	963
783	970
783	999
784	99
784	293
784	421
784	711
784	731
784	773
784	789
784	803
784	825
784	893
784	901
784	985
784	993
785	95
785	183
785	198
785	428
785	558
785	604
785	764
785	770
785	792
785	858
785	870
785	891
785	936
786	417
786	427
786	596
786	616
786	704
786	832
786	835
786	852
786	907
786	964
786	992
786	993
786	998
787	105
787	415
787	590
787	638
787	718
787	721
787	763
787	820
787	970
787	978
787	981
787	986
787	987
788	376
788	438
788	489
788	500
788	513
788	587
788	732
788	776
788	847
788	902
788	912
788	956
788	991
789	285
789	421
789	677
789	679
789	691
789	773
789	784
789	825
789	838
789	893
789	901
789	979
789	985
790	105
790	677
790	717
790	746
790	798
790	836
790	894
790	899
790	917
790	948
790	957
790	984
790	995
791	105
791	283
791	304
791	401
791	407
791	446
791	562
791	653
791	657
791	874
791	963
791	968
791	972
792	98
792	288
792	410
792	558
792	617
792	638
792	761
792	785
792	816
792	910
792	950
792	951
792	980
793	249
793	266
793	278
793	435
793	495
793	527
793	633
793	734
793	803
793	844
793	921
793	926
793	1000
794	25
794	43
794	55
794	130
794	422
794	544
794	567
794	766
794	780
794	880
794	899
794	947
794	998
795	153
795	402
795	434
795	634
795	730
795	820
795	859
795	945
795	963
795	967
795	974
795	997
795	999
796	450
796	581
796	716
796	781
796	832
796	857
796	891
796	903
796	916
796	931
796	960
796	972
796	983
797	278
797	504
797	588
797	654
797	691
797	713
797	887
797	921
797	926
797	941
797	944
797	960
797	973
798	36
798	107
798	757
798	790
798	857
798	887
798	894
798	914
798	917
798	940
798	944
798	957
798	995
799	73
799	182
799	206
799	239
799	633
799	649
799	874
799	886
799	947
799	961
799	963
799	972
799	995
800	120
800	261
800	408
800	425
800	613
800	651
800	838
800	879
800	916
800	969
800	974
800	978
800	981
801	73
801	372
801	462
801	496
801	498
801	511
801	543
801	627
801	676
801	739
801	846
801	898
801	914
802	95
802	456
802	584
802	670
802	718
802	729
802	769
802	810
802	866
802	887
802	921
802	977
802	993
803	276
803	299
803	399
803	404
803	440
803	571
803	618
803	706
803	784
803	793
803	821
803	957
803	995
804	24
804	241
804	423
804	461
804	678
804	737
804	815
804	820
804	822
804	850
804	854
804	870
804	913
804	994
805	38
805	223
805	254
805	448
805	463
805	510
805	651
805	711
805	807
805	844
805	863
805	878
805	922
805	942
806	62
806	134
806	334
806	423
806	432
806	550
806	813
806	818
806	821
806	843
806	971
806	975
806	982
806	987
807	400
807	411
807	453
807	458
807	489
807	507
807	607
807	708
807	758
807	805
807	848
807	869
807	937
807	992
808	32
808	233
808	501
808	559
808	622
808	770
808	829
808	870
808	891
808	906
808	918
808	942
808	980
808	983
809	200
809	324
809	440
809	466
809	485
809	655
809	665
809	871
809	915
809	940
809	944
809	951
809	959
809	975
810	109
810	505
810	528
810	583
810	596
810	682
810	684
810	744
810	769
810	802
810	819
810	895
810	976
810	977
811	82
811	385
811	533
811	568
811	667
811	686
811	699
811	770
811	813
811	843
811	859
811	916
811	966
811	994
812	276
812	285
812	316
812	574
812	645
812	648
812	901
812	940
812	944
812	959
812	968
812	975
812	984
812	995
813	227
813	267
813	432
813	436
813	491
813	661
813	670
813	806
813	811
813	815
813	828
813	915
813	972
813	987
814	493
814	515
814	588
814	683
814	688
814	728
814	771
814	845
814	921
814	941
814	973
814	977
814	978
814	997
815	118
815	172
815	419
815	725
815	804
815	813
815	820
815	850
815	854
815	863
815	886
815	895
815	958
815	982
816	21
816	44
816	59
816	149
816	195
816	273
816	552
816	622
816	751
816	779
816	792
816	837
816	863
816	980
817	374
817	466
817	585
817	688
817	820
817	838
817	851
817	910
817	911
817	919
817	945
817	953
817	974
817	997
818	26
818	111
818	185
818	407
818	434
818	502
818	722
818	763
818	782
818	806
818	904
818	931
818	971
818	979
818	982
819	456
819	685
819	715
819	764
819	774
819	810
819	862
819	866
819	889
819	941
819	958
819	973
819	977
819	984
819	985
820	185
820	551
820	579
820	605
820	722
820	762
820	763
820	787
820	795
820	804
820	815
820	817
820	868
820	966
820	987
821	233
821	494
821	500
821	745
821	803
821	806
821	837
821	863
821	871
821	899
821	948
821	957
821	959
821	984
821	995
822	244
822	349
822	406
822	450
822	694
822	701
822	734
822	775
822	804
822	859
822	884
822	896
822	929
822	932
822	969
823	189
823	351
823	415
823	536
823	583
823	615
823	764
823	824
823	899
823	905
823	927
823	991
823	992
823	996
823	998
824	239
824	444
824	764
824	772
824	823
824	840
824	876
824	883
824	923
824	927
824	938
824	953
824	972
824	988
824	992
825	2
825	139
825	150
825	285
825	413
825	611
825	738
825	784
825	789
825	846
825	893
825	901
825	946
825	947
825	985
826	17
826	165
826	239
826	521
826	839
826	863
826	868
826	898
826	918
826	930
826	947
826	963
826	972
826	973
826	995
827	51
827	148
827	569
827	687
827	711
827	739
827	842
827	883
827	897
827	907
827	924
827	942
827	952
827	969
827	981
828	3
828	27
828	294
828	451
828	535
828	619
828	729
828	762
828	813
828	854
828	888
828	904
828	971
828	982
828	987
829	116
829	195
829	197
829	198
829	480
829	604
829	662
829	773
829	775
829	808
829	837
829	891
829	951
829	980
829	991
830	299
830	403
830	688
830	691
830	838
830	851
830	867
830	902
830	910
830	934
830	945
830	953
830	974
830	989
830	997
831	159
831	389
831	455
831	490
831	593
831	631
831	851
831	865
831	867
831	875
831	914
831	942
831	949
831	950
831	970
832	216
832	287
832	417
832	639
832	658
832	704
832	720
832	736
832	786
832	796
832	884
832	931
832	944
832	964
832	997
833	388
833	496
833	608
833	635
833	769
833	781
833	861
833	873
833	887
833	907
833	926
833	945
833	973
833	977
833	996
834	110
834	196
834	214
834	247
834	482
834	679
834	680
834	776
834	852
834	908
834	912
834	918
834	947
834	949
834	956
834	991
835	8
835	446
835	503
835	574
835	588
835	616
835	637
835	649
835	658
835	768
835	786
835	836
835	956
835	964
835	983
835	984
836	270
836	589
836	736
836	759
836	790
836	835
836	852
836	890
836	907
836	913
836	916
836	939
836	960
836	964
836	983
836	991
837	9
837	92
837	171
837	233
837	475
837	567
837	629
837	638
837	641
837	761
837	781
837	816
837	821
837	829
837	909
837	951
838	161
838	694
838	789
838	800
838	817
838	830
838	840
838	851
838	899
838	910
838	919
838	945
838	953
838	974
838	989
838	997
839	139
839	145
839	302
839	414
839	610
839	618
839	657
839	674
839	744
839	748
839	826
839	841
839	906
839	947
839	963
839	973
840	359
840	424
840	547
840	628
840	631
840	750
840	761
840	824
840	838
840	875
840	946
840	949
840	950
840	956
840	967
840	999
841	35
841	58
841	75
841	245
841	325
841	385
841	411
841	450
841	560
841	659
841	727
841	735
841	839
841	925
841	966
841	994
842	19
842	48
842	125
842	240
842	347
842	428
842	646
842	745
842	761
842	827
842	848
842	906
842	927
842	929
842	932
842	992
843	135
843	259
843	478
843	575
843	667
843	696
843	701
843	715
843	735
843	806
843	811
843	925
843	955
843	960
843	966
843	994
844	69
844	266
844	278
844	356
844	469
844	486
844	548
844	633
844	671
844	793
844	805
844	858
844	884
844	896
844	939
844	948
844	1000
845	240
845	361
845	513
845	518
845	583
845	725
845	756
845	774
845	814
845	862
845	873
845	915
845	941
845	958
845	977
845	983
845	995
846	268
846	314
846	341
846	477
846	611
846	677
846	731
846	738
846	773
846	801
846	825
846	858
846	893
846	901
846	920
846	938
846	985
847	30
847	167
847	336
847	393
847	438
847	501
847	624
847	679
847	778
847	779
847	788
847	912
847	931
847	945
847	949
847	956
847	990
848	67
848	175
848	208
848	257
848	379
848	435
848	461
848	489
848	507
848	645
848	708
848	807
848	842
848	869
848	931
848	964
848	989
849	163
849	226
849	389
849	551
849	664
849	711
849	757
849	854
849	860
849	874
849	922
849	923
849	961
849	979
849	984
849	995
849	998
850	321
850	425
850	543
850	570
850	589
850	605
850	654
850	670
850	747
850	758
850	763
850	804
850	815
850	886
850	923
850	971
850	984
851	688
851	700
851	708
851	740
851	743
851	817
851	830
851	831
851	838
851	870
851	910
851	919
851	928
851	974
851	990
851	997
851	1000
852	55
852	169
852	476
852	589
852	602
852	704
852	726
852	781
852	782
852	786
852	834
852	836
852	857
852	916
852	953
852	972
852	988
853	190
853	517
853	530
853	549
853	576
853	601
853	765
853	872
853	911
853	912
853	936
853	967
853	980
853	988
853	989
853	990
853	991
854	18
854	144
854	343
854	411
854	632
854	678
854	747
854	762
854	804
854	815
854	828
854	849
854	888
854	904
854	938
854	982
854	987
855	221
855	326
855	331
855	479
855	580
855	581
855	652
855	720
855	777
855	862
855	864
855	924
855	952
855	978
855	981
855	999
855	1000
856	100
856	292
856	359
856	433
856	497
856	593
856	641
856	751
856	877
856	913
856	934
856	935
856	957
856	962
856	978
856	994
856	1000
857	216
857	446
857	509
857	658
857	736
857	778
857	796
857	798
857	852
857	895
857	900
857	903
857	931
857	945
857	964
857	985
857	990
858	162
858	456
858	527
858	649
858	681
858	714
858	734
858	785
858	844
858	846
858	862
858	885
858	937
858	954
858	973
858	975
858	986
859	41
859	320
859	354
859	439
859	493
859	551
859	782
859	795
859	811
859	822
859	928
859	936
859	937
859	961
859	976
859	986
859	991
860	147
860	169
860	296
860	328
860	366
860	480
860	519
860	537
860	668
860	849
860	890
860	895
860	904
860	912
860	942
860	960
860	999
861	262
861	297
861	372
861	532
861	549
861	605
861	682
861	684
861	705
861	713
861	725
861	752
861	833
861	889
861	921
861	926
861	928
861	954
862	33
862	98
862	274
862	435
862	528
862	673
862	685
862	771
862	819
862	845
862	855
862	858
862	866
862	889
862	958
862	973
862	977
862	981
863	104
863	322
863	546
863	553
863	579
863	589
863	670
863	805
863	815
863	816
863	821
863	826
863	865
863	922
863	960
863	963
863	980
863	987
864	443
864	455
864	486
864	580
864	581
864	652
864	716
864	720
864	777
864	855
864	924
864	933
864	946
864	952
864	969
864	978
864	981
864	1000
865	292
865	296
865	313
865	335
865	397
865	424
865	525
865	600
865	656
865	680
865	697
865	703
865	831
865	863
865	949
865	950
865	967
865	999
866	197
866	231
866	273
866	297
866	383
866	496
866	532
866	599
866	802
866	819
866	862
866	910
866	926
866	938
866	941
866	958
866	973
866	993
867	22
867	282
867	420
867	562
867	602
867	662
867	675
867	719
867	783
867	830
867	831
867	868
867	881
867	883
867	943
867	961
867	968
867	992
868	261
868	437
868	503
868	524
868	604
868	647
868	820
868	826
868	867
868	877
868	892
868	915
868	923
868	930
868	938
868	965
868	993
868	998
869	92
869	165
869	307
869	400
869	411
869	458
869	507
869	509
869	669
869	708
869	723
869	736
869	807
869	848
869	900
869	942
869	962
869	989
870	95
870	207
870	273
870	290
870	322
870	364
870	410
870	516
870	541
870	597
870	637
870	785
870	804
870	808
870	851
870	891
870	941
870	951
870	980
871	10
871	93
871	308
871	323
871	402
871	470
871	490
871	615
871	662
871	675
871	809
871	821
871	899
871	940
871	948
871	959
871	984
871	995
871	1000
872	99
872	220
872	318
872	354
872	391
872	487
872	555
872	598
872	601
872	752
872	853
872	899
872	911
872	936
872	937
872	952
872	973
872	991
872	994
873	94
873	98
873	371
873	563
873	588
873	640
873	713
873	774
873	833
873	845
873	887
873	890
873	916
873	921
873	935
873	941
873	954
873	958
873	977
874	64
874	78
874	283
874	414
874	416
874	508
874	552
874	595
874	791
874	799
874	849
874	875
874	881
874	947
874	954
874	963
874	968
874	991
874	999
875	79
875	89
875	132
875	155
875	176
875	264
875	544
875	573
875	697
875	831
875	840
875	874
875	888
875	932
875	942
875	950
875	967
875	970
875	977
876	526
876	531
876	613
876	707
876	740
876	747
876	754
876	824
876	879
876	883
876	905
876	923
876	938
876	965
876	979
876	981
876	988
876	992
876	996
877	65
877	257
877	262
877	300
877	342
877	344
877	381
877	497
877	526
877	591
877	642
877	688
877	856
877	868
877	913
877	934
877	935
877	962
877	1000
878	25
878	66
878	281
878	413
878	451
878	625
878	666
878	733
878	736
878	770
878	805
878	892
878	928
878	932
878	937
878	954
878	976
878	986
878	990
879	107
879	363
879	382
879	506
879	539
879	623
879	752
879	800
879	876
879	883
879	900
879	905
879	923
879	938
879	965
879	979
879	980
879	988
879	996
880	32
880	43
880	130
880	215
880	289
880	394
880	466
880	476
880	545
880	571
880	649
880	772
880	780
880	794
880	885
880	893
880	964
880	978
880	979
881	42
881	102
881	506
881	638
881	645
881	649
881	664
881	744
881	867
881	874
881	892
881	903
881	937
881	945
881	947
881	961
881	963
881	972
881	982
882	58
882	217
882	246
882	343
882	378
882	388
882	519
882	520
882	596
882	621
882	712
882	885
882	898
882	914
882	929
882	930
882	943
882	967
882	993
883	145
883	420
883	495
883	559
883	591
883	741
883	754
883	824
883	827
883	867
883	876
883	879
883	905
883	918
883	927
883	979
883	987
883	988
883	998
884	125
884	127
884	183
884	236
884	249
884	266
884	310
884	358
884	388
884	495
884	527
884	633
884	822
884	832
884	844
884	896
884	922
884	939
884	1000
885	25
885	32
885	43
885	47
885	219
885	394
885	466
885	545
885	571
885	754
885	766
885	772
885	780
885	858
885	880
885	882
885	927
885	973
885	1000
886	57
886	406
886	554
886	602
886	605
886	609
886	644
886	726
886	729
886	799
886	815
886	850
886	914
886	933
886	939
886	940
886	965
886	968
886	975
886	993
887	52
887	121
887	173
887	205
887	383
887	502
887	515
887	610
887	614
887	771
887	797
887	798
887	802
887	833
887	873
887	912
887	921
887	958
887	973
887	977
888	18
888	192
888	290
888	339
888	347
888	517
888	570
888	605
888	762
888	763
888	780
888	828
888	854
888	875
888	912
888	928
888	939
888	971
888	975
888	987
889	34
889	230
889	250
889	383
889	527
889	539
889	640
889	683
889	685
889	705
889	725
889	749
889	819
889	861
889	862
889	904
889	928
889	969
889	973
889	977
890	8
890	13
890	47
890	88
890	287
890	561
890	616
890	721
890	778
890	781
890	836
890	860
890	873
890	903
890	907
890	918
890	960
890	966
890	984
890	985
891	72
891	296
891	355
891	390
891	433
891	533
891	557
891	622
891	665
891	745
891	761
891	770
891	785
891	796
891	808
891	829
891	870
891	948
891	951
891	980
892	30
892	68
892	134
892	140
892	181
892	493
892	546
892	578
892	634
892	726
892	748
892	868
892	878
892	881
892	908
892	937
892	949
892	954
892	976
892	986
893	2
893	72
893	314
893	341
893	394
893	419
893	569
893	660
893	677
893	728
893	731
893	773
893	784
893	789
893	825
893	846
893	880
893	901
893	962
893	985
894	88
894	276
894	329
894	402
894	418
894	494
894	607
894	636
894	663
894	730
894	747
894	790
894	798
894	899
894	919
894	948
894	959
894	975
894	995
894	998
895	241
895	346
895	491
895	502
895	570
895	605
895	619
895	689
895	722
895	758
895	763
895	810
895	815
895	857
895	860
895	904
895	940
895	973
895	986
895	987
896	23
896	159
896	249
896	266
896	280
896	495
896	527
896	631
896	633
896	684
896	734
896	741
896	822
896	844
896	884
896	939
896	980
896	981
896	987
896	1000
897	53
897	108
897	120
897	125
897	200
897	231
897	256
897	398
897	408
897	492
897	624
897	690
897	701
897	702
897	709
897	760
897	827
897	942
897	969
897	988
897	994
898	174
898	349
898	357
898	372
898	378
898	568
898	621
898	630
898	650
898	676
898	681
898	712
898	760
898	801
898	826
898	882
898	918
898	933
898	943
898	975
898	993
899	19
899	151
899	168
899	308
899	323
899	567
899	620
899	645
899	697
899	790
899	794
899	821
899	823
899	838
899	871
899	872
899	894
899	940
899	957
899	959
899	995
900	177
900	200
900	243
900	420
900	572
900	576
900	714
900	754
900	857
900	869
900	879
900	905
900	923
900	927
900	938
900	961
900	962
900	979
900	988
900	992
900	996
901	150
901	217
901	328
901	341
901	419
901	611
901	660
901	677
901	731
901	738
901	760
901	773
901	782
901	784
901	789
901	812
901	825
901	846
901	893
901	952
901	985
902	110
902	214
902	328
902	402
902	430
902	460
902	531
902	541
902	548
902	587
902	673
902	776
902	788
902	830
902	908
902	912
902	916
902	956
902	970
902	986
902	991
903	11
903	85
903	101
903	169
903	414
903	594
903	637
903	704
903	726
903	739
903	796
903	857
903	881
903	890
903	907
903	960
903	961
903	964
903	977
903	990
903	1000
904	17
904	37
904	118
904	197
904	241
904	328
904	670
904	678
904	707
904	722
904	735
904	737
904	818
904	828
904	854
904	860
904	889
904	895
904	955
904	971
904	982
904	987
905	71
905	457
905	563
905	570
905	658
905	689
905	714
905	753
905	823
905	876
905	879
905	883
905	900
905	938
905	965
905	967
905	975
905	979
905	988
905	992
905	996
905	998
906	45
906	63
906	106
906	206
906	263
906	347
906	473
906	488
906	514
906	569
906	673
906	687
906	765
906	767
906	808
906	839
906	842
906	920
906	922
906	929
906	932
906	938
907	8
907	89
907	117
907	216
907	300
907	350
907	481
907	569
907	577
907	594
907	610
907	786
907	827
907	833
907	836
907	890
907	903
907	931
907	960
907	964
907	981
907	989
908	18
908	404
908	475
908	556
908	567
908	572
908	624
908	652
908	665
908	750
908	761
908	770
908	783
908	834
908	892
908	902
908	912
908	929
908	973
908	983
908	998
908	999
909	43
909	45
909	322
909	370
909	398
909	538
909	565
909	717
909	743
909	837
909	915
909	920
909	921
909	929
909	939
909	944
909	948
909	954
909	972
909	984
909	986
909	990
909	995
910	87
910	378
910	418
910	449
910	534
910	560
910	694
910	740
910	769
910	780
910	792
910	817
910	830
910	838
910	851
910	866
910	919
910	945
910	953
910	974
910	989
910	990
910	997
911	129
911	137
911	319
911	443
911	492
911	566
911	598
911	601
911	609
911	661
911	700
911	752
911	765
911	817
911	853
911	872
911	936
911	951
911	975
911	976
911	989
911	990
911	991
912	328
912	438
912	457
912	501
912	531
912	534
912	541
912	624
912	679
912	788
912	834
912	847
912	853
912	860
912	887
912	888
912	902
912	908
912	915
912	918
912	952
912	956
912	978
913	22
913	152
913	265
913	278
913	344
913	376
913	427
913	504
913	591
913	642
913	643
913	666
913	751
913	804
913	836
913	856
913	877
913	934
913	935
913	952
913	962
913	989
913	1000
914	80
914	170
914	246
914	271
914	337
914	472
914	520
914	540
914	566
914	676
914	693
914	712
914	728
914	739
914	742
914	798
914	801
914	831
914	882
914	886
914	933
914	943
914	993
915	16
915	187
915	245
915	284
915	336
915	510
915	590
915	656
915	692
915	715
915	755
915	777
915	809
915	813
915	845
915	868
915	909
915	912
915	922
915	942
915	951
915	971
915	994
916	101
916	232
916	238
916	314
916	370
916	417
916	437
916	454
916	574
916	579
916	596
916	609
916	736
916	796
916	800
916	811
916	836
916	852
916	873
916	902
916	960
916	977
916	983
917	113
917	165
917	194
917	253
917	454
917	469
917	512
917	610
917	636
917	645
917	695
917	709
917	719
917	730
917	746
917	790
917	798
917	940
917	944
917	959
917	977
917	984
917	995
918	30
918	33
918	158
918	264
918	436
918	447
918	586
918	754
918	808
918	826
918	834
918	883
918	890
918	898
918	912
918	940
918	948
918	956
918	959
918	964
918	965
918	983
918	992
919	418
919	430
919	654
919	660
919	661
919	669
919	694
919	740
919	783
919	817
919	838
919	851
919	894
919	910
919	945
919	953
919	955
919	974
919	979
919	989
919	990
919	997
919	1000
920	40
920	115
920	202
920	206
920	244
920	263
920	287
920	377
920	441
920	488
920	499
920	569
920	603
920	637
920	693
920	716
920	767
920	846
920	906
920	909
920	929
920	932
920	951
920	999
921	39
921	274
921	345
921	522
921	532
921	583
921	588
921	601
921	608
921	691
921	749
921	777
921	793
921	797
921	802
921	814
921	861
921	873
921	887
921	909
921	926
921	941
921	958
921	975
922	1
922	78
922	138
922	254
922	373
922	396
922	436
922	440
922	448
922	462
922	553
922	692
922	721
922	736
922	805
922	849
922	863
922	884
922	906
922	915
922	923
922	942
922	952
922	997
923	401
923	406
923	478
923	556
923	651
923	714
923	740
923	764
923	778
923	824
923	849
923	850
923	868
923	876
923	879
923	900
923	922
923	927
923	930
923	938
923	946
923	979
923	996
923	998
924	12
924	76
924	106
924	164
924	239
924	284
924	356
924	455
924	465
924	539
924	580
924	652
924	720
924	725
924	757
924	777
924	827
924	855
924	864
924	934
924	952
924	959
924	978
924	981
924	1000
925	82
925	135
925	163
925	281
925	360
925	390
925	560
925	575
925	654
925	667
925	668
925	672
925	699
925	715
925	727
925	841
925	843
925	932
925	935
925	937
925	939
925	949
925	955
925	956
925	966
926	40
926	94
926	179
926	203
926	236
926	289
926	405
926	477
926	522
926	532
926	635
926	678
926	683
926	685
926	793
926	797
926	833
926	861
926	866
926	921
926	941
926	953
926	958
926	973
926	977
926	1000
927	131
927	134
927	191
927	315
927	387
927	396
927	528
927	689
927	703
927	754
927	758
927	759
927	823
927	824
927	842
927	883
927	885
927	900
927	923
927	938
927	965
927	979
927	988
927	992
927	996
927	998
928	28
928	112
928	330
928	413
928	441
928	457
928	463
928	472
928	496
928	516
928	565
928	577
928	586
928	634
928	646
928	650
928	692
928	724
928	851
928	859
928	861
928	878
928	888
928	889
928	933
928	935
929	77
929	84
929	86
929	202
929	377
929	428
929	458
929	484
929	487
929	514
929	569
929	577
929	673
929	693
929	724
929	739
929	748
929	767
929	822
929	842
929	882
929	906
929	908
929	909
929	920
929	932
929	999
930	139
930	161
930	162
930	358
930	369
930	375
930	417
930	477
930	485
930	486
930	491
930	523
930	634
930	638
930	664
930	668
930	674
930	744
930	826
930	868
930	882
930	923
930	947
930	961
930	968
930	972
930	989
931	93
931	155
931	238
931	271
931	301
931	433
931	450
931	481
931	508
931	589
931	596
931	609
931	637
931	669
931	726
931	778
931	781
931	796
931	818
931	832
931	847
931	848
931	857
931	907
931	954
931	960
931	985
932	20
932	40
932	63
932	260
932	263
932	377
932	424
932	441
932	488
932	499
932	569
932	673
932	687
932	693
932	703
932	767
932	822
932	842
932	875
932	878
932	906
932	920
932	925
932	929
932	961
932	976
932	983
933	141
933	160
933	269
933	343
933	372
933	498
933	509
933	519
933	571
933	627
933	650
933	676
933	721
933	739
933	742
933	748
933	755
933	864
933	886
933	898
933	914
933	928
933	943
933	952
933	958
933	962
933	993
934	22
934	71
934	100
934	265
934	342
934	344
934	353
934	427
934	467
934	642
934	666
934	685
934	751
934	782
934	830
934	856
934	877
934	913
934	924
934	935
934	941
934	944
934	955
934	962
934	982
934	989
934	991
934	1000
935	79
935	83
935	265
935	276
935	292
935	342
935	467
935	497
935	526
935	557
935	592
935	642
935	643
935	662
935	666
935	751
935	763
935	856
935	873
935	877
935	913
935	925
935	928
935	934
935	937
935	962
935	989
935	1000
936	15
936	130
936	137
936	225
936	267
936	443
936	487
936	530
936	555
936	566
936	598
936	650
936	700
936	703
936	727
936	752
936	758
936	765
936	785
936	853
936	859
936	872
936	911
936	954
936	975
936	986
936	989
936	991
937	1
937	60
937	211
937	277
937	365
937	482
937	546
937	578
937	709
937	717
937	733
937	748
937	807
937	858
937	859
937	872
937	878
937	881
937	892
937	925
937	935
937	947
937	954
937	976
937	979
937	986
937	990
937	1000
938	218
938	225
938	313
938	315
938	320
938	338
938	392
938	478
938	563
938	628
938	824
938	846
938	854
938	866
938	868
938	876
938	879
938	900
938	905
938	906
938	923
938	927
938	954
938	965
938	970
938	979
938	988
938	996
939	4
939	312
939	434
939	533
939	659
939	674
939	715
939	716
939	734
939	747
939	767
939	836
939	844
939	884
939	886
939	888
939	896
939	909
939	925
939	961
939	968
939	972
939	976
939	980
939	982
939	994
939	995
939	1000
940	230
940	325
940	434
940	494
940	500
940	503
940	512
940	620
940	662
940	671
940	672
940	757
940	798
940	809
940	812
940	871
940	886
940	895
940	899
940	917
940	918
940	944
940	948
940	962
940	981
940	984
940	992
940	995
941	213
941	430
941	551
941	584
941	608
941	656
941	663
941	683
941	691
941	732
941	749
941	756
941	771
941	797
941	814
941	819
941	845
941	866
941	870
941	873
941	921
941	926
941	934
941	966
941	973
941	977
941	982
941	995
942	84
942	131
942	274
942	323
942	442
942	546
942	586
942	612
942	701
942	702
942	711
942	721
942	773
942	805
942	808
942	827
942	831
942	860
942	869
942	875
942	897
942	915
942	922
942	951
942	961
942	969
942	970
942	978
942	999
943	28
943	51
943	142
943	337
943	375
943	389
943	471
943	472
943	505
943	596
943	650
943	676
943	681
943	703
943	712
943	742
943	755
943	766
943	768
943	867
943	882
943	898
943	914
943	933
943	967
943	983
943	993
943	998
943	1000
944	59
944	308
944	368
944	402
944	454
944	500
944	530
944	605
944	662
944	706
944	724
944	752
944	775
944	797
944	798
944	809
944	812
944	832
944	909
944	917
944	934
944	940
944	953
944	957
944	959
944	971
944	974
944	984
944	995
945	54
945	128
945	154
945	210
945	374
945	387
945	449
945	483
945	537
945	686
945	694
945	731
945	740
945	795
945	817
945	830
945	833
945	838
945	847
945	857
945	881
945	910
945	919
945	953
945	974
945	989
945	990
945	997
945	1000
946	86
946	114
946	127
946	155
946	205
946	213
946	227
946	295
946	330
946	335
946	337
946	363
946	366
946	429
946	445
946	512
946	600
946	647
946	663
946	750
946	825
946	840
946	864
946	923
946	950
946	967
946	970
946	991
946	994
946	999
947	242
947	302
947	327
947	358
947	369
947	521
947	524
947	544
947	618
947	638
947	674
947	687
947	745
947	794
947	799
947	825
947	826
947	834
947	839
947	874
947	881
947	930
947	937
947	961
947	968
947	969
947	972
947	975
947	987
947	991
948	146
948	246
948	329
948	416
948	500
948	534
948	556
948	572
948	620
948	626
948	648
948	655
948	710
948	757
948	775
948	790
948	821
948	844
948	871
948	891
948	894
948	909
948	918
948	940
948	959
948	975
948	976
948	982
948	984
948	992
948	995
949	74
949	170
949	176
949	298
949	301
949	310
949	311
949	335
949	368
949	409
949	442
949	470
949	630
949	632
949	647
949	680
949	695
949	718
949	783
949	831
949	834
949	840
949	847
949	865
949	892
949	925
949	970
949	975
949	978
949	991
949	999
950	69
950	143
950	194
950	224
950	228
950	298
950	359
950	384
950	424
950	431
950	442
950	447
950	471
950	525
950	630
950	643
950	753
950	759
950	792
950	831
950	840
950	865
950	875
950	946
950	966
950	970
950	990
950	991
950	994
950	996
950	999
951	44
951	121
951	149
951	265
951	282
951	288
951	311
951	355
951	431
951	459
951	480
951	533
951	629
951	653
951	682
951	743
951	761
951	770
951	792
951	809
951	829
951	837
951	870
951	891
951	911
951	915
951	920
951	942
951	971
951	980
951	987
952	164
952	236
952	248
952	258
952	327
952	356
952	455
952	465
952	528
952	580
952	581
952	626
952	642
952	652
952	663
952	720
952	747
952	777
952	827
952	855
952	864
952	872
952	901
952	912
952	913
952	922
952	924
952	933
952	978
952	981
952	1000
953	76
953	152
953	189
953	400
953	449
953	483
953	485
953	561
953	571
953	651
953	661
953	694
953	740
953	758
953	775
953	817
953	824
953	830
953	838
953	852
953	910
953	919
953	926
953	944
953	945
953	954
953	974
953	989
953	990
953	997
953	999
953	1000
954	65
954	68
954	235
954	341
954	439
954	482
954	493
954	564
954	625
954	634
954	669
954	709
954	733
954	744
954	748
954	761
954	779
954	858
954	861
954	873
954	874
954	878
954	892
954	909
954	931
954	936
954	937
954	938
954	953
954	976
954	986
954	990
955	56
955	70
955	96
955	203
955	248
955	259
955	325
955	360
955	380
955	396
955	415
955	434
955	445
955	505
955	549
955	568
955	575
955	592
955	656
955	668
955	686
955	706
955	710
955	715
955	716
955	843
955	904
955	919
955	925
955	934
955	966
955	994
956	147
956	151
956	167
956	196
956	247
956	336
956	393
956	438
956	460
956	473
956	501
956	531
956	587
956	631
956	654
956	679
956	684
956	713
956	776
956	779
956	788
956	834
956	835
956	840
956	847
956	902
956	912
956	918
956	925
956	964
956	988
956	991
957	10
957	11
957	13
957	133
957	146
957	151
957	218
957	316
957	440
957	500
957	512
957	517
957	617
957	655
957	663
957	672
957	677
957	706
957	725
957	762
957	790
957	798
957	803
957	821
957	856
957	899
957	944
957	959
957	984
957	992
957	995
957	1000
958	7
958	24
958	317
958	371
958	406
958	560
958	583
958	584
958	615
958	619
958	626
958	635
958	639
958	658
958	679
958	684
958	691
958	693
958	756
958	774
958	815
958	819
958	845
958	862
958	866
958	873
958	887
958	921
958	926
958	933
958	973
958	979
959	21
959	39
959	168
959	219
959	324
959	502
959	617
959	636
959	672
959	690
959	724
959	730
959	735
959	746
959	809
959	812
959	821
959	871
959	894
959	899
959	917
959	918
959	924
959	944
959	948
959	957
959	966
959	970
959	977
959	979
959	984
959	990
959	995
960	186
960	287
960	353
960	542
960	574
960	591
960	596
960	609
960	611
960	613
960	616
960	637
960	639
960	658
960	672
960	705
960	726
960	781
960	796
960	797
960	836
960	843
960	860
960	863
960	890
960	903
960	907
960	916
960	931
960	978
960	980
960	983
960	990
961	42
961	97
961	212
961	294
961	407
961	523
961	540
961	582
961	585
961	657
961	666
961	744
961	745
961	746
961	749
961	762
961	799
961	849
961	859
961	867
961	881
961	900
961	903
961	930
961	932
961	939
961	942
961	947
961	963
961	968
961	972
961	991
961	999
962	71
962	100
962	253
962	265
962	292
962	342
962	344
962	427
962	497
962	514
962	526
962	587
962	591
962	609
962	613
962	643
962	666
962	751
962	782
962	856
962	869
962	877
962	893
962	900
962	913
962	933
962	934
962	935
962	940
962	964
962	989
962	996
962	1000
963	104
963	139
963	249
963	294
963	369
963	420
963	436
963	506
963	524
963	558
963	566
963	568
963	582
963	595
963	618
963	698
963	747
963	772
963	783
963	791
963	795
963	799
963	826
963	839
963	863
963	874
963	881
963	961
963	968
963	975
963	979
963	991
963	998
964	85
964	93
964	309
964	350
964	357
964	397
964	425
964	448
964	481
964	509
964	574
964	616
964	622
964	635
964	636
964	700
964	704
964	719
964	736
964	781
964	786
964	832
964	835
964	836
964	848
964	857
964	880
964	903
964	907
964	918
964	956
964	962
964	983
964	986
965	70
965	87
965	166
965	243
965	306
965	315
965	331
965	332
965	345
965	351
965	479
965	483
965	485
965	594
965	615
965	623
965	696
965	741
965	751
965	764
965	868
965	876
965	879
965	886
965	905
965	918
965	927
965	938
965	979
965	988
965	989
965	992
965	998
965	1000
966	56
966	75
966	108
966	135
966	325
966	340
966	360
966	381
966	385
966	390
966	429
966	575
966	641
966	654
966	679
966	686
966	696
966	698
966	699
966	710
966	716
966	727
966	811
966	820
966	841
966	843
966	890
966	925
966	941
966	950
966	955
966	959
966	981
966	994
967	86
967	123
967	154
967	194
967	295
967	298
967	363
967	366
967	392
967	429
967	431
967	445
967	490
967	548
967	600
967	616
967	630
967	631
967	632
967	695
967	697
967	754
967	759
967	795
967	840
967	853
967	865
967	875
967	882
967	905
967	943
967	946
967	978
967	999
968	73
968	117
968	145
968	164
968	239
968	256
968	272
968	326
968	369
968	471
968	511
968	521
968	540
968	552
968	598
968	613
968	618
968	653
968	664
968	667
968	689
968	706
968	791
968	812
968	867
968	874
968	886
968	930
968	939
968	947
968	961
968	963
968	972
968	991
969	12
969	53
969	61
969	108
969	120
969	178
969	200
969	209
969	231
969	256
969	257
969	286
969	386
969	394
969	398
969	408
969	468
969	492
969	560
969	656
969	690
969	701
969	702
969	723
969	779
969	800
969	822
969	827
969	864
969	889
969	897
969	942
969	947
969	988
969	997
970	70
970	111
970	119
970	222
970	251
970	286
970	295
970	340
970	383
970	433
970	445
970	470
970	593
970	630
970	647
970	680
970	697
970	698
970	718
970	783
970	787
970	831
970	875
970	902
970	938
970	942
970	946
970	949
970	950
970	959
970	980
970	986
970	996
970	997
970	999
971	9
971	227
971	241
971	275
971	434
971	461
971	468
971	535
971	537
971	550
971	584
971	606
971	641
971	663
971	705
971	707
971	722
971	724
971	758
971	767
971	806
971	818
971	828
971	850
971	888
971	904
971	915
971	944
971	951
971	975
971	976
971	982
971	984
971	987
971	999
972	63
972	73
972	97
972	104
972	105
972	116
972	117
972	272
972	283
972	289
972	414
972	552
972	589
972	638
972	649
972	657
972	668
972	676
972	742
972	744
972	791
972	796
972	799
972	813
972	824
972	826
972	852
972	881
972	909
972	930
972	939
972	947
972	961
972	968
972	991
972	993
973	193
973	234
973	317
973	334
973	384
973	447
973	528
973	539
973	640
973	682
973	683
973	705
973	728
973	756
973	771
973	774
973	797
973	814
973	819
973	826
973	833
973	839
973	858
973	862
973	866
973	872
973	885
973	887
973	889
973	895
973	908
973	926
973	941
973	958
973	978
973	999
974	15
974	124
974	374
974	378
974	387
974	403
974	418
974	432
974	449
974	476
974	483
974	561
974	661
974	673
974	688
974	694
974	732
974	734
974	740
974	775
974	779
974	795
974	800
974	817
974	830
974	838
974	851
974	910
974	919
974	944
974	945
974	953
974	983
974	990
974	991
974	997
974	1000
975	4
975	21
975	220
975	242
975	252
975	306
975	322
975	395
975	407
975	454
975	487
975	576
975	658
975	670
975	722
975	732
975	776
975	806
975	809
975	812
975	858
975	886
975	888
975	894
975	898
975	905
975	911
975	921
975	936
975	947
975	948
975	949
975	963
975	971
975	977
975	984
975	989
975	994
976	20
976	35
976	41
976	54
976	68
976	72
976	140
976	153
976	157
976	211
976	281
976	315
976	320
976	374
976	482
976	532
976	546
976	564
976	578
976	625
976	683
976	733
976	748
976	782
976	810
976	859
976	878
976	892
976	911
976	932
976	937
976	939
976	948
976	954
976	971
976	986
976	990
976	996
976	999
977	7
977	94
977	109
977	162
977	187
977	224
977	274
977	302
977	309
977	330
977	361
977	371
977	464
977	519
977	588
977	614
977	640
977	683
977	732
977	769
977	802
977	810
977	814
977	819
977	833
977	845
977	862
977	873
977	875
977	887
977	889
977	903
977	916
977	917
977	926
977	941
977	959
977	975
977	982
978	12
978	14
978	70
978	76
978	106
978	183
978	248
978	258
978	326
978	327
978	455
978	465
978	580
978	581
978	652
978	659
978	720
978	732
978	747
978	774
978	777
978	787
978	800
978	814
978	855
978	856
978	864
978	880
978	912
978	924
978	942
978	949
978	952
978	960
978	967
978	973
978	981
978	985
978	1000
979	34
979	87
979	107
979	177
979	238
979	245
979	312
979	348
979	413
979	422
979	426
979	468
979	479
979	518
979	536
979	623
979	626
979	689
979	764
979	789
979	818
979	849
979	876
979	879
979	880
979	883
979	900
979	905
979	919
979	923
979	927
979	937
979	938
979	958
979	959
979	963
979	965
979	992
979	996
980	9
980	98
980	112
980	140
980	171
980	184
980	233
980	267
980	282
980	296
980	311
980	355
980	436
980	459
980	475
980	516
980	557
980	558
980	603
980	627
980	665
980	702
980	715
980	761
980	770
980	792
980	808
980	816
980	829
980	853
980	863
980	870
980	879
980	891
980	896
980	939
980	951
980	960
980	970
980	984
981	2
981	12
981	14
981	76
981	106
981	164
981	209
981	248
981	258
981	286
981	326
981	327
981	356
981	376
981	465
981	485
981	507
981	580
981	581
981	590
981	652
981	667
981	720
981	732
981	738
981	777
981	787
981	800
981	827
981	855
981	862
981	864
981	876
981	896
981	907
981	924
981	940
981	952
981	966
981	978
981	1000
982	37
982	62
982	127
982	160
982	183
982	185
982	250
982	303
982	339
982	348
982	425
982	439
982	456
982	491
982	535
982	567
982	597
982	606
982	670
982	678
982	699
982	707
982	718
982	737
982	758
982	762
982	782
982	806
982	815
982	818
982	828
982	854
982	881
982	904
982	934
982	939
982	941
982	948
982	971
982	977
982	987
983	85
983	89
983	143
983	209
983	340
983	346
983	353
983	397
983	417
983	430
983	447
983	481
983	493
983	589
983	610
983	639
983	641
983	644
983	646
983	694
983	719
983	725
983	726
983	736
983	778
983	781
983	796
983	808
983	835
983	836
983	845
983	908
983	916
983	918
983	932
983	943
983	960
983	964
983	974
983	990
983	1000
984	113
984	174
984	186
984	221
984	276
984	299
984	316
984	415
984	416
984	449
984	617
984	620
984	629
984	645
984	662
984	672
984	675
984	681
984	692
984	700
984	757
984	790
984	812
984	819
984	821
984	835
984	849
984	850
984	871
984	890
984	909
984	917
984	940
984	944
984	948
984	957
984	959
984	971
984	975
984	980
984	992
984	995
985	2
985	20
985	150
985	167
985	220
985	263
985	268
985	285
985	293
985	301
985	314
985	323
985	341
985	356
985	403
985	419
985	421
985	468
985	474
985	513
985	517
985	554
985	560
985	561
985	611
985	660
985	677
985	698
985	731
985	738
985	773
985	784
985	789
985	819
985	825
985	846
985	857
985	890
985	893
985	901
985	931
985	978
986	41
986	55
986	60
986	66
986	72
986	172
986	181
986	235
986	277
986	320
986	354
986	396
986	409
986	413
986	439
986	451
986	564
986	578
986	639
986	654
986	674
986	709
986	717
986	720
986	733
986	764
986	787
986	858
986	859
986	878
986	892
986	895
986	902
986	909
986	936
986	937
986	954
986	964
986	970
986	976
986	987
986	990
987	144
987	152
987	250
987	252
987	259
987	261
987	319
987	321
987	346
987	348
987	461
987	491
987	502
987	535
987	537
987	550
987	570
987	606
987	722
987	730
987	753
987	758
987	763
987	764
987	787
987	806
987	813
987	820
987	828
987	854
987	863
987	883
987	888
987	895
987	896
987	904
987	947
987	951
987	971
987	982
987	986
987	988
987	998
988	64
988	74
988	96
988	103
988	207
988	218
988	318
988	331
988	333
988	338
988	340
988	362
988	406
988	420
988	422
988	444
988	548
988	572
988	623
988	628
988	689
988	714
988	741
988	754
988	824
988	852
988	853
988	876
988	879
988	883
988	897
988	900
988	905
988	927
988	938
988	956
988	965
988	969
988	987
988	992
988	994
988	996
988	998
989	60
989	92
989	132
989	137
989	202
989	204
989	220
989	307
989	314
989	379
989	387
989	423
989	438
989	467
989	524
989	555
989	607
989	642
989	666
989	669
989	707
989	780
989	830
989	838
989	848
989	853
989	869
989	907
989	910
989	911
989	913
989	919
989	930
989	934
989	935
989	936
989	945
989	953
989	962
989	965
989	975
989	991
989	992
989	997
990	88
990	91
990	115
990	199
990	344
990	369
990	403
990	464
990	487
990	564
990	566
990	576
990	598
990	652
990	653
990	700
990	717
990	719
990	736
990	757
990	765
990	767
990	847
990	851
990	853
990	857
990	878
990	903
990	909
990	910
990	911
990	919
990	937
990	945
990	950
990	953
990	954
990	959
990	960
990	974
990	976
990	983
990	986
990	996
990	997
991	15
991	188
991	207
991	291
991	317
991	409
991	437
991	441
991	443
991	501
991	530
991	541
991	579
991	663
991	668
991	679
991	695
991	696
991	759
991	776
991	788
991	823
991	829
991	834
991	836
991	853
991	859
991	872
991	874
991	902
991	911
991	934
991	936
991	946
991	947
991	949
991	950
991	956
991	961
991	963
991	968
991	972
991	974
991	989
991	999
992	52
992	90
992	191
992	230
992	244
992	273
992	304
992	313
992	401
992	422
992	426
992	444
992	534
992	572
992	614
992	615
992	623
992	628
992	704
992	714
992	754
992	755
992	764
992	775
992	786
992	807
992	823
992	824
992	842
992	867
992	876
992	900
992	905
992	918
992	927
992	940
992	948
992	957
992	965
992	979
992	984
992	988
992	989
992	996
992	998
993	49
993	51
993	80
993	141
993	217
993	246
993	298
993	332
993	337
993	362
993	367
993	372
993	378
993	389
993	394
993	441
993	471
993	519
993	543
993	548
993	592
993	613
993	621
993	627
993	637
993	649
993	650
993	681
993	712
993	739
993	742
993	755
993	760
993	784
993	786
993	802
993	866
993	868
993	882
993	886
993	898
993	914
993	933
993	943
993	972
994	3
994	16
994	56
994	57
994	58
994	75
994	82
994	96
994	163
994	325
994	365
994	380
994	381
994	390
994	562
994	575
994	584
994	592
994	631
994	641
994	656
994	659
994	667
994	686
994	696
994	699
994	710
994	713
994	716
994	735
994	755
994	804
994	811
994	841
994	843
994	856
994	872
994	897
994	915
994	939
994	946
994	950
994	955
994	966
994	975
994	988
995	21
995	113
995	133
995	158
995	221
995	259
995	324
995	364
995	368
995	382
995	418
995	440
995	464
995	512
995	524
995	614
995	615
995	620
995	636
995	645
995	675
995	706
995	739
995	746
995	769
995	790
995	798
995	799
995	803
995	812
995	821
995	826
995	845
995	849
995	871
995	894
995	899
995	909
995	917
995	939
995	940
995	941
995	944
995	948
995	957
995	959
995	984
996	75
996	103
996	118
996	120
996	191
996	233
996	243
996	270
996	297
996	304
996	312
996	313
996	324
996	422
996	426
996	457
996	468
996	478
996	479
996	518
996	534
996	555
996	572
996	615
996	628
996	689
996	703
996	714
996	741
996	780
996	823
996	833
996	876
996	879
996	900
996	905
996	923
996	927
996	938
996	950
996	962
996	970
996	976
996	979
996	988
996	990
996	992
996	998
997	124
997	127
997	128
997	131
997	154
997	361
997	374
997	382
997	387
997	394
997	403
997	418
997	432
997	473
997	478
997	483
997	490
997	561
997	571
997	638
997	661
997	669
997	680
997	688
997	694
997	698
997	706
997	727
997	732
997	740
997	775
997	795
997	814
997	817
997	830
997	832
997	838
997	851
997	910
997	919
997	922
997	945
997	953
997	969
997	970
997	974
997	989
997	990
997	1000
998	87
998	91
998	188
998	193
998	231
998	243
998	312
998	331
998	333
998	334
998	338
998	345
998	351
998	392
998	401
998	433
998	444
998	457
998	473
998	518
998	525
998	536
998	567
998	578
998	597
998	628
998	705
998	754
998	764
998	786
998	794
998	823
998	849
998	868
998	883
998	894
998	905
998	908
998	923
998	927
998	943
998	963
998	965
998	987
998	988
998	992
998	996
998	999
998	1000
999	27
999	31
999	49
999	79
999	111
999	176
999	194
999	305
999	310
999	359
999	363
999	384
999	404
999	431
999	442
999	443
999	621
999	632
999	647
999	680
999	690
999	695
999	718
999	753
999	771
999	775
999	783
999	795
999	840
999	855
999	860
999	865
999	874
999	908
999	920
999	929
999	942
999	946
999	949
999	950
999	953
999	961
999	967
999	970
999	971
999	973
999	976
999	991
999	998
1000	5
1000	149
1000	278
1000	429
1000	432
1000	467
1000	469
1000	486
1000	526
1000	542
1000	591
1000	633
1000	661
1000	688
1000	720
1000	728
1000	777
1000	793
1000	844
1000	851
1000	855
1000	856
1000	864
1000	871
1000	877
1000	884
1000	885
1000	896
1000	903
1000	913
1000	919
1000	924
1000	926
1000	934
1000	935
1000	937
1000	939
1000	943
1000	945
1000	952
1000	953
1000	957
1000	962
1000	965
1000	974
1000	978
1000	981
1000	983
1000	997
1000	998
