1	458
1	486
1	603
1	612
2	634
2	682
2	922
2	987
3	84
3	547
3	814
3	871
4	286
4	731
4	766
4	963
5	248
5	818
5	990
5	991
6	219
6	778
6	937
6	996
7	351
7	412
7	834
7	951
7	958
8	416
8	532
8	745
8	865
9	917
9	939
9	968
9	984
10	670
10	729
10	810
10	895
11	201
11	670
11	850
11	974
12	241
12	376
12	717
12	983
13	808
13	913
13	924
13	993
14	932
14	944
14	966
14	980
15	236
15	571
15	811
15	890
16	65
16	496
16	677
16	785
17	316
17	404
17	812
17	907
18	160
18	638
18	944
18	998
19	448
19	612
19	693
19	999
20	458
20	545
20	898
20	973
21	773
21	923
21	966
21	999
22	231
22	475
22	487
22	949
23	688
23	881
23	900
23	999
24	168
24	525
24	594
24	980
25	639
25	643
25	929
25	980
26	107
26	657
26	927
26	962
27	392
27	710
27	815
27	936
28	485
28	629
28	772
28	927
29	588
29	636
29	874
29	956
30	432
30	613
30	791
30	933
30	982
31	393
31	522
31	774
31	977
32	366
32	674
32	809
32	941
33	354
33	583
33	788
33	948
34	441
34	847
34	942
34	998
35	555
35	875
35	962
35	991
36	819
36	910
36	952
36	983
37	482
37	669
37	774
37	939
38	437
38	465
38	745
38	970
39	581
39	736
39	842
39	978
40	186
40	571
40	969
40	987
41	623
41	920
41	983
41	989
42	867
42	932
42	972
42	983
43	375
43	662
43	978
43	979
44	284
44	609
44	954
44	970
45	205
45	460
45	861
45	984
46	484
46	892
46	956
46	985
47	651
47	909
47	935
47	989
48	311
48	369
48	795
48	867
49	644
49	736
49	818
49	955
50	307
50	317
50	876
50	977
51	857
51	886
51	972
51	988
52	628
52	696
52	888
52	996
53	324
53	780
53	784
53	999
54	128
54	135
54	698
54	974
55	700
55	822
55	944
55	1000
56	669
56	749
56	980
56	986
57	522
57	534
57	724
57	912
58	359
58	555
58	947
58	995
59	707
59	738
59	833
59	882
60	391
60	557
60	920
60	978
61	606
61	662
61	946
61	964
62	578
62	602
62	719
62	913
63	644
63	667
63	748
63	950
64	434
64	637
64	842
64	929
65	16
65	546
65	971
65	998
66	814
66	919
66	954
66	991
67	237
67	978
67	983
67	997
68	127
68	650
68	691
68	912
69	150
69	578
69	776
69	983
70	856
70	932
70	953
70	1000
71	805
71	935
71	968
71	984
72	316
72	772
72	824
72	968
73	525
73	782
73	980
73	995
74	817
74	931
74	961
74	997
75	844
75	902
75	977
75	994
76	147
76	411
76	607
76	704
77	442
77	879
77	986
77	999
78	834
78	889
78	984
78	997
79	660
79	887
79	997
79	998
80	183
80	970
80	995
80	998
81	92
81	441
81	979
81	996
82	616
82	815
82	983
82	998
83	464
83	646
83	879
83	975
84	3
84	628
84	879
84	901
85	749
85	906
85	960
85	986
86	279
86	646
86	962
86	999
87	281
87	678
87	769
87	905
88	379
88	484
88	877
88	971
89	406
89	869
89	893
89	943
90	893
90	926
90	930
90	949
91	456
91	623
91	909
91	996
92	81
92	706
92	816
92	901
93	452
93	505
93	630
93	701
94	931
94	961
94	988
94	997
95	112
95	843
95	922
95	998
96	268
96	292
96	937
96	955
97	225
97	353
97	756
97	924
98	639
98	922
98	942
98	991
99	673
99	871
99	915
99	947
100	345
100	946
100	954
100	971
101	631
101	858
101	921
101	960
102	862
102	866
102	884
102	976
103	248
103	375
103	965
103	969
104	386
104	866
104	952
104	975
105	417
105	522
105	953
105	980
106	665
106	793
106	896
106	964
107	26
107	662
107	797
107	878
108	376
108	643
108	788
108	991
109	192
109	849
109	989
109	993
110	221
110	872
110	986
110	992
111	844
111	876
111	880
111	994
112	95
112	790
112	967
112	983
113	161
113	754
113	928
113	972
114	529
114	722
114	902
114	938
115	373
115	632
115	715
115	900
116	741
116	766
116	963
116	969
117	570
117	600
117	830
117	964
118	432
118	684
118	840
118	925
119	487
119	865
119	888
119	990
120	426
120	969
120	975
120	989
121	774
121	810
121	898
121	966
122	282
122	806
122	967
122	999
123	373
123	691
123	805
123	936
124	548
124	783
124	913
124	991
125	818
125	870
125	965
125	990
126	230
126	306
126	913
126	993
127	68
127	400
127	818
127	947
128	54
128	266
128	768
128	886
129	361
129	699
129	891
129	964
130	570
130	731
130	766
130	963
131	741
131	922
131	972
131	995
132	320
132	378
132	915
132	992
133	331
133	698
133	840
133	958
134	541
134	796
134	822
134	941
135	54
135	753
135	827
135	955
136	316
136	477
136	821
136	984
137	578
137	939
137	958
137	984
138	228
138	660
138	804
138	831
139	243
139	800
139	930
139	942
140	715
140	720
140	725
140	949
141	865
141	873
141	902
141	932
142	231
142	487
142	676
142	785
143	199
143	803
143	806
143	955
144	692
144	955
144	970
144	982
145	476
145	646
145	758
145	814
146	509
146	656
146	734
146	895
147	76
147	323
147	515
147	970
148	572
148	688
148	738
148	894
149	667
149	765
149	886
149	980
150	69
150	392
150	458
150	821
151	635
151	794
151	897
151	905
152	345
152	429
152	739
152	939
153	499
153	704
153	894
153	980
154	183
154	621
154	629
154	834
154	855
155	757
155	808
155	944
155	980
156	504
156	791
156	834
156	880
157	726
157	902
157	977
157	994
158	375
158	393
158	993
158	997
159	476
159	642
159	721
159	732
160	18
160	550
160	944
160	991
161	113
161	967
161	969
161	975
162	413
162	736
162	947
162	956
163	296
163	720
163	958
163	974
164	743
164	795
164	934
164	947
165	238
165	521
165	962
165	986
166	820
166	906
166	916
166	981
167	833
167	841
167	859
167	968
168	24
168	776
168	781
168	980
169	449
169	799
169	806
169	967
170	821
170	882
170	903
170	921
171	926
171	974
171	982
171	1000
172	499
172	683
172	711
172	784
173	796
173	863
173	893
173	964
174	384
174	468
174	534
174	654
175	506
175	909
175	965
175	983
176	559
176	666
176	877
176	907
177	557
177	599
177	682
177	955
178	820
178	975
178	994
178	996
179	499
179	678
179	970
179	979
180	732
180	894
180	948
180	978
181	524
181	603
181	835
181	997
182	446
182	771
182	958
182	969
183	80
183	154
183	925
183	943
184	914
184	926
184	974
184	982
185	479
185	711
185	878
185	976
186	40
186	431
186	834
186	864
186	947
187	453
187	679
187	787
187	993
188	283
188	626
188	628
188	774
189	283
189	491
189	778
189	967
190	272
190	736
190	891
190	957
191	508
191	647
191	962
191	997
192	109
192	529
192	759
192	960
193	389
193	909
193	941
193	980
194	713
194	931
194	961
194	997
195	488
195	519
195	718
195	921
196	315
196	506
196	566
196	982
197	580
197	927
197	932
197	960
198	422
198	842
198	945
198	965
199	143
199	325
199	859
199	955
200	447
200	558
200	656
200	883
201	11
201	322
201	527
201	767
202	817
202	931
202	961
202	997
203	273
203	451
203	950
203	973
204	322
204	674
204	764
204	973
204	997
205	45
205	315
205	605
205	977
206	515
206	785
206	809
206	876
207	562
207	569
207	820
207	936
208	536
208	888
208	907
208	953
209	490
209	761
209	989
209	993
210	298
210	882
210	921
210	984
211	429
211	488
211	815
211	911
212	627
212	743
212	928
212	991
213	294
213	880
213	978
213	1000
214	530
214	609
214	698
214	970
215	439
215	525
215	837
215	980
216	545
216	904
216	967
216	987
217	680
217	795
217	867
217	871
218	545
218	702
218	894
218	967
219	6
219	777
219	784
219	961
220	798
220	842
220	960
220	967
221	110
221	448
221	816
221	961
222	395
222	721
222	938
222	967
223	327
223	873
223	917
223	964
224	344
224	858
224	877
224	999
225	97
225	506
225	939
225	947
226	232
226	542
226	783
226	1000
227	592
227	696
227	873
227	955
228	138
228	871
228	901
228	949
229	401
229	755
229	872
229	961
230	126
230	892
230	912
230	989
230	993
231	22
231	142
231	631
231	875
231	918
232	226
232	649
232	932
232	960
232	966
233	295
233	400
233	869
233	921
233	939
234	937
234	946
234	948
234	978
234	996
235	885
235	891
235	914
235	970
235	982
236	15
236	571
236	732
236	883
236	993
237	67
237	644
237	671
237	950
237	990
238	165
238	863
238	902
238	952
238	983
239	456
239	570
239	730
239	909
239	983
240	546
240	623
240	892
240	909
240	996
241	12
241	497
241	582
241	624
241	719
242	317
242	576
242	954
242	978
242	985
243	139
243	401
243	735
243	888
243	997
244	617
244	667
244	864
244	891
244	964
245	917
245	954
245	958
245	968
245	984
246	418
246	551
246	688
246	788
246	930
247	634
247	727
247	934
247	937
247	982
248	5
248	103
248	916
248	960
248	989
249	275
249	333
249	580
249	615
249	881
250	475
250	776
250	886
250	972
250	988
251	588
251	722
251	931
251	956
251	963
252	591
252	634
252	933
252	942
252	990
253	476
253	723
253	862
253	866
253	905
254	355
254	503
254	624
254	671
254	833
255	573
255	618
255	771
255	779
255	809
256	820
256	888
256	934
256	952
256	983
257	308
257	455
257	522
257	775
257	881
258	757
258	762
258	962
258	965
258	978
259	262
259	565
259	856
259	875
259	974
260	786
260	856
260	932
260	966
260	1000
261	580
261	836
261	977
261	982
261	992
262	259
262	587
262	658
262	670
262	980
263	720
263	882
263	956
263	964
263	992
264	582
264	935
264	976
264	979
264	981
265	886
265	899
265	908
265	964
265	991
266	128
266	694
266	886
266	913
266	988
267	481
267	510
267	811
267	895
267	909
268	96
268	416
268	583
268	727
268	857
269	502
269	623
269	719
269	745
269	971
270	410
270	655
270	834
270	905
270	919
271	300
271	819
271	910
271	952
271	983
272	190
272	662
272	932
272	963
272	971
273	203
273	282
273	860
273	875
273	986
274	673
274	795
274	923
274	941
274	954
275	249
275	437
275	860
275	938
275	955
276	435
276	511
276	846
276	949
276	998
277	663
277	926
277	934
277	961
277	982
278	454
278	592
278	909
278	965
278	992
279	86
279	292
279	644
279	921
279	977
280	550
280	766
280	907
280	930
280	952
281	87
281	805
281	841
281	958
281	969
282	122
282	273
282	632
282	926
282	963
283	188
283	189
283	672
283	956
283	995
284	44
284	530
284	787
284	887
284	970
285	596
285	778
285	937
285	946
285	948
286	4
286	393
286	410
286	888
286	972
287	288
287	507
287	639
287	933
287	979
288	287
288	377
288	896
288	985
288	986
289	301
289	426
289	500
289	826
289	980
290	348
290	856
290	894
290	933
290	946
291	402
291	507
291	677
291	877
291	956
292	96
292	279
292	305
292	502
292	828
293	766
293	808
293	853
293	964
293	970
294	213
294	746
294	771
294	822
294	941
295	233
295	538
295	904
295	978
295	984
296	163
296	436
296	874
296	883
296	997
297	685
297	838
297	852
297	864
297	976
298	210
298	657
298	720
298	882
298	921
299	366
299	767
299	924
299	973
299	983
300	271
300	404
300	408
300	730
300	769
301	289
301	531
301	560
301	627
301	979
302	451
302	676
302	770
302	824
302	975
303	390
303	748
303	770
303	930
303	964
304	643
304	901
304	965
304	981
304	992
305	292
305	600
305	671
305	826
305	993
306	126
306	697
306	725
306	905
306	937
307	50
307	668
307	807
307	933
307	936
308	257
308	613
308	667
308	772
308	911
309	647
309	775
309	894
309	935
309	991
310	604
310	769
310	832
310	994
310	996
311	48
311	724
311	772
311	829
311	898
312	503
312	566
312	624
312	833
312	919
313	663
313	712
313	767
313	802
313	908
314	494
314	628
314	778
314	893
314	941
315	196
315	205
315	848
315	904
315	943
316	17
316	72
316	136
316	635
316	815
317	50
317	242
317	727
317	792
317	897
318	782
318	897
318	931
318	975
318	993
319	393
319	434
319	451
319	536
319	721
320	132
320	887
320	936
320	974
320	982
321	356
321	474
321	654
321	877
321	976
322	201
322	204
322	534
322	858
322	960
323	147
323	436
323	951
323	986
323	989
324	53
324	888
324	955
324	966
324	999
325	199
325	344
325	592
325	916
325	955
326	478
326	537
326	560
326	709
326	992
327	223
327	729
327	763
327	959
327	965
328	679
328	695
328	768
328	952
328	989
329	568
329	601
329	850
329	942
329	944
330	449
330	524
330	676
330	797
330	962
331	133
331	668
331	673
331	741
331	997
332	544
332	690
332	772
332	965
332	972
333	249
333	444
333	447
333	454
333	943
334	597
334	659
334	808
334	892
334	993
335	408
335	916
335	955
335	957
335	990
336	674
336	769
336	853
336	937
336	942
337	575
337	605
337	740
337	849
337	986
338	836
338	889
338	981
338	984
338	992
339	480
339	770
339	797
339	944
339	993
340	381
340	724
340	883
340	979
340	983
341	513
341	582
341	878
341	953
341	994
342	511
342	679
342	704
342	732
342	906
343	749
343	755
343	925
343	953
343	977
344	224
344	325
344	955
344	957
344	990
345	100
345	152
345	874
345	892
345	985
346	443
346	598
346	853
346	928
346	984
347	889
347	958
347	981
347	992
347	998
348	290
348	598
348	855
348	865
348	957
349	928
349	936
349	946
349	948
349	980
350	523
350	554
350	964
350	974
350	993
351	7
351	788
351	936
351	959
351	986
352	834
352	963
352	981
352	985
352	992
353	97
353	534
353	567
353	753
353	921
354	33
354	616
354	700
354	729
354	807
355	254
355	619
355	737
355	977
355	982
356	321
356	535
356	851
356	981
356	997
357	412
357	569
357	965
357	974
357	1000
358	702
358	800
358	926
358	974
358	982
359	58
359	395
359	528
359	743
359	828
360	507
360	871
360	990
360	997
360	1000
361	129
361	513
361	658
361	856
361	890
362	521
362	724
362	872
362	891
362	976
363	505
363	898
363	911
363	925
363	973
364	725
364	812
364	826
364	844
364	989
365	503
365	613
365	730
365	955
365	997
366	32
366	299
366	673
366	771
366	919
367	441
367	477
367	841
367	969
367	983
368	390
368	534
368	930
368	932
368	958
369	48
369	791
369	915
369	960
369	993
370	648
370	661
370	974
370	982
370	997
371	408
371	686
371	754
371	909
371	927
372	385
372	572
372	648
372	949
372	988
373	115
373	123
373	630
373	784
373	838
374	620
374	680
374	811
374	907
374	972
375	43
375	103
375	158
375	945
375	965
376	12
376	108
376	736
376	888
376	988
377	288
377	819
377	910
377	952
377	983
378	132
378	607
378	783
378	871
378	915
379	88
379	922
379	978
379	980
379	982
380	473
380	693
380	780
380	895
380	985
381	340
381	649
381	901
381	974
381	982
382	722
382	745
382	748
382	823
382	869
383	551
383	655
383	703
383	981
383	992
383	998
384	174
384	756
384	873
384	892
384	961
384	996
385	372
385	572
385	601
385	767
385	928
385	976
386	104
386	440
386	715
386	840
386	850
386	976
387	766
387	801
387	903
387	951
387	963
387	1000
388	394
388	749
388	751
388	902
388	977
388	994
389	193
389	565
389	767
389	812
389	906
389	1000
390	303
390	368
390	748
390	781
390	903
390	964
391	60
391	755
391	764
391	835
391	977
391	994
392	27
392	150
392	572
392	686
392	928
392	969
393	31
393	158
393	286
393	319
393	967
393	977
394	388
394	844
394	858
394	859
394	913
394	977
395	222
395	359
395	431
395	501
395	986
395	999
396	453
396	558
396	623
396	685
396	994
396	1000
397	605
397	807
397	826
397	896
397	913
397	977
398	681
398	696
398	700
398	757
398	834
398	994
399	423
399	535
399	718
399	763
399	937
399	948
400	127
400	233
400	617
400	739
400	871
400	964
401	229
401	243
401	883
401	928
401	946
401	970
402	291
402	750
402	882
402	886
402	969
402	975
403	500
403	594
403	765
403	837
403	980
403	995
404	17
404	300
404	468
404	470
404	928
404	989
405	645
405	861
405	863
405	888
405	911
405	938
406	89
406	424
406	484
406	746
406	869
406	912
407	866
407	874
407	981
407	984
407	992
407	995
408	300
408	335
408	371
408	916
408	955
408	990
409	435
409	579
409	826
409	841
409	908
409	987
410	270
410	286
410	460
410	789
410	918
410	946
411	76
411	691
411	811
411	893
411	899
411	907
412	7
412	357
412	558
412	568
412	717
412	813
413	162
413	818
413	947
413	956
413	975
413	985
414	518
414	648
414	835
414	887
414	956
414	967
415	669
415	840
415	857
415	873
415	961
415	980
416	8
416	268
416	599
416	697
416	909
416	993
417	105
417	602
417	838
417	921
417	970
417	986
418	246
418	601
418	757
418	888
418	966
418	989
419	734
419	806
419	883
419	890
419	954
419	965
420	578
420	889
420	949
420	958
420	969
420	984
421	735
421	815
421	944
421	950
421	984
421	987
422	198
422	621
422	932
422	969
422	986
422	991
423	399
423	533
423	712
423	872
423	948
423	996
424	406
424	512
424	582
424	719
424	865
424	869
425	636
425	709
425	793
425	896
425	940
425	996
426	120
426	289
426	594
426	790
426	980
426	995
427	791
427	876
427	894
427	960
427	968
427	984
428	640
428	742
428	745
428	938
428	957
428	972
429	152
429	211
429	519
429	595
429	634
429	809
430	628
430	697
430	770
430	891
430	965
430	979
431	186
431	395
431	756
431	901
431	986
431	995
432	30
432	118
432	773
432	930
432	957
432	999
433	514
433	597
433	675
433	760
433	946
433	978
434	64
434	319
434	721
434	756
434	967
434	998
435	276
435	409
435	761
435	908
435	973
435	996
436	296
436	323
436	677
436	855
436	880
436	962
437	38
437	275
437	747
437	762
437	866
437	976
438	655
438	836
438	889
438	981
438	992
438	998
439	215
439	500
439	511
439	754
439	790
439	995
440	386
440	538
440	693
440	774
440	807
440	966
441	34
441	81
441	367
441	611
441	851
441	970
442	77
442	501
442	875
442	879
442	986
442	995
443	346
443	567
443	637
443	842
443	883
443	965
444	333
444	652
444	846
444	912
444	940
444	964
445	660
445	760
445	765
445	807
445	956
445	1000
446	182
446	519
446	901
446	908
446	915
446	993
447	200
447	333
447	727
447	893
447	965
447	973
448	19
448	221
448	584
448	784
448	945
448	999
449	169
449	330
449	451
449	715
449	777
449	998
450	946
450	948
450	979
450	997
450	999
450	1000
451	203
451	302
451	319
451	449
451	646
451	786
452	93
452	528
452	754
452	880
452	890
452	975
453	187
453	396
453	591
453	653
453	724
453	767
454	278
454	333
454	575
454	823
454	928
454	988
455	257
455	641
455	739
455	741
455	746
455	945
456	91
456	239
456	460
456	917
456	958
456	968
457	742
457	788
457	832
457	952
457	962
457	983
458	1
458	20
458	150
458	495
458	838
458	863
459	524
459	713
459	817
459	931
459	961
459	997
460	45
460	410
460	456
460	622
460	690
460	701
461	903
461	931
461	961
461	963
461	988
461	997
462	579
462	615
462	765
462	941
462	962
462	969
463	685
463	708
463	818
463	856
463	911
463	948
464	83
464	829
464	840
464	967
464	990
464	998
465	38
465	563
465	821
465	849
465	956
465	999
466	892
466	914
466	926
466	959
466	982
466	1000
467	519
467	649
467	787
467	851
467	931
467	968
468	174
468	404
468	791
468	928
468	949
468	972
469	597
469	618
469	758
469	810
469	911
469	936
470	404
470	572
470	579
470	830
470	916
470	1000
471	627
471	844
471	877
471	952
471	983
471	997
472	724
472	851
472	864
472	879
472	970
472	979
473	380
473	584
473	730
473	780
473	966
473	985
474	321
474	878
474	897
474	937
474	938
474	996
475	22
475	250
475	550
475	947
475	989
475	997
476	145
476	159
476	253
476	682
476	820
476	991
477	136
477	367
477	498
477	860
477	979
477	985
478	326
478	744
478	819
478	910
478	952
478	983
479	185
479	588
479	693
479	753
479	763
479	967
480	339
480	811
480	895
480	897
480	941
480	997
481	267
481	559
481	600
481	691
481	977
481	994
482	37
482	610
482	894
482	955
482	983
482	991
483	772
483	882
483	952
483	962
483	983
483	993
484	46
484	88
484	406
484	571
484	912
484	956
485	28
485	742
485	896
485	917
485	930
485	994
486	1
486	616
486	854
486	866
486	880
486	884
487	22
487	119
487	142
487	739
487	785
487	855
487	930
488	195
488	211
488	759
488	867
488	936
488	959
488	987
489	642
489	747
489	754
489	762
489	831
489	854
489	866
490	209
490	577
490	897
490	915
490	953
490	960
490	970
491	189
491	600
491	791
491	876
491	898
491	942
491	957
492	497
492	656
492	762
492	847
492	866
492	876
492	948
493	690
493	701
493	806
493	841
493	924
493	956
493	958
494	314
494	569
494	917
494	939
494	958
494	968
494	984
495	458
495	723
495	797
495	816
495	941
495	976
495	997
496	16
496	537
496	686
496	714
496	723
496	830
496	996
497	241
497	492
497	507
497	762
497	783
497	912
497	925
498	477
498	508
498	772
498	878
498	900
498	902
498	912
499	153
499	172
499	179
499	577
499	777
499	784
499	964
500	289
500	403
500	439
500	837
500	839
500	980
500	991
501	395
501	442
501	557
501	875
501	978
501	986
501	999
502	269
502	292
502	751
502	885
502	902
502	928
502	987
503	254
503	312
503	365
503	758
503	927
503	940
503	986
504	156
504	777
504	791
504	834
504	880
505	93
505	363
505	686
505	723
505	765
505	851
505	973
506	175
506	196
506	225
506	753
506	835
506	901
506	950
507	287
507	291
507	360
507	497
507	865
507	952
507	971
508	191
508	498
508	849
508	856
508	914
508	918
508	982
509	146
509	736
509	835
509	888
509	901
509	965
509	996
510	267
510	623
510	747
510	798
510	811
510	909
510	996
511	276
511	342
511	439
511	906
511	909
511	912
511	993
512	424
512	532
512	745
512	760
512	873
512	925
512	957
513	341
513	361
513	590
513	690
513	948
513	980
513	989
514	433
514	869
514	909
514	926
514	952
514	974
514	983
515	147
515	206
515	650
515	750
515	920
515	973
515	996
516	721
516	728
516	760
516	863
516	967
516	975
516	999
517	746
517	833
517	836
517	930
517	960
517	984
517	992
518	414
518	738
518	898
518	947
518	955
518	956
518	973
519	195
519	429
519	446
519	467
519	677
519	711
519	777
520	720
520	814
520	847
520	854
520	922
520	960
520	970
521	165
521	362
521	710
521	747
521	875
521	986
521	999
522	31
522	57
522	105
522	257
522	641
522	783
522	934
523	350
523	583
523	869
523	902
523	938
523	960
523	994
524	181
524	330
524	459
524	545
524	725
524	794
524	918
525	24
525	73
525	215
525	594
525	781
525	980
525	995
526	587
526	833
526	929
526	937
526	946
526	948
526	978
527	201
527	892
527	921
527	957
527	980
527	986
527	991
528	359
528	452
528	557
528	828
528	931
528	932
528	961
529	114
529	192
529	605
529	637
529	842
529	868
529	986
530	214
530	284
530	589
530	609
530	626
530	951
530	970
531	301
531	845
531	860
531	876
531	940
531	971
531	979
532	8
532	512
532	737
532	879
532	967
532	986
532	999
533	423
533	708
533	778
533	889
533	893
533	937
533	948
534	57
534	174
534	322
534	353
534	368
534	735
534	833
535	356
535	399
535	712
535	865
535	943
535	946
535	980
536	208
536	319
536	804
536	874
536	956
536	976
536	985
537	326
537	496
537	545
537	610
537	911
537	976
537	999
538	295
538	440
538	774
538	807
538	810
538	825
538	966
539	713
539	817
539	924
539	931
539	961
539	988
539	997
540	868
540	882
540	909
540	925
540	952
540	983
540	997
541	134
541	573
541	724
541	946
541	952
541	975
541	983
542	226
542	579
542	633
542	649
542	814
542	929
542	996
543	559
543	722
543	727
543	846
543	945
543	949
543	989
544	332
544	666
544	732
544	902
544	912
544	994
544	997
545	20
545	216
545	218
545	524
545	537
545	704
545	899
546	65
546	240
546	635
546	792
546	823
546	826
546	990
547	3
547	628
547	890
547	914
547	915
547	965
547	974
548	124
548	808
548	846
548	881
548	927
548	975
548	991
549	731
549	753
549	821
549	927
549	928
549	943
549	1000
550	160
550	280
550	475
550	669
550	778
550	843
550	999
551	246
551	383
551	745
551	846
551	856
551	938
551	942
552	864
552	867
552	956
552	974
552	976
552	982
552	994
553	694
553	704
553	857
553	886
553	904
553	913
553	988
554	350
554	914
554	956
554	974
554	975
554	976
554	986
555	35
555	58
555	556
555	585
555	886
555	891
555	964
556	555
556	745
556	889
556	943
556	967
556	992
556	1000
557	60
557	177
557	501
557	528
557	613
557	816
557	999
558	200
558	396
558	412
558	896
558	926
558	928
558	982
559	176
559	481
559	543
559	907
559	913
559	990
559	998
560	301
560	326
560	675
560	878
560	894
560	924
560	971
560	979
561	664
561	733
561	744
561	819
561	910
561	952
561	959
561	983
562	207
562	623
562	784
562	895
562	909
562	946
562	951
562	980
563	465
563	654
563	720
563	897
563	921
563	968
563	975
563	984
564	634
564	847
564	922
564	933
564	942
564	944
564	950
564	998
565	259
565	389
565	596
565	787
565	834
565	981
565	992
565	999
566	196
566	312
566	763
566	872
566	919
566	943
566	978
566	991
567	353
567	443
567	726
567	839
567	881
567	934
567	955
567	990
568	329
568	412
568	666
568	846
568	940
568	947
568	989
568	998
569	207
569	357
569	494
569	748
569	770
569	862
569	885
569	935
570	117
570	130
570	239
570	821
570	918
570	951
570	963
570	1000
571	15
571	40
571	236
571	484
571	637
571	868
571	911
571	965
572	148
572	372
572	385
572	392
572	470
572	813
572	906
572	987
573	255
573	541
573	598
573	769
573	779
573	919
573	941
573	977
574	640
574	684
574	763
574	792
574	890
574	897
574	970
574	1000
575	337
575	454
575	674
575	768
575	936
575	981
575	986
575	992
576	242
576	635
576	775
576	792
576	897
576	905
576	975
576	989
577	490
577	499
577	633
577	677
577	683
577	777
577	873
577	970
578	62
578	69
578	137
578	420
578	614
578	690
578	968
578	984
579	409
579	462
579	470
579	542
579	740
579	849
579	853
579	947
580	197
580	249
580	261
580	626
580	669
580	903
580	944
580	970
581	39
581	636
581	663
581	709
581	823
581	896
581	988
581	996
582	241
582	264
582	341
582	424
582	869
582	884
582	912
582	950
583	33
583	268
583	523
583	673
583	693
583	697
583	874
583	915
584	448
584	473
584	672
584	729
584	730
584	780
584	951
584	966
585	555
585	624
585	801
585	869
585	872
585	957
585	958
585	968
586	662
586	781
586	874
586	892
586	947
586	956
586	971
586	976
587	262
587	526
587	659
587	735
587	937
587	948
587	978
587	996
588	29
588	251
588	479
588	781
588	874
588	956
588	971
588	976
589	530
589	594
589	654
589	864
589	977
589	980
589	994
589	996
590	513
590	651
590	682
590	854
590	868
590	878
590	979
590	985
591	252
591	453
591	670
591	765
591	785
591	928
591	981
591	992
592	227
592	278
592	325
592	822
592	845
592	881
592	955
592	957
593	688
593	892
593	894
593	930
593	952
593	983
593	991
593	993
594	24
594	403
594	426
594	525
594	589
594	826
594	980
594	995
595	429
595	611
595	635
595	794
595	897
595	905
595	985
595	990
596	285
596	565
596	725
596	816
596	840
596	949
596	972
596	976
597	334
597	433
597	469
597	827
597	907
597	936
597	963
597	977
598	346
598	348
598	573
598	824
598	934
598	944
598	953
598	978
599	177
599	416
599	670
599	804
599	852
599	856
599	887
599	903
600	117
600	305
600	481
600	491
600	803
600	890
600	973
600	999
601	329
601	385
601	418
601	855
601	923
601	933
601	942
601	950
602	62
602	417
602	611
602	724
602	772
602	781
602	829
602	962
603	1
603	181
603	686
603	718
603	782
603	789
603	839
603	939
604	310
604	691
604	698
604	770
604	891
604	899
604	928
604	942
605	205
605	337
605	397
605	529
605	784
605	830
605	986
605	995
606	61
606	678
606	768
606	869
606	889
606	919
606	923
606	992
607	76
607	378
607	697
607	812
607	875
607	906
607	952
607	983
608	797
608	805
608	841
608	917
608	949
608	958
608	968
608	984
609	44
609	214
609	530
609	811
609	862
609	915
609	951
609	970
610	482
610	537
610	670
610	765
610	838
610	925
610	976
610	996
611	441
611	595
611	602
611	781
611	791
611	825
611	834
611	964
612	1
612	19
612	753
612	780
612	951
612	966
612	985
612	999
613	30
613	308
613	365
613	557
613	874
613	875
613	986
613	995
614	578
614	617
614	814
614	939
614	949
614	960
614	981
614	992
615	249
615	462
615	760
615	832
615	890
615	914
615	934
615	973
616	82
616	354
616	486
616	642
616	906
616	977
616	994
616	997
617	244
617	400
617	614
617	821
617	899
617	900
617	974
617	994
618	255
618	469
618	756
618	776
618	790
618	936
618	953
618	987
619	355
619	632
619	884
619	914
619	926
619	974
619	982
619	988
620	374
620	680
620	691
620	839
620	846
620	877
620	907
620	945
621	154
621	422
621	695
621	802
621	853
621	923
621	975
621	993
622	460
622	676
622	740
622	815
622	857
622	871
622	891
622	936
622	964
623	41
623	91
623	240
623	269
623	396
623	510
623	562
623	811
623	892
624	241
624	254
624	312
624	585
624	627
624	654
624	734
624	771
624	873
625	713
625	817
625	852
625	924
625	931
625	935
625	943
625	961
625	997
626	188
626	530
626	580
626	640
626	651
626	782
626	879
626	951
626	970
627	212
627	301
627	471
627	624
627	830
627	845
627	938
627	942
627	998
628	52
628	84
628	188
628	314
628	430
628	547
628	697
628	784
628	949
629	28
629	154
629	672
629	704
629	743
629	858
629	881
629	885
629	958
630	93
630	373
630	672
630	775
630	868
630	912
630	940
630	971
630	979
631	101
631	231
631	779
631	850
631	878
631	940
631	980
631	981
631	992
632	115
632	282
632	619
632	722
632	914
632	926
632	959
632	974
632	982
633	542
633	577
633	737
633	761
633	847
633	873
633	920
633	939
633	958
634	2
634	247
634	252
634	429
634	564
634	779
634	942
634	944
634	950
635	151
635	316
635	546
635	576
635	595
635	794
635	880
635	897
635	990
636	29
636	425
636	581
636	665
636	709
636	896
636	940
636	988
636	996
637	64
637	443
637	529
637	571
637	641
637	734
637	859
637	883
637	965
638	18
638	929
638	932
638	951
638	963
638	968
638	981
638	984
638	992
639	25
639	98
639	287
639	818
639	870
639	936
639	939
639	984
639	993
640	428
640	574
640	626
640	763
640	835
640	884
640	961
640	985
640	997
641	455
641	522
641	637
641	739
641	775
641	796
641	824
641	885
641	930
642	159
642	489
642	616
642	742
642	762
642	854
642	866
642	880
642	976
643	25
643	108
643	304
643	752
643	758
643	820
643	957
643	991
643	998
644	49
644	63
644	237
644	279
644	667
644	772
644	795
644	898
644	950
645	405
645	686
645	736
645	861
645	888
645	911
645	935
645	938
645	966
646	83
646	86
646	145
646	451
646	721
646	797
646	829
646	967
646	998
647	191
647	309
647	872
647	873
647	887
647	929
647	930
647	935
647	991
648	370
648	372
648	414
648	746
648	809
648	848
648	961
648	975
648	997
649	232
649	381
649	467
649	542
649	885
649	898
649	927
649	932
649	960
650	68
650	515
650	855
650	912
650	929
650	956
650	973
650	980
650	995
651	47
651	590
651	626
651	848
651	854
651	860
651	878
651	978
651	979
652	444
652	844
652	858
652	899
652	900
652	902
652	977
652	994
652	995
653	453
653	794
653	859
653	907
653	915
653	945
653	949
653	975
653	990
654	174
654	321
654	563
654	589
654	624
654	685
654	735
654	761
654	782
655	270
655	383
655	438
655	836
655	848
655	889
655	947
655	981
655	992
656	146
656	200
656	492
656	839
656	854
656	895
656	915
656	927
656	965
657	26
657	298
657	707
657	728
657	882
657	887
657	921
657	932
657	962
658	262
658	361
658	689
658	754
658	758
658	811
658	820
658	846
658	862
659	334
659	587
659	708
659	757
659	778
659	833
659	872
659	946
659	948
660	79
660	138
660	445
660	668
660	714
660	787
660	851
660	852
660	900
661	370
661	710
661	766
661	801
661	809
661	878
661	920
661	970
661	979
662	43
662	61
662	107
662	272
662	586
662	777
662	822
662	884
662	997
663	277
663	313
663	581
663	665
663	685
663	861
663	896
663	988
663	996
664	561
664	733
664	744
664	819
664	885
664	910
664	952
664	959
664	983
665	106
665	636
665	663
665	709
665	748
665	793
665	822
665	896
665	996
666	176
666	544
666	568
666	727
666	846
666	877
666	940
666	956
666	989
667	63
667	149
667	244
667	308
667	644
667	934
667	964
667	973
667	1000
668	307
668	331
668	660
668	714
668	804
668	838
668	851
668	864
668	900
668	916
669	37
669	56
669	415
669	550
669	580
669	742
669	823
669	891
669	909
669	996
670	10
670	11
670	262
670	591
670	599
670	610
670	851
670	852
670	916
670	925
671	237
671	254
671	305
671	727
671	804
671	852
671	867
671	891
671	930
671	1000
672	283
672	584
672	629
672	630
672	697
672	796
672	859
672	921
672	962
672	966
673	99
673	274
673	331
673	366
673	583
673	822
673	947
673	989
673	990
673	993
674	32
674	204
674	336
674	575
674	692
674	771
674	797
674	919
674	934
674	941
675	433
675	560
675	746
675	752
675	825
675	839
675	971
675	978
675	979
675	985
676	142
676	302
676	330
676	622
676	741
676	785
676	815
676	931
676	937
676	961
677	16
677	291
677	436
677	519
677	577
677	785
677	795
677	891
677	964
677	999
678	87
678	179
678	606
678	689
678	708
678	724
678	914
678	926
678	946
678	959
679	187
679	328
679	342
679	768
679	813
679	849
679	853
679	938
679	966
679	993
680	217
680	374
680	620
680	789
680	813
680	845
680	846
680	925
680	947
680	990
681	398
681	794
681	806
681	812
681	823
681	850
681	886
681	922
681	927
681	988
682	2
682	177
682	476
682	590
682	788
682	809
682	825
682	860
682	917
682	919
683	172
683	577
683	696
683	800
683	918
683	920
683	950
683	955
683	974
683	982
684	118
684	574
684	777
684	896
684	914
684	961
684	974
684	982
684	992
684	997
685	297
685	396
685	463
685	654
685	663
685	755
685	895
685	896
685	955
685	994
686	371
686	392
686	496
686	505
686	603
686	645
686	857
686	888
686	903
686	909
687	860
687	905
687	910
687	930
687	940
687	952
687	954
687	964
687	976
687	983
688	23
688	148
688	246
688	593
688	704
688	738
688	803
688	843
688	957
688	978
689	658
689	678
689	813
689	830
689	885
689	906
689	920
689	928
689	976
689	989
690	332
690	460
690	493
690	513
690	578
690	798
690	917
690	953
690	958
690	984
691	68
691	123
691	411
691	481
691	604
691	620
691	717
691	907
691	913
691	998
692	144
692	674
692	818
692	941
692	955
692	957
692	977
692	981
692	994
692	998
693	19
693	380
693	440
693	479
693	583
693	730
693	759
693	924
693	964
693	979
694	266
694	553
694	710
694	776
694	806
694	857
694	886
694	972
694	988
694	994
695	328
695	621
695	836
695	875
695	961
695	974
695	981
695	992
695	995
695	997
696	52
696	227
696	398
696	683
696	771
696	786
696	881
696	916
696	955
696	990
697	306
697	416
697	430
697	583
697	607
697	628
697	672
697	711
697	814
697	871
698	54
698	133
698	214
698	604
698	796
698	802
698	823
698	862
698	915
698	970
699	129
699	766
699	801
699	891
699	929
699	960
699	961
699	964
699	994
699	997
700	55
700	354
700	398
700	701
700	779
700	805
700	919
700	938
700	979
700	987
701	93
701	460
701	493
701	700
701	861
701	917
701	924
701	939
701	943
701	984
702	218
702	358
702	800
702	856
702	914
702	926
702	954
702	974
702	982
702	1000
703	383
703	706
703	810
703	829
703	889
703	947
703	973
703	981
703	992
703	998
704	76
704	153
704	342
704	545
704	553
704	629
704	688
704	715
704	881
704	999
705	768
705	769
705	779
705	792
705	818
705	862
705	897
705	929
705	946
705	956
706	92
706	703
706	746
706	820
706	842
706	918
706	929
706	930
706	965
706	991
707	59
707	657
707	720
707	882
707	887
707	896
707	903
707	921
707	927
707	962
708	463
708	533
708	659
708	678
708	784
708	901
708	937
708	946
708	948
708	996
709	326
709	425
709	581
709	636
709	665
709	768
709	793
709	896
709	940
709	996
710	27
710	521
710	661
710	694
710	857
710	870
710	953
710	970
710	981
710	992
711	172
711	185
711	519
711	697
711	793
711	866
711	871
711	874
711	949
711	950
711	988
712	313
712	423
712	535
712	755
712	794
712	889
712	937
712	940
712	978
712	981
712	992
713	194
713	459
713	539
713	625
713	726
713	817
713	903
713	931
713	961
713	988
713	997
714	496
714	660
714	668
714	715
714	723
714	796
714	852
714	864
714	943
714	986
714	996
715	115
715	140
715	386
715	449
715	704
715	714
715	792
715	905
715	951
715	985
715	999
716	717
716	801
716	836
716	860
716	906
716	920
716	963
716	979
716	981
716	988
716	992
717	12
717	412
717	691
717	716
717	827
717	839
717	877
717	907
717	947
717	972
717	989
718	195
718	399
718	603
718	791
718	816
718	834
718	946
718	948
718	961
718	986
718	997
719	62
719	241
719	269
719	424
719	824
719	918
719	927
719	930
719	937
719	948
719	995
720	140
720	163
720	263
720	298
720	520
720	563
720	707
720	882
720	921
720	927
720	962
721	159
721	222
721	319
721	434
721	516
721	646
721	789
721	928
721	967
721	998
721	999
722	114
722	251
722	382
722	543
722	632
722	783
722	865
722	926
722	972
722	982
722	987
723	253
723	495
723	496
723	505
723	714
723	838
723	852
723	925
723	976
723	990
723	996
724	57
724	311
724	340
724	362
724	453
724	472
724	541
724	602
724	678
724	781
724	829
725	140
725	306
725	364
725	524
725	596
725	780
725	933
725	945
725	965
725	967
725	985
726	157
726	567
726	713
726	749
726	751
726	828
726	839
726	900
726	902
726	977
726	994
727	247
727	268
727	317
727	447
727	543
727	666
727	671
727	897
727	907
727	918
727	963
728	516
728	657
728	767
728	836
728	882
728	923
728	932
728	940
728	954
728	981
728	992
729	10
729	327
729	354
729	584
729	831
729	835
729	864
729	901
729	922
729	944
729	967
730	239
730	300
730	365
730	473
730	584
730	693
730	908
730	959
730	964
730	981
730	992
731	4
731	130
731	549
731	766
731	791
731	870
731	893
731	918
731	963
731	995
731	1000
732	159
732	180
732	236
732	342
732	544
732	775
732	786
732	802
732	827
732	950
732	985
733	561
733	664
733	744
733	819
733	910
733	949
733	952
733	959
733	983
734	146
734	419
734	624
734	637
734	735
734	842
734	854
734	911
734	927
734	945
734	965
735	243
735	421
735	534
735	587
735	654
735	734
735	742
735	883
735	937
735	948
735	994
736	39
736	49
736	162
736	190
736	376
736	509
736	645
736	861
736	888
736	911
736	935
737	355
737	532
737	633
737	861
737	923
737	927
737	932
737	953
737	960
737	980
737	1000
738	59
738	148
738	518
738	688
738	774
738	807
738	867
738	919
738	941
738	956
738	987
739	152
739	400
739	455
739	487
739	641
739	770
739	785
739	866
739	875
739	950
739	976
740	337
740	579
740	622
740	765
740	786
740	815
740	849
740	852
740	960
740	986
740	991
741	116
741	131
741	331
741	455
741	676
741	779
741	785
741	919
741	934
741	987
741	1000
742	428
742	457
742	485
742	642
742	669
742	735
742	745
742	764
742	855
742	866
742	869
743	164
743	212
743	359
743	629
743	899
743	953
743	966
743	968
743	978
743	986
743	993
744	478
744	561
744	664
744	733
744	804
744	819
744	910
744	952
744	959
744	983
745	8
745	38
745	269
745	382
745	428
745	512
745	551
745	556
745	742
745	873
745	972
745	998
746	294
746	406
746	455
746	517
746	648
746	675
746	706
746	793
746	896
746	940
746	941
746	979
747	437
747	489
747	510
747	521
747	851
747	862
747	875
747	883
747	891
747	909
747	964
747	996
748	63
748	303
748	382
748	390
748	569
748	665
748	783
748	802
748	865
748	867
748	896
748	898
749	56
749	85
749	343
749	388
749	726
749	750
749	755
749	814
749	858
749	863
749	994
749	995
750	402
750	515
750	749
750	782
750	785
750	796
750	799
750	886
750	900
750	930
750	969
750	994
751	388
751	502
751	726
751	839
751	844
751	848
751	858
751	902
751	910
751	913
751	977
751	994
752	643
752	675
752	779
752	837
752	873
752	929
752	935
752	941
752	945
752	952
752	983
752	991
753	135
753	353
753	479
753	506
753	549
753	612
753	763
753	831
753	835
753	881
753	950
753	959
754	113
754	371
754	439
754	452
754	489
754	658
754	897
754	928
754	963
754	969
754	980
754	989
755	229
755	343
755	391
755	685
755	712
755	749
755	872
755	878
755	927
755	979
755	985
755	994
756	97
756	384
756	431
756	434
756	618
756	815
756	884
756	933
756	942
756	953
756	962
756	986
757	155
757	258
757	398
757	418
757	659
757	832
757	925
757	946
757	948
757	971
757	977
757	994
758	145
758	469
758	503
758	643
758	658
758	788
758	792
758	803
758	814
758	820
758	908
758	991
759	192
759	488
759	693
759	807
759	810
759	815
759	918
759	931
759	936
759	957
759	963
759	1000
760	433
760	445
760	512
760	516
760	615
760	818
760	848
760	887
760	943
760	957
760	976
760	985
761	209
761	435
761	633
761	654
761	870
761	914
761	937
761	963
761	982
761	990
761	993
761	1000
762	258
762	437
762	489
762	492
762	497
762	642
762	821
762	862
762	866
762	880
762	884
762	976
763	327
763	399
763	479
763	566
763	574
763	640
763	753
763	831
763	835
763	881
763	887
763	890
764	204
764	391
764	742
764	788
764	808
764	832
764	863
764	908
764	957
764	979
764	993
764	999
765	149
765	403
765	445
765	462
765	505
765	591
765	610
765	740
765	838
765	851
765	852
765	864
766	4
766	116
766	130
766	280
766	293
766	387
766	661
766	699
766	731
766	905
766	918
766	963
767	201
767	299
767	313
767	385
767	389
767	453
767	728
767	785
767	816
767	854
767	941
767	981
768	128
768	328
768	575
768	606
768	679
768	705
768	709
768	844
768	867
768	885
768	899
768	994
769	87
769	300
769	310
769	336
769	573
769	705
769	822
769	919
769	941
769	954
769	971
769	987
770	302
770	303
770	339
770	430
770	569
770	604
770	739
770	786
770	790
770	871
770	891
770	964
771	182
771	255
771	294
771	366
771	624
771	674
771	696
771	789
771	809
771	934
771	941
771	987
772	28
772	72
772	308
772	311
772	332
772	483
772	498
772	602
772	644
772	781
772	867
772	950
773	21
773	432
773	803
773	832
773	843
773	872
773	900
773	930
773	934
773	943
773	957
773	973
773	999
774	31
774	37
774	121
774	188
774	440
774	538
774	738
774	796
774	807
774	825
774	854
774	922
774	966
775	257
775	309
775	576
775	630
775	641
775	732
775	881
775	894
775	905
775	907
775	975
775	990
775	991
776	69
776	168
776	250
776	618
776	694
776	813
776	857
776	863
776	936
776	973
776	979
776	980
776	987
777	219
777	449
777	499
777	504
777	519
777	577
777	662
777	684
777	791
777	834
777	835
777	865
777	967
778	6
778	189
778	285
778	314
778	533
778	550
778	659
778	870
778	893
778	937
778	946
778	948
778	996
779	255
779	573
779	631
779	634
779	700
779	705
779	741
779	752
779	837
779	919
779	934
779	941
779	987
780	53
780	380
780	473
780	584
780	612
780	725
780	784
780	796
780	895
780	945
780	949
780	966
780	999
781	168
781	390
781	525
781	586
781	588
781	602
781	611
781	724
781	772
781	956
781	964
781	972
781	995
782	73
782	318
782	603
782	626
782	654
782	750
782	833
782	835
782	890
782	950
782	980
782	995
782	999
783	124
783	226
783	378
783	497
783	522
783	722
783	748
783	847
783	922
783	932
783	933
783	934
783	943
784	53
784	172
784	219
784	373
784	448
784	499
784	562
784	605
784	628
784	708
784	780
784	835
784	949
785	16
785	142
785	206
785	487
785	591
785	676
785	677
785	739
785	741
785	750
785	767
785	930
785	940
786	260
786	451
786	696
786	732
786	740
786	770
786	806
786	840
786	845
786	930
786	932
786	964
786	967
787	187
787	284
787	467
787	565
787	660
787	844
787	864
787	925
787	939
787	958
787	970
787	984
787	994
788	33
788	108
788	246
788	351
788	457
788	682
788	758
788	764
788	810
788	820
788	908
788	957
788	991
789	410
789	603
789	680
789	721
789	771
789	822
789	873
789	904
789	947
789	954
789	985
789	998
789	1000
790	112
790	426
790	439
790	618
790	770
790	871
790	926
790	936
790	964
790	974
790	980
790	982
790	987
791	30
791	156
791	369
791	427
791	468
791	491
791	504
791	611
791	718
791	731
791	777
791	834
791	880
792	317
792	546
792	574
792	576
792	705
792	715
792	758
792	826
792	880
792	897
792	905
792	907
792	990
793	106
793	425
793	665
793	709
793	711
793	746
793	823
793	861
793	896
793	939
793	940
793	991
793	996
794	151
794	524
794	595
794	635
794	653
794	681
794	712
794	824
794	897
794	905
794	978
794	985
794	989
795	48
795	164
795	217
795	274
795	644
795	677
795	897
795	919
795	937
795	946
795	948
795	971
795	989
796	134
796	173
796	641
796	672
796	698
796	714
796	750
796	774
796	780
796	807
796	838
796	881
796	985
797	107
797	330
797	339
797	495
797	608
797	646
797	674
797	912
797	939
797	958
797	960
797	967
797	979
798	220
798	510
798	690
798	805
798	831
798	841
798	879
798	917
798	939
798	958
798	968
798	969
798	984
799	169
799	750
799	802
799	812
799	849
799	857
799	886
799	889
799	906
799	970
799	981
799	988
799	992
800	139
800	358
800	683
800	702
800	856
800	859
800	914
800	926
800	951
800	959
800	974
800	982
800	997
801	387
801	585
801	661
801	699
801	716
801	837
801	893
801	918
801	945
801	950
801	971
801	979
801	995
802	313
802	621
802	698
802	732
802	748
802	799
802	853
802	905
802	906
802	928
802	954
802	970
802	993
803	143
803	600
803	688
803	758
803	773
803	820
803	955
803	968
803	976
803	984
803	989
803	990
803	991
804	138
804	536
804	599
804	668
804	671
804	744
804	818
804	841
804	843
804	874
804	882
804	921
804	957
804	984
805	71
805	123
805	281
805	608
805	700
805	798
805	841
805	917
805	935
805	939
805	958
805	959
805	971
805	984
806	122
806	143
806	169
806	419
806	493
806	681
806	694
806	786
806	904
806	955
806	967
806	968
806	984
806	990
807	307
807	354
807	397
807	440
807	445
807	538
807	738
807	759
807	774
807	796
807	810
807	825
807	854
807	966
808	13
808	155
808	293
808	334
808	548
808	764
808	843
808	853
808	924
808	933
808	953
808	966
808	983
808	993
809	32
809	206
809	255
809	429
809	648
809	661
809	682
809	771
809	822
809	919
809	941
809	954
809	964
809	987
810	10
810	121
810	469
810	538
810	703
810	759
810	788
810	807
810	820
810	836
810	911
810	936
810	981
810	992
811	15
811	267
811	374
811	411
811	480
811	510
811	609
811	623
811	658
811	812
811	844
811	885
811	962
811	977
812	17
812	364
812	389
812	607
812	681
812	799
812	811
812	906
812	916
812	927
812	962
812	972
812	983
812	989
813	412
813	572
813	679
813	680
813	689
813	776
813	839
813	842
813	853
813	877
813	904
813	906
813	989
813	993
814	3
814	66
814	145
814	520
814	542
814	614
814	697
814	749
814	758
814	901
814	932
814	951
814	957
814	960
815	27
815	82
815	211
815	316
815	421
815	622
815	676
815	740
815	756
815	759
815	867
815	870
815	936
815	987
816	92
816	221
816	495
816	557
816	596
816	718
816	767
816	834
816	844
816	860
816	928
816	977
816	985
816	991
817	74
817	202
817	459
817	539
817	625
817	713
817	909
817	924
817	931
817	935
817	943
817	961
817	988
817	997
818	5
818	49
818	125
818	127
818	413
818	463
818	639
818	692
818	705
818	760
818	804
818	874
818	898
818	956
818	985
819	36
819	271
819	377
819	478
819	561
819	664
819	733
819	744
819	828
819	837
819	910
819	952
819	959
819	983
820	166
820	178
820	207
820	256
820	476
820	643
820	658
820	706
820	758
820	788
820	803
820	810
820	908
820	957
820	993
821	136
821	150
821	170
821	465
821	549
821	570
821	617
821	762
821	861
821	866
821	895
821	921
821	932
821	960
821	976
822	55
822	134
822	294
822	592
822	662
822	665
822	673
822	769
822	789
822	809
822	919
822	934
822	940
822	941
822	987
823	382
823	454
823	546
823	581
823	669
823	681
823	698
823	793
823	905
823	934
823	951
823	957
823	970
823	985
823	990
824	72
824	302
824	598
824	641
824	719
824	794
824	847
824	850
824	905
824	924
824	930
824	934
824	967
824	995
824	998
825	538
825	611
825	675
825	682
825	774
825	807
825	849
825	919
825	939
825	941
825	958
825	971
825	978
825	979
825	987
826	289
826	305
826	364
826	397
826	409
826	546
826	594
826	792
826	905
826	913
826	954
826	962
826	980
826	987
826	988
827	135
827	597
827	717
827	732
827	846
827	856
827	877
827	899
827	913
827	940
827	947
827	949
827	966
827	989
827	990
828	292
828	359
828	528
828	726
828	819
828	858
828	879
828	910
828	918
828	952
828	963
828	983
828	986
828	994
828	995
829	311
829	464
829	602
829	646
829	703
829	724
829	889
829	891
829	897
829	978
829	981
829	985
829	988
829	992
829	999
830	117
830	470
830	496
830	605
830	627
830	689
830	851
830	898
830	906
830	920
830	932
830	936
830	960
830	966
830	986
831	138
831	489
831	729
831	753
831	763
831	798
831	835
831	854
831	866
831	879
831	915
831	916
831	969
831	970
831	996
832	310
832	457
832	615
832	757
832	764
832	773
832	904
832	922
832	934
832	948
832	966
832	972
832	989
832	991
832	993
833	59
833	167
833	254
833	312
833	517
833	526
833	534
833	659
833	782
833	893
833	921
833	939
833	946
833	968
833	996
834	7
834	78
834	154
834	156
834	186
834	270
834	352
834	398
834	504
834	565
834	611
834	718
834	777
834	791
834	816
834	880
835	181
835	391
835	414
835	506
835	509
835	640
835	729
835	753
835	763
835	777
835	782
835	784
835	831
835	887
835	950
835	959
836	261
836	338
836	438
836	517
836	655
836	695
836	716
836	728
836	810
836	870
836	889
836	945
836	973
836	981
836	992
836	998
837	215
837	403
837	500
837	752
837	779
837	801
837	819
837	910
837	941
837	952
837	954
837	963
837	969
837	980
837	983
837	990
838	297
838	373
838	417
838	458
838	610
838	668
838	723
838	765
838	796
838	851
838	852
838	864
838	898
838	916
838	935
838	976
839	500
839	567
839	603
839	620
839	656
839	675
839	717
839	726
839	751
839	813
839	868
839	878
839	902
839	912
839	980
839	995
840	118
840	133
840	386
840	415
840	464
840	596
840	786
840	865
840	885
840	906
840	914
840	967
840	974
840	982
840	994
840	1000
841	167
841	281
841	367
841	409
841	493
841	608
841	798
841	804
841	805
841	859
841	917
841	939
841	949
841	959
841	969
841	984
842	39
842	64
842	198
842	220
842	443
842	529
842	706
842	734
842	813
842	859
842	890
842	893
842	929
842	954
842	965
842	982
843	95
843	550
843	688
843	773
843	804
843	808
843	861
843	909
843	913
843	917
843	942
843	953
843	957
843	984
843	990
843	993
844	75
844	111
844	364
844	394
844	471
844	652
844	751
844	768
844	787
844	811
844	816
844	848
844	868
844	876
844	902
844	908
844	977
845	531
845	592
845	627
845	680
845	786
845	846
845	886
845	898
845	902
845	904
845	907
845	923
845	955
845	957
845	979
845	988
845	998
846	276
846	444
846	543
846	548
846	551
846	568
846	620
846	658
846	666
846	680
846	827
846	845
846	868
846	907
846	929
846	945
846	998
847	34
847	492
847	520
847	564
847	633
847	783
847	824
847	850
847	860
847	904
847	922
847	923
847	933
847	944
847	975
847	987
847	991
848	315
848	648
848	651
848	655
848	751
848	760
848	844
848	858
848	860
848	861
848	885
848	912
848	938
848	960
848	981
848	992
848	994
849	109
849	337
849	465
849	508
849	579
849	679
849	740
849	799
849	825
849	856
849	866
849	886
849	911
849	958
849	968
849	984
849	993
850	11
850	329
850	386
850	631
850	681
850	824
850	847
850	855
850	908
850	922
850	926
850	933
850	942
850	944
850	975
850	987
850	991
851	356
851	441
851	467
851	472
851	505
851	660
851	668
851	670
851	747
851	765
851	830
851	838
851	852
851	864
851	916
851	920
851	921
852	297
852	599
852	625
852	660
852	670
852	671
852	714
852	723
852	740
852	765
852	838
852	851
852	878
852	895
852	898
852	911
852	925
853	293
853	336
853	346
853	579
853	621
853	679
853	802
853	808
853	813
853	865
853	885
853	915
853	923
853	924
853	953
853	969
853	993
854	486
854	489
854	520
854	590
854	642
854	651
854	656
854	734
854	767
854	774
854	807
854	831
854	868
854	878
854	895
854	966
854	990
855	154
855	348
855	436
855	487
855	601
855	650
855	742
855	850
855	876
855	894
855	919
855	929
855	933
855	935
855	947
855	973
855	985
856	70
856	259
856	260
856	290
856	361
856	463
856	508
856	551
856	599
856	702
856	800
856	827
856	849
856	914
856	960
856	974
856	995
857	51
857	268
857	415
857	553
857	622
857	686
857	694
857	710
857	776
857	799
857	867
857	886
857	898
857	904
857	913
857	972
857	988
858	101
858	224
858	322
858	394
858	629
858	652
858	749
858	751
858	828
858	848
858	863
858	868
858	900
858	908
858	917
858	977
858	994
859	167
859	199
859	394
859	637
859	653
859	672
859	800
859	841
859	842
859	883
859	925
859	939
859	955
859	965
859	984
859	990
859	994
860	273
860	275
860	477
860	531
860	651
860	682
860	687
860	716
860	816
860	847
860	848
860	868
860	878
860	884
860	904
860	971
860	979
861	45
861	405
861	645
861	663
861	701
861	736
861	737
861	793
861	821
861	843
861	848
861	867
861	888
861	896
861	906
861	960
861	968
861	996
862	102
862	253
862	569
862	609
862	658
862	698
862	705
862	747
862	762
862	866
862	878
862	904
862	912
862	933
862	944
862	970
862	978
862	979
863	173
863	238
863	405
863	458
863	516
863	749
863	764
863	776
863	858
863	885
863	902
863	940
863	949
863	967
863	969
863	975
863	976
863	977
864	186
864	244
864	297
864	472
864	552
864	589
864	668
864	714
864	729
864	765
864	787
864	838
864	851
864	920
864	925
864	943
864	973
864	991
865	8
865	119
865	141
865	348
865	424
865	507
865	535
865	722
865	748
865	777
865	840
865	853
865	876
865	938
865	953
865	967
865	971
865	972
866	102
866	104
866	253
866	407
866	437
866	486
866	489
866	492
866	642
866	711
866	739
866	742
866	762
866	821
866	831
866	849
866	862
866	976
867	42
867	48
867	217
867	488
867	552
867	671
867	738
867	748
867	768
867	772
867	815
867	857
867	861
867	876
867	898
867	934
867	936
867	988
868	529
868	540
868	571
868	590
868	630
868	839
868	844
868	846
868	854
868	858
868	860
868	883
868	917
868	965
868	985
868	989
868	994
868	995
869	89
869	233
869	382
869	406
869	424
869	514
869	523
869	582
869	585
869	606
869	742
869	876
869	879
869	912
869	920
869	925
869	938
869	971
870	125
870	639
870	710
870	731
870	761
870	778
870	815
870	836
870	889
870	901
870	936
870	937
870	946
870	948
870	963
870	981
870	989
870	992
870	995
871	3
871	99
871	217
871	228
871	360
871	378
871	400
871	622
871	697
871	711
871	770
871	790
871	891
871	915
871	917
871	947
871	949
871	958
871	968
872	110
872	229
872	362
872	423
872	566
872	585
872	647
872	659
872	755
872	773
872	894
872	901
872	935
872	937
872	948
872	985
872	986
872	991
872	999
873	141
873	223
873	227
873	384
873	415
873	512
873	577
873	624
873	633
873	647
873	745
873	752
873	789
873	887
873	894
873	907
873	938
873	940
873	991
874	29
874	296
874	345
874	407
874	536
874	583
874	586
874	588
874	613
874	711
874	804
874	818
874	892
874	898
874	956
874	971
874	973
874	976
874	985
875	35
875	231
875	259
875	273
875	442
875	501
875	521
875	607
875	613
875	695
875	739
875	747
875	879
875	920
875	934
875	962
875	978
875	986
875	995
876	50
876	111
876	206
876	427
876	491
876	492
876	531
876	844
876	855
876	865
876	867
876	869
876	894
876	929
876	936
876	953
876	972
876	987
876	994
877	88
877	176
877	224
877	291
877	321
877	471
877	620
877	666
877	717
877	813
877	827
877	887
877	899
877	907
877	945
877	947
877	972
877	989
877	998
878	107
878	185
878	341
878	474
878	498
878	560
878	590
878	631
878	651
878	661
878	755
878	839
878	852
878	854
878	860
878	862
878	884
878	964
878	971
879	77
879	83
879	84
879	442
879	472
879	532
879	626
879	798
879	828
879	831
879	869
879	875
879	904
879	951
879	958
879	959
879	962
879	968
879	998
880	111
880	156
880	213
880	436
880	452
880	486
880	504
880	635
880	642
880	762
880	791
880	792
880	834
880	890
880	915
880	976
880	977
880	994
880	995
881	23
881	249
881	257
881	548
881	567
881	592
881	629
881	696
881	704
881	753
881	763
881	775
881	796
881	943
881	950
881	955
881	957
881	959
881	981
882	59
882	170
882	210
882	263
882	298
882	402
882	483
882	540
882	657
882	707
882	720
882	728
882	804
882	887
882	903
882	916
882	921
882	927
882	962
883	200
883	236
883	296
883	340
883	401
883	419
883	443
883	637
883	735
883	747
883	859
883	868
883	895
883	899
883	915
883	927
883	929
883	945
883	954
884	102
884	486
884	582
884	619
884	640
884	662
884	756
884	762
884	860
884	878
884	924
884	957
884	959
884	974
884	976
884	978
884	982
884	992
884	1000
885	235
885	502
885	569
885	629
885	641
885	649
885	664
885	689
885	768
885	811
885	840
885	848
885	853
885	863
885	953
885	960
885	973
885	987
885	993
886	51
886	128
886	149
886	250
886	265
886	266
886	402
886	553
886	555
886	681
886	694
886	750
886	799
886	845
886	849
886	857
886	898
886	904
886	911
886	972
887	79
887	284
887	320
887	414
887	599
887	647
887	657
887	707
887	760
887	763
887	835
887	873
887	877
887	882
887	894
887	907
887	927
887	935
887	990
887	991
888	52
888	119
888	208
888	243
888	256
888	286
888	324
888	376
888	405
888	418
888	509
888	645
888	686
888	736
888	861
888	911
888	916
888	935
888	938
888	986
889	78
889	338
889	347
889	420
889	438
889	533
889	556
889	606
889	655
889	703
889	712
889	799
889	829
889	836
889	870
889	899
889	947
889	973
889	981
889	992
890	15
890	361
890	419
890	452
890	547
890	574
890	600
890	615
890	763
890	782
890	842
890	880
890	900
890	929
890	930
890	946
890	950
890	959
890	980
890	990
891	129
891	190
891	235
891	244
891	362
891	430
891	555
891	604
891	622
891	669
891	671
891	677
891	699
891	747
891	770
891	829
891	871
891	930
891	944
891	964
892	46
892	230
892	240
892	334
892	345
892	384
892	466
892	527
892	586
892	593
892	623
892	874
892	909
892	922
892	931
892	933
892	956
892	975
892	993
892	996
893	89
893	90
893	173
893	314
893	411
893	447
893	533
893	731
893	778
893	801
893	833
893	842
893	921
893	924
893	937
893	938
893	945
893	948
893	962
893	965
894	148
894	153
894	180
894	218
894	290
894	309
894	427
894	482
894	560
894	593
894	775
894	855
894	872
894	873
894	876
894	887
894	929
894	934
894	935
894	991
895	10
895	146
895	267
895	380
895	480
895	562
895	656
895	685
895	780
895	821
895	852
895	854
895	883
895	909
895	943
895	945
895	967
895	985
895	987
895	996
896	106
896	288
896	397
896	425
896	485
896	558
896	581
896	636
896	663
896	665
896	684
896	685
896	707
896	709
896	746
896	748
896	793
896	861
896	940
896	988
897	151
897	317
897	318
897	474
897	480
897	490
897	563
897	574
897	576
897	595
897	635
897	705
897	727
897	754
897	792
897	794
897	795
897	829
897	905
897	989
897	990
898	20
898	121
898	311
898	363
898	491
898	518
898	644
898	649
898	748
898	818
898	830
898	838
898	845
898	852
898	857
898	867
898	874
898	886
898	956
898	976
898	988
899	265
899	411
899	545
899	604
899	617
899	652
899	743
899	768
899	827
899	877
899	883
899	889
899	907
899	954
899	959
899	965
899	973
899	977
899	981
899	992
899	998
900	23
900	115
900	498
900	617
900	652
900	660
900	668
900	726
900	750
900	773
900	858
900	890
900	920
900	926
900	948
900	968
900	973
900	974
900	977
900	982
900	1000
901	84
901	92
901	228
901	304
901	381
901	431
901	446
901	506
901	509
901	708
901	729
901	814
901	870
901	872
901	903
901	920
901	936
901	950
901	953
901	959
901	987
902	75
902	114
902	141
902	157
902	238
902	388
902	498
902	502
902	523
902	544
902	652
902	726
902	751
902	839
902	844
902	845
902	863
902	913
902	977
902	994
902	1000
903	170
903	387
903	390
903	461
903	580
903	599
903	686
903	707
903	713
903	882
903	901
903	921
903	922
903	931
903	933
903	942
903	961
903	963
903	997
903	998
903	1000
904	216
904	295
904	315
904	553
904	789
904	806
904	813
904	832
904	845
904	847
904	857
904	860
904	862
904	879
904	886
904	933
904	944
904	972
904	979
904	985
904	986
904	998
905	87
905	151
905	253
905	270
905	306
905	576
905	595
905	687
905	715
905	766
905	775
905	792
905	794
905	802
905	823
905	824
905	826
905	897
905	975
905	978
905	985
905	989
906	85
906	166
906	342
906	389
906	511
906	572
906	607
906	616
906	689
906	716
906	799
906	802
906	812
906	813
906	830
906	840
906	861
906	912
906	928
906	949
906	972
906	1000
907	17
907	176
907	208
907	280
907	374
907	411
907	559
907	597
907	620
907	653
907	691
907	717
907	727
907	775
907	792
907	845
907	846
907	873
907	877
907	887
907	899
907	989
908	265
908	313
908	409
908	435
908	446
908	730
908	758
908	764
908	788
908	820
908	844
908	850
908	858
908	922
908	926
908	942
908	972
908	988
908	991
908	994
908	995
908	997
909	47
909	91
909	175
909	193
909	239
909	240
909	267
909	278
909	371
909	416
909	510
909	511
909	514
909	540
909	562
909	669
909	686
909	747
909	817
909	843
909	892
909	895
909	996
910	36
910	271
910	377
910	478
910	561
910	664
910	687
910	733
910	744
910	751
910	819
910	828
910	837
910	952
910	959
910	983
910	987
911	211
911	308
911	363
911	405
911	463
911	469
911	537
911	571
911	645
911	734
911	736
911	810
911	849
911	852
911	886
911	888
911	914
911	915
911	927
911	935
911	936
911	943
911	965
912	57
912	68
912	230
912	406
912	444
912	484
912	497
912	498
912	511
912	544
912	582
912	630
912	650
912	797
912	839
912	848
912	862
912	869
912	906
912	936
912	953
912	957
912	993
913	13
913	62
913	124
913	126
913	266
913	394
913	397
913	553
913	559
913	691
913	751
913	826
913	827
913	843
913	857
913	902
913	920
913	939
913	972
913	975
913	977
913	990
913	994
914	184
914	235
914	466
914	508
914	547
914	554
914	615
914	619
914	632
914	678
914	684
914	702
914	761
914	800
914	840
914	856
914	911
914	926
914	951
914	954
914	974
914	982
914	1000
915	99
915	132
915	369
915	378
915	446
915	490
915	547
915	583
915	609
915	653
915	656
915	698
915	831
915	853
915	871
915	880
915	883
915	911
915	965
915	966
915	970
915	989
915	993
916	166
916	248
916	325
916	335
916	408
916	470
916	668
916	670
916	696
916	812
916	831
916	838
916	851
916	882
916	888
916	918
916	951
916	955
916	962
916	963
916	969
916	976
916	988
917	9
917	223
917	245
917	456
917	485
917	494
917	608
917	682
917	690
917	701
917	798
917	805
917	841
917	843
917	858
917	868
917	871
917	924
917	939
917	958
917	959
917	968
917	984
918	231
918	410
918	508
918	524
918	570
918	683
918	706
918	719
918	727
918	731
918	759
918	766
918	801
918	828
918	916
918	923
918	938
918	945
918	949
918	950
918	951
918	995
918	1000
919	66
919	270
919	312
919	366
919	566
919	573
919	606
919	674
919	682
919	700
919	738
919	741
919	769
919	779
919	795
919	809
919	822
919	825
919	855
919	940
919	941
919	953
919	971
920	41
920	60
920	515
920	633
920	661
920	683
920	689
920	716
920	830
920	851
920	864
920	869
920	875
920	900
920	901
920	913
920	928
920	943
920	953
920	971
920	988
920	991
920	999
920	1000
921	101
921	170
921	195
921	210
921	233
921	279
921	298
921	353
921	417
921	527
921	563
921	657
921	672
921	707
921	720
921	804
921	821
921	833
921	851
921	882
921	893
921	903
921	927
921	935
922	2
922	95
922	98
922	131
922	379
922	520
922	564
922	681
922	729
922	774
922	783
922	832
922	847
922	850
922	892
922	903
922	908
922	923
922	933
922	942
922	943
922	944
922	950
922	990
923	21
923	274
923	601
923	606
923	621
923	728
923	737
923	845
923	847
923	853
923	918
923	922
923	932
923	933
923	938
923	942
923	945
923	950
923	953
923	960
923	963
923	966
923	969
923	1000
924	13
924	97
924	299
924	493
924	539
924	560
924	625
924	693
924	701
924	808
924	817
924	824
924	853
924	884
924	893
924	917
924	931
924	939
924	961
924	968
924	969
924	979
924	984
924	993
924	997
925	118
925	183
925	343
925	363
925	497
925	512
925	540
925	610
925	670
925	680
925	723
925	757
925	787
925	852
925	859
925	864
925	869
925	933
925	942
925	944
925	970
925	975
925	977
925	987
925	994
926	90
926	171
926	184
926	277
926	282
926	358
926	466
926	514
926	558
926	619
926	632
926	678
926	702
926	722
926	790
926	800
926	850
926	900
926	908
926	914
926	951
926	954
926	971
926	974
926	982
926	1000
927	26
927	28
927	197
927	371
927	503
927	548
927	549
927	649
927	656
927	681
927	707
927	719
927	720
927	734
927	737
927	755
927	812
927	882
927	883
927	887
927	911
927	921
927	932
927	965
927	966
927	1000
928	113
928	212
928	346
928	349
928	385
928	392
928	401
928	404
928	454
928	468
928	502
928	549
928	558
928	591
928	604
928	689
928	721
928	754
928	802
928	816
928	906
928	920
928	949
928	954
928	962
928	987
929	25
929	64
929	526
929	542
929	638
929	647
929	650
929	699
929	705
929	706
929	752
929	842
929	846
929	855
929	876
929	883
929	890
929	894
929	932
929	937
929	945
929	946
929	948
929	960
929	985
929	991
929	996
930	90
930	139
930	246
930	280
930	303
930	368
930	432
930	485
930	487
930	517
930	593
930	641
930	647
930	671
930	687
930	706
930	719
930	750
930	773
930	785
930	786
930	824
930	890
930	891
930	934
930	960
930	964
931	74
931	94
931	194
931	202
931	251
931	318
931	459
931	461
931	467
931	528
931	539
931	625
931	676
931	713
931	759
931	817
931	892
931	903
931	924
931	935
931	943
931	961
931	988
931	997
932	14
932	42
932	70
932	141
932	197
932	232
932	260
932	272
932	368
932	422
932	528
932	638
932	649
932	657
932	728
932	737
932	783
932	786
932	814
932	821
932	830
932	923
932	927
932	929
932	953
932	960
932	966
933	30
933	252
933	287
933	290
933	307
933	564
933	601
933	725
933	756
933	783
933	808
933	847
933	850
933	855
933	862
933	892
933	903
933	904
933	922
933	923
933	925
933	942
933	944
933	950
933	975
933	987
933	998
934	164
934	247
934	256
934	277
934	522
934	567
934	598
934	615
934	667
934	674
934	741
934	771
934	773
934	779
934	783
934	822
934	823
934	824
934	832
934	867
934	875
934	894
934	930
934	975
934	986
934	987
934	995
934	999
935	47
935	71
935	264
935	309
935	569
935	625
935	645
935	647
935	736
935	752
935	805
935	817
935	838
935	855
935	872
935	887
935	888
935	894
935	911
935	921
935	931
935	938
935	939
935	961
935	968
935	984
935	988
935	997
936	27
936	123
936	207
936	307
936	320
936	349
936	351
936	469
936	488
936	575
936	597
936	618
936	622
936	639
936	759
936	776
936	790
936	810
936	815
936	830
936	867
936	870
936	876
936	901
936	911
936	912
936	953
936	987
937	6
937	96
937	234
937	247
937	285
937	306
937	336
937	399
937	474
937	526
937	533
937	587
937	676
937	708
937	712
937	719
937	735
937	761
937	778
937	795
937	870
937	872
937	893
937	929
937	946
937	948
937	978
937	996
938	114
938	222
938	275
938	405
938	428
938	474
938	523
938	551
938	627
938	645
938	679
938	700
938	848
938	865
938	869
938	873
938	888
938	893
938	918
938	923
938	935
938	953
938	963
938	967
938	969
938	995
938	996
938	999
939	9
939	37
939	137
939	152
939	225
939	233
939	494
939	603
939	614
939	633
939	639
939	701
939	787
939	793
939	797
939	798
939	805
939	825
939	833
939	841
939	859
939	913
939	917
939	924
939	935
939	958
939	968
939	984
940	425
940	444
940	503
940	531
940	568
940	630
940	631
940	636
940	666
940	687
940	709
940	712
940	728
940	746
940	785
940	793
940	822
940	827
940	863
940	873
940	896
940	919
940	941
940	961
940	971
940	979
940	988
940	990
941	32
941	134
941	193
941	274
941	294
941	314
941	462
941	480
941	495
941	573
941	674
941	692
941	738
941	746
941	752
941	767
941	769
941	771
941	779
941	809
941	822
941	825
941	837
941	919
941	940
941	954
941	968
941	971
942	34
942	98
942	139
942	252
942	329
942	336
942	491
942	551
942	564
942	601
942	604
942	627
942	634
942	756
942	843
942	850
942	903
942	908
942	922
942	923
942	925
942	933
942	944
942	973
942	975
942	982
942	987
942	990
942	998
943	89
943	183
943	315
943	333
943	535
943	549
943	556
943	566
943	625
943	701
943	714
943	760
943	773
943	783
943	817
943	864
943	881
943	895
943	911
943	920
943	922
943	931
943	953
943	961
943	965
943	972
943	973
943	988
943	997
944	14
944	18
944	55
944	155
944	160
944	329
944	339
944	421
944	564
944	580
944	598
944	634
944	729
944	847
944	850
944	862
944	891
944	904
944	922
944	925
944	933
944	942
944	950
944	978
944	987
944	990
944	991
944	993
944	998
945	198
945	375
945	448
945	455
945	543
945	620
945	653
945	725
945	734
945	752
945	780
945	801
945	836
945	846
945	877
945	883
945	893
945	895
945	918
945	923
945	929
945	950
945	951
945	963
945	966
945	972
945	989
945	998
945	999
946	61
946	100
946	234
946	285
946	290
946	349
946	401
946	410
946	433
946	450
946	526
946	535
946	541
946	562
946	659
946	678
946	705
946	708
946	718
946	757
946	778
946	795
946	833
946	870
946	890
946	929
946	937
946	948
946	952
946	978
947	58
947	99
947	127
947	162
947	164
947	186
947	225
947	413
947	475
947	518
947	568
947	579
947	586
947	655
947	673
947	680
947	703
947	717
947	789
947	827
947	855
947	871
947	877
947	889
947	956
947	973
947	977
947	981
947	992
947	998
948	33
948	180
948	234
948	285
948	349
948	399
948	423
948	450
948	463
948	492
948	513
948	526
948	533
948	587
948	659
948	708
948	718
948	719
948	735
948	757
948	778
948	795
948	832
948	870
948	872
948	893
948	900
948	929
948	937
948	946
948	996
949	22
949	90
949	140
949	228
949	276
949	372
949	420
949	468
949	543
949	596
949	608
949	614
949	628
949	653
949	711
949	733
949	780
949	784
949	827
949	841
949	863
949	871
949	906
949	918
949	928
949	958
949	969
949	972
949	984
949	987
949	1000
950	63
950	203
950	237
950	421
950	506
950	564
950	582
950	601
950	634
950	644
950	683
950	711
950	732
950	739
950	753
950	772
950	782
950	801
950	835
950	881
950	890
950	901
950	918
950	922
950	923
950	933
950	944
950	945
950	963
950	990
950	995
951	7
951	323
951	387
951	530
951	562
951	570
951	584
951	609
951	612
951	626
951	638
951	715
951	800
951	814
951	823
951	879
951	914
951	916
951	918
951	926
951	945
951	954
951	963
951	969
951	970
951	974
951	982
951	985
951	991
951	999
951	1000
952	36
952	104
952	238
952	256
952	271
952	280
952	328
952	377
952	457
952	471
952	478
952	483
952	507
952	514
952	540
952	541
952	561
952	593
952	607
952	664
952	687
952	733
952	744
952	752
952	819
952	828
952	837
952	910
952	946
952	959
952	983
953	70
953	105
953	208
953	341
953	343
953	490
953	598
953	618
953	690
953	710
953	737
953	743
953	756
953	808
953	843
953	853
953	865
953	876
953	885
953	901
953	912
953	919
953	920
953	923
953	932
953	936
953	938
953	943
953	966
953	987
953	993
953	1000
954	44
954	66
954	100
954	242
954	245
954	274
954	419
954	687
954	702
954	728
954	769
954	789
954	802
954	809
954	826
954	837
954	842
954	883
954	899
954	914
954	926
954	928
954	941
954	951
954	959
954	965
954	971
954	974
954	975
954	978
954	982
954	985
955	49
955	96
955	135
955	143
955	144
955	177
955	199
955	227
955	275
955	324
955	325
955	335
955	344
955	365
955	408
955	482
955	518
955	567
955	592
955	683
955	685
955	692
955	696
955	803
955	806
955	845
955	859
955	881
955	916
955	957
955	979
955	990
956	29
956	46
956	162
956	251
956	263
956	283
956	291
956	413
956	414
956	445
956	465
956	484
956	493
956	518
956	536
956	552
956	554
956	586
956	588
956	650
956	666
956	705
956	738
956	781
956	818
956	874
956	892
956	898
956	947
956	971
956	973
956	985
957	190
957	335
957	344
957	348
957	428
957	432
957	491
957	512
957	527
957	585
957	592
957	643
957	688
957	692
957	759
957	760
957	764
957	773
957	788
957	804
957	814
957	820
957	823
957	843
957	845
957	881
957	884
957	912
957	955
957	972
957	991
957	999
958	7
958	133
958	137
958	163
958	182
958	245
958	281
958	347
958	368
958	420
958	456
958	493
958	494
958	585
958	608
958	629
958	633
958	690
958	787
958	797
958	798
958	805
958	825
958	849
958	871
958	879
958	917
958	939
958	949
958	968
958	969
958	984
959	327
959	351
959	466
959	488
959	561
959	632
959	664
959	678
959	730
959	733
959	744
959	753
959	800
959	805
959	819
959	835
959	841
959	879
959	881
959	884
959	890
959	899
959	901
959	910
959	917
959	952
959	954
959	968
959	969
959	974
959	982
959	983
959	984
960	85
960	101
960	192
960	197
960	220
960	232
960	248
960	322
960	369
960	427
960	490
960	517
960	520
960	523
960	614
960	649
960	699
960	737
960	740
960	797
960	814
960	821
960	830
960	848
960	856
960	861
960	885
960	923
960	929
960	930
960	932
960	999
960	1000
961	74
961	94
961	194
961	202
961	219
961	221
961	229
961	277
961	384
961	415
961	459
961	461
961	528
961	539
961	625
961	640
961	648
961	676
961	684
961	695
961	699
961	713
961	718
961	817
961	903
961	924
961	931
961	935
961	940
961	943
961	988
961	996
961	997
962	26
962	35
962	86
962	165
962	191
962	258
962	330
962	436
962	457
962	462
962	483
962	602
962	657
962	672
962	707
962	720
962	756
962	811
962	812
962	826
962	875
962	879
962	882
962	893
962	916
962	928
962	963
962	967
962	975
962	978
962	986
962	989
962	999
963	4
963	116
963	130
963	251
963	272
963	282
963	352
963	387
963	461
963	570
963	597
963	638
963	716
963	727
963	731
963	754
963	759
963	761
963	766
963	828
963	837
963	870
963	903
963	916
963	923
963	938
963	945
963	950
963	951
963	962
963	969
963	995
963	1000
964	61
964	106
964	117
964	129
964	173
964	223
964	244
964	263
964	265
964	293
964	303
964	350
964	390
964	400
964	444
964	499
964	555
964	611
964	622
964	667
964	677
964	687
964	693
964	699
964	730
964	747
964	770
964	781
964	786
964	790
964	809
964	878
964	891
964	930
965	103
965	125
965	175
965	198
965	258
965	278
965	304
965	327
965	332
965	357
965	375
965	419
965	430
965	443
965	447
965	509
965	547
965	571
965	637
965	656
965	706
965	725
965	734
965	842
965	859
965	868
965	893
965	899
965	911
965	915
965	927
965	943
965	954
965	973
966	14
966	21
966	121
966	232
966	260
966	324
966	418
966	440
966	473
966	538
966	584
966	612
966	645
966	672
966	679
966	743
966	774
966	780
966	807
966	808
966	827
966	830
966	832
966	854
966	915
966	923
966	927
966	932
966	945
966	953
966	989
966	993
966	999
966	1000
967	112
967	122
967	161
967	169
967	189
967	216
967	218
967	220
967	222
967	393
967	414
967	434
967	464
967	479
967	516
967	532
967	556
967	646
967	721
967	725
967	729
967	777
967	786
967	797
967	806
967	824
967	840
967	863
967	865
967	895
967	938
967	962
967	969
967	999
968	9
968	71
968	72
968	167
968	245
968	427
968	456
968	467
968	494
968	563
968	578
968	585
968	608
968	638
968	743
968	798
968	803
968	806
968	833
968	849
968	861
968	871
968	879
968	900
968	917
968	924
968	935
968	939
968	941
968	958
968	959
968	969
968	984
968	995
969	40
969	103
969	116
969	120
969	161
969	182
969	281
969	367
969	392
969	402
969	420
969	422
969	462
969	750
969	754
969	798
969	831
969	837
969	841
969	853
969	863
969	916
969	923
969	924
969	938
969	949
969	951
969	958
969	959
969	963
969	967
969	968
969	993
969	995
969	999
970	38
970	44
970	80
970	144
970	147
970	179
970	214
970	235
970	284
970	293
970	401
970	417
970	441
970	472
970	490
970	520
970	530
970	574
970	577
970	580
970	609
970	626
970	661
970	698
970	710
970	787
970	799
970	802
970	823
970	831
970	862
970	915
970	925
970	951
970	981
971	65
971	88
971	100
971	269
971	272
971	507
971	531
971	560
971	586
971	588
971	630
971	675
971	757
971	769
971	795
971	801
971	805
971	825
971	860
971	865
971	869
971	874
971	878
971	919
971	920
971	926
971	940
971	941
971	954
971	956
971	972
971	973
971	979
971	985
971	998
972	42
972	51
972	113
972	131
972	250
972	286
972	332
972	374
972	428
972	468
972	596
972	694
972	717
972	722
972	745
972	781
972	812
972	832
972	857
972	865
972	876
972	877
972	886
972	904
972	906
972	908
972	913
972	943
972	945
972	949
972	957
972	971
972	988
972	990
972	992
972	998
973	20
973	203
973	204
973	299
973	363
973	435
973	447
973	505
973	515
973	518
973	600
973	615
973	650
973	667
973	703
973	773
973	776
973	836
973	855
973	864
973	874
973	885
973	889
973	899
973	900
973	942
973	943
973	947
973	956
973	965
973	971
973	976
973	981
973	992
973	998
973	999
974	11
974	54
974	163
974	171
974	184
974	259
974	320
974	350
974	357
974	358
974	370
974	381
974	514
974	547
974	552
974	554
974	617
974	619
974	632
974	683
974	684
974	695
974	702
974	790
974	800
974	840
974	856
974	884
974	900
974	914
974	926
974	951
974	954
974	959
974	977
974	982
974	1000
975	83
975	104
975	120
975	161
975	178
975	302
975	318
975	402
975	413
975	452
975	516
975	541
975	548
975	554
975	563
975	576
975	621
975	648
975	653
975	775
975	847
975	850
975	863
975	892
975	905
975	913
975	925
975	933
975	934
975	942
975	954
975	962
975	987
975	989
975	990
975	993
975	998
975	999
976	102
976	185
976	264
976	297
976	321
976	362
976	385
976	386
976	437
976	495
976	536
976	537
976	552
976	554
976	586
976	588
976	596
976	610
976	642
976	687
976	689
976	723
976	739
976	760
976	762
976	803
976	821
976	838
976	863
976	866
976	874
976	880
976	884
976	898
976	916
976	973
976	979
976	988
976	996
977	31
977	50
977	75
977	157
977	205
977	261
977	279
977	343
977	355
977	388
977	391
977	393
977	394
977	397
977	481
977	573
977	589
977	597
977	616
977	652
977	692
977	726
977	751
977	757
977	811
977	816
977	844
977	858
977	863
977	880
977	899
977	900
977	902
977	913
977	925
977	947
977	974
977	988
977	994
978	39
978	43
978	60
978	67
978	180
978	213
978	234
978	242
978	258
978	295
978	379
978	433
978	501
978	526
978	566
978	587
978	598
978	651
978	675
978	688
978	712
978	743
978	794
978	825
978	829
978	862
978	875
978	884
978	905
978	937
978	944
978	946
978	954
978	962
978	979
978	985
978	986
978	995
978	996
979	43
979	81
979	179
979	264
979	287
979	301
979	340
979	430
979	450
979	472
979	477
979	531
979	560
979	590
979	630
979	651
979	661
979	675
979	693
979	700
979	716
979	746
979	755
979	764
979	776
979	797
979	801
979	825
979	845
979	860
979	862
979	904
979	924
979	940
979	955
979	971
979	976
979	978
979	985
980	14
980	24
980	25
980	56
980	73
980	105
980	149
980	153
980	155
980	168
980	193
980	215
980	262
980	289
980	349
980	379
980	403
980	415
980	426
980	500
980	513
980	525
980	527
980	535
980	562
980	589
980	594
980	631
980	650
980	737
980	754
980	776
980	782
980	790
980	826
980	837
980	839
980	890
980	995
980	997
981	166
981	264
981	304
981	338
981	347
981	352
981	356
981	383
981	407
981	438
981	565
981	575
981	591
981	614
981	631
981	638
981	655
981	692
981	695
981	703
981	710
981	712
981	716
981	728
981	730
981	767
981	799
981	810
981	829
981	836
981	848
981	870
981	881
981	889
981	899
981	947
981	970
981	973
981	992
981	996
981	998
982	30
982	144
982	171
982	184
982	196
982	235
982	247
982	261
982	277
982	320
982	355
982	358
982	370
982	379
982	381
982	466
982	508
982	552
982	558
982	619
982	632
982	683
982	684
982	702
982	722
982	761
982	790
982	800
982	840
982	842
982	884
982	900
982	914
982	926
982	942
982	951
982	954
982	959
982	974
982	989
982	1000
983	12
983	36
983	41
983	42
983	67
983	69
983	82
983	112
983	175
983	238
983	239
983	256
983	271
983	299
983	340
983	367
983	377
983	457
983	471
983	478
983	482
983	483
983	514
983	540
983	541
983	561
983	593
983	607
983	664
983	687
983	733
983	744
983	752
983	808
983	812
983	819
983	828
983	837
983	910
983	952
983	959
984	9
984	45
984	71
984	78
984	136
984	137
984	210
984	245
984	295
984	338
984	346
984	407
984	420
984	421
984	427
984	494
984	517
984	563
984	578
984	608
984	638
984	639
984	690
984	701
984	787
984	798
984	803
984	804
984	805
984	806
984	841
984	843
984	849
984	859
984	917
984	924
984	935
984	939
984	949
984	958
984	959
984	968
985	46
985	242
985	288
985	345
985	352
985	380
985	413
985	473
985	477
985	536
985	590
985	595
985	612
985	640
985	675
985	715
985	725
985	732
985	755
985	760
985	789
985	794
985	796
985	816
985	818
985	823
985	829
985	855
985	868
985	872
985	874
985	895
985	904
985	905
985	929
985	951
985	954
985	956
985	971
985	978
985	979
985	999
986	56
986	77
986	85
986	110
986	165
986	273
986	288
986	323
986	337
986	351
986	395
986	417
986	422
986	431
986	442
986	501
986	503
986	521
986	527
986	529
986	532
986	554
986	575
986	605
986	613
986	714
986	718
986	740
986	743
986	756
986	828
986	830
986	872
986	875
986	888
986	904
986	934
986	962
986	978
986	991
986	995
986	999
987	2
987	40
987	216
987	409
987	421
987	488
987	502
987	572
987	618
987	700
987	722
987	738
987	741
987	769
987	771
987	776
987	779
987	790
987	809
987	815
987	822
987	825
987	826
987	847
987	850
987	876
987	885
987	895
987	901
987	910
987	925
987	928
987	933
987	934
987	936
987	942
987	944
987	949
987	953
987	975
987	988
987	989
987	998
988	51
988	94
988	250
988	266
988	372
988	376
988	454
988	461
988	539
988	553
988	581
988	619
988	636
988	663
988	681
988	694
988	711
988	713
988	716
988	799
988	817
988	826
988	829
988	845
988	857
988	867
988	896
988	898
988	908
988	916
988	920
988	931
988	935
988	940
988	943
988	961
988	972
988	976
988	977
988	987
988	995
988	996
988	997
989	41
989	47
989	109
989	120
989	209
989	230
989	248
989	323
989	328
989	364
989	404
989	418
989	475
989	513
989	543
989	568
989	576
989	666
989	673
989	689
989	717
989	754
989	794
989	795
989	803
989	812
989	813
989	827
989	832
989	868
989	870
989	877
989	897
989	905
989	907
989	915
989	945
989	962
989	966
989	975
989	982
989	987
989	993
989	1000
990	5
990	119
990	125
990	237
990	252
990	335
990	344
990	360
990	408
990	464
990	546
990	559
990	567
990	595
990	635
990	653
990	673
990	680
990	696
990	723
990	761
990	775
990	792
990	803
990	806
990	823
990	827
990	837
990	843
990	854
990	859
990	887
990	890
990	897
990	913
990	922
990	940
990	942
990	944
990	950
990	955
990	972
990	975
990	991
990	998
991	5
991	35
991	66
991	98
991	108
991	124
991	160
991	212
991	265
991	309
991	422
991	476
991	482
991	500
991	527
991	548
991	566
991	593
991	643
991	647
991	706
991	740
991	752
991	758
991	775
991	788
991	793
991	803
991	816
991	832
991	847
991	850
991	864
991	872
991	873
991	887
991	894
991	908
991	920
991	929
991	944
991	951
991	957
991	986
991	990
992	110
992	132
992	261
992	263
992	278
992	304
992	326
992	338
992	347
992	352
992	383
992	407
992	438
992	517
992	556
992	565
992	575
992	591
992	606
992	614
992	631
992	638
992	655
992	684
992	695
992	703
992	710
992	712
992	716
992	728
992	730
992	799
992	810
992	829
992	836
992	848
992	870
992	884
992	889
992	899
992	947
992	972
992	973
992	981
992	998
993	13
993	109
993	126
993	158
993	187
993	209
993	230
993	236
993	305
993	318
993	334
993	339
993	350
993	369
993	416
993	446
993	483
993	511
993	593
993	621
993	639
993	673
993	679
993	743
993	761
993	764
993	802
993	808
993	813
993	820
993	832
993	843
993	849
993	853
993	885
993	892
993	912
993	915
993	924
993	944
993	953
993	966
993	969
993	975
993	989
994	75
994	111
994	157
994	178
994	310
994	341
994	388
994	391
994	396
994	398
994	481
994	485
994	523
994	544
994	552
994	589
994	616
994	617
994	652
994	685
994	692
994	694
994	699
994	726
994	735
994	749
994	750
994	751
994	755
994	757
994	768
994	787
994	828
994	840
994	848
994	858
994	859
994	868
994	876
994	880
994	902
994	908
994	913
994	925
994	977
994	995
995	58
995	73
995	80
995	131
995	283
995	403
995	407
995	426
995	431
995	439
995	442
995	525
995	594
995	605
995	613
995	650
995	652
995	695
995	719
995	731
995	749
995	781
995	782
995	801
995	824
995	828
995	839
995	856
995	868
995	870
995	875
995	880
995	908
995	918
995	934
995	938
995	950
995	963
995	968
995	969
995	978
995	980
995	986
995	988
995	994
995	998
995	1000
996	6
996	52
996	81
996	91
996	178
996	234
996	240
996	310
996	384
996	423
996	425
996	435
996	474
996	496
996	509
996	510
996	515
996	542
996	581
996	587
996	589
996	610
996	636
996	663
996	665
996	669
996	708
996	709
996	714
996	723
996	747
996	778
996	793
996	831
996	833
996	861
996	892
996	895
996	909
996	929
996	937
996	938
996	948
996	961
996	976
996	978
996	981
996	988
997	67
997	74
997	78
997	79
997	94
997	158
997	181
997	191
997	194
997	202
997	204
997	243
997	296
997	331
997	356
997	360
997	365
997	370
997	450
997	459
997	461
997	471
997	475
997	480
997	495
997	539
997	540
997	544
997	616
997	625
997	640
997	648
997	662
997	684
997	695
997	699
997	713
997	718
997	800
997	817
997	903
997	908
997	924
997	931
997	935
997	943
997	961
997	980
997	988
998	18
998	34
998	65
998	79
998	80
998	82
998	95
998	276
998	347
998	383
998	434
998	438
998	449
998	464
998	559
998	564
998	568
998	627
998	643
998	646
998	691
998	692
998	703
998	721
998	745
998	789
998	824
998	836
998	845
998	846
998	877
998	879
998	899
998	903
998	904
998	933
998	942
998	944
998	945
998	947
998	971
998	972
998	973
998	975
998	981
998	987
998	990
998	992
998	995
999	19
999	21
999	23
999	53
999	77
999	86
999	122
999	224
999	324
999	395
999	432
999	448
999	450
999	465
999	501
999	516
999	521
999	532
999	537
999	550
999	557
999	565
999	600
999	612
999	677
999	704
999	715
999	721
999	764
999	773
999	780
999	782
999	829
999	872
999	920
999	934
999	938
999	945
999	951
999	957
999	960
999	962
999	966
999	967
999	969
999	973
999	975
999	985
999	986
1000	55
1000	70
1000	171
1000	213
1000	226
1000	260
1000	357
1000	360
1000	387
1000	389
1000	396
1000	445
1000	450
1000	466
1000	470
1000	549
1000	556
1000	570
1000	574
1000	667
1000	671
1000	702
1000	731
1000	737
1000	741
1000	759
1000	761
1000	789
1000	840
1000	884
1000	900
1000	902
1000	903
1000	906
1000	914
1000	918
1000	920
1000	923
1000	926
1000	927
1000	949
1000	951
1000	953
1000	960
1000	963
1000	966
1000	974
1000	982
1000	989
1000	995
